1983,194.1934719663162,199.0094103512664,11.76351512961546,202.65487124086278
1988,275.5077809115744,280.48760301361085,12.21890649047366,284.18054075703037
1920,281.6298057696258,286.12682277905907,12.522401364207486,289.6342815410702
151,303.75145773254195,308.5697453568524,12.943926921762559,311.9761767243933
2634,406.9427556806545,411.36382550296673,14.357468937440977,414.53410730620976
2637,482.7794558533133,487.1175371551984,13.048510106639593,490.4907875563909
104,560.7966651802359,566.2200602435272,11.611163970597003,569.8902484656609
1984,568.4280273936049,573.3144287176231,11.512845218345776,577.1162886723041
2002,909.9697283205801,914.5488263417313,12.678403769627844,918.21747674228
3413,915.6097881880921,920.0389303115771,13.350051852165048,923.2214334021162
158,920.4444596377789,926.0163023014806,11.035566031280398,930.2125323372392
3410,922.6905191119758,928.0377362721999,10.91696232590896,932.291535039543
4276,924.6913008667156,930.138016799978,10.825409632818035,934.3121184451462
3415,927.685202178658,932.4528357351619,11.72044771461323,936.362083849223
1918,999.8743752749738,1003.6457118721657,14.81101284540042,1006.6062806165297
1935,1006.7247199052448,1010.6350144472362,14.075443689678035,1013.6942560328444
4870,1207.8692524383116,1212.2862086457571,12.72609457628503,1215.7233865572127
1992,1265.647770389265,1270.084619625101,13.679538022073471,1273.2894023873666
3881,1300.1683348006704,1305.2562962918832,13.296255806490903,1308.554786765852
613,1368.7188142587413,1374.5050032687886,11.55081703122045,1378.4158324892223
2656,1382.4343244021843,1387.185622246054,12.45065504401633,1390.7854584648205
4935,1391.7842067888093,1396.4122481822421,13.009904730733364,1399.7949859222433
558,1446.9937811704829,1452.5581113750925,11.575246301846638,1456.421391966143
249,1449.229372816959,1454.3737428485515,11.730429322647593,1458.2237010076658
3808,1451.7374361943278,1456.4463253604933,12.099367676748782,1459.9811636098261
199,1457.0827671584618,1461.5550962098223,15.16036288632703,1464.5131146013407
3802,1546.5705014664018,1551.1142077177399,13.154090257801316,1554.413162810679
76,1553.709577306714,1559.0271768936113,9.93508133926203,1563.249830456724
4174,1627.3934828785505,1632.2923603627464,13.193591249166722,1635.415392512163
1961,1734.782304092856,1739.5385664398118,11.744299936350052,1743.3352563002036
3823,1988.655904010399,1993.2995814049066,12.154486451824607,1996.9325049593374
7503,2075.78140473241,2080.4598092862275,13.356594142976398,2083.8514772347226
7489,2083.613733354604,2087.3708503053094,14.723350729596461,2090.467010312832
9742,2094.3023346736836,2098.367063520065,13.845987906155248,2101.512788327559
7485,2255.7001355899642,2260.2167664117305,16.574916274259795,2262.9229513344962
7450,2266.208723409268,2271.4853756495922,10.289256306684681,2275.581453069792
2645,2297.428803099537,2302.0222457361847,13.107789268365906,2305.260479697922
10401,2300.9384130552467,2305.2689462828375,12.856353015462647,2308.715522366767
7448,2349.9423544399024,2354.436921708898,12.7987279456327,2357.930770905249
10423,2351.6685723821583,2356.1918904901627,12.642716266309945,2359.715096138847
4934,2390.0488479121586,2394.4563754829987,13.283555912572524,2397.852839292227
8859,2436.676836348882,2441.323914002021,14.41169303090062,2444.4287809462694
7413,2530.629803812602,2535.443076602735,12.06212149011695,2539.057684673097
7493,2617.864731196812,2622.2683680941927,13.913285035893766,2625.530145414337
7479,2703.29857365135,2708.0897647608854,15.113549034805168,2710.9964160666264
9318,2712.906193785696,2718.481377307745,10.999134161454052,2722.53768135981
8162,2719.6448395001794,2724.502057652765,11.372798484619477,2728.2543113657753
4155,2722.5099638733936,2727.2962259705764,12.943579945311807,2730.7876280930655
6072,2729.560911668435,2734.3302197090775,12.442533901412629,2737.9239374662434
9360,2736.898753928545,2742.171238552635,11.150001058897455,2746.1020944362813
10379,3026.9253030017753,3031.3816755330126,12.108260097610751,3034.8627046777506
9664,3070.6800832952476,3075.1259476696837,12.907310510645088,3078.647403979208
7426,3082.091040121086,3086.031228445185,14.513952234563895,3089.074642308727
9269,3179.4746870830213,3184.521116515232,11.331758797482731,3188.4076968408162
10442,3183.4143732144407,3187.0905541174034,13.876523482879714,3190.398330814207
10381,3189.2895212410913,3193.527936022923,13.835041691929366,3196.8089589562833
7498,3245.6908354303714,3250.216640627192,14.03454820193186,3253.3434972137075
7667,3304.88096417371,3309.387970360039,13.37333162962912,3318.0903718310383
6040,3344.28279645025,3349.0986406045645,11.714888840065463,3352.878923071363
7430,3519.755787459516,3523.5868862404955,15.194709234610785,3526.478474077332
7471,3605.2958592426266,3610.008147709,12.580039842443469,3613.469832320601
11557,3886.626783490649,3891.2577549675166,12.474380224211693,3894.767611020267
8189,3913.43988329468,3918.0352215295193,12.214457099905273,3921.608209304765
8209,3916.8964038508525,3921.442402301633,13.808078449945667,3924.691086773394
8214,3989.94277054133,3994.24005922961,13.68750333508932,3997.5638847204864
7411,4071.5135357025174,4075.3734812785615,15.002367475132361,4078.460308666857
9270,4078.192062422361,4083.2361747253253,11.709286591269304,4086.9825747179325
13011,4097.348755689219,4102.36116766088,13.272049982229522,4105.808378184942
10352,4185.719410966928,4191.030847883467,12.407955314050241,4194.510356003554
12225,4203.238171029777,4208.348836345921,11.974982401010285,4212.122190826125
12941,4205.737582006442,4210.365777475642,11.595800364355112,4213.988850535403
8207,4516.588538133679,4521.2322733279025,12.018513872160721,4524.735913394667
8149,4523.620677863202,4528.499064697107,11.593898771326606,4532.255284408685
15848,4525.541019142864,4530.352045563293,12.441489072191787,4534.126920472254
8181,4527.327294399214,4532.074448402978,11.550580987734445,4535.918842351411
11547,4612.636455404698,4617.2256173327805,12.37085233382047,4620.74822222803
16239,4626.8618593248,4631.214797421634,13.304419717692706,4634.586090250725
15914,4639.007187717154,4643.333193487681,13.023576448816018,4646.683639172087
8237,4697.7511236594955,4702.3036702427835,11.929266066274998,4705.810952020167
15916,4712.494661958147,4717.536952091726,11.091190714584847,4721.3871117042445
12939,4777.303479934583,4782.208737489883,11.300001780264337,4785.962589179482
11631,4886.760076680414,4892.127387745807,14.382245250034652,4895.272099111265
11673,4893.8031791009535,4899.225602740522,12.164947781002331,4903.423716667499
11705,4901.12250991203,4906.239865811158,13.486466894653079,4910.572334733729
11699,4973.132417128434,4978.518490150172,12.49960217740762,4981.819844424861
13001,5047.286186817869,5051.425232888681,14.48476482859669,5054.461083093155
12942,5050.122598219732,5054.498705922811,13.320681646160876,5057.916460283759
12955,5095.4409973984375,5100.013757699715,12.489704461157968,5103.47734474512
13004,5103.301878659231,5108.047218618573,13.396410375341699,5111.213900637726
15172,5145.750566961737,5150.100701165725,13.050945108660333,5153.435137969869
15883,5233.514352365739,5237.408038363075,14.821834007536186,5240.451545857376
14360,5331.1741308690125,5336.0852751796165,10.90770124595678,5340.028024733593
18428,5725.226293087029,5729.362648148119,14.179058811137951,5732.5142465404415
18420,5887.5100729059495,5892.392730289705,13.24165844678982,5895.78751021477
18487,5981.235234607136,5986.109669926207,13.273246708138164,5989.340808133967
18701,6005.614522887407,6010.481315050998,13.74496718328028,6013.922642466854
19454,6007.620445402276,6012.423707107554,12.094860510308418,6015.928827531975
12998,6009.442104616244,6014.280398060158,12.267485895455637,6018.016783679101
13644,6011.264679688432,6016.061183505273,12.631722944137309,6020.422550874102
20323,6035.619131999135,6040.1342948992215,11.322206196844297,6045.098591189821
18463,6086.005852213789,6090.47921281349,12.327500554361215,6094.003270170855
14358,6131.758821792062,6136.458165716528,12.461548248680113,6139.956335611681
18458,6220.195080264006,6224.588170331416,12.944270586938979,6228.022233663763
15918,6356.126431775395,6361.13226380166,11.0692761750067,6364.934485987406
18507,6579.566798717663,6584.427354166753,10.964333123937777,6588.24291548088
17231,6604.060389022271,6608.589788934927,13.88464687913384,6611.7038010431515
21420,6670.10312980863,6673.572184375321,16.32767399872339,6676.353460592706
19158,6761.584984513827,6766.165634031459,12.026319768690593,6769.797446398356
19195,6903.012756678468,6908.026473363349,12.368670875723664,6911.480054034341
18672,6905.312403077573,6910.196420795327,12.165653034542975,6913.908441389865
17062,6947.280944011654,6951.224416362358,14.381479981522038,6954.264121719459
18445,7203.215410980569,7208.290669837032,12.088197428684754,7211.857229767105
18493,7205.737609640669,7210.348832924108,13.086515118273786,7213.619081948206
16638,7219.771906281801,7225.057298695828,11.167907415960014,7228.944268129849
19847,7221.745705630109,7227.003359672179,10.527850668296516,7231.018288068577
19842,7224.519652911288,7229.208725422604,12.332775665722501,7233.017357065065
20700,7226.444678212335,7231.094217040269,11.02811108848096,7234.793778275395
17137,7503.986808982447,7509.036025992633,11.986125211809126,7512.770336995855
17121,7510.0217440685565,7514.503795271014,14.179298700106688,7517.53019433835
17106,7517.109024530897,7522.279191341857,14.310606857919577,7525.333052946178
17108,7604.641844953622,7609.435207587545,13.691973460321568,7612.849990312613
17171,7668.916685713643,7674.2670414707545,11.432351782525776,7678.228459876461
16949,7678.062335834149,7683.399511461019,12.810918633153303,7686.865907880336
21357,7745.471331726762,7750.465559452062,12.019862963861117,7753.915536263486
20684,7772.398591306919,7776.23717662906,14.353422303783047,7779.214382764671
20300,7862.212417057661,7866.233374060829,14.29251106608339,7869.334180391291
20759,7882.312886280949,7886.188212756867,14.496675797892358,7889.153881997309
21380,8075.774485527089,8080.332533210309,9.292161602379961,8084.740838112734
19145,8156.157839029361,8161.16347591739,11.825434653148426,8164.914061360458
19176,8290.363019071441,8294.520177908873,12.846288188026396,8297.85455027841
19182,8842.189062942945,8846.36477488919,13.842500867271513,8849.537963491102
19199,8937.043354489424,8941.371856115276,12.523722323207675,8944.826460863516
19141,9024.692638487459,9029.484155256152,12.039884407008458,9033.161698856125
