3644,3.0,8.413324056209108,12.289476138388657,14.959301090353943
3567,4.0,10.108928112144547,13.150014986438268,16.6587555448902
3286,43.0,48.2572827732276,13.705928213993701,91.66164931494605
3622,97.0,102.00358090848174,14.53371912247397,108.01586762396347
3501,99.0,104.53909842920234,11.69715585809831,111.35906505418775
3335,110.0,115.49508071762641,12.242615071693107,122.15597785906935
3362,112.0,117.43850643596241,13.241848329440186,123.96463013368087
3507,136.0,141.0522051695813,13.821148556088607,181.48643415843696
3424,208.0,213.29692108712118,12.688036301862875,271.4374356695556
3579,216.0,222.21223136910922,10.528652304977832,274.77423186609246
3648,323.0,330.2814263624727,8.705532500089983,364.19586601361493
3671,393.0,397.611228927809,15.159186239078606,451.485580163464
3608,432.0,438.1611484972519,10.992055631275283,454.04104069394185
3390,476.0,481.4192291504716,13.16568971580135,487.98641079647007
3387,483.0,488.37342634066283,12.593656111141113,542.2824329909624
3307,487.0,492.187103757985,14.129403617132535,547.1122791060011
3377,490.0,495.21034418875496,13.060172410095529,549.5615267699844
3586,518.0,524.2217889354608,10.25239160945529,551.8296694519952
3448,556.0,562.0466644278561,10.780533914242902,569.757301265102
3320,560.0,565.3698742947699,12.775156340744408,571.8900961303043
3618,567.0,572.0901149034332,13.694973305346021,578.1623740600536
3376,572.0,577.5158853099508,12.088824935528837,637.7857292734168
3417,636.0,641.5201710875932,12.680195417667033,648.4637862133835
3432,651.0,657.0887846202471,10.206458033213309,664.8675893487903
3591,653.0,659.336542156806,10.98437461540743,667.2926622574024
3272,659.0,664.4528722283989,12.524882129841956,721.6685283902646
3421,667.0,672.2054079630309,13.275863883866638,726.6365743962349
3454,681.0,687.5099255109066,10.36223826481476,728.6338936759888
3384,737.0,743.388230039157,10.441934090990738,751.4591574203857
3676,738.0,745.2313047587974,10.027093176424978,753.3945402052766
3300,753.0,758.3603208356283,12.879302197359246,811.7647282817863
3508,756.0,762.2194039393634,10.364997587398577,814.6023741901172
3649,777.0,782.4191047605977,11.961079568384454,816.9038463997765
3316,806.0,811.2124885919869,13.774730035905911,821.0274842488557
3292,819.0,824.3935895369389,13.242122624141155,830.8692548261124
3313,834.0,840.2831509538585,11.18965121201211,848.034255851516
3662,887.0,892.2039205746686,13.183188870933112,904.0504445043496
3339,900.0,906.2182053526174,11.189154387907221,913.8309736836761
3371,920.0,926.4532402464006,10.11868583607183,934.7369705342924
3584,927.0,932.1868365271865,13.155857610545596,938.5276979231002
3291,938.0,943.3517030146768,13.943249875901651,994.5439939700686
3624,943.0,950.2688231463766,8.420730970635672,997.2168090132474
3282,953.0,960.4775360628827,9.736049466507302,1001.1011314361358
3659,977.0,982.1265882534524,13.20841613346795,1007.0625563519436
3537,984.0,990.0999255271296,10.599671116284625,1009.0472635444252
3689,1018.0,1023.5648566354616,12.543661036941852,1081.5492507310764
3382,1025.0,1030.4778223419473,13.314859833556737,1084.2756449502615
3489,1040.0,1045.5253326958805,12.252860574678149,1086.380675071871
3492,1055.0,1060.5440225336267,12.421032624185255,1088.739986584085
3522,1080.0,1086.3321772011532,10.76124023686616,1094.3240985667612
3475,1114.0,1120.0451479052513,11.795820432934512,1171.8244652594556
3496,1147.0,1152.200487946332,13.581722320344436,1174.5308704698816
3503,1167.0,1172.556649760676,12.987818124572753,1179.3282826823438
3687,1192.0,1197.335735952535,12.769298081915329,1203.6512127967362
3283,1215.0,1221.4788898660124,10.201388316275454,1261.36538147156
3281,1272.0,1277.269344307918,13.390633385779337,1283.5284011355805
3308,1293.0,1298.0149031276462,13.980909245477156,1351.4108301525757
3528,1296.0,1301.003620873936,14.075058605672735,1354.118838131468
3625,1299.0,1304.5738436981485,12.183592208386226,1356.7703852114512
3633,1308.0,1314.0173407839745,11.494060006030834,1359.0153480481624
3414,1361.0,1366.1599665447154,13.614848569777402,1372.405485708006
3562,1404.0,1410.0499190060568,10.643812145123116,1442.7269317636935
3564,1412.0,1417.3320023673791,13.468976999630335,1448.8754360034673
3299,1470.0,1475.1825190693053,13.664799785782916,1534.949448587781
3280,1545.0,1550.4490431072436,13.28802107964506,1557.3519604257108
3635,1547.0,1552.454515273554,12.54242124183442,1559.4090942905977
3544,1558.0,1563.4059368523876,13.194785418171694,1621.3171663414375
3471,1574.0,1579.0096919488628,14.567652170115798,1626.2627828516966
3610,1601.0,1606.427244602737,12.538375013234237,1634.6604098277367
3456,1609.0,1615.3338461408707,10.325390188216911,1638.7235225302716
3265,1639.0,1644.1448553293653,12.705709258086126,1650.4104377405422
3530,1646.0,1651.0226049030491,13.268318291312363,1657.040121415169
3686,1648.0,1653.5675421778103,12.152608963900706,1711.3158074199835
3670,1680.0,1685.2828312082502,12.830942556658506,1716.2949313647102
3398,1684.0,1689.250901045269,12.922641309527553,1718.3514399912578
3436,1694.0,1700.3080817130406,10.668525009836824,1720.4701211817621
3476,1695.0,1702.0862246145646,9.955619217811432,1722.3328664045828
3499,1758.0,1763.2268201922345,13.013406333360724,1809.94852796698
3310,1765.0,1772.3591718894643,9.046885970337213,1812.0890163303077
3677,1767.0,1774.4199863580368,8.786553280161117,1814.151623512767
9017,1828.0,1833.4770755203583,12.070621821196161,1891.3585636710732
9130,1852.0,1856.650657637184,15.595500426005632,1894.9621542106872
8936,1944.0,1949.158227879188,13.699452983917215,1983.4554966123537
9045,1950.0,1955.3023298531918,13.11558263381813,1987.4255567112975
8904,1993.0,1999.3839059288387,12.637133142677367,2006.3534475551132
9081,2007.0,2012.4868753157507,12.426067353756181,2073.2451439400934
8790,2029.0,2033.593202626503,14.882179747912296,2075.9420601564157
8941,2080.0,2085.1558862294296,13.791465503404636,2091.303330813696
9191,2113.0,2119.0825060790776,10.503481461007222,2161.6959588890136
8880,2129.0,2135.315005103447,12.483905531661117,2171.2620981445752
8942,2192.0,2197.250711480454,13.717754966471107,2251.62046571797
9107,2288.0,2294.1178161611965,10.842253454825965,2344.256513336413
9050,2331.0,2336.157438448671,13.81769443674593,2350.8355269254807
9038,2351.0,2356.51893829616,11.758994484107907,2363.3562900682778
9122,2419.0,2423.56237995552,16.10349825486321,2430.739395004358
8818,2450.0,2455.363226375094,12.003739151749201,2462.049599085668
9146,2463.0,2468.2507390773962,13.52549730481417,2527.285211819434
8820,2488.0,2493.102495583617,13.205610354676475,2537.0463787058497
9039,2499.0,2505.3659597450487,10.742897777064778,2543.096269766906
9013,2549.0,2554.0855558974004,13.640728681182244,2611.8404729826975
8932,2561.0,2566.0240769972565,13.108384988137662,2614.411960243489
9016,2619.0,2624.1483653858472,13.320509696918155,2631.096263736486
9008,2624.0,2629.2162988794357,12.657296094499989,2635.563665151154
9103,2682.0,2687.130567272016,13.678723883228434,2704.08070515907
8762,2696.0,2701.142718041658,13.469789331507025,2708.2993676811584
9037,2730.0,2735.105657123106,13.83230915361413,2791.578456186008
8761,2739.0,2744.1182882006356,13.198088235158586,2794.427583583703
8958,2763.0,2768.3541996841736,12.498104560914813,2798.9315998464976
9115,2786.0,2792.060009002249,11.413393102894927,2800.8725688189816
8821,2790.0,2795.397743931745,12.584735699578104,2802.663233661706
9178,2889.0,2894.422419941057,12.233089058856066,2900.9530830051003
8961,2890.0,2896.0869408031404,11.175256673496554,2903.3034398437144
9072,2897.0,2902.2655440372296,13.60325907867975,2908.5505438588034
8955,2904.0,2908.591235183573,16.007312054851397,2913.964791703612
8848,2913.0,2918.3468757801897,13.49097500559096,2971.689619730867
9078,2933.0,2938.4934932993697,12.331884816822868,2974.1628617008905
9097,2947.0,2952.19223230097,13.370613851041899,2982.140468950034
9140,2997.0,3002.3416658429655,13.414326929135838,3008.873375367193
8834,3086.0,3091.5619543898033,12.798659188620848,3098.386948032309
8877,3092.0,3097.1855349849334,13.4169660128451,3151.3030040466715
8814,3107.0,3112.176582992727,13.593821570476834,3154.0253073811527
9136,3225.0,3231.4656194068866,10.398131327498524,3240.970195570323
8806,3234.0,3239.5424798073705,12.986299939053124,3248.1656355783875
9187,3241.0,3246.1159028361008,13.002297731037762,3253.773553618741
9054,3312.0,3317.5014298412493,13.057940704719524,3336.4369559868496
8944,3335.0,3340.0003592269686,14.441503167018345,3346.2283216592955
9023,3356.0,3361.5195359309578,12.617499224316976,3368.1999758648662
9067,3377.0,3382.36959005742,13.017924525543458,3423.997777495628
9051,3384.0,3389.5916744128863,12.409571044535904,3426.7709828899037
9124,3427.0,3432.2525531430465,12.96830257270251,3438.5818482078994
8850,3466.0,3471.2836568721145,13.3526324426352,3512.9797841994923
9184,3469.0,3474.5569399510323,12.814455206643277,3517.3335920714185
8972,3472.0,3477.0181137906193,14.111228467975637,3519.9288281926592
8966,3500.0,3506.159460973796,11.515949304261227,3522.390665342895
9042,3594.0,3599.37172841444,13.705984560599838,3608.2260761945777
14490,3686.0,3692.160330480744,10.71457832774459,3699.99031388237
14454,3692.0,3696.521442305351,16.25118439604896,3702.282204973635
14286,3734.0,3739.0259550928117,13.450934338095697,3781.331330999316
14364,3771.0,3777.420423358499,10.899343020632406,3785.183943576898
14299,3828.0,3834.003373045718,10.949421459988347,3871.515174020995
14661,3917.0,3922.2875767292912,12.854672754889531,3961.376181799496
14591,3919.0,3924.526315975172,12.162220946855664,3964.039630549033
14306,3920.0,3926.234500804846,12.378671133614008,3966.188845930619
14680,4110.0,4115.176396070577,13.8708395652386,4146.395166312724
14425,4131.0,4136.583083097195,12.167811375568812,4148.447490453094
14349,4144.0,4149.2565998968375,13.487352273338493,4155.570253925065
14672,4152.0,4158.0404936181285,11.797954200761868,4165.591681044671
14444,4168.0,4173.46074202861,12.481200420378057,4236.4695146312815
14595,4170.0,4175.54082626948,12.044951871505111,4238.642321441599
14449,4201.0,4206.325158261789,12.838264606305598,4243.206533654022
14332,4252.0,4258.38610154692,10.442921653476407,4266.2077787686
14295,4265.0,4270.454755440091,12.46350310880561,4321.468880061075
14297,4266.0,4272.173261981037,11.925084665868386,4324.481182922845
14532,4277.0,4283.2651790553955,11.7585289017973,4329.025812496657
14385,4278.0,4285.169600230665,12.412533017848578,4331.2301490486725
14300,4324.0,4330.107152321855,10.365619147516233,4337.792579007871
14310,4347.0,4352.40430775553,13.48386577468137,4411.148940994712
14267,4349.0,4354.245638602797,13.305748943179662,4413.913021902399
14544,4402.0,4409.14699448683,9.23396898979136,4427.255806658967
14558,4418.0,4424.4014850493495,9.786675537721326,4432.396144256694
14675,4451.0,4457.179776380004,10.781562359028873,4505.34126565985
14424,4482.0,4488.4530823872965,10.612071818320581,4525.12212785991
14457,4483.0,4490.195557893299,9.074203860749103,4527.267157719969
14296,4495.0,4501.0801786646825,10.395747071570822,4536.855762168863
14433,4526.0,4531.12136511237,13.240653499232732,4596.007574250113
14487,4540.0,4545.3339455888345,13.453555673580896,4601.436064482652
14334,4582.0,4587.294400904723,12.744058939082905,4604.581510945389
14519,4618.0,4624.270732713613,10.207192317492826,4681.543766784178
14529,4648.0,4654.169417901331,11.082608631847664,4684.146070227106
14381,4667.0,4672.398924060162,13.039566883990936,4686.280807321504
14520,4674.0,4680.026241505409,11.524198014109974,4688.263071633578
14272,4704.0,4710.038960438126,10.809945704744672,4774.492355034655
14501,4729.0,4735.125513915874,11.328597331677058,4861.557706788452
14644,4742.0,4747.290625046259,12.62603901041991,4879.124011473173
14447,4747.0,4752.169324533129,11.27870192610249,4883.314901172449
14327,4756.0,4761.075705974257,8.470955847714384,4885.929293987163
14391,4827.0,4832.226554319343,13.054415133931107,4893.286081048006
14676,4833.0,4838.02144762818,14.388594868174394,4898.979997638278
14415,4846.0,4851.296623810011,11.14875190623527,4956.53827038082
14317,4877.0,4882.553583293658,12.586414727755647,4967.934254481004
14598,4965.0,4970.079001544611,13.85793941709381,4984.262765788349
14507,4967.0,4972.444082215388,12.494097317746775,4987.851063105127
14505,5019.0,5024.143214001113,13.28653443794661,5042.50855936462
14492,5139.0,5144.358835545183,12.817664296381787,5150.780456152782
14358,5165.0,5170.295528830023,12.617861125931464,5223.756814465281
14556,5167.0,5172.11495728617,12.136968678957091,5227.4926910389095
14371,5179.0,5184.360500927349,13.013183963301781,5321.817229275355
14407,5209.0,5215.382151693616,10.428558244655036,5324.968423827284
14515,5304.0,5310.317698449585,10.738211702192478,5335.719016110369
14311,5369.0,5374.02915174983,13.18248070805377,5401.526130580379
14315,5371.0,5377.337846146606,12.52138451555292,5406.253669095851
14666,5396.0,5401.287661766854,12.623522774717507,5414.297357215066
20106,5442.0,5447.056547723656,13.617087293275924,5498.414354184947
20009,5448.0,5453.600078752147,12.532446284147655,5509.1891196058195
20091,5455.0,5460.069019482377,14.117999154293264,5512.277348293142
19836,5475.0,5480.213752710297,13.284816515379044,5521.854941637291
19875,5485.0,5490.328942314486,12.996519541557479,5524.150639003361
19855,5494.0,5500.191665544434,10.631306628812137,5526.213053355372
20048,5511.0,5516.536143139973,12.042670404825403,5601.145649040995
20104,5622.0,5627.607239944409,12.9529364261906,5671.676283756304
19967,5705.0,5710.405742947359,12.852277125368829,5763.460511937702
19850,5706.0,5712.028680918658,11.806420327168698,5767.859189285498
19920,5707.0,5714.233714933191,12.461805479213748,5774.809597430252
19804,5795.0,5800.287725466972,13.23242208323918,5851.393949225617
20188,5855.0,5860.0839380948455,13.395592193768737,5866.098514358909
19820,5868.0,5874.27816339279,11.193780706457042,5882.026027984285
19863,5896.0,5901.397559486896,12.405722414262806,5944.311847936313
20089,5988.0,5993.455000241204,12.885751674360185,6031.450169715971
19768,6014.0,6020.02006032076,11.25319690423487,6034.125494881441
19926,6025.0,6030.469576659436,12.775037994457223,6037.073833949763
19993,6026.0,6032.142899021328,11.487544189799532,6038.845825609827
20149,6045.0,6050.13848037013,14.230160846138107,6056.059021982945
20126,6174.0,6180.02298320277,11.188213078905225,6214.179987578241
19779,6199.0,6204.137387959124,13.534795323397956,6224.362662955714
19798,6208.0,6213.13277902207,13.19024845475917,6226.073238638746
20123,6235.0,6239.676338588577,15.512367135476467,6245.080733654299
20092,6249.0,6254.144539414704,13.581787882225422,6301.642232722024
20138,6261.0,6266.235246644737,13.836973237365791,6304.542194035305
20173,6284.0,6289.0787091533,12.896872165180223,6309.176648955467
20185,6317.0,6322.324170819013,12.80230689535072,6328.645125834569
20032,6319.0,6324.258094105973,13.390936975562244,6330.50038092238
19923,6396.0,6401.488752099486,13.154318147388613,6407.975788158796
20189,6416.0,6421.447419192638,12.42487300942621,6428.115862131897
19989,6465.0,6470.432931436572,12.985487003235033,6481.502491968709
19961,6489.0,6494.565173274735,12.517288188274101,6501.440205754949
19894,6601.0,6606.5659991644125,11.649865887356631,6663.438039671294
20073,6602.0,6608.401001482187,10.60457193004653,6667.599801332601
19909,6619.0,6625.154902780175,10.66380085392774,6677.018197846173
20047,6660.0,6666.087958594178,11.112930560588039,6682.275955095704
19953,6662.0,6668.028949063272,11.455196639616712,6688.934334247155
19802,6687.0,6693.28277533193,10.660178853781085,6751.668644402606
20139,6701.0,6706.452237863109,12.368199135338964,6757.299318419284
20023,6727.0,6733.287399885819,10.110382557999278,6759.7498467390105
20183,6746.0,6751.249832169087,13.256348355871543,6761.86494378068
19940,6754.0,6759.465942256951,11.992044548185458,6766.287013820151
20111,6793.0,6798.409865134426,12.396898060468489,6841.492319040494
19983,6820.0,6825.451396253003,12.9781143816106,6846.4899891249115
19941,6824.0,6829.291663159139,12.911850725732997,6848.713107863426
19778,6858.0,6863.107367193982,13.755168994367962,6869.249609965454
20113,6863.0,6868.2488372941725,13.535750873469603,6874.553016948518
20103,6883.0,6889.499048366059,10.310713492906222,6931.458620441222
19789,6889.0,6894.465157267085,11.994297962061903,6934.079044549931
19814,6897.0,6903.06607096507,11.21775830793984,6936.124604534332
19900,6924.0,6930.21619558514,10.661146817174703,6940.5675747554205
20153,6926.0,6932.168875354545,11.470271819242704,6942.666497326041
20076,6940.0,6945.44095067977,12.35619510570119,6951.938380885053
19918,7086.0,7091.591302826003,12.414062340296773,7117.100068796199
19852,7087.0,7093.268421563773,11.734159067529088,7119.121494294892
20176,7132.0,7137.331694170827,12.435449784745007,7143.894577821398
20030,7147.0,7153.367750570709,10.48765807431674,7201.703695731939
