605,93.8261416458359,100.23169873722254,13.549177480562074,104.19090610445731
607,188.0281699448594,193.367002031761,14.630375501030494,211.3927128481538
691,190.41251027940066,196.43658319207444,13.623809932033195,214.20765187618977
1172,305.33400453708197,311.4638640819774,13.525117309593535,336.46136344821065
219,338.87277765300047,345.3898715815039,11.858704933133305,349.8392710711891
526,340.63010766535086,347.21983389899407,12.417649390106257,351.51622123930935
689,369.7430545874151,376.2664524996955,12.3717211905517,391.21464111953856
1401,402.164597847607,409.0609434621809,11.649508569193982,413.5070710035378
741,408.6366136810914,414.46045478126894,15.475279323137856,451.26230249894104
671,410.9196854906916,417.29764517314476,11.93171055097766,454.00145512040643
246,412.81961637991196,419.09946795397934,11.992351189220729,456.48614667972083
648,470.863448885992,476.6565525770434,15.339029473279346,511.4303440911479
460,472.79771091354223,479.18603070961893,12.378178350319995,513.9857885804134
493,477.67796457970724,484.47256324201857,11.930125262018192,516.4182589356635
1367,553.9859304271588,560.189259330199,13.981322972239674,571.2966327235349
678,566.5367590640057,573.2238902943445,13.337850976173497,577.4008697117291
692,572.1754161607465,578.2506866424441,14.426375095904723,582.0853403820171
1375,633.9491193838132,640.3325435498392,13.846169373942821,644.5942050117799
1404,635.966314562107,643.4154864609945,10.55108839504298,648.6796783646412
1352,638.0616100996816,645.3557840218226,9.901459479230612,650.5708376605245
1359,640.1141534058223,647.3764793302871,10.61290336338847,652.4575487995446
1335,641.9973231887383,649.3418307468444,11.185628067637106,654.3974682621334
659,650.8252533340049,659.1491286564051,9.16759799690277,691.3678240423307
458,652.8117903823364,661.1947512004351,10.585450528534118,694.9565950991222
468,655.020540839828,663.0329695306503,10.051881660468167,700.6494283936418
693,677.3429473969333,684.0994101469747,11.617221348199584,705.0958021544632
645,768.9935565452084,775.3818668876696,13.39890871594077,811.1126479304468
638,771.082268252089,778.5179431662802,10.898315242536642,814.5620269166416
217,772.9823564868251,780.3609704898657,10.984844199747549,820.6637607650495
230,774.8182116595208,782.2131706134197,10.656751507780543,825.1725372498811
210,776.6851568764962,784.1672285776119,9.70417318040306,828.9795861881324
281,778.6043962362374,786.2191975380158,7.2179964454255705,833.145958607157
1170,814.272920162474,821.3790604098607,11.437384150239524,871.254139174646
1124,816.4448898220197,823.3301000870939,8.886530054291097,873.847086365124
729,820.517960757768,828.0139998258765,7.4279843597354756,876.0642174891883
1312,833.6727524962674,840.2469549724659,7.966689154543295,882.2966316831888
695,909.5731816042986,916.231056543139,11.647300577049956,931.5252696838984
669,911.3827313904131,918.0467094564254,11.282425755611358,934.3534859062692
739,995.8056154451891,1003.0137121248365,11.234910542150716,1007.9027802133128
263,1044.9225534066902,1051.4761184936142,10.960076932067881,1063.0712869667977
704,1057.9801014216744,1064.2558020237245,12.706271289541242,1068.4711622721973
624,1096.9380458036076,1103.5066046539616,12.232122339948287,1113.5907574757887
253,1104.2376095897828,1111.230999853624,12.0449437667352,1118.3316369702413
1403,1113.8376194058328,1119.565428553868,14.411184219915768,1123.4441701628875
1380,1117.3423065756842,1123.5055161615517,12.704830131920666,1127.7409208761442
687,1181.4720575249107,1187.5930809036959,12.596927391557234,1191.8407864236226
743,1186.1104467394748,1193.2572547410082,10.41984016621883,1231.367232877312
467,1263.7973794316044,1271.086901692523,11.13208722236239,1291.1182020923195
708,1269.5019731955963,1276.4966816606961,11.156328325095526,1293.8304238723097
646,1271.6109972221257,1278.3466718943903,12.502595501438943,1296.0444946133944
672,1273.6206462670118,1280.057598938204,11.296238147166086,1298.1516542565082
222,1313.1633926176,1319.4316164171744,12.719149904505189,1356.6332733765819
273,1315.0877809586045,1321.236037386097,12.175890778302856,1359.6812473053233
444,1329.047462862254,1336.0202095599252,11.623739918852003,1362.1441739073591
1142,1368.384717539692,1374.3191975282805,12.62591337847702,1411.218407604359
284,1406.7989302575409,1413.5516812071323,11.62004081800535,1418.2700451746625
236,1408.9476573389534,1415.4963505374212,11.162892652850795,1420.3986716360328
682,1449.4938119953017,1455.3239172093963,13.566249998737183,1471.230548054563
685,1451.7669390728647,1459.5035271041156,10.630058423726059,1473.9978424003045
706,1453.658443539265,1461.3615540591936,10.758223775935269,1476.7257969253903
1394,1476.5156302565758,1484.3206379215503,10.306845295993275,1489.7169008268177
738,1540.3198488141538,1546.4433493257143,12.45053545422481,1550.646457569865
506,1542.6401203248035,1550.3351353964665,10.0824713080115,1591.5020847093263
684,1605.4501465163692,1611.3394959082893,13.572084720375235,1651.0941268345337
606,1625.5589835275975,1631.281048685863,13.87023930254889,1654.7499230441495
239,1669.3238670683395,1675.5363872277314,14.994433239786789,1711.2132112229883
734,1671.3483172263843,1677.4985486794772,13.45181054765464,1714.0987762007383
231,1673.2586513883678,1680.0865465131587,10.951324349208791,1716.5846765392203
725,1727.631968118608,1734.124862906114,12.05383545388601,1771.411403134102
1363,1743.5594149599303,1749.490581439441,12.993076886628046,1774.1832940536713
1417,1745.942851178627,1752.3349673738728,12.443110617471955,1776.2371995001467
276,1758.658177198254,1764.453977272188,14.46783821871579,1778.3713236978738
443,1760.6497282967832,1768.2147253749567,10.797861720486956,1780.3938016026177
285,1811.613318735011,1817.39949069618,14.212006043289495,1831.3686530270309
261,1813.538583156051,1820.244965043552,12.052369045413462,1834.620676166301
1192,1824.7419813122563,1832.018964483108,11.381671451636576,1837.235966297874
694,1873.6785863009284,1879.0048884520875,15.205401907363933,1893.9723912504846
431,1896.2479472613204,1903.3187886836977,10.69962997463074,1908.1620651678795
6852,1908.0641585964404,1915.0256768308818,10.968988745972966,1951.462359528017
223,1943.3164761814362,1949.1354403206676,13.20090484764914,1956.9839502468187
608,1945.188438948397,1951.306905896986,12.677853034387722,1959.0665874202841
6214,1987.8008578919523,1993.286230948862,14.287844710699055,2011.3526448926598
6187,1990.3682759526635,1995.5725414358612,15.172255428945398,2014.1879725844055
6207,1992.1136170059835,1998.053436617786,13.007148676019815,2016.6448642509247
6704,2014.4020816586108,2021.268485530909,10.978932187995612,2025.8906879590857
476,2029.236909286987,2036.5322794362303,11.18391134311486,2071.178708381588
528,2031.4305522223547,2038.4088088359288,10.965259733623432,2074.0256553829404
690,2033.3305589169888,2040.21714743452,11.001016376812348,2076.147886989147
740,2035.468332108607,2042.4283614978733,11.659246519611168,2078.392816241444
6130,2075.7020364419773,2082.0642230149883,13.390339284536072,2086.3824498024937
6128,2080.1230704654877,2087.0436696204256,11.755945702398504,2091.9439202454796
6194,2137.1973639345597,2143.3122473183516,12.29386954777365,2147.56615961855
6236,2173.7360601695214,2180.0558650774124,12.642381207526952,2191.135363741234
6162,2229.1088194359286,2236.267861205203,10.981404614636542,2251.2323715357884
5975,2231.0348918761433,2238.171789659051,11.73616500724505,2254.4039526890906
6098,2242.2059077011413,2248.5649098247904,12.178533474445702,2256.8847691287424
6922,2253.9333477423256,2260.0944970376445,13.536860652727517,2264.047233357247
6200,2258.3187545107467,2264.2517521318496,12.966874342134314,2268.264033303359
6212,2260.091877847433,2266.4537726726057,12.400269334105323,2270.765273417206
5722,2303.1610969298426,2309.16374122855,12.691262388135945,2314.1983672573756
6144,2351.852792014252,2358.1177241133623,12.549237262914108,2376.5254845268737
6630,2467.8510796907767,2475.2328276154853,10.99437215844466,2491.4973797528783
5516,2481.1229446064954,2490.033213938676,9.371496140853004,2495.9663080716855
5784,2483.201749133314,2492.0429802912477,9.896862799633128,2498.019534671289
5738,2485.167187118439,2494.0827655312064,9.293162964077066,2499.9745394152374
6169,2570.731321315186,2577.577995633744,12.003162190884206,2615.9326131603075
6135,2572.9118132297112,2579.345095540734,11.877598050442701,2619.497125576462
6184,2623.2612500414084,2629.4219176538995,13.799079014348866,2633.4516006449826
5745,2658.922706759871,2665.405952671273,12.839445481107774,2674.061465863925
6902,2724.614612787367,2733.2804567062262,9.865520187567226,2739.076587124762
6233,2733.6792069818675,2739.2287583996676,14.429482552579913,2743.532525457788
5986,2735.489505434261,2741.4828374074928,12.769000338528395,2745.661232413836
5702,2748.8283114866813,2755.2208747725667,12.856149953824714,2791.2259061440504
5944,2768.7714934109918,2775.108549407533,12.668935197170452,2794.0660778128613
5761,2842.5987186011034,2849.0741141439344,12.133011419768225,2858.3088745441405
6201,2863.008082775265,2870.510029433295,11.417531632715141,2914.500543233536
6007,2892.6846067957986,2900.492266387009,10.274608054221146,2919.051953052643
6108,2936.1025361750753,2942.1895824246863,13.242858615702048,2971.2070519648496
5498,2949.6248364956145,2956.0417435557047,12.87603816171168,2974.0193608703667
5753,2955.703002954088,2961.5870578268914,13.62145564977235,2978.8336896383444
6206,2988.2342411846407,2994.4090654172287,12.661318054640741,3031.329117810762
6202,2990.326558735536,2997.0505240717976,12.009556766790643,3035.1546236752756
5983,3045.927991694363,3162.1380691717577,6.547213824130121,3171.912576754556
6239,3050.3092012296115,3164.310399842457,7.9229354395368485,3174.3536223625038
6221,3178.6356415832347,3228.1538164769377,9.243732312447168,3271.2266953154335
6218,3182.218136083089,3230.179645825157,9.277764138297682,3273.783433771311
6225,3186.175538824208,3232.1400533985247,7.782163061483309,3276.381253197185
5551,3198.5875463337475,3234.4389058625134,9.473524167005403,3278.8413782762746
6880,3245.7320810229426,3282.0658854565577,7.1146795795865145,3334.2731381489552
5792,3468.909019154669,3475.3796425534847,12.752002411439479,3511.3892058509123
6147,3470.8816126197535,3477.164595905735,11.793631975977577,3514.5670882899576
6119,3472.8541327448143,3480.4759052386376,10.154331028284645,3517.50131378327
6240,3474.893572157014,3482.4359793449185,9.908790347497249,3520.5658306681894
5707,3476.781241068142,3484.3522456817655,9.92826780922875,3524.1037394165883
6862,3519.8858606906006,3527.164728079042,10.130397876843636,3532.3036697735
7072,3606.8236580790376,3613.420240337107,13.192670406026387,3631.583164812026
6217,3613.2324333952356,3620.158850440171,12.222266207792881,3634.497238307501
6610,3617.633685157973,3624.0953119690294,12.021273107726357,3639.117984264703
7258,3631.9183976961513,3646.0757954047663,8.555500270058792,3650.9531504401343
5717,3665.2212200978224,3671.380856743543,11.909844552869682,3702.664072434059
6220,3667.1688518256205,3673.517202517177,12.275679146887896,3707.332230684604
6183,3670.372647336464,3677.284313566605,12.05731384201943,3710.536536657871
6170,3672.195520196721,3679.1391795500754,8.297608509050198,3713.050477620628
7299,3790.327499397125,3884.159740064616,8.467330643509719,3933.8237340993533
6012,4008.9400069177486,4015.1524942950477,14.199962629908377,4054.190686486522
11658,4149.842767459805,4156.46583170906,12.349177137698199,4171.150870713363
11723,4151.7850112393235,4158.338047231287,11.608617834495726,4174.000323846309
11726,4222.56581580499,4228.086476867127,13.999606052888675,4232.734124333093
11513,4243.747422301339,4250.533883340925,11.709562466646869,4291.327048222593
11643,4247.45886960217,4254.498154131974,11.529947492938355,4296.899759365471
11708,4249.497704888551,4256.385423450849,11.424995228419077,4299.034710358399
12771,4253.173523435427,4259.540860017305,10.964134175321282,4301.246008824062
12795,4326.083076746965,4365.051106307313,7.245537338713035,4417.148303187714
12085,4368.508709104455,4376.025926229829,11.27684330119836,4430.830249751926
5741,4375.736734042316,4382.178418941727,9.221222226874804,4433.59982248954
12202,4508.501305002839,4515.563763603732,11.628613608151039,4536.665867682218
12030,4510.785482031874,4517.41993078925,11.092383717469888,4538.642546056943
11458,4512.596651193427,4519.30621720204,10.496939945492237,4540.602448784414
11710,4554.507250199924,4560.342360455401,12.036854845378716,4653.534261434624
11745,4602.195600936828,4608.572300045551,12.47320484368338,4660.303237375943
11228,4671.6561699041295,4677.561047292999,13.728522149709857,4720.5835860302195
11616,4779.740554711394,4785.613244619214,13.038942794654133,4789.575795831621
11509,4781.808215909173,4787.517436213786,13.229552964339987,4791.500640970634
11652,4785.171936574921,4791.012131298633,13.077610741456652,4794.961340242802
11451,4787.708116675829,4794.449404317626,12.019715198448246,4831.1564027955565
11453,4789.563642891705,4796.286131747768,11.942678979335817,4833.957802220465
11241,4884.446831338298,4891.232116120985,11.4743069607061,4896.117064394611
14500,4890.475372978695,4898.1080765876,10.105729823661605,4903.603212967286
11719,4896.025904680674,4903.120748637094,11.837393507121162,4908.706920783389
11653,4898.082440022151,4905.022392596667,11.582371714114766,4911.046492821966
14483,4908.650625276318,4915.046550566813,12.427783072432796,4951.357977247434
11225,4919.7396731341405,4926.044918985656,12.953692427868885,4956.396460804463
11474,4929.86973455283,4936.588618564181,12.35210497293501,4958.988069247337
11669,4934.810741451739,4942.090645338469,10.717891402014473,4960.856178793007
11238,4937.288582321855,4944.0859091994,7.972441130636465,4962.899310621451
12215,4974.261546636479,4980.053153443869,13.04693880550034,5011.454219681945
11215,4983.644872772161,4990.101292003032,11.894256737422069,5018.665611843022
11631,4988.790299573412,4994.555757370011,12.24796097821009,5025.890276415064
11493,5043.408776725227,5050.261283424711,11.673090730567202,5071.300992457771
12378,5053.948942470745,5061.237827983021,10.642977381591685,5073.7872725494
11441,5055.87858061849,5063.048929262292,9.825492595785922,5075.907446266875
11662,5059.171452570901,5065.1576106584835,10.398873833044298,5077.923373665059
11699,5136.037821710295,5142.340244240756,13.747102218072882,5146.55727884034
12423,5138.016125806721,5144.154414281873,12.794823160027189,5148.464332794755
12376,5143.751468298953,5149.401689158522,14.030126348623348,5153.261197389419
12120,5150.459150329871,5157.028724635039,12.53008559966089,5191.300447148058
11266,5207.130906750641,5214.176144867326,11.133407064952575,5251.188338140093
11296,5209.253903110635,5216.042152968447,12.254718293474188,5254.2831820006695
11264,5281.91074749961,5288.122234965103,13.332833601880367,5315.106619228659
11219,5283.881925134749,5291.336647840334,10.471163365754665,5319.209066444138
11217,5288.479192913852,5295.348808215701,10.86886178503335,5321.7751321271135
11440,5302.982986039969,5309.18061709062,12.203124123868342,5324.66460120236
12386,5326.173895132794,5333.314976062586,11.214098995308603,5371.318480999042
11504,5336.829352622352,5344.165753961801,10.635070385867985,5374.011465134699
12187,5349.545902681357,5355.372249214895,11.943147452172482,5386.201300341867
11212,5358.494190647711,5365.473145123233,10.379003758051534,5389.389334006569
11629,5585.553080255785,5592.186733788852,11.611476972270351,5611.132882783483
17218,5676.226180052017,5683.169254354206,12.196646005745734,5687.671771793546
18261,5703.64907514678,5711.293679017355,10.326951661506875,5738.497965803302
17863,5705.927488039907,5714.317323689307,9.350996486938424,5740.58421739213
17865,5707.943783426566,5716.346305142376,8.971150211537664,5742.558388672453
11477,5726.511967535763,5742.1195509070185,6.3559814566091415,5748.650801094638
17237,5766.085501542864,5772.443622136888,14.61475193365585,5791.260823686538
18171,5781.933371937483,5788.391699253939,13.303436168555479,5798.530305529169
18159,5788.068256328355,5795.486064220149,11.01950008058226,5800.611030246687
16985,5793.035253499754,5799.331063461794,12.658846839615444,5803.704555930007
11712,5813.256141657213,5820.383602840922,11.079365060514819,5863.805748711905
11691,5815.258836112804,5823.245751389425,9.158757296033299,5866.299910079987
11748,5817.326765145962,5825.305409089617,9.99571764108078,5929.250159017415
17864,5873.748289727381,5880.416833715485,11.539276071080435,6091.134282663686
17815,5971.710229856952,5978.502148288456,10.94460668176095,6101.140631372013
17888,5978.877855633616,5985.196840249748,8.412707517171022,6103.973165143094
18237,6052.10683180493,6059.396727562866,9.065211592699988,6151.477999362182
11746,6098.4344345335485,6104.138638453321,11.997553063005798,6160.022639657241
12069,6100.922551524548,6107.26509749451,11.28634366293871,6162.5113137422095
11735,6102.72662685353,6109.164855263588,8.23647213231795,6164.775640284458
17128,6132.256930181463,6173.108530831636,7.305537961647108,6227.481930832388
11510,6178.918361023271,6233.199337500234,7.486599940219439,6391.256664117653
17010,6578.720534392113,6586.449526074383,10.269354145442835,6591.577890894778
17929,6599.244841818906,6605.478703893456,12.802974545595244,6631.236231949165
18111,6606.866943024908,6613.567577728559,12.781844272162292,6636.251172678643
18275,6663.07837616591,6669.498737260744,15.10215285543521,6691.550243991592
17187,6665.46839265696,6671.629095385615,14.185399055880431,6694.314033247454
18294,6671.476798472449,6678.4810997337445,11.914353042568166,6700.780964346922
17226,6673.307563623443,6680.323889174431,8.340010540080174,6703.404108347732
17713,6689.416414028866,6707.163147309954,8.142340320842418,6871.751640820391
16540,6723.016725521802,6888.3589271911715,7.928593818301092,6945.201872696315
17034,7376.785112885429,7433.217375157795,9.34120740288724,7476.58875452218
16962,7384.354089093619,7435.414849588528,10.466121397541617,7478.970427973925
16519,7428.747090301491,7437.395721746423,8.63364374963332,7480.973831044215
17238,7520.225243185553,7526.545034601153,12.946496647192768,7531.064397307066
17208,7566.462548287229,7573.4300842332,11.410987683154344,7591.761716352263
16976,7572.643816140995,7579.16049753528,15.069308160218748,7594.9322596855645
16934,7578.654598422947,7586.261354357849,11.072228070844584,7597.295897496464
16718,7585.463156284248,7592.183525007453,13.680407998943258,7599.927635623739
16762,7591.197008027364,7598.231565811703,10.678786638939929,7604.314263552107
16518,7608.6669694062675,7615.3386463227,11.674929854806827,7658.088783520734
16769,7610.723954214448,7617.414967724673,12.153649620163428,7660.78454925544
16923,7618.648268726325,7624.42889303586,13.696489259502508,7668.079101055727
16925,7620.708989501687,7626.510242416195,12.365814788381536,7670.376100968896
17014,7732.892861252264,7905.084388929657,7.957180840820218,7958.234226841908
17154,7755.095791968396,7907.356897386822,8.787922190599213,7960.120519806079
