2624,129.5475711523779,135.13430294606874,14.200538787197106,140.29206395732942
1853,173.8035140286907,180.36384960600577,11.754344925170475,186.46604663178456
1176,247.61547328556378,253.49029943857715,12.830098442741525,258.96033133210386
2559,442.33558099666834,448.44404730967216,11.355313776826238,454.3805172569393
488,529.0647013838744,535.5330507813969,11.55717960822136,541.4874898444046
1816,533.4216331211809,539.2199716667759,12.576864858860178,544.855272648239
1857,540.5155832416056,546.3248559170751,12.594779131331284,552.0
4136,571.9149311844105,578.2383104093357,11.40701061769267,584.6655967392613
1212,606.3880398363034,611.5767958056741,13.94367700688971,616.6669474065341
1150,624.5136533222078,630.5722761986156,12.30037499650932,636.0
1892,636.8658177252759,643.1239716283964,13.604334897081275,648.3514463617081
4839,649.6699508063328,656.16211624019,12.834355233488862,661.6980809069538
3325,656.8850352723141,662.458767416205,12.229259089678274,668.0
2576,713.4355634768011,720.0595301724758,10.904885939581176,726.6475312959317
1175,722.5587260300748,728.1212503671873,13.474554576491467,733.6132139337965
1854,727.6648201394768,733.3175714219973,12.807230489897547,738.7287580326191
2629,792.54331920848,798.2974680052004,12.09010438889667,803.7719200177611
1203,807.5337275639089,814.3472092182092,10.531305487713055,820.9748950986088
1867,838.093098466072,844.2591555491808,13.327204168046674,849.556631967836
19,843.184658425851,849.3901003049328,10.992045638936881,855.7163061264
3296,848.7968002863225,855.2307837947889,13.31396356842676,860.6808439911043
14,862.0282861245869,867.412020249957,13.846689098346344,872.4657992077316
1845,872.0306838166229,878.2035630880938,12.437125722036432,883.980576321928
1198,974.8007245292065,981.0172803253103,12.223101794102119,986.7281309329395
51,1004.5462615371222,1010.2118252584222,13.3875847073682,1015.4210974388067
4138,1049.6044448761568,1055.2346799422899,12.635517240035774,1060.8274311436246
2553,1058.4343621205273,1064.0669912443047,12.543551986149222,1069.8375562990848
1158,1061.3840439109795,1067.188003330332,12.313045161018609,1072.848681267326
4826,1078.6762804055409,1084.414058797261,12.354893567402819,1090.0
1855,1086.3674842601724,1092.4183809075307,10.639408475584094,1098.4661618872071
2558,1102.4824605078707,1108.4370736749067,12.143429885231699,1114.0
1885,1149.416099095656,1155.0992903544989,12.10502568919589,1160.874152169668
1132,1165.0849269412133,1171.1097975850023,12.44597286105523,1176.4478575094954
1124,1193.487513786723,1199.4597765150654,12.66406264892484,1205.0
4121,1206.1965481491509,1211.4080369938365,13.369368527159754,1216.6210283014839
485,1271.0423785486967,1277.297686772434,12.826994690650162,1282.8272631266445
4143,1282.0396735092145,1286.5385701354,15.089770412561023,1291.0
3262,1288.745967317093,1294.1744603826355,12.71652731204146,1299.6811088167103
3292,1321.1880305430564,1326.5871508521825,12.98124030642918,1331.9601951014195
4130,1323.1692294187608,1328.3726570028987,13.042055225057144,1333.6304874206369
1809,1338.4502519429434,1344.2805102664797,11.401541758652241,1350.2514849289114
1187,1347.6685145330648,1354.1435486700425,11.621941060791597,1360.0
4825,1351.4363652067764,1357.0887914841198,12.471694659343578,1362.7355326301313
1876,1435.548309695455,1441.2944804421222,12.024966356846614,1446.9748729762887
1840,1437.4691909153264,1443.1396447134214,12.558133414515547,1448.8014930009037
1182,1442.7390349741095,1448.2154934449418,14.222274676453113,1453.0
3309,1480.2736442451435,1486.4040515431368,11.57613219059612,1492.6925603333307
444,1633.4042667507072,1639.495487611713,11.261059636199931,1645.5755885165509
1835,1688.4861831289845,1694.121303999985,12.531815062262291,1699.6004863367173
1140,1707.594112348065,1713.2705505137926,14.247306683281519,1718.38483245702
438,1743.5194460555294,1749.0412322480759,13.310149979660503,1754.4223056733838
3279,1787.434000546238,1793.5473484764611,11.898348657693647,1799.7542635822176
2619,1800.8410482250156,1807.0454526258504,11.538016436436859,1813.0
2615,1802.8699050384969,1809.0202192442594,10.86893617500292,1815.286634517282
67,1817.5621797271178,1824.4488499696224,10.319193324643612,1831.3180515859406
3698,1872.2741500226532,1878.1379789976788,11.977930349643893,1883.9785779809172
3742,1876.2247455827835,1881.0994736447553,14.499606110063032,1885.9962832868223
4145,1878.4140423076879,1883.2098178314732,14.378439289304941,1887.8565498250875
3728,1880.2993991656176,1885.2295898629682,13.980428675463573,1890.0
4811,1883.932940956806,1889.4246090292197,11.881902708678613,1894.9942996477726
498,1896.9774057525005,1903.48373948702,10.662354422771966,1909.7434209330095
2617,1899.006733218745,1905.2904162662642,11.869272446396174,1911.3413084529743
3285,1917.1854180319435,1922.4732551878503,11.934329505860395,1928.0
3274,1998.7393828624893,2004.5899279253922,12.814288551046568,2010.5597306686623
1208,2072.3056828760828,2078.3460402754636,12.563370037366946,2084.0
1860,2085.9231850330766,2092.0688915624437,12.163054930121449,2097.720358264694
3741,2088.1866133771214,2094.0254926651796,13.677347943525398,2099.3394806985084
2602,2098.6596879366784,2104.424356040585,13.061798669949678,2109.8782493754147
3302,2163.305659071123,2170.427570581386,9.599643412850337,2177.375541145409
6632,2231.410971699241,2237.4817326566967,11.937569932515167,2243.5967922398854
7398,2261.4979975451365,2267.4416579784124,12.300312339466243,2273.313952426637
8123,2284.371475209661,2289.305383250781,14.964395620609718,2294.0
9198,2394.646482473084,2400.3295647706095,13.162774684927072,2405.644522005103
8101,2418.56230015917,2425.2404897776078,10.037717270514316,2431.9781212881885
8801,2457.2841320735056,2463.17541564794,11.152414125774964,2469.0
8054,2465.7570917644366,2472.425174444632,11.240586720234532,2478.865667178356
7318,2513.70119369776,2519.4560571387838,12.057392177492154,2525.0
481,2537.4964337120773,2544.2875875730015,9.860835596476026,2551.0
8775,2559.553070366547,2565.3050971606253,12.783960642453362,2571.0
5950,2597.550953409235,2603.59924312924,14.606025048105604,2608.38544293632
7360,2614.6064192641684,2620.468488185984,12.19866061116007,2626.3031820311294
9657,2650.193545714734,2656.091704461045,11.929235797029598,2662.0
10319,2683.3487909710393,2688.4435304025465,13.225347735348286,2693.551695124432
5975,2688.450321972251,2694.2766236853886,11.30765398318459,2700.0
9194,2745.17026321867,2751.029148649002,12.178253123620912,2756.980078073512
9229,2764.1880249017563,2770.367140558947,10.681057895935725,2776.5616962291356
7357,2782.69194156845,2788.5631845415865,13.213311323180818,2793.853141889591
7321,2784.647452375113,2790.295348466555,12.835649054848355,2795.6220083045782
6027,2786.5490750092704,2792.1009840466127,13.79042401898603,2797.294919987849
10315,2858.5116161375213,2864.205209358622,12.43787549968731,2869.7392311602434
8764,2872.110026390958,2878.3681912750576,11.265105623891401,2884.7464031828167
5553,2898.4245170690438,2903.5060094949645,15.300587114784884,2908.0
8116,2919.584139739658,2925.3600218588517,12.855759047483346,2931.0
6686,2930.403406505029,2935.529689838206,13.35450105968143,2940.5981489885016
8083,2940.353711815827,2946.3630062596712,12.101875757178583,2952.298287072901
6666,2946.4723588758093,2953.2530846233353,9.804695089670034,2960.0
6706,2948.4136389487658,2955.2487448443635,9.471869309436082,2961.597622874959
9213,2958.3086819104715,2963.507023716415,14.053129925120137,2968.3961632127657
9227,2972.642459881159,2979.0668074524747,11.772625197293078,2985.0
5938,2998.809490683335,3005.0512001726647,11.093748099918871,3011.0
7314,3000.417583687211,3007.0116953791976,10.933837692471661,3013.582054542289
4,3034.707948870022,3041.243990562555,10.469367531356138,3047.841797605469
5980,3102.075877141934,3108.3788282808437,10.228812523178496,3114.951381586124
8119,3148.543815122319,3154.5397710566385,11.728891770237734,3160.0
6663,3172.4964348262283,3179.4429349887123,9.317999633492407,3186.5868894620994
8098,3177.493164123441,3184.0376082588677,11.848290451548987,3190.0
8807,3186.494496659077,3192.4610270020407,10.909242533133977,3198.5668998123892
7372,3229.4625020979647,3236.3802200911923,10.240831328290543,3243.6222399159296
5506,3246.6150680276664,3252.022148549839,14.042458357076603,3257.0
5549,3253.6137185850334,3259.0113502073473,13.440771945709463,3264.0
5972,3269.412793621791,3275.5117365832716,12.664553383048606,3281.0
6680,3340.5315665142125,3346.519075363187,10.977208154396704,3352.459425373891
6023,3342.4608991739497,3348.3949399893145,11.651227862580471,3354.0
8812,3365.3711918940376,3370.5596113134366,14.273593024784038,3375.6216281207153
6007,3405.4114137712863,3412.2777367487197,10.302974864379795,3419.0
6670,3407.4815966981078,3414.255005619187,9.941533732413639,3420.7512343855974
7392,3431.9870013567834,3438.0332039682894,12.58451266592361,3443.5402821787175
5497,3444.478627002833,3450.2747272997885,12.085064355638098,3455.959780354395
8074,3467.574330258294,3474.195717689795,10.540558701179114,3481.0
8127,3487.6497694247805,3493.385217826468,12.925422480405329,3498.7438863772486
7367,3495.407618667796,3501.4136532698553,13.326239756350713,3506.7041590521158
8134,3497.6809113157306,3503.432392042175,13.167669926883704,3508.870869253181
8795,3534.393692742489,3540.5140763345285,11.608263269351266,3546.639995816518
10344,3577.8122586057875,3583.0261530114954,13.855087520243316,3588.0
7327,3591.561928642859,3597.568705501682,13.045736594813956,3602.982220536367
8763,3633.6779557248715,3638.5648643038808,13.984937921818185,3643.5014259055934
9219,3636.791635737591,3642.0917191087315,13.651629084198943,3647.3716552810915
8781,3721.952306994443,3727.1736792177476,12.872328776812328,3732.589767416229
15846,3806.1192672048337,3812.0672600543403,12.039970266999747,3817.95281943238
5967,3808.8694662423895,3815.0920548690615,12.933980442068053,3820.5428085235926
15153,3820.3191078330124,3825.411499681056,12.958348429552814,3830.5634597897965
5932,3849.455923446623,3855.3944421311908,11.460478566920173,3861.4443708382023
13546,3861.679516702073,3868.459322082303,10.893359477740715,3874.719532901701
5993,3887.8505095707233,3894.048198989142,12.899811351332248,3899.4330579882794
6641,3889.963484725186,3896.0230299695513,12.661265094600488,3901.8148690177145
5522,3921.6147477154905,3927.2876981932645,14.372274918087784,3932.3494915487536
12171,4033.5870425844223,4039.1063762365666,13.362626601806706,4044.4550874323654
14758,4076.146476135656,4081.173054519713,14.042875319331346,4086.3087695162953
8786,4082.326483234842,4087.351932793305,14.4654781750868,4092.3784850315214
14759,4097.969316489823,4103.450005439422,12.797249090493313,4109.0
14753,4106.43475701238,4112.478517101565,11.118696245927898,4118.523860421425
5544,4134.525662392275,4140.532413165488,13.82507570586254,4145.610337898869
12134,4156.794577829901,4163.143932004645,12.312929618168809,4168.907994031769
15833,4196.611041671003,4202.298746151992,13.136732503919966,4207.681365769111
14282,4242.114421398279,4248.046380919826,12.60293486860954,4253.761493730412
5540,4255.593041761313,4262.349886900647,10.139310727607947,4269.0
7307,4300.633246115074,4306.461301248617,12.294575507464502,4312.0
12162,4302.826814943279,4308.2182049283665,12.767311899197592,4313.634996705513
12157,4305.437982899617,4311.1250648543,12.60803626244046,4316.749768025547
8789,4316.46216303808,4322.047871068268,12.377001059202996,4327.565299381186
12831,4327.615838108511,4333.576932162071,12.237352521351703,4339.0
8103,4348.007442714598,4354.283360838975,12.684226531611102,4359.625219097296
14703,4393.472589869413,4400.098223569936,10.661518433988762,4406.661487194712
5507,4395.869339280323,4402.477922519264,10.58939052377946,4409.0
8788,4397.784463960198,4404.342958326945,10.555982597730084,4410.865756735674
12899,4407.058408983365,4413.0557304381655,13.696252562793024,4418.2690602364355
9654,4432.564322553884,4439.105098886456,10.467249119198192,4445.744053970847
15137,4435.336815653774,4441.063000016349,10.990267738752566,4447.473028930883
14731,4489.479877749761,4495.236433834632,13.254175708592053,4500.619059782002
14722,4522.403244233005,4527.173759526019,13.658975756272232,4532.0
14289,4529.12543315407,4535.017768248386,11.249697900234043,4540.996080233591
8816,4543.038986391591,4548.351384319996,12.551683112843786,4553.743252991053
13541,4568.592810190687,4574.252191789499,13.566904415479286,4579.527599588509
12122,4578.427848842421,4584.294512584616,11.714060019769724,4590.0
13570,4652.595150710472,4658.202063505637,13.022774431594863,4663.602863216005
12174,4657.431387036381,4663.372233441496,12.380382879558974,4669.0
12850,4695.466016630011,4701.37596004222,12.162044428249692,4707.0
11465,4704.535610643504,4710.0744718689375,12.954544002352627,4715.5878764508725
12885,4708.678262021546,4714.40058430413,13.601271364766824,4719.775681982067
14741,4718.493911864747,4724.127068570987,11.963971092258346,4729.846219515137
14745,4740.924702353032,4748.384833615037,8.87528338780705,4755.946138996416
13583,4753.6388505290315,4759.178928823937,14.599911533052758,4763.984358366628
5545,4797.829664217707,4804.17714695348,10.415856645245738,4810.5632625367225
11067,4809.570556399228,4815.336785551209,12.94113557463123,4820.990188384759
15160,4818.656230537818,4823.582903651017,14.107560969016795,4828.670727152061
12133,4830.56370573812,4836.320954750543,12.815897615123228,4842.0
12216,4845.743469154518,4851.299974937711,13.778495960923253,4856.514148448397
12869,4938.318135700688,4944.230153140149,12.016537832181516,4950.0
12866,4951.454491041232,4957.5605115293,11.93899971299768,4963.738405029262
13585,4990.433979510241,4996.1165671653935,12.43726090522799,5001.728751885849
15144,5014.295630202293,5020.007496342569,12.28429743214036,5025.81864471981
12853,5028.033561968889,5034.473037832504,11.741404067168785,5040.635053372759
12185,5038.869942266653,5045.408950942137,11.808980546957462,5051.380807091384
12173,5050.102229614978,5057.226398497282,10.265606169854161,5063.970634634787
11496,5054.492765754593,5060.177423626281,12.528301120152593,5065.901418703153
14760,5065.330938096681,5071.084567252016,11.824690681919392,5076.688802990244
14296,5077.763054256722,5084.248089863332,10.369965530711191,5090.728198558027
11439,5140.535193297812,5146.556288036473,11.919635955788827,5152.45907471791
11450,5142.449325262691,5148.2787597355655,12.059483581650722,5154.270380950943
14269,5166.470403348405,5171.377146459627,14.610369550291093,5176.2252869964395
12873,5200.431363952066,5206.059357299264,11.90681783479217,5211.709307966441
12129,5226.404019896737,5234.2367388585235,8.287810265402753,5242.0
12909,5231.651399951904,5237.526164692039,12.588249505725312,5243.775147546525
11453,5292.571156033483,5298.026320564071,14.416638671752759,5302.988140586775
11503,5398.843800038697,5405.282148738958,12.664428703009238,5411.0
13594,5410.3813905741345,5416.340508016287,11.245354415452788,5422.30937674093
12843,5412.347012971224,5418.149029581601,11.589331019826858,5423.923007750787
12838,5415.530350010485,5421.531189842379,11.744890295676289,5427.405694607959
14334,5424.545795152637,5430.09092254759,12.60002827025943,5435.532061941863
11493,5439.573751504331,5445.416681769869,11.927650966056543,5451.3320903967415
15837,5502.205444975932,5508.0230279784155,14.403618700384252,5512.908821689805
13537,5505.6029346151545,5511.415987292026,15.291730913174861,5516.0
12907,5510.8634906617735,5516.408263323774,12.735447532368422,5521.962389191645
15129,5553.315551550861,5559.420804187067,11.840985547273567,5565.396603857511
14724,5555.208555068525,5561.164509964914,10.69100239448322,5567.0
11017,5557.153592992188,5563.0728481703745,11.904696049200561,5568.953099076181
12126,5570.748790830113,5576.345238193341,15.058606180561176,5580.978145867865
11511,5601.678798299445,5607.355249608278,12.960384665825716,5612.791867583286
11052,5608.501829388671,5614.159091172436,12.348691024679239,5619.860627281052
13624,5610.419648748343,5616.324579375992,12.312089867856796,5622.270347673721
14272,5680.81083956498,5687.089251342668,11.558050885164253,5693.440282744808
14733,5701.989486357027,5707.599694898014,12.96197261199108,5712.716762383668
20630,5710.491257544529,5716.360697834437,12.829742252863245,5721.940202670175
12211,5713.8155748104955,5720.169976642871,11.618683919809863,5726.0
17660,5747.896652670067,5753.612642712647,14.202193110593633,5758.598103262334
17647,5848.0646721780195,5854.444814710309,13.24271182951168,5859.600578551301
11059,5887.4897810022585,5893.537735548091,11.523285285203047,5899.579975595177
14281,5891.179214495016,5897.187713576769,11.078430249851401,5903.320413652036
18393,5934.405480365567,5941.060637686558,10.16189365159202,5947.814064811944
17710,5936.387811336821,5943.057054707617,11.125737194348426,5949.510436825548
17637,5950.026415474153,5956.330126289891,11.943029306358243,5962.0
11069,5968.498246367647,5975.0920841677425,11.085000785416455,5981.681631754974
19087,6013.46335087656,6019.1203081923295,12.46996334599412,6024.877464727715
18376,6031.654178599322,6037.334924370451,14.190854947604496,6042.402399726348
20211,6056.4172766401125,6061.556549177406,13.443803604520346,6066.8446472369615
14303,6068.383638458986,6074.406156739433,12.08339908410975,6080.491391085003
17629,6104.972293636221,6111.08451336334,11.590235085823972,6116.984164855416
20627,6144.639296965429,6150.1022374379,12.319601347261285,6155.554138430068
17676,6198.411297559743,6204.086666769011,11.83311640168171,6209.836401898481
11008,6216.691910414883,6222.137580768297,13.597300341275243,6227.0
17709,6293.369755555633,6299.391371949309,12.035050331974576,6305.329665385075
20248,6421.784043356503,6427.537626396236,12.015016502703313,6433.302565923034
19804,6423.536820349072,6429.360885179637,11.9751143393767,6434.965107014544
19806,6440.024629537102,6446.147317454264,10.749319874599239,6452.455247300333
20233,6444.617162889398,6450.15265607046,12.722295801093008,6455.716421061023
19799,6497.625372703402,6503.547399969648,11.50864510143913,6509.4384438186025
20217,6504.900809590962,6510.434390864715,12.903041541442205,6516.0
19040,6507.663192590125,6514.231654966286,11.409076887136937,6520.0
19793,6519.623797725384,6527.379615495987,8.280032249034662,6535.0
19051,6572.162268639409,6578.345289570213,14.628082831723606,6583.0
20649,6617.787438132125,6623.0905300024215,10.686185762734755,6629.0
17671,6647.501930636765,6653.2386134207245,13.212099129098016,6658.639666558974
18407,6670.0605283013165,6676.427593829466,10.91161487319998,6682.699313516152
21344,6727.37910920898,6732.25072454712,14.475067669647832,6737.0
19101,6760.866828413885,6767.525857057021,11.283944778375815,6773.762450587386
19131,6763.073807331173,6769.4125488456475,10.834935375066346,6775.317895217109
11483,6775.333615965001,6780.577661699504,13.561889771684019,6785.729077510043
18312,6778.490586004221,6784.232486645398,13.372324605049185,6789.737749635225
11023,6827.917838880183,6834.294847503932,12.34825111534273,6840.0
11498,6834.4016811217925,6839.551874390727,13.644652107107811,6844.585601464504
11456,6855.617477506792,6862.340607029545,10.181526634912576,6868.896341212098
16964,6925.642584170766,6933.240315004078,9.728037011879023,6941.0
16954,6944.474553258716,6951.06423660986,11.058760819753658,6957.619668590389
13582,6950.834729788576,6957.080058916986,11.4833527525316,6963.0
18404,7020.767472145581,7027.359267932711,11.097050373185686,7033.294317118391
18354,7023.027117269551,7029.2378229349,10.82589941992592,7034.828348897885
17028,7033.337629682731,7038.463888967862,14.15551160387303,7043.5838297449045
16566,7040.647191765926,7047.39715114745,10.760789049609153,7054.0
21324,7052.616941289391,7058.257316868676,12.390431891245669,7064.0
20246,7062.624181135265,7067.279764383225,14.726090186601658,7071.888380279568
17636,7092.354569230964,7098.164103266354,11.45081049576892,7104.0
21333,7133.872513966226,7139.5975890136215,15.024159889995639,7144.2956525363525
17010,7138.036896387841,7145.125718888907,9.990971848133517,7151.63490468319
17625,7184.583565044527,7190.426777257246,12.441401835630169,7196.288565746979
20651,7189.884379244622,7195.442411735748,12.651396898806558,7200.8513861815545
20254,7192.112623650826,7197.440106359311,13.6143769144472,7202.490402663858
19072,7242.7187228988305,7249.084238318839,13.29807091270503,7254.544759511547
16992,7253.631299500695,7259.371929383782,13.775586135486353,7264.718915858515
17634,7263.673451064161,7269.178245395402,14.317708066933374,7274.0
17026,7305.442938699083,7311.4717628095395,12.070176900898476,7317.256122439547
16539,7307.432493204955,7313.209961109316,12.039640109278919,7318.95202260038
20235,7347.7641125910095,7353.018588118677,13.070485283051536,7358.372342010436
18351,7369.448792062514,7375.228113354992,11.461840092860553,7381.0
20256,7402.731457261602,7407.531107802396,13.837470083243778,7412.349604621971
16996,7405.449073037398,7411.03622214506,14.378702435665243,7416.0
17021,7407.703599623937,7413.552931444315,11.624363708134734,7419.0
17019,7411.637531860626,7418.108952380124,10.163163059017041,7424.619797786759
16529,7416.715671170696,7422.464946534843,12.933311177871225,7427.875494535024
18307,7453.401957526249,7458.6191615662965,13.337304320764382,7463.720119021668
16515,7459.494384786595,7465.420961107079,12.393590904540227,7471.385398352804
17713,7465.6020516550825,7472.013535164685,10.619054619705526,7478.3332044236895
20252,7502.8157617249535,7508.268696014947,12.831704385347514,7513.832269595496
19778,7504.54816632691,7510.018002831571,13.52646051867596,7515.507998889394
20656,7585.069317875308,7590.438152388374,12.494412018020213,7596.0
19785,7672.437278385205,7678.397838813165,11.498716732653797,7684.387578338777
19776,7678.867149649548,7683.471846759529,14.20869827475019,7688.272318232262
16541,7715.697177526399,7721.2250482659665,14.194669281410937,7726.0
19774,7800.208102075306,7805.515805188846,12.74973344366469,7810.836663756391
19823,7802.130318647551,7807.468102040251,13.589154116285382,7812.823073737667
16504,7809.432470509976,7815.189660576619,12.04969159482128,7821.0
16535,7813.702970942175,7820.145349848209,11.900729731763608,7826.0
18320,7825.597549462098,7831.047682028133,13.560229146195015,7836.0
16947,7830.591146881077,7836.165975715294,12.518510408031993,7841.7372979564225
16966,7833.507793047912,7839.071363286808,12.510797397533034,7844.551414065054
16540,7838.468860419236,7844.075145288279,12.837668964268042,7849.536863902466
16508,7843.379861801908,7849.154945203666,12.160855395819745,7854.948042371677
17669,7908.402521509308,7914.318570273994,13.337323120737889,7919.611871269134
17703,8004.461391745618,8009.3861825529075,15.265581473201788,8014.0
16511,8011.460430445472,8017.154827924391,12.760129799361216,8022.836691720851
16934,8021.369810278415,8027.4693746264375,11.750807032019257,8033.777622889937
19055,8027.616962704242,8034.048886544908,11.251524278155307,8040.424955560376
17009,8074.375778165515,8079.252143218524,14.662551919840054,8084.0
17016,8115.527159926137,8121.407081479458,12.391054786646881,8127.0
16980,8174.632782149232,8180.134539166545,14.272828408038038,8185.0
16509,8177.583893679608,8183.2911087059265,11.895516989669733,8188.862745442744
19133,8322.811141738644,8329.067516174944,10.8379592340839,8335.0
16949,8384.450073231896,8390.070998912106,12.752519009736329,8395.561383423788
19078,8576.436025955147,8582.030067743617,11.817468191711168,8587.788795809918
19067,8856.508861205479,8862.016558453031,13.222534240390937,8867.0
19129,8860.507582200418,8866.187743480985,12.99366239569378,8871.80104499582
19086,8937.572737119843,8944.346624341193,10.54002673408167,8951.0
19042,8939.510655985363,8946.208872273797,9.817483919940857,8952.467428817086
19075,9036.485660584009,9042.112260737287,14.213859076936586,9047.28941521059
