1057,202.97630973108548,210.13798245367417,10.794685377246886,275.1655961484696
3325,342.756241600246,349.1710312049747,12.116510169456129,371.7868901829111
1665,401.43662284601044,409.05578449939054,10.656703370870133,455.095834027895
2385,468.1460067244681,473.5325746158642,14.104100602339217,480.6755988982362
1539,609.7588002905711,616.02084904514,12.701316684493749,631.659026845077
2405,673.1045194958349,680.4766464744708,10.853282700102572,721.7006175134823
401,675.0888545611313,682.422659957462,10.24590247652948,724.6051191980151
3650,701.9838908011848,708.3089784926565,13.028686748149122,726.7522039349714
1672,744.0944191131325,750.4740223389581,12.941006620903385,759.0567210717021
1641,746.0880891210701,752.2957281558458,12.777298870657525,811.5464504203444
397,747.9712313988169,754.1220877355014,9.974652798385906,814.0460888091003
3287,779.6530060515931,786.0252743510274,12.104591935736607,822.833166318221
416,879.6833663540439,885.1301059394355,14.286000230436539,905.1934390402669
1061,958.3758457259597,965.0500548808311,11.859710489852121,991.4428821410266
3653,978.5429237425968,984.3109922905437,14.503372021212506,994.0172746889266
3324,1054.3973349035798,1060.1313011514476,14.019327124688855,1082.0942142956046
3278,1057.5804867194274,1064.274604092517,11.696201692993101,1084.8522253723881
1082,1092.5179414106485,1098.162904778557,13.329172469595523,1105.685068701657
3682,1138.4145755857194,1147.0682907429261,8.866130771657025,1171.4136365050247
1069,1164.8943762483993,1170.4416808891583,13.429522660116975,1177.82862051768
836,1225.2626314100423,1231.033777855855,14.14534178631075,1261.8143430872503
874,1227.1805845493698,1233.573974503178,12.087494202260503,1264.4868960325744
365,1228.8714074823306,1235.3089526721787,11.897991010860284,1266.7432982003024
344,1230.703246764179,1237.1397670384054,12.01256848425502,1268.9201690574168
3277,1233.7404646898756,1241.4886313772288,10.795272695199092,1270.8119201691768
947,1236.4620475497316,1243.3498693611475,12.005054962069421,1272.6613603999688
342,1238.247937060415,1245.1885225942408,11.6224164681507,1274.5836893794642
3639,1241.0859576167159,1248.4623241895913,11.99588874489641,1276.4035834298113
3301,1243.387372513959,1250.398733613621,11.302776298067235,1278.5403240880087
3667,1245.622137415456,1252.3407463067824,11.182888996684882,1280.460282039666
3669,1248.8197143526004,1255.4712831095424,12.622022135769496,1282.470827193776
2422,1294.1871761711775,1300.1560556626084,12.583402275415745,1351.6692445633048
2347,1303.2958110635225,1309.0757712604031,13.093730016798162,1356.5088347353253
964,1308.855307147472,1315.3488589189012,11.566951521388885,1363.9805807521113
978,1363.023881742685,1369.0978736391787,13.255202079025878,1377.0888150803298
1052,1364.9269835854395,1371.4867117827318,12.109259922039946,1380.0214309773783
887,1368.8745342096,1375.4517822364464,11.289282103157895,1384.5317746327876
923,1370.7611980700533,1377.3489421686602,13.209736744452828,1386.3589039428618
861,1372.5980838866242,1379.0234114011564,11.424473344373828,1388.201336472822
3303,1375.453303156355,1382.2994868593178,11.136454945536302,1456.5208692779133
3661,1378.5979510837433,1384.5309772210087,12.528015707411733,1462.1381626992943
3264,1407.4602301547425,1414.4611693278293,11.51862741913291,1468.1887470479405
927,1432.082825453309,1438.2078784776738,12.161669072170087,1471.4205933600497
974,1442.4294359396456,1449.2120881954547,10.797818169843456,1477.1567676374323
1594,1446.3375362565416,1453.4585777022312,9.814327010765716,1540.3876180770426
1655,1448.2289240194598,1455.3375425555014,10.76260481921786,1543.3229839719852
2321,1500.690971775884,1506.3594066374258,14.098682299813932,1547.754155329817
376,1577.6357815825506,1584.2049695457147,11.737859115312473,1621.5564058190457
3681,1770.3984542069588,1776.039418273339,14.122228533300683,1801.3816381852039
3614,1845.7841555525567,1852.3602717064712,12.135233758110411,1891.7764952597001
3641,1866.5690786647083,1873.2322973560047,12.062031126122639,1900.9658981856082
2268,1919.2285168027784,1925.1681527369228,12.941892386735006,1981.5942487161922
1578,1924.5931988730727,1933.2630321565384,9.46085944287476,1986.9440297155763
980,1993.9018678307443,2003.0695063480448,8.629238612721846,2014.6465028953382
932,1995.9604541148408,2005.1620973395138,7.80905899105782,2016.6366342884328
957,1998.4298255165468,2007.267915437185,8.454823294918596,2018.4804255704498
842,2000.4505467661659,2009.2781360759204,8.225700203054894,2071.455417045622
9166,2039.6484916767295,2046.370045949689,11.61977437061793,2074.125659170379
8769,2042.671161462065,2049.4012684616337,12.040385380936698,2076.3459763609
1661,2055.0170493276846,2061.3878094947872,12.697694346299018,2078.5283850817727
841,2056.8872221305965,2063.395576792306,11.862950302803194,2080.4228468531446
333,2058.862103431945,2065.119683762739,11.581985698902818,2082.5630647440275
995,2065.399109149698,2072.4493247022824,11.547018820226864,2088.3625263583904
994,2067.318375833471,2074.285164202318,9.863902587752788,2090.1293623779525
1107,2128.095043651151,2134.3578910722013,12.711915510564353,2161.853368018335
9144,2137.029221528342,2144.201106936074,11.632685381405821,2166.7273462250864
9170,2178.6660683141163,2184.403535088989,15.851319470028242,2191.058840913202
9183,2183.464084605105,2189.5325926720543,13.275961055950642,2197.705219915076
381,2259.8538167043635,2266.190688781263,12.48299648504506,2274.7205830404655
1690,2264.541105512806,2271.0921973790155,11.555048391262524,2280.2844905331303
9142,2309.7537283822494,2315.5851000689945,14.466925426795518,2341.704297289495
2349,2333.7440676927104,2340.44346372141,11.901549332484914,2349.186523828071
1018,2346.439254274643,2354.286078297479,10.296569041428029,2364.2418478864583
361,2466.995799278441,2473.101980593166,12.446374671840502,2521.675446714771
8807,2478.4862544378466,2485.3443106135896,10.867353172266322,2524.2854448536827
8997,2705.7414353500158,2712.4253652907178,12.452103215332263,2720.5889740149505
5851,2745.87910653259,2754.2976437955617,9.211154401947166,2791.560499256159
5843,2747.824698777933,2756.2607368600043,9.392238826349976,2794.4137583220927
6461,2750.8233773489123,2758.384484860393,9.513719338804856,2796.73992330059
5877,2752.7085622832824,2760.4168154632853,9.356777874428245,2798.7501038358096
5871,2754.687051901917,2762.3984539899643,10.509395514119491,2800.857783351411
5890,2756.6038111909133,2764.3576399664557,8.077366759183493,2802.762139316041
5878,2758.5063248897673,2766.339219376468,10.54453077148667,2804.7081173036195
9159,2764.4398900834167,2771.0671189097293,12.246869549536466,2808.8664416848587
6481,2768.0109835506037,2774.3554029222432,13.375605528982623,2811.039377680403
7892,2790.575222673432,2797.42053089266,11.093734840001591,2814.777368348815
6522,2815.6592440372833,2821.210897433216,13.943861369257249,2828.5046842290476
6596,2818.1458032332134,2825.3239117256085,10.447439882426231,2881.647882100582
5900,2820.1274175917824,2827.244650070677,11.035457265947347,2884.0476088511714
9137,2822.438308950711,2829.213489675347,11.116578356030374,2886.174164561447
9104,2830.622492249631,2836.5950591128408,13.523723102995588,2890.2928233267853
7922,2881.0424163939633,2888.3463273739108,11.065263443568018,2897.8541248886268
9165,2883.0917315257,2890.232063443706,11.094194551050395,2899.705337473337
5839,2885.3267203624755,2892.075836462802,10.632744572798403,2901.5293501957017
5855,2887.5262228369807,2894.2063723853685,10.655401777500229,2903.4148599369137
6435,2892.5102122043245,2898.539531434698,11.914106931898457,2907.6530417067997
8812,2894.2500155947973,2900.319944100954,11.353148735051153,2909.4801332827915
7177,2896.029535088196,2902.197125560897,10.03783297793444,2911.1810840113835
6550,2957.2277435742103,2962.4127691005724,14.09861784795024,2974.5340400655023
5872,2959.806012992217,2966.33680436916,12.53949293849654,2976.937212453718
6509,2972.107904951346,2979.0345977174316,11.79142357435038,2987.8335007644782
5845,3020.9205365346625,3027.5278143996757,11.169353987056466,3068.125923407804
6455,3022.907743376466,3029.3110005489953,11.725732147364612,3070.4316077166454
5842,3024.8849645763617,3031.135922138187,10.41307862016721,3072.536909372546
6497,3026.8654394583837,3033.1102243644737,12.005935404272229,3075.707518460854
9134,3088.626333482611,3095.4858551554294,11.687823283609822,3151.353653648656
6436,3090.5084944086843,3097.36880133186,11.046764351635364,3153.919766740232
5848,3092.255421955856,3099.208412278444,10.516728740380428,3156.0149720221057
5853,3094.0675501561473,3101.1900221544415,12.440559654001403,3158.327768304118
5852,3099.82323774792,3106.4021002222594,11.876851377466044,3160.258131779528
9114,3156.741389374195,3163.2552278852877,12.006882995907878,3171.9951806308864
7080,3162.5376676021874,3168.2886075663364,13.036434543551588,3175.899477178539
8797,3168.760592751651,3175.4437650602363,11.689368970813792,3184.3109615819662
9119,3170.5893222010086,3177.3043545425444,11.068332211271901,3186.138926217072
9186,3172.5190398891996,3179.1346680115666,10.343345287834047,3191.0866230245542
9167,3229.6588669322136,3237.220985354214,10.236027327258297,3247.269441861754
6418,3233.0217778618608,3239.282534705601,10.161870440679339,3259.122931266019
7156,3234.8758447587643,3241.194079620624,10.114218106672363,3261.8115315553723
6363,3238.7910328343205,3245.4365026382166,11.598119553439759,3267.739988169512
5873,3295.1168659815557,3300.476927458807,14.449413903826672,3331.418932268612
9139,3313.59127961386,3321.091980879076,11.198465031677365,3368.547377384552
5865,3369.6543232280433,3377.1894908560066,6.823972486252414,3454.916404862661
9175,3449.830522811046,3457.161131485068,10.820618486819377,3515.080610670957
9157,3455.5121500545456,3461.6137308946813,13.075009356525827,3518.3054232660875
5895,3567.71151364217,3573.559182936253,15.602629540127328,3601.657529358405
6421,3571.0864229680797,3577.0387654727383,12.8992197539809,3604.4743510413937
6426,3572.8470603164915,3579.267368690649,11.20971992146878,3606.6666276908386
5886,3575.9697070177663,3582.587733247525,13.049492058081448,3608.734348698034
5854,3580.778685215754,3588.0723554788406,11.402447698881677,3612.9167074505503
5903,3588.4497828746807,3594.0393622880297,14.014270836440797,3616.7149202837477
6499,3590.591956079942,3596.1053099246706,14.94093729661852,3618.7288175301474
8789,3711.4302910965175,3717.5828476198576,12.878878479191536,3726.000732501053
8788,3725.4359920323836,3732.249113081127,11.971571587974204,3781.3479079649437
14670,3858.628590229268,3865.2654043800812,11.450416278810458,3874.3766546269167
14651,3865.531097608643,3871.3742033929143,15.001847008007012,3878.3350393852766
5552,3919.602948765547,3925.472829178862,12.58562082687231,3968.468138377634
6025,3922.8013027233305,3928.290063374668,13.58469441630072,3970.3725055551295
5979,3925.255879751793,3931.583429184441,12.639255179106895,3972.6869494651582
5860,3926.9241959771543,3933.3553936982935,12.553323124015035,3980.0876817734297
7020,3928.8339928942246,3935.0960587727254,11.613796936669017,3983.4237583082363
14594,3931.8424171691954,3938.0887261749454,14.55951238227904,3986.1699951925198
11345,3936.4137377306456,3942.2643916252773,13.226348650056785,3988.405915641568
14684,3938.561700154376,3944.1056232937194,11.343839249555586,3992.093923470535
14316,3955.461337442787,3962.1196727894862,6.180449402763177,4067.3947905317614
6540,3984.9868095462266,3991.404728805656,11.681952550697707,4070.118694048602
5864,3986.9169761157978,3993.16242698431,11.20835279187862,4072.525872922631
7760,4000.7466060696447,4007.08167750274,11.687149915636683,4141.336103896544
14635,4018.6385776178295,4025.356952644887,11.110271788623526,4157.250678939992
11390,4020.45308257725,4027.2325990904187,12.304877380658603,4167.098134818252
6417,4027.0534970716462,4034.4695511268533,10.138118359336557,4248.040312608771
11995,4029.650024056538,4037.1830730394563,10.825875569898772,4256.448144253541
14657,4042.6019835029297,4048.0338215368956,8.848268790478706,4259.471214028521
7895,4063.882178485853,4090.03842021152,5.564966240755792,4507.475508540472
11356,4531.141249425803,4540.518459038084,12.370006772912237,4696.309280064953
14658,4775.058696144654,4781.492055090378,12.26657043379992,4789.931573619887
11938,4817.125715279513,4823.380089412744,12.815406611430262,4863.935184149174
11362,4821.567423140932,4829.416773691635,9.537827555638833,4866.192149079267
11997,4823.486341554167,4831.363038083062,10.599331664313684,4868.50414821497
6475,4828.440847175756,4834.135271847079,13.109652005243559,4870.531012555066
14592,4834.523622416557,4841.017400457319,12.293355656968437,4874.176795175814
14067,4859.682533870765,4866.103384982241,12.473677251427866,4888.989490060284
12000,4889.865122394997,4897.069654136861,11.143101754345917,4966.6616968717535
14685,4902.605643283244,4908.600731116819,12.90851020043549,4975.187032051161
14633,4905.82547497803,4913.065362774546,11.447097219861075,4977.592213442368
14616,4910.928229022,4917.58714920149,12.668867943642912,4979.713347727225
11932,5007.655821501113,5014.346100262685,11.699565004643592,5061.326929020439
11973,5012.603638433347,5018.583736595126,13.594828202847891,5069.167770096009
11874,5015.585903780828,5022.110394613375,11.964406295237046,5071.946798789336
14064,5021.810317712118,5028.027824002301,12.945368115608602,5074.753930645439
12557,5026.309671113325,5032.018959490198,12.918028391999645,5078.026003435311
11363,5028.311605978554,5034.464474900679,12.66700187524918,5131.442509750762
11372,5030.087483028466,5036.241315890428,12.80683760178746,5136.10104810686
11962,5088.579494385133,5095.32038946562,11.470440605056359,5149.680138697038
6466,5092.788627868371,5100.2258234413175,9.960458269782958,5151.522879016155
6440,5094.66300751604,5102.10227584882,10.003458335004499,5153.465225183199
11340,5096.558456169011,5104.060687230014,10.072119702207372,5155.459485880684
11843,5098.553169833566,5106.163605420699,6.994016242231865,5157.308536918498
14293,5113.621999363069,5159.099850987385,8.855779339627624,5168.212737565735
6434,5162.9204501721615,5171.063479295809,9.425492304624134,5224.324646395312
12088,5166.054785751184,5173.179097419705,10.425959310091555,5226.676255429093
11988,5173.457747140681,5179.580816765926,12.16534043083769,5236.819765855855
11987,5300.141057534484,5306.085890876672,12.595180667453858,5318.213593187674
11970,5305.907255906932,5312.56976994676,12.163638570412918,5322.481408253635
14277,5401.942138185842,5411.031069216117,8.242883144119943,5422.986762475626
14631,5405.8970296685475,5413.164626109829,8.172240979596012,5425.027046722708
11401,5434.156179335885,5440.46777725144,11.980337834533739,5491.524682710619
12650,5435.979427747358,5442.388803733121,11.800459473782073,5494.122421308072
11381,5446.620166278968,5452.369052438246,13.200872704344167,5500.247135910124
11002,5448.312084668366,5454.090633225168,12.647632336938589,5502.734696795141
14646,5502.498273306927,5508.2039430381155,13.681543507443905,5515.750697852863
12029,5507.357911427749,5514.197298611225,11.553453703139985,5523.563647258324
11931,5509.194809198007,5516.117078545011,11.11544558022799,5525.41326343498
12669,5518.270464295038,5524.446669784194,12.200131860312798,5595.725613298937
12649,5574.418083077891,5581.325748808488,10.763174815317436,5598.45444792653
14634,5576.259997638386,5583.1208262759965,10.788652594182574,5600.548549137037
12643,5581.722912987671,5588.053809333335,12.036002269362571,5604.778737383811
14305,5583.667029364872,5590.181219054292,11.770267827188704,5606.645489122079
14647,5641.116079143372,5647.383873733106,11.741886155561929,5671.49303931584
14639,5642.805890578756,5649.125686441613,12.638819267998565,5674.3517904008995
14321,5644.764754147891,5651.031974693592,12.407354277716008,5676.697067850432
14543,5648.757185144748,5655.249441895976,12.380276632168513,5678.903370480481
13313,5650.959153835069,5658.0467639786,11.116244105392646,5688.066811047568
20136,5673.974236032009,5680.204527065141,11.775770713114717,5693.614009014278
11377,5710.180011662029,5716.182497493508,12.924744470338064,5778.383191851728
11936,5714.765933117139,5722.218792480836,10.75783964299456,5784.0174193723005
12062,5723.479045306531,5731.124245864954,10.58688866779503,5789.794427022202
13427,5734.6238847303275,5742.049038705457,11.196634072377801,5793.716389723773
20109,5740.5707711064715,5748.427039620078,10.027224625910078,5796.2693625418
16848,5748.554484932614,5754.567136079161,14.391964408795868,5798.204989766252
13283,5751.458598466066,5757.297176814664,11.742326833889814,5851.40971037139
16900,5779.17850568571,5785.461856201561,10.953581744265488,5866.705319339257
12625,5785.706312026257,5793.4530203660715,9.516273352940933,5869.45523581409
20157,5797.317275096615,5805.455526260454,10.961574673681609,5883.352704561955
12548,5849.481778597422,5855.498706954613,12.595245524438548,5885.6596975795355
12609,5858.905761559411,5864.283920883735,13.690298049722363,5945.848507496099
20107,5913.660553925709,5920.219445156963,12.01526913133679,6037.011718705267
11859,5919.2496104094425,5927.161619246487,10.808180012890505,6044.69504646084
11845,5921.769452199395,5929.122843153312,10.549261597982017,6046.862252129045
12556,5927.172130302219,5934.405482096972,10.174556455979504,6048.979584359547
20125,6006.540904148176,6062.160920756323,7.346099546268637,6129.71635453669
11348,6140.972462771195,6146.479956473943,14.40178817274364,6153.652819462211
11875,6193.096791012246,6199.479170916861,11.137769015639304,6211.446951366569
19770,6276.595786161141,6283.246442659222,12.300804107367943,6304.542234950141
19821,6337.091903547352,6343.293224505231,12.152866182856997,6391.926765484871
19782,6342.315456406076,6347.66049328883,15.120720330157338,6394.63500263068
19783,6344.463975014426,6350.267206633924,13.43935161237252,6396.922769942841
20144,6406.062817742923,6412.45974809737,11.701307848851043,6421.145196387032
19767,6407.856309015244,6414.329318974488,11.54439886836432,6422.971727705298
11369,6475.3927133637335,6482.241140149484,11.687583910839736,6491.292713089007
12089,6478.7782753382735,6484.575695518971,13.510942935876729,6493.1675440334875
20133,6487.558874371785,6494.425162530415,12.523843610050495,6502.865584779891
11373,6540.061989849663,6546.496591992494,12.298393019142997,6571.458280686215
19796,6549.051662067324,6555.522528562433,14.102297108244379,6576.485291493452
16931,6624.094918178818,6631.212855351878,11.58007412293999,6661.852353614984
12101,6626.227342571463,6633.000479924489,11.039507030347309,6664.567183049227
17592,6678.577190304548,6685.134158547441,11.352583536987508,6693.733980780298
11998,6759.606007191497,6767.0951771180635,11.096126855032077,6776.769665039887
13327,6814.0140061714355,6820.359462633193,11.840355726240832,6841.493455247993
19826,6816.095502867125,6822.542665920763,14.995917104105922,6843.890563503412
20129,6838.954932111562,6844.668453579025,15.213601706812273,6855.783505415398
12599,6883.953695275621,6890.438352712314,12.548501911930195,6931.2931870827015
11422,6890.417550537268,6896.281552235541,13.408503981661944,6934.020986654241
12687,6951.827986452189,6957.3344105075585,14.316280003287103,6964.42665983581
11959,6963.9683807791,6970.023185985075,12.497147411221095,7026.568715357585
20175,6971.1892455218285,6978.357000892605,12.064305449826008,7030.971269416035
20172,6981.781248095437,6987.566977424597,13.33471347721142,7034.801084259889
20164,7044.726285741323,7051.292194602416,12.374464019807837,7111.861836668469
16898,7080.456854238762,7086.058960968992,15.43217573490782,7114.904660229379
19825,7124.482182744615,7131.042178188656,11.912127124502671,7139.968111049652
16849,7159.183482436387,7166.0100446406595,11.397481236559255,7201.535053636293
16853,7161.446561109006,7168.533660879324,11.324137904861278,7204.277865050648
17459,7167.823749544179,7175.452103175436,11.358506362376408,7221.837336913231
17597,7172.6625762337935,7178.1129090998775,11.502006048221979,7226.059566913443
19788,7175.299878683983,7182.487206030966,11.169635458063155,7229.023194568537
19801,7185.640393696404,7192.488632243811,11.379980535531136,7234.434928070615
20181,7204.215296393588,7210.326859282183,12.571511969368647,7236.883342680034
17495,7232.177084692566,7238.293390478318,12.818642859509385,7291.481085617639
16903,7234.915288071448,7243.153723145583,9.95412388438519,7294.277883246479
16860,7236.869500573219,7245.165866641292,9.926662452486866,7296.3737697047345
16858,7591.174037782759,7597.321334974736,13.069268573670406,7651.862447116753
19831,7649.827022089542,7656.18014173346,12.308564084915112,7666.058160656128
20192,7677.586516345905,7685.111078963397,10.264145405986607,7758.221210777122
16861,7712.913083871242,7718.495216655909,13.78885056144912,7765.130300423744
20151,7714.837149809642,7721.084803490219,12.630174553508557,7772.132523790692
17427,7720.344054875962,7726.55955534612,11.722089263116088,7838.125967407746
16892,7727.551851257497,7734.331368117125,7.911337714160159,7846.671637664984
16910,7780.104334341838,7786.564209778005,12.120185005651742,7848.791643214084
20028,7781.972128743326,7788.585961312018,12.47253700375946,7850.6845851990465
17594,7783.819072037601,7790.406500474492,12.100472558791878,7852.48342141835
17606,7785.650090208826,7792.135687395763,11.718811966245726,7854.359140517975
17487,7789.406059221427,7795.21205260276,13.018700549158297,7856.30814183602
20147,7794.925442427954,7801.223789365383,12.122563685540305,7858.190345326031
17533,7802.518703222048,7809.126094139227,10.097894234234658,7859.931945457982
17598,7807.648918372323,7814.215784691377,7.15728087721793,7861.7388514808745
16893,7848.417389549353,7854.416847819298,11.56045933177569,7863.61520819095
20155,7852.388531710699,7858.574045848663,12.195847492602509,7866.880413440609
20148,7854.225875731865,7860.348654555051,12.134412391488569,7868.710927726654
12733,7862.2485573762615,7868.045711127135,11.584265264373826,7943.773490900465
13380,7864.156532512651,7870.073261047347,12.193185756337387,7946.015755645287
17442,7917.521293428416,7922.622899670778,15.546267444684963,7948.159389634163
17451,7919.631619989106,7925.075374310943,13.52168561213425,7950.283893896701
12705,7921.667213572066,7927.292434846456,13.444254321299427,7952.247149979801
17425,7923.418717258523,7929.081957281692,14.430315414059853,7954.083440232562
17499,7926.3883002967095,7934.2392982400415,10.045817833846042,7956.026042982136
17474,7928.3141765978835,7936.249498930225,11.101034802520326,7958.159474838697
12576,7930.3320672725595,7938.117522862718,11.194986639144682,8011.466195955019
16877,7991.040002675,7999.196704799216,9.604405347634472,8027.997567650395
