1176,138.06335113540365,138.10999541158705,7.540648430968328,138.81971263776776
1130,230.96415708612636,231.01579890552924,8.167005986118832,231.67108532225612
1189,320.1221737196746,320.1681954583884,7.642651013316648,320.868440449126
1143,423.09172878938716,423.13101408861314,8.953173195723656,423.7287606049641
1150,479.15693573929616,479.1961711715504,8.964552390722497,479.7931589356656
1181,505.14347551512594,505.1851201777926,8.445934376545216,505.8187656513938
1116,652.017717141707,652.0553671474092,9.342046075562916,652.6282318116105
1206,685.1295307629389,685.1647364088528,9.99067277092198,685.7004088516144
1139,834.0532870268936,834.0926251771067,8.941144566044917,834.6911758490592
1180,863.9991243706726,864.0439531451149,7.873089314206015,864.7237025896403
1158,866.1734864131574,866.210286531938,9.55779762868146,866.7702197190533
1164,924.125614385867,924.1689529854576,8.115815724044433,924.8283726014273
1159,1044.0331452205417,1044.074114212371,8.585226834016968,1044.6974789983572
1129,1102.94012623099,1103.0011800600896,7.459243952545618,1103.718642596786
1120,1125.1715328451764,1125.2091704597128,9.345121691341276,1125.7818465858022
1200,1128.022840561933,1128.0678129581001,7.8209772658616075,1128.7520916493822
1152,1217.015395993484,1217.0647445737661,7.127420606710474,1217.8156092109662
1215,1224.9857607327006,1225.0268014300016,9.403576553417048,1225.5959176654712
1187,1231.987366525104,1232.0315026396338,8.534178306307485,1232.6585961799778
1182,1286.2252156938819,1286.2747342027346,7.1029620270420875,1287.0231192661727
1190,1312.1918394834415,1312.2307888078542,9.030402794414055,1312.8234232904865
1151,1405.1578273737703,1405.1978228055266,8.794206552361299,1405.8063743623006
1191,1494.0381579458049,1494.08524836112,7.469207601197056,1494.8017538291397
1169,1499.084198314399,1499.1257421645798,8.466429723878498,1499.75785372312
1209,1555.0776688276064,1555.1196111162933,8.38600131342164,1555.7577851265294
1210,1560.2291177406205,1560.2751488854888,7.641089289051991,1560.97553699582
1202,1680.1585613892123,1680.1960866332925,9.373105935427438,1680.7670529837103
1201,1730.0229252119675,1730.069335161239,7.578721665003128,1730.7754869800535
1167,1737.162340878899,1737.202094060652,8.84779714495714,1737.8069596560483
1161,1760.1299570659808,1760.1660832561424,9.736096899299433,1760.7157622644127
1148,1768.2389385820113,1768.2878876320372,7.185595794613633,1769.0270502006583
6619,2014.1139052201365,2014.148660267891,10.120201546022251,2014.6774766223573
6707,2028.0751810855922,2028.1117689079783,9.613255588252601,2028.6684718936526
6672,2035.100501367043,2035.144140301304,8.059960536893445,2035.8081296674472
6715,2127.0373075054094,2127.076471238138,8.980964364526313,2127.6723680562086
7375,2151.0781752788434,2151.1163303708286,9.218378720031547,2151.6968801888133
7376,2188.068281938398,2188.10489072411,9.607750739942587,2188.661912677832
6671,2219.156393190723,2219.1914681557573,10.027895613550985,2219.725152220118
7335,2231.1732903563393,2231.2108899392892,9.354574184669506,2231.7829873947567
6678,2304.117096342616,2304.1617722848946,7.872874528917128,2304.8415402741307
6702,2311.018453205123,2311.056744153863,9.185671799500083,2311.639361103918
6703,2378.0365160602646,2378.083609209083,7.468774053975399,2378.800156268795
6679,2479.011170353332,2479.0491627126244,9.257863806515862,2479.6272364669894
6689,2481.18258447922,2481.218502150608,9.792619466227508,2481.765008435927
6639,2489.163857923904,2489.2183033533734,6.460194940957369,2490.038812041158
7377,2523.0193837994334,2523.0553901776757,9.768493949783299,2523.6032461845016
7346,2526.025810813882,2526.069079460021,8.128936756791378,2526.7274346973845
7813,2530.987384903089,2531.037003312815,7.326420052750166,2531.767473044212
7321,2533.1870963459382,2533.2283294241115,8.530240855140233,2533.8557124228932
6712,2576.046590873129,2576.088735956439,8.345649371011548,2576.72999559366
6667,2640.1541643696537,2640.1946880479977,8.679569634042593,2640.811277154794
6640,2645.188732454097,2645.236747142459,7.325426864481445,2645.967315911629
6666,2727.0342247734384,2727.0798757390226,7.704723953089754,2727.77447922133
6633,2738.0013320418084,2738.0481928818576,7.505799888444503,2738.761205241309
6637,2819.1422810704903,2819.1831388248493,8.608600583433036,2819.8048110741493
6626,2828.0308113938136,2828.080615951729,7.062166651717359,2828.838418528751
6649,2849.1350266296827,2849.170657958224,9.871315564592923,2849.7128073863337
6616,2914.1478092418306,2914.186572200964,9.07381933377134,2914.776371037724
6693,2944.0304707700984,2944.0849576512333,6.455280256324198,2944.9140042418576
6664,2998.191960053927,2998.2313523538455,8.928853830308931,2998.8307269420893
6629,3024.102440408603,3024.13770721585,9.973346482740173,3024.674310260504
7371,3066.0381627681327,3066.08315056748,7.818299474867717,3066.767663626264
6705,3084.052272901554,3084.1005589489077,7.2842592693299055,3084.8352565880436
6643,3104.015562797185,3104.056961544017,8.496104711591702,3104.6868652786934
6681,3110.109509073167,3110.1565500868096,7.477051635942269,3110.8723038823705
6644,3200.069240880537,3200.1221277687428,6.650572570039375,3200.9268296243604
6708,3262.975477624232,3263.0270265238296,7.633627049320523,3263.7280992974215
6698,3474.0821221802967,3474.118763910375,9.599112467119967,3474.676287129981
6658,3479.1572092592774,3479.2086581550443,6.836455530754621,3479.99148019842
6631,3564.947799518919,3565.0004645890995,8.200745526136753,3565.6530550238317
7775,3718.074137713889,3718.111900013359,9.314265628677578,3718.6864732863773
6665,3722.9955206536383,3723.0506528478263,6.487217828670951,3723.875617914419
12181,3835.1879620125014,3835.231015340026,8.169591254431555,3835.886094391273
12201,3987.11087972692,3987.149527725006,9.100810014361034,3987.7375773688937
12134,3992.0502192993827,3992.097970605911,7.365831714103312,3992.8245318817794
12205,3994.169572703897,3994.210117918927,8.67495924622661,3994.827034717742
12155,4102.127960337268,4102.172602370203,7.878854632940344,4102.851854410931
12124,4175.172783622202,4175.211499256833,9.08491082142302,4175.800578026369
12189,4191.038150287652,4191.07839596327,8.739524995299512,4191.690755112184
12138,4197.078933904313,4197.116020245777,9.484033046461038,4197.680308461751
12164,4462.952288349709,4463.0084810690105,8.263075805510487,4463.656148864151
12137,4465.064837978629,4465.101416944459,9.615583164490543,4465.657985172977
12121,4523.154447330706,4523.18825874096,10.40264470995667,4523.702717153917
12168,4526.071201138781,4526.113766915725,8.263166169410555,4526.761427628134
12216,4729.135062967026,4729.1749239948695,8.823858968260026,4729.7814305253205
12180,4741.927666221016,4742.002503100147,7.024093614742819,4742.764413231413
12209,4794.147601906606,4794.186186945134,9.115659888708517,4794.773278626194
12167,4827.990685400929,4828.039240164297,7.656187716731432,4828.73824707035
12399,4863.978420248795,4864.0320761183,7.355726149035653,4864.759635570568
13157,4872.970549550513,4873.018528098989,8.583706335731758,4873.6420033064005
12890,4890.053202246151,4890.097328927181,7.970871133164026,4890.768739617258
12173,4899.168589959353,4899.2038968849065,9.962014038270778,4899.741110350725
12190,4903.994833672892,4904.034173098862,9.238970158073814,4904.613429011205
11267,4909.163158385173,4909.211535824699,7.270498221095063,4909.947624043867
12214,4918.0615593037055,4918.109161259629,7.388941928724456,4918.833450087402
12383,4926.080916604791,4926.120655136548,8.851058971503656,4926.725297824531
12814,4929.145078457382,4929.182334876868,9.44073780752208,4929.749210919518
12127,4974.1555586848945,4974.191914519596,9.674598063737763,4974.745087690489
12395,4980.1448483430495,4980.183385681928,9.12694281070986,4980.769751587689
12425,4982.162383648948,4982.194610538389,10.914118430693915,4982.68495963273
12870,4984.139494982185,4984.171946036434,10.838726080425145,4984.665705916361
11451,4992.034880602345,4992.077341864785,8.28350519525458,4992.723412333974
12136,4997.088092452714,4997.128957685257,8.607025241747058,4997.750743719073
12156,5029.058111556108,5029.096815256485,9.087712146298186,5029.685712440052
12807,5043.99611073313,5044.04320469801,7.6801142921468895,5044.74003392274
12377,5046.183343546805,5046.2204118020245,9.48866047060725,5046.784424826266
12183,5080.167983056338,5080.203738386644,9.837081213073139,5080.7477745669
12381,5109.048650726165,5109.084890780653,9.70550660007865,5109.636302294606
11509,5115.036043328085,5115.074106829094,9.24056060760642,5115.653263042151
13485,5117.934406877718,5118.0004612712455,6.923379715290058,5118.773454853586
12142,5281.97518020009,5282.022320521481,8.393475833015446,5282.659926227924
12188,5284.187560528221,5284.227398664195,8.828929351658854,5284.833556882804
12126,5339.944325322234,5340.0069306255755,7.176983435329453,5340.752609940047
12149,5426.003451331608,5426.053782054696,6.988337668045317,5426.819590511906
12410,5469.006502284233,5469.049860437492,8.11215565195207,5469.7095775728185
17660,5535.05927529898,5535.104099121908,7.846900711152108,5535.786117193122
17694,5542.062625212936,5542.1025285328005,8.814506893340372,5542.709678558637
12380,5616.03108166088,5616.067481417179,9.662924254944175,5616.621322878296
17635,5632.180425842465,5632.2176869518025,9.439549553748629,5632.7846343530055
17677,5635.130729311366,5635.16503926395,10.251488606732627,5635.687083261006
12910,5649.08249605559,5649.1189075167795,9.659817994979393,5649.672927073961
17702,5725.124109910344,5725.1632472546535,8.987019794478659,5725.758742559039
17626,5784.136745300425,5784.177758468121,8.57597956399513,5784.801795413184
11523,5787.148994470217,5787.190777321936,8.418001011102492,5787.82652541474
17710,5798.141327065361,5798.188576980707,7.4439940355952166,5798.907509325688
17697,5818.106136418156,5818.148668816482,8.269650945125713,5818.795821655646
17686,5820.135248304899,5820.168595652636,10.54740817132655,5820.675993110011
17652,5877.148059560584,5877.193554279102,7.731185057989495,5877.885780380002
17629,5885.11800028286,5885.156341860691,9.173542350368791,5885.739729159036
17627,5899.021769390711,5899.06214880961,8.710578250057651,5899.676542932985
17658,5909.1586009175535,5909.192949977805,10.23981691016455,5909.715589018618
17676,6005.092217104414,6005.133092085918,8.604972407805302,6005.755026455304
18313,6039.042348505036,6039.09583422257,6.576112357225552,6039.909647581789
17648,6235.959521041962,6236.009301566085,9.046077513976382,6236.600909152883
17644,6419.17016855124,6419.209597399288,8.920577329301057,6419.809528086561
18326,6423.970418820362,6424.022486361624,7.828796750311086,6424.7060815881605
19009,6426.149775749498,6426.20185456732,6.7537648265461385,6426.994261206502
17932,6511.1131207273465,6511.151957910255,9.05647788228736,6511.7428861008375
16531,6516.212071893177,6516.254363485396,8.316737903721329,6516.897852332824
17642,6521.054041458669,6521.092114689736,9.238199074782663,6521.671418950741
17621,6526.2142996985185,6526.261532640741,7.446669029382001,6526.9802067307155
17704,6531.090118190842,6531.1283673228645,9.195714240145248,6531.710348009548
18380,6540.128866771201,6540.16433464884,9.916806739770555,6540.703997085396
18322,6542.138620574935,6542.177614447565,9.02008608770274,6542.770926754786
18890,6596.024710150901,6596.0660796634875,8.502108582559458,6596.695538583715
18070,6600.145184418951,6600.186266019087,8.561693966442451,6600.811344199761
18985,6611.084811195089,6611.125213113889,8.705727313555137,6611.739949585097
17718,6616.119907260594,6616.164820154296,7.831338821233948,6616.84819348422
17693,6621.107728327264,6621.154721466207,7.484668952234844,6621.8697468229975
16935,6683.156539806429,6683.193238594575,9.58418808311864,6683.751629982726
18399,6695.980620462784,6696.030813137269,7.723138388021855,6696.723760462456
16964,6704.981880676755,6705.030662419555,7.995611195632018,6705.699995627121
17640,6707.126522728632,6707.165184253872,9.097625761883162,6707.753439720529
17630,6719.168963234951,6719.205304870341,9.678378098152985,6719.75826199123
18404,6729.084508422512,6729.11978241387,9.971315251676398,6729.656494768555
17711,6865.0734406860065,6865.108837403391,9.936743122383197,6865.647417099184
17625,6870.9889674580345,6871.038733791717,7.483495012366483,6871.753871314918
17700,7044.014976506877,7044.059844101511,7.839245470863446,7044.742528182259
17685,7068.99489008147,7069.038542502834,8.313692470266584,7069.682267070128
17666,7071.112384470248,7071.1463726657075,10.348536698076167,7071.663520958667
17631,7169.018631305557,7169.059676171043,8.569356577464246,7169.6841954146585
17689,7582.148445081207,7582.191531309586,8.163352914668836,7582.847110964659
17670,7590.031307652758,7590.080251741322,7.186324198389711,7590.824961824013
18320,7632.088085238982,7632.1270491265395,9.027027590540223,7632.71990519509
17695,7674.100711267315,7674.1442000782245,8.087783516293463,7674.805905238513
17669,7679.1281679522035,7679.177098426033,7.188323768219244,7679.921601353362
18378,7684.126496413028,7684.168920156782,8.290830956664424,7684.814419759416
16955,7689.078473338015,7689.123654715055,7.784802302547185,7689.811113160374
19002,7691.1526217595465,7691.189467388783,9.545992165410652,7691.7500930414435
18298,7697.022388505574,7697.063625271716,8.529477961641353,7697.691064384882
18249,7699.13484264806,7699.17241053426,9.362466819287684,7699.744025706984
17673,7701.14394011613,7701.175897252292,11.006245560444603,7701.662141908441
17703,7720.083424203546,7720.12263597586,8.96996150026362,7720.719263741528
17009,7767.094392632958,7767.130686440573,9.691132210400943,7767.682915836669
16938,7779.990004975784,7780.039167500587,7.579168223805987,7780.745277713476
16986,7782.142961050819,7782.1838788218365,8.595973809902455,7782.8064642561785
16989,7790.180364526195,7790.229612757338,7.1419435755130944,7790.978950529535
16963,7795.044644580818,7795.08758440094,8.191186805560406,7795.740936377286
17690,7800.213003771189,7800.263322265951,6.990035963501201,7801.023741402249
18215,7805.124868761179,7805.16735790249,8.278070047111841,7805.813852563392
16972,7810.148657920112,7810.196569652377,7.341168256566528,7810.925571890302
16980,7815.161322410891,7815.206233230671,7.831700461850276,7815.889575004798
