997,48.472785501052236,52.48612792300135,14.945783522201786,57.21643090573706
911,138.65677724025278,143.21132913540276,12.627897712521069,148.5561303053251
1009,141.00080858326143,145.15587663564773,13.541353595614558,150.37573913024792
866,245.10355924273722,249.10179321062816,13.046718559043807,254.51020750969664
890,248.48073621121245,252.5484865984657,12.245453374663775,257.84137164390046
822,318.8864875146148,323.39291300512974,12.269354762773347,328.6473842118892
1484,408.5937874325982,413.02013899838744,11.731776068987783,418.65287364404224
831,498.4085477415377,503.114598244058,10.560049507325662,509.39916866519246
821,528.2601054859321,532.1338382715852,13.0761112316563,586.2641684737356
925,532.9800142606389,537.2449781935055,12.71966981304845,589.4194277082993
969,588.867216309586,593.2133859961112,14.060700269031429,598.229566404757
770,633.6183119667973,638.1653607733764,11.736544660222977,676.5154667687773
966,635.5952347556373,640.0857578626064,10.918373097607367,679.2809096008169
860,639.563609654097,644.0079002194085,11.277412513103469,683.8047215083471
840,645.0523853679589,649.0245618247897,11.655831203754508,688.0915243433484
485,647.0240397202296,651.1634460514477,9.357641551413053,689.7935753701782
778,682.6988363270818,687.5043242288784,10.26032435805028,693.9171592989876
1434,684.557024118269,689.4469779654061,11.106108151688884,695.8882311515492
1446,686.631965671939,691.4715595188844,9.825898496202688,697.8307256723208
915,698.6503968499984,702.3296242879311,13.4441361184124,707.1966691925212
942,700.8721963419798,704.2675951892253,15.09201346050498,708.9803555129769
833,704.5072959655639,708.1149637637415,13.77020003157907,712.9052882088994
843,769.3063530806096,774.0027203545044,12.257918669800215,779.1987789950159
803,784.3195015194254,788.1972736417334,13.11617046363481,793.3770857680499
894,873.2027982103484,876.6544011716898,14.90068269628332,881.0811724941354
983,882.5495417370182,886.1131014399009,13.834521416720307,890.8800490065895
1051,915.0144181803107,919.4007073472504,12.321000476156698,947.2826912899621
491,916.4783750842641,921.1324623053004,12.260666675069295,953.2798021600225
522,918.480995778983,923.0242285403874,11.550672560588552,961.239600155727
477,922.2925914277747,926.562149574793,11.822855932745139,967.1929121696875
1072,924.0102942324198,928.3144559625065,11.00537855209071,970.3520899158792
868,928.0883936294772,933.294972521162,7.790967889839571,975.0359391600061
927,1040.944896115306,1045.0927298429756,12.523330099243003,1050.4235160983299
1455,1045.1618037152325,1050.022789683184,10.784858382064126,1056.4023223451647
1486,1051.4603278267246,1056.2078275485042,12.424840236673848,1061.6400941667814
792,1129.0743499658338,1133.4797569714106,12.61057721774504,1138.9361662122553
926,1233.2920126794613,1237.2561449255734,12.352689462050257,1242.4308044812824
1465,1263.352114628766,1267.6422253574592,14.14005554166244,1306.4543796194844
463,1267.4773725838816,1271.51017819689,12.773909483548309,1311.6031503119066
801,1398.54657280527,1403.2453692449487,11.186678123098828,1409.0302237535739
753,1400.5654596695222,1405.0939753937994,11.856460835092882,1410.8455160632964
908,1406.4585652547817,1411.45528673828,10.165921651006071,1418.1771109709453
842,1500.3070074131458,1504.3384653933988,12.175465202675927,1509.6483443156437
713,1505.9278744790645,1510.5120196625523,10.44841659020472,1516.6936747431357
799,1507.7742573705436,1512.3761231537287,11.889726963316168,1518.4791362886822
501,1509.664583606343,1514.2643436613464,11.03794384372215,1520.4312636348907
839,1591.0021686324737,1594.1970784338582,16.063247292044647,1598.434556696736
967,1820.253973785462,1825.3241563470222,9.4280835555823,1852.353305020534
1483,1866.5984322395652,1872.1166323498774,10.157016350577424,1879.0762694691211
6353,1868.6334413093384,1874.063427073228,9.444764663559253,1881.0945900622523
1466,1870.7388347737806,1876.0241958530546,9.243929982471123,1883.066985428916
992,1911.6692989662668,1915.3477681835302,14.591120825662703,1942.450492325723
6479,1939.0396332457804,1943.2494891565127,15.102153724299592,1947.8020070087214
6369,1941.0736526697776,1945.3642991669435,12.619251987061139,1950.656784063693
432,1948.616841850544,1953.0586295590347,10.850814634890986,1958.8553751733778
1436,1956.2410958976382,1960.563817745189,12.364650971734529,1966.1683365782037
6360,2035.808544891451,2040.3304014943162,11.964736093687469,2045.9444921207291
1500,2037.737281117975,2042.122331198333,11.38906925361636,2047.5868727447307
6375,2046.1451813721571,2050.443954630269,12.199683548836026,2056.2609040405246
2199,2049.536720119242,2053.1364081927977,14.771278799198148,2058.1570865619015
6262,2051.556744164798,2055.397287209037,13.22784427551502,2060.433697203447
5934,2119.1222964572366,2124.0124611374786,11.470166671391999,2130.045328596769
5935,2130.8442715671817,2135.139488023471,11.765521520706212,2140.96127993482
6312,2237.4816647161165,2241.34432314021,13.926468523620487,2296.223947420017
6268,2298.53899692993,2302.6055935768177,14.979082256696362,2307.081890821647
6461,2300.7453606062263,2305.2986321322687,12.117149906825599,2311.032031883023
6054,2354.5478912115564,2358.0595522400167,14.779263652943223,2392.0246878653684
6410,2394.6642001294895,2399.0148568397944,11.19861978099092,2404.8280945375686
6384,2419.229260569995,2423.530715901115,11.697823355394656,2476.3882538931675
6030,2448.2485568897964,2452.2257437394164,13.339142524040067,2479.198450981015
6328,2717.672867736914,2721.5204035570105,13.299518596987758,2746.330002834637
6482,2721.6648620714323,2726.059767650285,14.355978702017952,2752.061407019122
7007,2763.0998415713234,2767.202823089736,14.239713482697953,2771.9365581780894
7014,2772.5498868608283,2776.562760872433,12.583822721959171,2782.0009150336627
6967,2774.6392884764045,2778.5147951320882,12.709779566833625,2783.875160385073
6340,2776.4381928066323,2780.4607745280996,13.0328956428359,2837.3369408258854
6304,2778.5092533339093,2782.285560046564,12.810840058447484,2844.343847785806
6480,2838.604753795869,2843.2881139017313,11.397540525726933,2850.5955263592837
6939,2842.561756389514,2847.328973420868,10.769627866744825,2855.997992731153
6933,2848.3056717984987,2852.3918927108307,12.698015151517186,2859.5521303336495
6301,2854.3654711759223,2858.3107661632375,12.626517195804652,2865.273587446908
6037,2899.1237899610855,2903.1596380860733,12.497157311489765,2926.1148672480576
8432,2935.683464649515,2940.0662759355077,11.47870548457112,2945.8703597345493
6499,2961.106012229595,2964.6753493199694,15.743519720585487,3016.3389349268696
6289,3018.6059035289154,3023.4070876005453,11.222406234388997,3029.4567587836023
6425,3020.9952163681533,3025.4717644021557,11.755828959052936,3031.429418274834
6525,3022.810662051928,3027.277308128491,10.889314064653,3033.2722274479565
5963,3024.6114762893917,3029.139922220097,11.339312946516149,3035.0909089437764
6443,3031.982898856054,3036.0105307886997,12.260241046798956,3041.514468764259
6955,3074.276414830868,3078.2355507696448,13.341079494263248,3106.3415998520363
6280,3118.8548038768167,3123.3340480615975,11.851666440692206,3129.156732851219
6294,3128.129857406498,3132.3105277146115,12.654820851367928,3137.8541218524156
6373,3133.2707654617484,3137.5218244365296,11.787329176758604,3143.111559016798
6982,3250.157968636919,3254.5323011658074,11.327926423886929,3286.4306777482097
6306,3319.6218170406,3324.302131382612,10.3003359934647,3376.246730956224
6970,3339.998195911947,3344.193775899583,11.810875635911625,3379.2140857231875
6355,3343.675006004715,3348.1097231750764,12.08909010048214,3381.3502191243037
6422,3393.212540058531,3398.073955873029,10.695655561235005,3404.4349618787887
6946,3395.3457852851725,3400.003237194234,9.931996460631794,3406.318158589129
6464,3405.417985618443,3410.4489420287687,10.13239115753804,3466.1605286648182
6477,3476.732132963909,3481.0135331909078,12.356334198436056,3486.3417736247484
8460,3490.255564520113,3494.367005024251,14.032709500030274,3499.2523201259
7712,3503.672392216768,3507.3131741654342,13.965034043752542,3556.1877536801508
6045,3514.7166605429566,3519.3562057018034,11.39247934606721,3558.857199202403
6466,3586.114812477921,3591.0990544856227,9.673324760777843,3646.1810045826555
6440,3627.0072037062073,3631.1501574396248,11.993776197700186,3648.711064341499
5976,3648.781092324577,3653.0818286531853,13.882754901465747,3657.997664657758
6388,3650.6988947166606,3655.051596131583,13.311780247536486,3660.1667957895224
11761,3664.7066744850604,3669.107781662865,11.965738104222913,3674.892162439574
11995,3744.8008845848203,3749.5535575537497,11.303396314970417,3755.8841618478586
11565,3783.027630897422,3788.4206395927436,10.207360902522735,3826.4335863588703
6943,3804.1440442422095,3807.5251099125057,15.450716967496012,3829.227531917395
11961,3918.446231841345,3923.1589801320033,11.457514673429548,3929.2554840456874
7745,3921.7471402376104,3926.516873557734,11.044675121634512,3932.706221938472
7697,3923.6372190934667,3928.3039255199074,10.392374803130672,3934.6229543599184
11962,3931.7883882348606,3936.332826681637,11.101099538427693,3942.228447122841
8441,4009.0313485145025,4013.27910991734,15.667879952846585,4028.733980115822
11814,4016.416056278546,4021.084958474674,10.365407375308001,4031.4828905145196
8424,4067.758408894143,4072.079454531835,14.059410290780871,4101.226649319378
11880,4101.204705656913,4107.020902781968,7.835132953498674,4115.1069914794725
11920,4116.785050416656,4120.512877643956,14.054787247258323,4125.376349467982
11878,4279.192349167167,4283.541560005419,14.0012532466897,4288.183431919577
11934,4287.3960477238315,4292.202793460449,10.453701667999702,4298.472409481102
11885,4289.34989101785,4294.070663851036,11.084849188482078,4300.329016581437
11867,4403.273305205883,4407.121302947719,13.560443197830269,4456.087199484801
11834,4514.684012396992,4518.633128182938,13.920246208203526,4549.299631417315
11701,4516.87854710701,4520.459094734212,13.203079382777238,4551.5934334746125
12058,4525.463455249411,4529.468437011911,12.417395513400312,4556.0554699918475
12525,4528.101656164479,4532.342279494023,12.518916886792063,4557.940560388751
11994,4534.248012099848,4538.348934653702,11.903595926243492,4559.679617044446
13955,4550.999956030558,4555.0694678010905,9.827159370175691,4561.428699589652
11932,4558.695402400881,4563.1410553810765,11.178388400160026,4568.883956256231
8435,4560.456710033356,4565.039964242163,12.044318953607817,4570.644996133684
11824,4738.525112400981,4742.317167406594,13.023732309610034,4747.329458096794
12499,4830.208149851658,4834.411190718585,11.87726120711591,4846.117787903174
11960,4851.627925769716,4856.304966357444,10.875560060793166,4909.020914778374
11832,4908.3119462135,4912.552099312194,13.005531583286144,4917.826722480988
11936,4927.441570099725,4932.454138328072,10.513802748509194,4938.927234101919
11768,4937.536994097096,4941.124593499739,14.806084902780585,4996.331305592184
11323,4952.957934399854,4958.125290074387,10.550251823592282,4999.042864937266
11875,5143.812880922347,5148.167417307681,11.426386644409112,5176.289158170284
11918,5185.720931539082,5189.641952245042,15.544066492203433,5194.024660546012
11899,5189.661510726298,5193.545884230411,13.52555361478158,5198.405103182348
11889,5274.309489441829,5278.561293277393,12.424906715512403,5284.108229791183
11941,5358.707220611008,5363.287355764644,12.162092298093274,5369.048783255627
12455,5373.463278622356,5378.090262971022,10.613907991077236,5384.162365294097
12502,5375.296252150827,5380.01028132239,11.0292677116647,5386.002505385472
12006,5421.4847335486,5426.225352226201,10.425306880816953,5446.2481790013835
12506,5452.472639429543,5456.3493157374905,14.828729736304878,5461.063123753766
12522,5462.732033568117,5467.2478178946385,12.462667385814644,5472.880313176771
17454,5477.936900644241,5482.004929050041,12.746318655798943,5536.60675164538
17420,5549.058321405208,5553.054963576495,12.470630421137198,5558.241320277619
13192,5738.032484402285,5742.056763323261,16.17285790355439,5746.250122838066
12505,5740.044825415105,5744.450387171303,12.00061852153034,5750.367477425237
17961,5764.048849568685,5768.588926267089,12.726576975629516,5811.565994125324
17599,5767.75945524491,5773.427430096493,9.509352331009056,5813.74322331637
13223,5781.503547779834,5786.093058612709,11.234152805651993,5816.149425557591
18019,5786.8849089442065,5791.284641483665,11.605834314219127,5818.694027096875
17987,5796.338562868087,5800.3672355803,9.098668744488272,5828.800180222
17255,5912.233301270511,5916.270307826148,13.759808534948696,5920.933454599849
17465,5914.080586207783,5918.154391779974,13.021596414443634,5923.359206095899
17299,5993.017470220231,5997.404719202112,11.236909899141848,6076.0992906097545
17427,5994.99561253519,5999.238015965039,10.865688577835535,6078.900789156454
17353,6012.811378558983,6016.141418629495,14.729454054850633,6081.210405532426
17423,6022.536868379276,6027.392828597409,10.219283012122647,6083.816133660148
17332,6024.590068230112,6029.455458639334,10.662558247237362,6085.693945623717
16982,6044.594183650714,6048.399987352888,13.447694349091442,6087.79575798359
17442,6089.306804222368,6093.185314160901,15.450436039971931,6103.15340109797
17358,6091.146086937759,6096.337004592905,9.834002601320723,6105.101721347377
17464,6093.03231228967,6098.303419689622,9.978187466123606,6107.051889869067
17386,6099.296728893778,6104.366811939631,9.929248156693525,6110.832065786639
17277,6101.240750564981,6106.30093771357,9.461377983837968,6112.769432807261
17389,6200.685835268328,6204.493660667408,13.24044366206819,6256.296318373658
17952,6240.839140277994,6245.509180124518,11.22736779538086,6261.021865006102
17267,6276.213518767926,6280.366509108185,13.571783775857906,6353.532140246111
17430,6284.20697149965,6288.480834302739,11.743974596029915,6357.383406894889
17401,6289.316602271436,6293.284364447918,10.972673440574384,6359.753148897076
17300,6455.210263854108,6459.41926814865,13.513215205043352,6532.0241994028365
17995,6459.470184158178,6464.39639450167,10.912707380634549,6534.060478575268
17428,6461.375395504104,6466.206686708314,11.27928439006701,6536.052881593025
17390,6468.253318663862,6472.026840105332,12.788495248262235,6537.808826014312
17325,6537.194174220848,6541.545441761436,12.322809364854319,6616.224690927288
17067,6605.838658783439,6610.109959371726,12.42625483452066,6623.762740830983
17013,6620.595918672881,6626.021461171561,9.694501499218832,6633.361883137759
17029,6626.670186015809,6631.098868742778,10.047045750137205,6638.124964588633
17216,6628.677851633846,6633.148367779217,10.919080438244544,6640.026064668933
18748,6637.351793733469,6641.22120753965,12.422169379633553,6646.465076452306
18715,6639.6735897626195,6644.121172182409,11.641841688664275,6650.088688472081
17398,6663.5396662734765,6668.106732655061,12.349269660503897,6706.340607056033
17250,6667.010957394775,6671.522878376268,14.212923920511312,6709.3124752368885
17329,6669.188678618385,6673.6496125377,15.458456566830947,6711.678096245996
17357,6674.784126250265,6678.506126397943,14.057816728508085,6713.9390968570015
18704,6678.546205769599,6682.601381210778,12.68094159463196,6715.993976573964
18022,6754.035705487716,6917.127554159255,6.437578000728754,6994.841191044688
17311,6995.264313885609,7006.0132355220485,8.599099798673599,7091.686871724338
17480,7011.419394112356,7015.064483343033,15.298215322143385,7094.374419655965
17364,7013.281752140884,7017.0393441035185,13.537266101485807,7096.51836856523
17426,7023.125988584312,7028.070570058038,13.296524717160562,7098.706627306654
17293,7068.780893355174,7073.004130957759,12.516411547959857,7100.630384457091
17533,7212.843790970052,7217.229438680418,12.03049996999681,7246.470674614573
17998,7217.297387266834,7221.176168651778,12.881255711164185,7251.721324014875
17598,7220.178793211148,7224.077986616646,12.38706003862641,7253.8510922299665
17254,7222.3326993857345,7226.178049614631,13.7617351514469,7255.863482025224
17448,7268.801113149071,7273.361765989468,10.897127071058222,7279.357155961972
17973,7293.947212363483,7298.271582360045,15.453131800413935,7429.0104640246855
17989,7298.29382193455,7302.497041189117,14.001293654997207,7433.770163435727
18441,7300.127364908175,7304.219309775759,14.545528687037187,7435.677571386337
17964,7302.733811139096,7307.483815887241,14.29159369091015,7437.815914049791
17943,7310.234195585585,7314.534551743375,13.086821106349909,7439.5295363987825
17978,7312.20474535746,7316.368865934864,9.133547197911538,7441.300863774741
18739,7394.658641097798,7449.004635984072,12.877138081392122,7454.403454790281
17252,7482.4228314421425,7487.203272446489,10.61217762571816,7521.438932478193
18667,7501.473207337553,7506.164165214083,11.422726882647424,7523.492134487387
