1257,63.437414839922454,67.58920571377196,12.872926293026397,70.87899775315682
1263,67.49840665098054,71.52761614002245,12.561651996565866,74.84817555196311
4988,246.67995023012895,251.32950784865398,11.400493972400193,255.0
2068,273.6758254141496,278.407379212241,12.282855393379746,281.73238427527696
2807,305.8951497186792,310.31993592688883,12.404829415109646,313.9036641695948
5020,317.8502181668799,322.1735975268717,11.80203734209478,325.6039218749077
4982,453.3953259290698,458.12483553078596,13.540086125184235,461.30265776080597
4326,501.9421158998259,506.2346010522892,12.403277569555748,509.66383774665417
3440,508.6740506983086,513.3665533725264,11.693612185591022,517.0
3449,510.6260056550614,515.2647065380978,11.390410939271122,518.4311354045402
5031,602.100076558202,606.4549317703495,13.270952795166641,609.746423337906
204,633.378939802583,638.2636680617553,11.985610784806278,641.7002716703703
2017,760.103612131292,764.1795021591882,12.848388068449136,767.4924420203223
3445,767.6510838335143,771.4511400204374,14.046448876418568,774.5394146853655
4297,772.8493110347388,777.0153393259964,13.221602482726627,780.3660995653213
4351,781.6609924589702,785.3797782893512,13.59591774402156,788.5158959728194
3429,843.7191214492282,847.5257586534298,14.297274705781662,850.5831227176853
4989,847.1983642375296,851.399504043169,12.64609714541245,854.7578882952577
2800,851.9290149733856,856.1918374659399,12.432173397868475,859.5952179501312
3422,862.9691367634454,867.1949393222872,12.71326504842526,870.7169249508102
3409,869.3918875741172,874.1538326478432,10.84345297547907,877.9849807705098
1260,903.5129411994969,908.0796909244755,13.305526056143336,911.3015394388431
2814,913.3116169650925,918.0217602322338,11.868687409439426,921.8173495726405
2757,1020.3925614057406,1024.1746246939301,14.180266924603744,1027.3136358872669
3856,1036.6972664324633,1041.0480055957573,11.599945958339637,1044.595214157476
3417,1041.6337803161075,1046.4638806325877,10.832612077783232,1050.0
4972,1050.0650837962214,1054.4681584371951,12.65899151483377,1057.935678815932
2764,1109.2504665866077,1115.1246720472632,8.638353697529716,1120.0
2098,1119.5054617301694,1124.2280999757352,10.92677910543709,1128.0
143,1148.8172127487685,1152.493658393429,13.978710273049236,1155.5274813916635
1283,1173.390119237919,1178.0995687578563,12.737277619215623,1181.558060338335
2039,1210.9996135656854,1216.1736253576719,10.030574941829872,1220.3831674686642
4293,1225.8726941389712,1230.0919561193894,12.132539286775945,1233.4725534319323
2809,1296.0841971346117,1300.5162240304587,12.733332525719227,1303.9918187329065
1262,1366.7400380819438,1370.0731735585289,16.065685117170734,1372.736618342193
3423,1388.6137135407175,1393.5283361366858,11.109010866028223,1397.4011855244435
3844,1409.5015473281398,1414.207245467266,11.194510352844885,1418.0
577,1443.18406847231,1448.5119139082665,10.541577500786401,1452.678497592682
2092,1445.3445494702926,1450.4420266859465,9.338527323923003,1454.5943042850563
4343,1488.2986624046307,1492.04802583007,14.742436013169458,1495.0
3400,1491.7304731245213,1495.5544257724162,13.739977408837868,1498.6036087409866
3874,1505.9339701458034,1510.2051982665587,12.171651798603975,1513.7875390650815
141,1512.7109996574482,1517.444266120306,11.38628297108485,1521.3496199517983
157,1574.3870139197943,1580.201515587856,9.390366702319145,1584.6915566577736
4313,1583.7339039739372,1588.226037150118,11.47324719529099,1591.8932208059182
3458,1585.5407563661165,1590.058619447614,11.03306292534787,1593.5440578073092
1255,1602.3847126032701,1606.147630109968,14.300309211815211,1609.0
2058,1623.285590198598,1628.233688704513,10.625928222138109,1632.0
2072,1625.644608989162,1630.31656893299,11.490917858275745,1634.0
152,1659.9622713084511,1664.1748311335418,11.771309822251835,1667.5991737063066
3438,1668.2436713339732,1672.2012278459163,13.563927977681896,1675.381714755703
4345,1722.4608893919194,1726.2695958328068,14.207319118183245,1729.3001046072666
2074,1745.9656337017586,1750.237535927852,12.635093515467336,1753.704159541589
2021,1749.0743708723871,1753.3094111672442,12.768300549026078,1756.596912096697
3433,1757.2382662469445,1761.183357373066,13.844308834825927,1764.3026289014615
3888,1906.1050108057,1910.1913796503015,11.623234920351344,1913.59446579479
4303,1929.647579462797,1934.1134442062537,11.653048888861285,1937.792324915886
4355,1932.5428427456573,1937.413669891259,11.08676628722659,1941.0
4983,1950.8705539127295,1955.137671119425,12.794568149169766,1958.6281057356491
2748,2022.4018401822907,2026.0431985781279,14.260663152671931,2029.0
4306,2036.1610183841797,2041.1636644877196,11.121403007002971,2045.0
7515,2038.5673071943322,2043.1411113405945,11.529872293040977,2046.9746937234838
191,2045.9713957162028,2049.5560226400726,15.098550191763113,2052.534985698893
5022,2198.6984581964452,2202.1062135951697,14.05769078165108,2204.9250266353497
2769,2204.2262908621638,2208.1900326708856,13.43661463569006,2211.3952345595167
3875,2206.9261006948354,2210.6170539148184,14.26712273286266,2213.609942023321
2775,2209.7841246569446,2213.4341672547957,13.988849615760202,2216.4970979331974
3831,2224.4496286537833,2228.3131053781904,14.122928968086537,2231.3520955331937
4951,2255.6405802890727,2260.554368225165,12.0416004522056,2264.0
4292,2292.448122305259,2297.193785509099,10.968899042897101,2300.9127341240987
4339,2294.595232082759,2299.4259124357573,10.430749645287579,2303.3467199556276
9857,2298.1703528090434,2302.4717328410725,11.655800034354943,2305.9425503747757
5021,2321.197580830523,2325.3644162554883,13.047022265584769,2328.750259783041
7524,2323.0071923079877,2327.1568020556197,12.576213492275812,2330.2533330170254
10484,2345.43153011398,2351.1646673019773,9.6206471961365,2355.661982792185
8264,2380.4947435882227,2385.279833153936,10.40215895433638,2389.0
10457,2398.4419226548935,2402.415414278194,13.143366513967747,2405.6297954087668
8913,2400.9961518773257,2404.5562754793327,14.996316698161344,2407.4674943884334
10547,2403.837645242028,2407.574945125875,13.702838979395915,2410.523471159497
8962,2482.044137090061,2486.278969650667,12.248904826124004,2489.766953832907
7594,2523.5366868227043,2528.1446603870927,15.686455232422233,2530.844765590497
8918,2528.102084491733,2532.365074064116,12.609783556629049,2535.731882389469
7609,2560.6413354389597,2565.4692293433213,10.93447947766829,2569.4614358346826
6784,2586.785313535592,2590.447289638841,14.622881487965032,2593.4303358982243
6078,2590.68691101694,2595.0309506603667,12.558579156435256,2598.458523019666
7602,2613.3295241407986,2618.123772056087,12.355060127521273,2621.652787225787
10469,2620.2286250569705,2625.5052174883,10.246247211823727,2629.7348571190887
7595,2622.6751088308874,2628.1928838640397,9.848997347275493,2632.433552275196
9392,2624.8219666956365,2630.1730713055404,10.223733596550888,2634.0
9336,2626.935393284008,2632.1558077523578,10.778930562423323,2635.6425846735983
7535,2650.624365073947,2655.2184344087036,10.866310612523614,2659.0
9838,2658.148847328504,2662.222389797669,12.899214431046598,2665.5385804206535
9826,2668.1387077786435,2671.5605515611505,15.644152279486601,2674.3408891074805
6069,2703.381476500769,2708.428358797129,11.06539748944275,2712.2965747489848
7582,2705.4842635887253,2710.283040880931,10.738683245193284,2713.992733228395
10537,2735.6086385555263,2740.370840313567,10.97166420042037,2744.0
9351,2752.8215980297664,2756.576792641223,13.93354985274324,2759.5458734667477
9855,2755.6090369730605,2760.3174184683226,11.226806825568952,2764.0
9834,2799.2935672226704,2803.326865805593,12.495952768377663,2806.58025425228
9798,2805.2181330695053,2809.3883406292102,13.456055982581985,2812.611119977033
6081,2857.7634524453306,2862.084006770602,12.573080347939456,2865.5804071648104
7529,2882.8989959776477,2887.474171224489,13.447908808471038,2890.7462653108455
9777,2918.038857232227,2923.0668889348262,10.630824854080755,2927.0
10508,2919.995442290756,2925.0082030623385,9.286477387257618,2928.9665301521263
9850,2925.4728882147906,2929.471175598745,12.672736248114791,2932.7708156983927
9829,2944.3414276491744,2948.4678381053427,12.455499298460563,2951.6920889096887
6764,2946.1018502339743,2950.182569459256,13.705568513658418,2953.2014426477294
9841,2973.212508332568,2978.0510545726625,11.36367529522694,2981.715343684
8938,3021.3776426913687,3026.0024049419303,11.955345138739103,3029.731829981229
9816,3026.281411961909,3030.5411403909116,12.90414874066761,3033.948421321686
8324,3095.5829706734967,3099.1702297797087,14.716284996536238,3102.0
10499,3132.580646065694,3137.1351543616324,11.674151677990475,3140.8312451717907
7534,3155.776128785527,3160.276219613967,12.774693162143588,3163.79832408406
9356,3181.5310155929837,3185.1454049262484,14.743486860430233,3188.0
9357,3188.2606297112216,3192.5678293707997,12.073484213113142,3196.0
9348,3203.4339786104083,3208.213216517081,10.502691340616677,3212.0
8958,3209.204249678269,3213.4099408272987,13.237224044461085,3216.7804097780477
8908,3210.937065573543,3215.187496481282,12.151015861829304,3218.468683568165
8239,3275.746686559215,3279.4508112301446,14.18867339223732,3282.4940872824222
8321,3333.523048882752,3338.2711048391543,11.68284519887886,3341.996901280972
7552,3365.6110533642436,3370.221004907301,11.022994982631689,3374.0
6775,3403.7368688435317,3407.6162714984284,13.88357127199496,3410.7747924557557
9768,3426.6178701347035,3430.4087552591045,14.535064187074076,3433.4611738252415
8333,3429.5385253826416,3433.424107052307,13.240177344935216,3436.479287692468
5662,3471.1174151208857,3476.4321860574482,10.069634658754305,3480.5798086731197
9386,3473.3718192447027,3478.4327878800414,10.360095997874256,3482.0
6079,3490.4886179979594,3494.2220557666933,14.83052978789128,3497.0
10531,3562.82842833649,3567.2702066598054,11.847548632815862,3570.7953305292353
6091,3576.4884676422953,3581.2326531872254,10.9051645642406,3584.976228325837
8272,3612.3419568462405,3616.2331523287075,13.456567172829352,3619.4602374202045
7576,3693.412676430486,3698.436945518943,11.660796194149924,3702.0
8322,3729.0308088285265,3732.5471894300913,14.534215077309161,3735.342627738301
9771,3736.0253252391976,3739.4541944518905,15.542638135080134,3742.323301935282
8260,3755.4714528982577,3760.109018903328,10.781209209494374,3763.9265854906625
8263,3758.5997926170867,3763.401378987779,10.95098423386316,3767.0
6063,3783.352809319533,3788.4310482804776,10.97692772101764,3792.0
9835,3819.7622215310603,3823.6276326192133,13.516173754324518,3826.624226845753
9368,3907.1657739711495,3911.531417900199,11.463688322657813,3915.0
10509,3910.1194360844024,3914.5834787646745,12.012288569720846,3918.2695271493426
9801,3916.0643160776453,3922.0491900354855,8.982819874098627,3926.720349503224
12260,3963.2571997125847,3968.22286476462,10.389068592952396,3972.0
12264,3982.849230675466,3987.003624335168,12.790687998693691,3990.341014670735
10461,4021.892699607024,4026.3458675822562,11.950557275475493,4029.832759037816
16030,4026.8052665421956,4030.309642706446,14.730264026000011,4033.0
9342,4053.2691348526528,4058.1652305800812,11.185665795455554,4061.921966524485
10453,4055.4084261023436,4060.0325702211626,11.192499248002385,4063.505103057743
16042,4080.8370728515933,4084.4818602958026,13.975739091844561,4087.4868566816895
8937,4086.750019265809,4090.59174653884,13.994808452252055,4093.603226733822
13778,4089.957818177876,4094.27241850902,12.247511632146477,4097.793341948331
11190,4122.889092070795,4127.055322862642,12.488228244684372,4130.428391042477
9856,4143.450195156761,4148.2647514218115,13.770212396407732,4151.35122500309
8916,4146.387835380121,4150.205568862987,14.627367961366392,4153.0
16003,4202.495452045006,4206.29844927376,13.631143371017073,4209.383688965319
13051,4281.9921522408795,4287.059787413738,10.524574870420965,4291.0
16022,4296.399706250238,4301.064339078625,11.532694385919717,4304.720487303412
13113,4325.5679078851745,4330.12372937249,11.843445612246525,4333.737558261511
12276,4330.124583569941,4334.3716858870075,12.535037066104806,4337.834199960541
9343,4368.408563464216,4373.080472445209,11.485660393095332,4376.823777288207
13110,4443.043318870143,4447.075208464671,13.108648223747583,4450.330900571287
13066,4505.290972098014,4509.600506177135,14.507433597536167,4512.539633232026
15977,4620.242604936511,4624.202840889203,13.31411185310385,4627.457161496935
14463,4724.517263058429,4728.522569457379,13.460040846210028,4731.693629481592
15317,4734.459320963847,4739.053003559424,12.073427969082687,4742.725660854832
5645,4736.926056152481,4741.245809569221,12.045354064870725,4744.90877258298
5652,4748.556332195851,4752.613375978555,13.536928757784908,4755.879844098766
15265,4753.740094965371,4758.071813935801,12.573754282737832,4761.5063353511905
14418,4773.468812257282,4778.125904436256,14.138395394504823,4781.0
15291,4779.681525618783,4783.605070614445,13.206526761796855,4786.828217440314
11192,4821.344038141156,4825.590021847536,12.321866336643726,4829.0
15360,4840.104285952108,4845.252908600433,10.37485391027549,4849.372393549107
15345,4866.037524119148,4870.486544761986,11.052094300085654,4874.0
13050,4898.565432303251,4902.422923344609,14.202520544912652,4905.480797541559
15324,4902.218736618901,4906.140999703904,12.75442709722173,4909.456744326149
13105,4905.180032791432,4909.542328360338,12.153745710562626,4912.949365039361
15334,4906.989395008073,4911.275983634822,13.350624552385787,4914.490624692095
11574,4910.149167840263,4914.19346465572,12.737903548270088,4917.39939928899
15985,4993.029152939161,4997.535965759535,11.778871563439543,5001.0
13757,4997.769060476509,5001.300174512218,14.34418585021717,5004.0
13839,4999.980157867929,5004.187582998657,11.931418534756972,5007.585345371759
13779,5008.309306651272,5012.577072489286,11.935195788972814,5016.0
15363,5010.541677172041,5015.412638875209,10.939318337337987,5019.319399226474
15314,5072.311023504376,5076.3503734835185,12.617276951097173,5079.573040604762
16034,5101.528560386359,5106.499840812726,10.351508306608137,5110.0
16024,5133.240918839833,5138.2051677875515,11.830086823193955,5141.931164425956
11176,5164.31829205892,5168.177480284518,13.757548804739576,5171.288806540391
11188,5173.283058971995,5177.121901956511,14.004708839036772,5180.253139038694
14466,5184.051283982935,5188.067076937302,12.79645004781998,5191.248116486413
14439,5187.914419149473,5191.373402825817,14.941198507076308,5194.0
11200,5193.382895896696,5197.576184274183,12.50357887954186,5200.91601215118
13043,5225.193327690321,5229.445287429274,12.487325028250947,5232.527192095857
12284,5286.825368996927,5290.378060787115,14.987804175114384,5293.278091096654
11589,5292.458147701598,5296.537041505863,13.08367013750911,5299.841176153825
13813,5320.441028008102,5324.596945563356,12.888509662320537,5327.8832692062715
13072,5346.417073611333,5351.156961474704,11.612300652057149,5355.0
12288,5373.345413196065,5377.278809922192,12.967646286456297,5380.46873362955
15275,5406.689432325575,5410.630491706011,14.073276385818003,5413.771909670429
14433,5414.552490523833,5418.560934207475,13.803280621472927,5421.82565548018
14850,5423.019353656261,5427.183207350526,12.375538199909872,5430.541973666786
13098,5430.469126272474,5434.301798295225,13.369344873051844,5437.40645610803
14877,5441.271372940593,5446.385532284065,10.359451942863112,5450.4384448988885
11198,5443.228419658696,5448.189980328159,9.887673979047722,5452.0
15274,5448.2205303620585,5452.419142375732,12.414451493856877,5455.742024853341
14893,5457.190512320977,5462.299164202377,10.396566912285342,5466.377075880486
12278,5467.499191848689,5472.037651373615,11.515610415313324,5475.720481194984
14436,5472.2434970426275,5477.070499569148,11.146842453981789,5480.88106596613
16049,5495.864343372898,5500.336281420031,12.859712780798283,5503.539593907996
15303,5550.615027374763,5554.561213929098,13.363569669208362,5557.715606485753
11205,5557.277616552485,5561.036318738342,14.091385630779111,5564.0
13792,5583.328752463461,5588.243134688064,11.16938502186845,5592.0
15306,5585.4660525110085,5590.13502836087,11.68160617700912,5593.587675943421
16045,5636.624090087435,5640.266654590848,13.816630911177342,5643.269078620374
13791,5638.456689506288,5642.09507142574,14.64120092065154,5645.0
13748,5642.650728268715,5647.188597862999,11.73571188377901,5650.801413846164
17768,5675.70158352893,5680.490178203636,12.027850176095658,5684.2628506928795
16013,5709.936408663051,5713.53059759873,14.668610662029234,5716.412446166882
14872,5723.572503118979,5728.053492909258,11.984925306942849,5731.701195651641
16031,5733.38192121295,5737.410613743358,12.522886476357655,5740.747423799398
15963,5790.203567489885,5794.062708166345,13.342781271194808,5797.0
18548,5851.650881918014,5855.590745586653,14.082878625809418,5858.706851871054
19318,5860.923834167139,5865.415787836864,11.832287261154676,5869.0
14841,5866.182306416768,5870.43597150276,12.470084946062567,5873.887755139975
18539,5893.651475257359,5897.500000992081,14.264481239458934,5900.576262600873
21463,5905.2034911299625,5909.047727353241,13.798217595274494,5912.0
19245,5943.700277805353,5948.439860171126,14.203635157940736,5951.536726284805
21455,5984.525224734333,5988.29451736168,13.84719093750636,5991.305389118402
17096,6033.236532878878,6038.203171624977,11.89977839940701,6041.834623258773
20799,6081.24939272791,6085.519385167628,11.918158043668678,6089.0
20778,6084.409280028187,6088.290720013387,13.09872826355717,6091.406672755548
17773,6093.624803816914,6097.281721946083,15.076688134700083,6100.0
17074,6101.249422915586,6105.235635586978,13.376719300749002,6108.427852997412
21471,6185.0038812139455,6189.156067503044,13.340936050295968,6192.328505386799
16693,6213.231484663449,6218.293562339517,12.25871129193076,6221.663364061248
13834,6227.530736509027,6232.0705089148205,11.707867590553244,6235.8212795669315
17765,6272.54410855804,6276.35658120135,13.975609457559479,6279.384414755006
16692,6274.267008140472,6278.14133564457,14.904982046052663,6281.0
20818,6303.563338961122,6308.097748775266,14.006702861749778,6311.0
16040,6305.86537461991,6310.4966826233385,13.125382125301877,6313.66964596277
18602,6314.640005757577,6319.507444684454,11.34978214148617,6323.441895375583
19267,6335.010089791272,6339.2142094565315,12.410024876716188,6342.64607235333
13826,6392.9238978373405,6397.517847024372,12.449877252618366,6400.910312741841
20859,6402.218223898972,6405.63614310988,14.978851823460264,6408.4247924133015
16659,6429.445408173676,6433.271359001999,13.775964582805802,6436.357333619763
21460,6450.953098790188,6455.424357764325,10.619150063952214,6459.0
21543,6513.630944015391,6517.420053314424,13.437963784169131,6520.532885444554
20843,6549.3891282385275,6553.508569104736,12.257129304227648,6556.922126201409
19922,6573.206716304875,6578.353604566229,11.513694441891056,6582.0
18574,6575.5686117768555,6580.364450780446,11.69301919126815,6583.476549542021
20858,6599.5669164594765,6603.288650242304,13.85940634664077,6606.272261621542
19943,6605.239995579028,6609.539528969698,11.609309546032257,6613.0
20339,6612.104809358738,6617.148029142672,9.897612414870485,6621.0
17759,6663.270132534416,6667.441694507071,12.642790110283714,6670.83689831586
20387,6753.502435957122,6758.285632514613,12.480647772623245,6761.758958040475
18612,6756.039446340694,6760.295444695178,12.695209946455385,6763.738309194709
18525,6757.956396767272,6762.085565808491,11.545132996905977,6765.366674719153
18550,6762.974427340095,6767.0131671649415,12.603425974874781,6770.442983898256
18518,6792.712947861896,6797.136248403792,12.245280471408515,6800.6616287416
19250,6796.832019277299,6800.361885042994,14.393114329381891,6803.244699066492
18544,6887.636219657367,6891.454056150819,13.701790429614228,6894.61019581357
17760,6951.944330666589,6956.295063437547,11.554293149086472,6959.810582946501
21473,6977.036990481503,6981.271451401795,12.544304894294681,6984.70292528843
21472,6978.8496878913975,6983.007314273055,11.51078972891463,6986.340983774278
19948,6984.073323419574,6988.530372873465,11.388843282651308,6992.0
19313,6987.582822176797,6992.245810481829,10.885584821837357,6996.0
21542,6989.517665516166,6994.115722964016,11.45174969939137,6997.744208692187
21522,6991.797341975076,6996.055253198051,11.929514306692376,6999.338018214307
21512,6993.804893715169,6998.026647887077,12.227624002185358,7001.413795070419
21544,7003.088022586598,7007.525618471607,12.017845482435211,7010.824288982336
20830,7088.460324369815,7093.1762505444085,11.018538408456566,7096.988807024985
20769,7113.515410332347,7118.1772826753995,16.180678959238744,7120.898409045345
16671,7165.5825855174035,7170.288737348273,10.63193367874673,7174.0
16661,7177.9823471123855,7181.645743097891,15.040575592689324,7184.5756319334705
21547,7181.659876503555,7185.195890010426,14.70645161185044,7188.0
16685,7203.728166487241,7208.440560064785,15.279386403736197,7211.246887075577
13756,7205.853197032314,7210.251334826703,14.04455565395738,7213.268941663353
20396,7214.532158028655,7219.3093779786395,10.759980146880183,7223.0
19323,7234.534147526679,7239.042265756278,12.556611022270285,7242.581982792189
21490,7258.634810318837,7262.585168381021,13.329048045764527,7265.775050806106
19921,7262.129313243345,7266.34181613956,13.182425917092777,7269.732993394278
18547,7294.389802357993,7299.277836223792,10.800402967387909,7303.0
19341,7322.876111812891,7327.426082106364,12.288156212731089,7330.929926975097
19966,7340.546978586918,7346.320182656658,9.683406037288787,7350.924537183455
19904,7342.5554037691845,7348.283295708718,9.054296212456407,7352.675969749896
20794,7344.97629899303,7350.362531316272,8.855959910860172,7354.533198612606
13829,7347.002882370142,7352.406262249185,8.987190756743475,7356.0
20395,7352.385899738671,7356.514103978561,12.570764066001438,7360.0
17087,7355.4719267415985,7360.3605881764315,10.270791416279911,7364.312863949727
19300,7504.910716998411,7509.193136882672,13.280941662703308,7512.447330918828
20379,7513.589214940779,7517.204761391019,14.217833058329802,7520.215715346747
21549,7615.384225128669,7619.290465494772,13.638289389105674,7622.556089860057
20812,7745.529635871617,7750.09980342269,12.231878704674081,7753.560738996776
20782,7784.859060608431,7788.624284835679,13.569446180759039,7791.6438756958405
19936,7810.915285752915,7814.579565131241,14.49965915047035,7817.573674662675
20368,7833.010303409666,7837.515852152942,11.393279351106044,7841.0
20364,8013.799005336633,8017.361129427373,14.863864360502246,8020.253285258142
19935,8042.127131245634,8046.004454064046,13.749833609458195,8049.0
16643,8046.9333092709385,8051.379964736155,11.415925785084356,8054.996049876569
16639,8048.665973939234,8053.229586447453,12.79484559408467,8056.49167098665
19297,8193.02302661785,8197.464878844377,13.5839652730629,8200.541153288437
19252,8685.67388869002,8692.006275317075,8.460445845046396,8697.0
19336,8852.76119423174,8857.070585632178,11.873271961569621,8860.580747162236
19319,8946.567451543837,8951.158682412508,11.724050590657708,8954.910950771688
19270,8948.460657180738,8953.153956433664,11.199391083238183,8956.862076119014
19293,9102.940741046803,9107.425358686998,12.219249005332864,9111.0
