1741,30.77578607809461,32.4224931110868,14.054015355037727,34.449704661764805
1665,91.9865319389063,94.16303861070632,10.000106788905708,97.01296625670132
1614,93.81567495372856,96.1016487050371,9.449826327765239,98.88438761586146
1749,120.58589477129428,122.49792385195357,12.13748999516735,124.7418321937395
1609,187.39530137293417,189.38599270823852,12.033902088774258,191.81535630082135
1601,304.60733663640264,307.0918201468499,9.460323039105994,310.1747829251883
1162,307.37120766135087,309.4752688201608,10.301221350163015,361.31317377283534
1245,384.3699948029224,386.08164018750745,13.206364095619868,388.1551168811947
1663,401.1776650998181,403.11301849231154,11.773078336186602,452.4011606499964
1752,482.4062699198147,484.24503592595323,13.013349336468115,486.6178690718846
1225,484.37457856247295,486.09944391266737,12.446805591308994,488.8397398566302
1213,488.612990299847,490.3225143962107,13.24779007575321,541.3315464258139
1248,490.45003161437836,492.325857701137,9.80769035251576,544.3723997360923
1534,553.9376455517211,563.1236310442202,7.947349872643306,566.31210084373
1250,743.4927457222338,745.3277273969817,12.925168644983964,747.538008116145
1125,758.5881891766353,760.2523683108816,13.160687928881009,812.6576052626529
1698,778.5866420851305,780.3795310904263,10.767852630705177,815.4699620677897
1798,861.1811158032793,863.2711422788814,10.61597851199535,904.1051221159245
1597,877.2200322383175,879.2278921218793,7.066392880886381,906.4336893504803
1569,955.2664851742029,957.3785247376774,10.815891377670377,993.2969851380949
1619,965.2592738234113,967.0015783017292,9.467518006708584,999.6826730077224
1747,1017.5682120811831,1019.3085725424432,13.446876783973158,1021.3631664468794
1530,1076.5724441322243,1078.437974586477,11.676621428954876,1084.575688876385
1765,1134.9440065736112,1136.498768802308,13.797773762057428,1173.2233120673698
1785,1180.8127416515922,1183.3993761016054,8.883295394150698,1186.4637910907984
1680,1232.8568606054391,1235.1229477704253,10.129394307892147,1262.1612395608008
1562,1421.4367149944953,1423.460193881344,11.341542148375629,1441.5774759844403
1673,1428.5408424807881,1430.4470893590153,11.178472008172387,1444.0456258115462
1648,1477.43363433513,1479.2376670469696,12.932026318319565,1531.3508623769292
1251,1485.3702902250636,1487.103911083345,9.924165002537954,1534.3684451514023
1775,1555.5411984624327,1557.1928965744257,13.56884558900968,1559.2645461490833
1122,1562.751416644534,1564.1228396248803,16.600899663237225,1565.808524742994
1592,1576.62214293265,1578.4250066470267,10.483473791310443,1625.923370611116
1769,1588.819456542675,1591.1608942140497,6.679437473713761,1628.2019982525844
1675,1682.9282246483758,1685.1077021698948,9.739825762956952,1716.3108766785379
1677,1824.434977185303,1826.4796219801206,11.686153229731843,1828.9180598145824
1928,1869.4373661688703,1871.0316271749753,9.778079916403314,1894.2659492950145
7233,1964.1081039162464,1966.1898707510136,10.378080812098244,1981.3739197753875
7276,1969.7509698041708,1972.3697367004959,9.195975010089414,1984.9196123043046
7204,1994.693455826864,1996.3937331574812,11.784584510699691,1999.2738803446637
7283,2073.8165542428774,2075.567807419659,13.053679568512782,2077.728047052276
6732,2085.15871070829,2086.662782151815,16.126001598961707,2088.461052394204
7115,2183.8482333062398,2185.6110838396007,13.164785837623658,2187.7760141096724
7270,2208.120494133906,2210.188037930393,9.923933167851485,2252.190376065773
7281,2264.7341154607225,2266.3527573083106,14.392578660310628,2268.335817203031
6964,2431.0,2433.4798997099933,14.976668950948104,2436.179532549441
7168,2465.681327631106,2467.5512295051467,12.094159127953311,2469.864070053038
7742,2513.3809698927653,2515.002245003109,9.482400375946524,2524.2016812140373
6699,2529.468000142478,2531.191410338944,13.824166782047858,2533.277776484585
7247,2541.7657800938778,2543.3735146809377,14.023630032644395,2545.381376495128
7071,2565.622614216442,2567.5076211493047,12.127766328568923,2612.7137143368104
7048,2576.673252320241,2579.242582377396,8.988700833255995,2615.8099662747995
7131,2647.5630296667937,2650.1476093937513,9.488858301762722,2701.527881473514
7248,2657.346838304283,2659.2052374349714,10.509617702369772,2703.939024206311
6738,2812.771695994911,2815.153176930511,9.257675685373588,2818.2444541914347
7087,2819.9060600447806,2822.0814193591536,11.085995107974657,2824.9978025252985
7095,2824.3301968146025,2826.0000623563005,13.630059976547134,2828.825695090114
7224,2836.5380582486155,2838.552154879254,11.640662336912055,2883.106837397248
7034,2852.001308398591,2854.2228805185873,10.82829736100253,2887.6661162939304
7252,2857.1586985830854,2859.23886042189,6.905313504589799,2891.557013589927
7123,2892.8779690156307,2899.0351038405906,7.450249209787866,2902.147147895486
7296,2912.097377244707,2914.1023479147802,12.283969173611373,2916.54171026028
7108,2990.4826909631943,2993.0626723912387,8.475722612078153,2996.188879957964
7163,2992.602327696275,2995.1234747428784,9.352882208795313,2998.2422937667725
7286,3043.3983095651365,3045.12487201043,9.869200228290527,3064.1849284773984
6623,3067.7602289474107,3069.3571338138595,14.53965194481703,3071.289636023276
7269,3097.4030941131086,3099.167984681174,12.936031416060674,3152.0469747572897
7157,3128.404104928019,3130.2191923232613,10.716062061331245,3155.576345564291
7130,3141.257732573424,3143.291246794025,7.208564970938123,3158.404465009936
7148,3309.123324701802,3311.322765982071,11.118596034010865,3334.4881498903906
7133,3335.0132795241293,3337.0228067761377,11.538632083414493,3339.402832457756
7072,3460.410564064286,3462.069771976154,12.153061108930139,3513.0235313304347
7049,3464.386010689211,3466.12998742518,10.083400868948539,3518.0879728794134
7264,3552.516604959212,3554.554664007382,11.307919648099597,3607.173456333562
7216,3582.129382387309,3584.1028194276764,6.9473498263748334,3610.6742637944894
12573,3856.5448086622823,3858.4660906843983,11.688571624315374,3871.550318240164
12761,3858.2701164958958,3860.324861768721,10.773143200808217,3874.2598094921586
12257,3985.14289388754,3987.0308402270343,12.589174656964286,3989.2773540575845
12751,4059.57356239683,4061.441013870771,12.784221381479641,4063.6476916121346
12671,4062.8314681535694,4065.104190350493,9.73242808594641,4067.825857975246
12256,4134.254233229016,4136.042653472577,9.118397794831877,4145.643169110549
12568,4164.261520077943,4166.082936688838,13.033866886450527,4168.214001463707
12659,4186.9326841819575,4188.54210616151,14.452117314784813,4231.610714551087
12590,4259.451579311381,4261.27032605692,12.304431575991272,4263.490254164555
12227,4310.172230353259,4312.197991685781,7.368774220984752,4326.8845010817595
12141,4333.455192189813,4335.55706408926,11.40780206758859,4338.082639596135
12990,4429.196674531483,4430.623918842075,16.267203100130946,4433.109116361066
12644,4477.297635549897,4479.253515029789,10.338091795577048,4509.383849563325
12536,4505.9832914305025,4508.016537165618,9.218253930515912,4512.8423559384
12578,4518.6490719183685,4520.5400341345885,12.100064800057202,4523.760165830512
12784,4527.630554090906,4529.2137435397835,14.56045445075517,4531.136700045912
12196,4570.804186452575,4572.512320039745,13.81144060651196,4591.359345769144
15870,4614.686187596035,4616.434539739165,13.630934887318668,4618.5128012242685
12251,4625.635215053941,4627.444467291184,13.145332917305513,4630.103740187806
12143,4632.1142183352395,4634.273401976378,10.354790777008985,4681.467081335095
12758,4667.907831440089,4669.529384222846,11.676831293497976,4685.877491409482
12234,4685.474615413258,4687.112723786262,12.204450478278394,4690.652903293048
12549,4740.508094947069,4742.18269233311,12.593392761810083,4771.465322827636
12241,4771.407916513196,4773.384697145715,8.885177840919443,4776.568073504588
12154,4786.668730796336,4788.544141471104,12.206024007304585,4790.823748429227
12226,4792.908138913965,4794.447431068578,14.54785369832762,4796.335462661879
12464,4804.9428146588725,4807.139324966774,10.35361310652115,4809.835068368962
12608,4840.055534329083,4841.590105072684,14.7719581094529,4861.477801551411
12620,4852.380979719695,4854.424120482503,10.240308059422999,4864.172736126544
12926,4935.579146533144,4937.55501843443,11.974862376847126,4951.392326266135
12794,5026.829026607923,5029.131093829577,9.714096005354802,5041.939345746844
12769,5049.295069404543,5051.321880542704,11.10172152080533,5054.081847424152
12785,5090.95719951381,5092.496426404993,14.367186785482836,5132.507096761378
12624,5121.9314121499065,5124.080854927642,5.854847975351574,5138.1759687291715
12240,5157.324478246448,5159.284669672092,11.509379101164486,5161.998956801311
12224,5207.355556223831,5209.293436984671,7.944815994022622,5226.186393603706
12770,5238.3832474718765,5240.187213440794,12.44337722666213,5242.445126146449
12714,5273.3062721764045,5275.425860888153,10.601159565735303,5316.655142081279
12506,5319.662936994106,5321.325548843474,12.665268286395102,5323.5255553817515
12598,5363.736675012033,5366.17458795484,10.10147603829392,5401.541355258991
12577,5369.8764368286975,5371.487841881024,11.340229577277219,5404.566736041777
12731,5412.849000234114,5414.579077120258,13.830286336742455,5416.6570605683755
17996,5446.17419334711,5448.147128093056,11.869744199269828,5491.7348777180105
18231,5481.1159546828585,5483.1085076233685,6.743708581552362,5502.8550214020115
18027,5527.7359553330225,5529.576119385528,12.696358671200459,5582.409192863308
17744,5611.899818727848,5613.4278593455065,15.573228248781726,5615.236020470334
17730,5628.733187288989,5630.4097667545875,13.988556219725078,5672.744777479641
18107,5736.3782133050845,5738.1241058290625,10.15058867895337,5764.457717643796
15902,5785.918133107273,5788.129130526911,12.336417545549633,5790.339947818407
18225,5788.740758724687,5790.3282870396415,14.21324396974289,5792.308036002912
18132,5806.854958157196,5809.17754606806,10.080361478115965,5852.90255483707
18134,5852.3641219728,5854.0828810861385,11.167072023716218,5857.218304234199
18186,5856.220715846304,5858.25262538362,11.583810064022051,5862.764232878759
18181,5862.182582914989,5864.024852345004,12.565422465658637,5866.478032751417
17977,5874.553427352368,5876.299135164272,13.252880207205425,5878.401826055896
18281,5878.589938501065,5880.417441202929,12.518219037282236,5882.653451647926
17753,5905.302754088368,5907.245557666609,11.910785120453987,5941.422528889198
18075,5946.134909874106,5948.022612613398,9.734711239630252,5954.719197000878
17749,5969.296628291788,5971.463469856331,10.902817779361131,5974.348900550321
18175,5999.691118136427,6002.054219445506,10.267360564800567,6031.312828304597
18133,6103.2859406887665,6105.332020781516,10.802670883666067,6121.7377016694345
18008,6137.594841698023,6139.198170871229,13.951174725980184,6141.232195989727
17735,6266.608556280328,6269.021412325914,9.751996040900721,6304.432980901029
18060,6310.799209166488,6313.044981629993,9.842485484782694,6315.773525650303
21348,6331.502840206051,6333.188809935272,13.207681457750024,6335.293986993781
18429,6335.334206615451,6337.42856283186,13.478860918458114,6339.380044936443
18009,6341.451016389309,6343.276095512349,10.70502991678054,6394.092451651512
17981,6399.389190150128,6402.006456727737,12.006246617877597,6404.4474702884345
17617,6466.325286213623,6468.355611010738,11.372084168918319,6483.352057596494
18219,6504.028991493015,6506.444923627966,9.247546859840355,6509.5105073762
18061,6527.59381487681,6529.331958527146,9.65824592768437,6573.951518262487
18082,6599.322933137265,6601.153301430635,10.901450154247401,6603.9211066218
18004,6640.675676912408,6642.326176225329,13.8737690702645,6661.327363267705
18246,6666.239008724339,6668.002429442262,13.297228629285994,6670.157152930574
18236,6671.505988911959,6673.439703151814,11.625023008969903,6675.797461690335
18048,6706.367487644587,6708.052759042244,11.976494850408564,6751.665219306802
18125,6733.995284279982,6736.081128921485,6.775351542713104,6759.777649648017
17632,6759.303964104031,6761.413372594126,9.835405113460912,6764.300798148543
18117,6831.522621590137,6833.385093902299,12.500365708184534,6841.324284523588
17953,6870.6720378076025,6872.406438446169,13.444336676910362,6874.517732951267
18041,6947.887714964403,6949.572285318486,13.200223082931283,6951.668137509718
18079,6980.289203255484,6982.455588555891,10.947257886279326,7025.50255951478
17638,7040.814562371953,7042.426547845882,14.37663467869408,7044.351208769132
17978,7045.795888488304,7047.490878792037,13.388411545422613,7049.517918278655
18215,7054.27363808149,7056.216420440994,11.930529203751203,7058.88426217372
17745,7096.552594010828,7098.3332518067145,11.108455309028928,7117.294836760808
17986,7158.785845564721,7160.445854452876,13.238459396947377,7203.281784846709
18017,7164.1789615721955,7166.107513770612,9.395447603681038,7208.112299612368
17731,7239.758244016284,7241.48012825776,13.79357048871652,7291.528812438067
