5477,186.0284210263728,191.23012186966432,11.704821033563935,197.2730101963403
3187,194.2166607844266,199.6029805215785,12.966256433800305,205.0
5486,196.6186501716917,201.63599202452454,13.836340447956042,206.66838993142014
3259,282.65521562874306,287.5980654523639,12.837847223163703,292.91583400365477
1741,318.35219942609984,323.32506585253844,13.195169291150002,328.5113408513183
1756,325.1141071329262,330.19559970152665,13.062748174732453,335.555308514533
1707,327.49198076444657,332.25684804582744,13.938024375562367,337.4607837718214
1081,408.7907590710595,413.6194533663537,15.09201025461762,418.4688070725657
3651,545.3896447211145,550.5329650231662,12.059786382082912,556.0
4781,553.6868044316268,558.2352112488198,12.728729923352608,563.5984636099239
3253,566.4092771679829,570.6137967905413,14.470210588193616,575.635373764807
1063,595.3831636428498,601.1329599593736,11.40602713416395,607.0
1704,607.2734936235863,612.4814565221387,12.20563785543996,618.3707211996363
2458,609.0770189348646,614.3493103261158,11.953746786477817,620.3623612337976
4057,637.4267641277211,642.3575727943297,12.734318355211512,647.9151475823437
4070,639.2825872130318,644.1700394846932,12.154043655578722,649.3883573484123
5476,641.9532535805786,647.0734581257128,12.245495066222661,653.0
1044,690.316993971782,695.3259289250042,13.603653629089548,700.4949489052389
1786,709.9407562049822,715.3295310700016,11.954119102949306,721.4942533136197
5467,733.6870611509044,738.4395401114595,12.448493506688862,744.0
2452,769.0107006689178,774.072622182915,13.365071123622846,779.6946478623897
1096,795.2471465842269,799.6252807142808,13.344568163030354,804.695408289358
415,815.0782259110987,820.3880145632022,11.588970280232687,826.3989901286027
1016,817.3134678289655,822.1846678539642,11.861021391012677,828.0
383,821.6043732981972,826.2752339660135,14.096171822748488,831.4247737434978
1728,950.7630143260212,956.0616488351811,11.516200004556989,962.0
1062,976.5742372396642,981.0409355847391,13.69590692259477,986.0
4080,1009.365762514595,1014.2908703816169,13.130523908035336,1019.5293249248139
3175,1019.9198555740475,1025.4942070773466,11.413010046015495,1031.524060228853
2429,1026.3057225316352,1032.1934127667905,10.634979906506972,1039.0
1745,1028.2381095464805,1034.1099217871863,10.381111046398393,1040.5922805719986
1714,1030.152262370579,1036.0594781538616,10.868257541841205,1042.2773869091861
2512,1038.3884890967693,1044.225020359723,10.54548087121627,1051.0
2504,1040.432150930414,1046.1416598036378,11.21063311225568,1052.4664445240123
398,1044.5560989864991,1049.1715917950655,12.841916826235586,1054.9439581911681
1729,1093.6577158322823,1099.1622266554427,11.219441416713622,1105.351971119354
2489,1099.8789703698792,1105.4690620324866,12.335615687024221,1111.4455059399272
4104,1104.2135156897266,1109.352096066824,13.138262993202984,1114.8519219331133
1720,1132.4660593828823,1138.1392165331106,10.063386083568146,1144.909857695925
1715,1134.605650220214,1140.109237564619,9.751106209087139,1146.5728096056612
1796,1140.1643513403424,1145.240678330683,12.252827784795883,1151.2792290160198
1014,1222.7117102874074,1227.2758884951309,14.131523014796139,1232.470718881039
2484,1227.680075575232,1232.4843443218674,12.506982059103823,1238.0
363,1229.5178298479238,1234.3627278501046,12.774383750283267,1240.0
388,1231.4255315353362,1237.0384954155427,10.17239515017706,1243.7253247728636
5475,1266.0013158643824,1271.313452237517,11.634573661350034,1277.5293087106563
3664,1270.426718899163,1276.09202346524,10.9271011650685,1282.753144669256
3255,1285.6591654066287,1290.2874519946245,12.769866887220294,1295.661919687717
1722,1308.593651648937,1314.2454628220464,10.398141780524261,1321.0
2480,1335.8106956565348,1340.4182208797724,13.577112079409858,1345.6854567637201
4090,1372.3761858057626,1377.459860368167,13.555075775951368,1382.5746675412518
4101,1383.0263502357864,1387.338503491248,13.854748883669954,1392.5265147625985
2491,1386.667424677609,1391.492142733068,12.705787184478382,1397.0
2453,1401.036850554092,1406.1577564671354,11.702661189175522,1412.0
3226,1448.5546943961556,1453.6500520398674,14.608188401348364,1458.7221209911033
3657,1455.412281790523,1460.1428914014323,12.897313696776722,1465.607855881282
1090,1459.0791510245238,1464.4505564214965,11.973617795093887,1470.6440425366022
3163,1471.3046151073654,1476.191349602669,12.453161467076661,1482.0
1024,1533.7921568477298,1539.3091731752584,11.761681111253484,1545.2946399374603
1779,1535.9466900273228,1541.1495288922088,12.479814889046771,1546.9897902716893
2439,1547.1252575857131,1552.3315850986469,11.543888686967955,1558.7115124371624
2447,1552.2943685926728,1557.1379365863397,13.121486967006673,1562.725085124113
1746,1581.8876622179052,1587.141196473614,13.110536171610535,1592.6484627877505
410,1584.2660316205295,1589.1707842558692,14.258539524395564,1594.3239844172465
1112,1586.3204403203129,1591.0076465872326,13.351081074492535,1596.0
1086,1588.1208416260379,1593.5294201494282,11.248788791141784,1599.8870394983026
1098,1590.0631179868967,1595.369333936501,10.598691892804556,1601.555185757027
1079,1591.9490682264109,1597.2616287556548,11.790158729772827,1603.440488315103
1701,1595.2284999537094,1599.5232448200165,12.562337780438142,1605.0
2445,1613.3580770787657,1618.5891658422374,12.765387611245849,1624.7869838224126
4088,1625.3600163889928,1630.3127235178308,13.861458553502437,1635.6068337209201
4071,1627.255277951816,1632.2282763037172,12.578474653795121,1637.8916495008827
1801,1643.654146042402,1649.2499098928838,11.244146984300706,1655.5924499196844
1072,1675.0758761600864,1680.0728988079572,14.094781996768772,1685.0
1753,1677.2839980551578,1682.049314973599,13.503893075774181,1687.2795491720044
2434,1771.6923099667417,1777.0210724538158,12.009157004403573,1782.982485456386
3181,1773.9037842683038,1779.0182798350593,11.22887025827085,1785.0
4081,1828.3496534898395,1833.0375528438392,11.25231552177988,1839.4638052872276
1743,1848.759468815842,1854.1896260813198,11.924198555030738,1860.4209461896442
1034,1851.1449448104518,1856.0888437939575,10.982926887836186,1862.0
4078,1913.4824011996764,1918.3583224683573,12.109340165011952,1924.0
4092,1915.6419632659288,1921.2770177691052,10.072347238906266,1928.0
4115,1917.467187841276,1923.2462588035282,10.395194328621601,1929.641364444558
2467,1946.7466451020864,1952.268767064988,11.156332145643702,1958.4177812738203
2476,1948.6817698344166,1954.1047739475932,11.894586529942023,1960.0
5494,1987.9758568697212,1992.5651937538619,13.816070576953138,1997.9663963586756
1737,1991.1735957369378,1995.2989391540673,15.604668899135545,1999.9646206333775
1790,1993.1503720064627,1998.5159530450633,11.660306445924522,2004.7614337328046
1042,2030.7185829760504,2035.4851254179916,13.12459568007692,2040.9938511036235
9169,2032.7275596967675,2038.3933857932022,10.916606274804565,2045.0
367,2038.4936233404926,2043.524016481072,14.980993728942467,2048.326484657329
10298,2045.037265735731,2050.474203047463,12.131525150288667,2056.3871798645528
2472,2078.562392522753,2084.2588867692407,10.709273757417309,2090.752069094777
9600,2094.9936001699643,2101.420193167098,11.07109197402536,2107.5934039244544
10306,2101.5619118765676,2106.44956852451,13.00495332400704,2111.915389243852
9566,2103.4715496879144,2108.0893993395807,12.467001408829558,2113.5475572523756
9569,2165.1094414997574,2170.381911060484,12.48248446601065,2176.0
10990,2175.324377957932,2180.137857810995,13.15663507636743,2185.6890872952954
7272,2217.2502917485326,2222.2420197863466,12.800742847889271,2227.893492722984
8660,2309.0122873156524,2315.0304963274816,10.3456229969525,2322.0
412,2312.8577351421104,2318.170775303678,11.730420227513509,2324.262118683399
9607,2318.845763001223,2324.1818781899765,11.410380040441975,2330.5980890004635
10982,2343.7397356190004,2349.168702230914,12.033412979148553,2354.821768578877
3159,2438.4697145059886,2444.023742536504,11.396633901885453,2450.280374598945
9191,2445.6415514703745,2451.2968313666365,10.645008274190094,2457.812200195055
9143,2447.953813978525,2453.195100304305,11.3382775147403,2459.340120597759
10285,2452.138573569242,2456.0912060674373,14.661853547706853,2461.0
5885,2484.0161900093453,2489.214035120045,11.85950376959884,2494.9144367931317
10281,2494.388122661448,2499.3874447230683,13.483832290815638,2504.7083290473247
1026,2496.6702769803196,2501.5355682008594,12.996349517016895,2507.0
9188,2529.427022380532,2534.356784093125,12.245037583565313,2540.0
8714,2533.002459181756,2538.101276682712,14.412669889059773,2543.0
8709,2535.389095650531,2540.193982524889,13.902630489157191,2545.4004988452516
9584,2537.936333328526,2543.5492633952013,12.765989662436864,2549.3058733868706
9142,2554.7364196911726,2559.1957527572067,14.263163701632037,2564.240470887892
9181,2556.4731180377435,2561.279612089535,12.823205194736657,2567.0
9575,2558.2853465836542,2563.0538046213824,12.471425898841073,2568.623684038775
9592,2640.7789345696387,2645.584658183245,12.95665283561292,2651.2977643978165
1013,2677.4841523012087,2682.117157659724,13.42693572311156,2687.5770091693626
7998,2753.9216891536707,2759.238005898132,12.595761814179497,2764.636202453851
1030,2756.9962221603028,2762.1683828525224,11.609875486718764,2768.0
8708,2826.600655457613,2831.2662215551727,13.534252589709931,2836.758671860141
9129,2838.561555725566,2843.5658756318962,12.837377464519989,2849.0
6571,2844.921760994644,2851.0368191024936,10.329357838094412,2857.9478611525806
9147,2849.365651331902,2856.1774179574295,8.963060115145462,2864.0
1095,2851.773108961458,2858.2785989011395,8.88119109640447,2865.7054016769293
7233,2858.386731204035,2864.2664650563647,10.718612672346152,2870.7090080234148
6560,2864.4948469712645,2870.0984143552296,13.133325386623783,2875.7048323778454
9163,2868.868585255743,2874.478630678676,10.450037665742757,2881.0
8711,2875.1664961578563,2880.2857362761742,13.60301385296892,2885.6781946319015
10983,2886.251341658423,2891.513004960498,14.065087076455114,2896.651581343883
10974,2910.0306603200875,2915.2313285361415,12.068722784906676,2921.406310554854
5898,2942.1287550012466,2947.132989188237,12.815670717343085,2952.9838270509654
8759,2994.094646781113,2998.545813506995,13.500415092914789,3003.70932698813
8673,2999.400302016335,3004.299884016205,12.131809973225346,3010.0
5890,3029.197887870541,3034.1561387334423,12.98061750618204,3039.6348192190767
10973,3078.083389753365,3083.2001767148927,12.905104711374195,3088.8829412922305
5889,3111.9830797677837,3117.024567295694,14.30201750727181,3121.955206079978
5900,3126.4391030368533,3131.5081635704605,12.043115288818191,3137.6250999940125
8745,3130.43628037511,3135.4273955650206,12.333651473673187,3141.271782060853
6603,3134.0522668299136,3138.343263159853,14.522734344587551,3143.460726367111
6588,3137.686809766325,3142.4024177471492,12.671007849449262,3148.0
9165,3139.443703606885,3144.15040225548,12.225256628951886,3149.6978996134226
6599,3201.5581630061133,3207.112445886643,10.58150202098047,3213.565972545571
5904,3203.64066060245,3209.037376913214,12.056551685412359,3215.3538118534384
7298,3214.3215784183585,3220.1821076423053,10.182205971636575,3227.0
8014,3216.222763797903,3222.13521590202,10.422786853416394,3228.622576645787
9172,3230.1751315398383,3235.5467026916135,11.33067490687617,3241.8343571222963
9154,3247.0893336477616,3252.471990235559,10.772880420476758,3258.832851836812
7300,3288.4355089990963,3293.3609948677577,13.601008812972053,3298.6558904609815
6532,3298.54487070045,3304.367082892516,10.815802937989334,3311.0
7989,3300.4169967934595,3306.1878993547257,9.193078474839636,3312.794343347189
6578,3302.328066671925,3308.1237421533297,11.333450681482196,3314.49382580483
7248,3304.2874461947385,3310.0561672902636,10.28335729565911,3316.3523049261494
6543,3308.375392997039,3313.5383150839907,12.858994664956164,3319.0
10988,3337.901668667987,3342.6143919666474,13.280555162099278,3348.242059217693
9609,3423.0226668654404,3428.507364880595,11.463773153754296,3434.4247927365086
7939,3493.3183375933777,3498.046529255543,12.590166742151624,3503.7725309215543
6519,3503.2385660791942,3508.2542286921125,11.936348358847821,3514.0
8699,3516.840296945747,3522.3353416597315,11.392985381383497,3528.355190522576
9615,3524.2772913185095,3530.3114496103053,10.50693956064694,3537.4679061453944
10975,3545.8935545131603,3550.3707259937314,13.22996533207578,3555.565783301612
10293,3563.912376749504,3569.0355860779296,13.870123429433873,3574.2459565551294
10311,3565.9902265093983,3571.175651463284,12.798103486213078,3576.900958245473
8733,3648.533707465689,3653.6327486247387,13.728470994425464,3659.0
9164,3738.9630737334687,3745.1310253795887,10.52372366761008,3751.8709580950294
6580,3741.347410354058,3747.0733181811765,11.517278350856728,3753.54780655744
8023,3764.9047716731343,3769.623800709649,13.52397877801508,3775.0
15778,3808.1209496239435,3812.2716707416344,13.74214047720092,3817.5953439902055
7944,3813.3893419946476,3817.42786446813,14.937336335455363,3822.3165110868445
7242,3819.7323360378464,3824.2516808120804,13.18610784705726,3829.680848559088
6595,3919.246572766766,3924.521233089295,12.201312109681911,3930.4026525079285
6586,3923.447974426467,3929.220026279517,10.19155831322555,3936.0
8753,3925.4749461682604,3931.123822962038,9.720944288265684,3937.5729497101097
8720,3927.3593162056245,3933.1028007440045,10.76253263781515,3939.993824715895
7252,3934.271075809047,3939.4004037850686,13.317996308933923,3944.989957054575
7235,3943.5405848749383,3948.3764929441354,12.85415003361427,3953.9720595446897
6510,3950.4819020988284,3956.0058323864496,12.16193096406399,3961.923667753342
8741,3968.5183154068495,3974.131455763796,11.691991413576991,3980.0
16481,3974.924549931207,3980.420244300873,11.862335418173641,3986.399792933941
14174,3986.4223782835697,3991.1504056973536,12.773795566529754,3996.9003763810792
7219,4012.3448826785093,4017.5024248532386,14.098522611632236,4022.4900911468517
6582,4038.7256619923855,4044.3602001268882,10.515521843642935,4050.7939677074
14228,4040.6297402504188,4046.2387631182874,11.254381340994788,4052.4116688935032
14669,4067.894629537505,4073.0824069195055,11.831845485564578,4079.0
6525,4100.986739323725,4106.009515076432,13.004237119526072,4111.827989248044
13515,4107.2507624559585,4111.518307279996,14.592405715349924,4116.677561445746
14239,4163.4743435644605,4169.088161095943,12.242069670305934,4174.937939021018
14180,4169.9036132206165,4175.368921028541,13.248274780021472,4180.955721043581
5862,4179.0083167128605,4184.184628073004,11.87433425522716,4190.350030804571
5918,4189.084207315746,4194.17762201395,12.101567480467464,4199.919644778221
5887,4191.370944347069,4196.26192782111,13.361939749973754,4201.717389718017
6612,4193.301126072731,4198.004073620877,12.829618744689286,4203.387225009761
15122,4233.080042466246,4239.194737673372,9.925642669629248,4246.0
16476,4235.799795341327,4241.429965525309,10.637673629086033,4247.692611914784
15102,4252.432841008951,4257.280582639609,11.91941434946164,4262.983412119104
7983,4283.3254954910435,4288.160352452506,11.904582494475509,4293.831714610603
7978,4301.539576745743,4307.034832340317,11.559431588930636,4312.94584296525
16489,4328.873110163952,4333.601981043514,13.50725679976404,4338.804395918564
8744,4330.891238181389,4335.390737621552,13.621017299568148,4340.295761954333
6547,4341.860410609217,4346.567403827444,13.303316770294408,4351.779169896786
7258,4373.642728962591,4379.069073846117,11.523089343968818,4385.0
14172,4381.439846187375,4386.332113109236,15.082446000719358,4391.0
14238,4383.642821217866,4389.204595605509,11.297108997598102,4395.502744381173
7953,4385.734793964849,4391.047931475268,10.784661428580389,4397.315039118058
15071,4389.837933163365,4395.112987535185,12.01010635866861,4401.0
6601,4398.203765447776,4403.175424406753,11.771540002727711,4409.0
14249,4413.603196037205,4418.505898615915,14.298466247131584,4423.660317967329
8718,4421.677280234111,4426.362226202622,13.345261325418955,4431.877834971825
15084,4445.32627262444,4451.455936869677,10.006753535120886,4458.883771900336
8747,4506.409983457657,4511.578836565916,13.659062632683026,4516.916606970677
13501,4536.153119022897,4541.392119810224,11.662542605592176,4547.601945162933
7271,4559.13891391586,4564.248841538308,11.483753520316053,4570.0
14688,4563.0683728795375,4568.334554586643,11.402990105779727,4574.573149320223
6585,4580.9728706461165,4585.58354861822,13.571706801926497,4591.0
15088,4605.4941564100745,4610.596957975248,12.431830741898787,4616.536278346656
15111,4607.365591346964,4612.462830543038,12.13041527325158,4618.553673093035
15802,4609.1208076457615,4614.267353007307,11.952881398989263,4620.5225140351295
7263,4638.577768305893,4644.000499734407,11.705966382640073,4650.0
13463,4658.558835627549,4663.51168512327,12.47421698786258,4669.887770668674
14650,4660.922776243096,4665.480018318537,11.771335462830342,4671.663247769897
14193,4740.731651581577,4745.3918898388465,13.147523492800978,4751.0
14674,4750.158458027876,4756.307075497923,9.491142054525273,4763.430607099006
15781,4825.652243179526,4830.555544058896,13.091090242061151,4836.0
16501,4863.688925953768,4869.013059954151,11.672929048533568,4875.0
12092,4914.194010138785,4920.277713075492,11.073214795967735,4926.82991117419
13446,4916.6889374816055,4922.16673822407,10.654322880885852,4928.39191950595
12802,4925.053979765609,4930.379240262683,12.234290092634591,4935.997272162967
12023,4927.173100566542,4932.110691309434,13.12238840416644,4937.643106083242
12788,4929.174907786069,4934.004302228855,12.911269319485543,4939.701603597663
16491,4955.810321605154,4960.631471621744,13.634416285150433,4966.0
13534,4962.179230457434,4967.282108361678,15.04966193698144,4972.0
13507,4968.895565258539,4974.361302707332,13.663596393119462,4979.4441346494405
12777,4987.206155137853,4993.145816596631,11.894425582370388,4999.356558290413
12067,5005.057269792827,5010.430076900798,13.001875041132054,5016.0
12804,5007.177371644136,5012.4042049879035,12.559326067189497,5018.333055559197
14206,5009.135466096234,5014.1946483830825,12.591708579900903,5020.0
12109,5015.316246964708,5021.072945860528,11.643032554792729,5027.0
14261,5018.533054764112,5023.611658828086,13.217567510734805,5028.965383002995
13533,5025.386988611276,5031.228966011706,11.48842010635058,5037.686216133004
15083,5045.4685271285725,5050.4219720284755,12.634160310289728,5055.866036037703
16478,5051.5743644683225,5056.475069298264,11.910732913554977,5062.0
15109,5060.0631480357315,5064.374814445785,13.892493083081968,5069.578579831549
12059,5101.11216964679,5105.528734132845,14.201016666478985,5110.677583210294
14676,5135.127701302863,5140.22629707775,14.31670674792752,5145.268262171511
15093,5137.332260046551,5144.3600768311435,9.288371357627067,5152.0
15087,5139.282645185332,5146.402639264573,9.464691514655978,5154.0
15073,5152.706837925047,5157.493653074771,12.32068691268563,5163.280480888909
12763,5179.042683549731,5184.202498558572,12.669163272178904,5189.921651038805
12724,5181.074828512294,5186.4424214945975,11.827545422736625,5192.57744821912
15810,5183.155940029659,5188.395017490008,11.390172726209546,5194.285876761433
6515,5208.331211609475,5213.427222055031,11.634153036213828,5219.45046983869
6544,5210.153276108493,5215.142814546077,12.658796843901037,5221.0
7270,5270.916558450823,5276.0919884554605,11.372252274746405,5282.304465869493
15788,5312.883334249752,5318.250483883483,13.65931447822427,5323.513861127605
14237,5343.500322102648,5348.4801649206065,12.699891821220074,5354.0
14227,5347.196929229529,5352.504067081255,11.468519834424757,5358.751761016322
12747,5362.058948058277,5367.58857502258,13.371777523154622,5372.726447095433
16495,5414.827444576664,5420.198721830878,11.245490241182724,5426.499835084513
16473,5417.073322923194,5422.087141407625,11.370441800314127,5428.275360868824
14247,5421.830664804815,5427.20535491903,10.546033658317292,5433.773214037634
16479,5423.696872352391,5429.245751219427,10.643611358931816,5435.817842314885
14671,5448.542125047892,5453.342630315821,15.366812826467092,5458.0
14226,5455.715600988661,5461.1194050604245,10.971795473559121,5467.570976052725
15077,5493.23874733329,5499.192664845423,10.673459393061503,5505.658591899409
14166,5525.697954638733,5531.037015302183,11.001894287452185,5537.513709756546
21293,5527.5448181885085,5533.094828829748,11.814101628896111,5539.0
12803,5544.18395608722,5549.414394862526,13.472118785685192,5554.836557351737
12095,5554.376248541642,5560.317036995262,10.482872082290047,5567.410272213474
14182,5556.276316454183,5562.2640378078395,10.399278292782487,5569.0
12037,5558.417454064604,5564.279698408498,10.16100788462725,5571.0
12795,5569.864211840632,5574.206201480405,13.629841299438691,5579.385472209848
20624,5600.151841091662,5604.5415354683755,14.187340338012936,5609.790509001274
11431,5632.788468761901,5638.326515066532,10.81999414777349,5644.857101006049
12039,5634.835857561358,5640.274620042377,11.512842015776737,5646.366833905844
12072,5648.739546095307,5653.589082381531,13.691979475571156,5658.677183881478
11424,5652.843909722133,5658.313714335639,10.795698616116965,5664.5844367666205
11391,5654.802911400708,5660.1934081574955,11.903513141872013,5666.0
11370,5656.663914229865,5662.027217560034,10.802445607320685,5667.9485664498725
12807,5682.723092346252,5688.057286996798,15.699639250199914,5692.5999537348025
12049,5728.991212168009,5734.079221401417,14.367611057050137,5738.956251619238
12792,5735.081299082581,5740.014522249942,17.171287596328266,5744.294350839381
12806,5743.311691961706,5748.071019501159,13.82199596937969,5752.979416924465
11415,5753.3980462202435,5759.06613561764,11.819258098560667,5765.384726434076
12787,5822.415405959051,5828.102258574967,11.021700443963761,5834.421310540245
20602,5840.3335151266965,5845.382289195235,12.523703884126304,5851.413329611513
20585,5853.269427183846,5858.364310847426,15.388704401278417,5862.832834862145
12060,5988.601106266471,5993.42800392316,14.201583352606352,5998.520754155124
18949,5997.352661212543,6003.099747918065,11.594781338056706,6009.503434646928
11367,6008.331952618012,6014.3082881405635,10.246042056632874,6021.324482978254
12052,6010.426767286366,6016.244989376307,11.147722286067081,6023.0
13489,6015.670710759137,6020.513407590191,12.28572964983357,6026.67669789605
12102,6078.681814343674,6084.454110060319,10.299527623920149,6091.0
13455,6080.894969312381,6086.456436936938,10.207434930425357,6093.0
11374,6087.003251677638,6092.311742867301,12.309130519514637,6097.979577493466
20184,6089.027837792215,6094.314861170605,11.723854446877809,6100.358572293444
12085,6108.780238991931,6114.509178406545,11.284379907952168,6121.0
19732,6114.111435903847,6119.329845029742,13.560995580900922,6124.719851700055
12759,6174.414059509775,6180.060781153232,10.77690897253478,6186.455224208462
11393,6186.2922354144475,6191.525166983798,12.8191314839407,6197.0
11414,6190.849349797316,6196.2708913151755,10.818019881281332,6202.646834298128
20186,6217.560970242862,6222.2493903247905,14.09174534093585,6227.380032199591
19662,6220.377404726065,6226.2897092500625,10.253915117392578,6232.906443479841
13503,6226.707328887345,6232.527348675442,10.772633274143718,6239.0
19746,6233.082880650157,6238.315349171574,12.271454192638062,6243.884713720255
21980,6320.99920512428,6325.5001826332955,15.374209679363418,6330.0
13434,6348.47566651,6353.586289072623,12.864190178078317,6359.558277723638
20142,6394.864326610867,6400.437885181816,11.031661565347228,6407.0
20191,6397.2820220817875,6402.470033705325,12.330543860145555,6408.795465788966
12748,6399.082251189627,6404.39043737952,11.277959795185986,6410.600164945322
18942,6408.699626800173,6414.479444316909,11.613310471693978,6420.486439319991
20618,6411.400697240143,6417.213127776739,10.757619168126386,6423.799694043191
20565,6417.404915197369,6421.475073872095,16.16407233574353,6425.973341068665
21985,6426.445552759458,6431.182007328372,12.331972496061798,6436.799290047209
12110,6438.5381991502845,6443.528993611601,12.95328071657557,6449.0
12722,6486.535022417209,6492.040531256016,11.00430033362239,6498.0
20591,6491.5069493236815,6497.497023832828,10.876207448507621,6504.0
21983,6500.328252178959,6504.551919355997,14.298262053934334,6509.4907847327495
21969,6572.097408884749,6577.040521407423,11.634816906285415,6582.976291125931
20579,6584.175877893501,6589.376817831199,11.733933889107313,6595.519377233936
21305,6592.450668216296,6598.11479108186,11.331891512551502,6604.67031907459
12026,6618.677727459028,6623.581070035394,14.399179610581854,6628.584350212226
18304,6621.0088981339095,6625.539148113644,14.910441611778053,6630.310085269131
14198,6623.025771936614,6630.061373645828,8.628604973804848,6638.0
21989,6669.401809212056,6674.123579645674,12.510889130626902,6679.605120068036
20610,6679.637736477068,6684.0097637257295,13.891398429822482,6689.0
19007,6721.404302791543,6726.129773920947,13.66566746969271,6731.616777758123
17584,6727.956241885088,6733.41395743399,10.913175872398533,6739.710730148034
20133,6729.841385715296,6735.264734678469,12.093074467249261,6741.398571143923
20611,6742.213749956668,6747.011289449788,11.914337196545405,6752.714943574789
12757,6799.029045311579,6804.131187602611,13.400391185193046,6809.512526005594
18293,6804.173821660945,6809.570342656162,12.512150237111497,6815.0
12031,6812.956641805888,6818.495742369009,12.200168046145253,6824.733922771116
17582,6814.851584697644,6820.273398058604,9.60887987653327,6826.569747090697
18235,6816.821365021181,6822.243354759024,10.463295544450823,6828.0
18974,6818.886735964406,6824.218278783889,12.944754830333682,6829.805001534815
12769,6888.694713540358,6894.364424982596,10.564312180660439,6900.684331294067
21999,6942.405689403238,6947.534473069346,14.086011724825264,6952.542357919542
20160,6978.485892553033,6984.280334779316,11.01183801672907,6990.974383110672
19020,7142.079174437657,7148.09603788426,10.702587556901795,7154.552755046482
18274,7203.022330834059,7208.5217342254255,12.375689536929706,7214.497034652617
18994,7211.266266578174,7216.540583604651,12.64332915321159,7222.328880821547
19666,7213.289040978655,7218.294630946581,12.294460960050866,7224.0
19679,7220.124068856203,7225.525914729766,13.04697061988639,7231.279508181178
18267,7222.449637554112,7227.490507005109,13.803644039825409,7232.960399269045
12755,7224.534519101126,7229.433595645921,13.278842300557873,7234.951512508295
20584,7230.059537412985,7235.069902768917,15.399794412520368,7239.90458232718
17559,7236.789613851485,7242.206827882886,12.355681368538148,7248.0
20175,7293.1778855093235,7298.57262781186,12.455335150345467,7304.0
19023,7300.001523199742,7305.306433646339,11.078676950541409,7311.638853812945
19673,7303.975220212742,7308.604016871994,13.201619966578862,7314.0
19682,7317.212826617402,7322.098610899117,11.68890159317514,7328.0
18975,7361.102029862975,7366.425504471604,11.763576398804025,7372.650475718771
19001,7362.992594402417,7368.202569274983,11.944667391064051,7374.291952871735
18277,7430.942785013422,7436.070762568377,12.752607315127914,7441.786672166354
20597,7434.966313126825,7439.535659004428,12.003672696109389,7445.0
21310,7520.741876455139,7525.531400176576,14.407798790718731,7530.62275492617
19693,7616.800641210629,7622.139970609078,10.661636473758096,7628.582077109325
18938,7620.619482556714,7626.059067452535,11.105432856831609,7632.399663509071
16924,7626.232937024148,7631.537818362268,11.465432811866497,7637.64255277984
18982,7639.290215712136,7643.549500916903,14.44474415724271,7648.559996824939
16872,7653.037370280956,7659.048784201593,11.09006090576321,7665.672056634743
19734,7698.649959527773,7704.188013189162,10.882049187244151,7710.717033276732
18216,7700.603980682628,7706.092540386493,10.86966137906011,7712.436396321257
19011,7743.905287274205,7749.328769051723,11.685100848494569,7755.455000657269
19759,7745.946004952744,7751.100182691668,10.905440511806868,7757.0
18932,7788.362869521153,7793.314194312969,14.134235957917074,7798.556248959274
16876,7792.012288774411,7796.306437066515,14.241170197654068,7801.451812256134
17538,7833.270026900963,7838.55461889207,12.25380606363244,7844.691057333354
18206,7839.162499115853,7844.514892832333,11.993938180240935,7850.314501275112
18268,7843.307997883896,7848.360866042962,11.457545655063921,7854.4123313229165
18290,7845.122694693519,7850.177064417749,12.458695893154571,7856.0
18998,7885.387446400334,7890.173897650564,12.15418082077597,7895.796678660436
16920,7893.124986986202,7898.259083906867,11.328513321855493,7904.32763304736
17534,7894.975648057238,7900.034527535352,12.102013187273963,7905.926145274593
19737,7899.581155649492,7904.122986518335,13.782296423144553,7909.546947206746
19030,7927.247094808876,7932.181128556737,12.815382165285044,7937.936183116445
20192,7940.2662690518555,7945.511242689019,11.8478943897759,7951.871731815581
18263,7992.960468578126,7998.524529190221,11.232507591954766,8005.0
18931,7994.763628240635,8000.399314091013,9.805691019236193,8006.830319273256
19024,7996.708329828715,8002.407884532604,11.003165342958221,8008.483524196228
17579,8001.99162571851,8006.589251443033,13.182221394821033,8012.0
18250,8031.637184007274,8036.02465930099,13.966998384344215,8041.270398977613
17556,8068.69782514917,8074.026968251476,10.903234498066167,8080.503857437372
18993,8073.724840873507,8078.147958856449,11.967912585049106,8083.785234586536
17545,8082.167625080504,8086.4953096633535,13.861364685462716,8091.629867556695
18215,8087.024100897458,8092.268685485638,11.503587644487054,8098.45009377858
17533,8102.782688559205,8108.303016292826,12.265098742966007,8114.360076290791
17598,8105.063853340634,8110.106378641236,11.67708021555186,8116.0
18249,8148.524892678994,8153.235777099162,16.58268274210631,8157.662879280408
18952,8183.96000416113,8188.279924673299,13.439587357428907,8193.300260821767
16890,8193.750590152724,8199.178465203437,11.452901944161397,8205.0
19029,8217.471194020727,8223.089856058821,10.312592771193742,8229.940407535125
16914,8219.281086561858,8225.012725622773,10.562827934621735,8231.601851005915
19021,8239.044443144809,8244.40722069037,11.977259003041953,8250.297142490303
18976,8241.166841955917,8246.268000942244,13.121460421558616,8252.0
19752,8286.124006404982,8291.011193840193,13.019785903608462,8296.31559236774
16881,8418.711828445788,8424.020136181589,11.859936240149695,8430.51640354615
17550,8423.147960858694,8428.534902124147,11.491355936126778,8434.583052991642
16883,8425.057608596228,8430.37811329934,11.691680462148074,8436.0
19731,8465.897756106004,8471.083548396673,12.218449168003378,8476.920773781663
19695,8559.85389143981,8564.604355004703,13.478728284481873,8569.982767797472
16864,8688.82842352647,8694.323246893964,12.4188509883003,8700.0
19719,9003.36584938845,9009.494623269411,10.189748376855148,9016.644352233134
19694,9093.836383212012,9099.267874034049,11.818148511447424,9104.998949041013
