3852,229.0987867547239,233.12149778169092,12.50216927068949,237.236911705466
5193,231.0874131168189,235.1725158680573,13.28067113225956,239.20343431855727
4592,233.02530615769152,237.00013849733836,13.28981694853215,240.97747604965946
5260,319.1971560427814,323.5432592073251,11.759887578535695,328.1560775664208
3883,321.3071845790728,325.44268454946877,11.912658120444036,330.03563368439654
3854,325.12245757344857,329.30221692787035,11.2648871536623,333.86340764689226
3859,333.29006433895864,337.1824767169328,15.680242210440268,340.45918361379864
4578,335.2800641283663,339.303461279317,11.820605702460448,343.6879262387273
4233,337.1089799871641,341.0961015177016,11.989984414174383,345.42022854959896
4326,339.4291187288365,343.354585407548,12.45210302654843,347.6662823328872
4216,350.13343636567754,353.54408438465146,14.403057388809003,409.12232894531456
3836,409.1493823709195,413.23613206847085,13.085115538798698,417.4072974205574
3424,411.203646184711,415.0221279230982,13.480036162547645,419.1574616301673
4157,421.8870630173941,426.48679965559023,10.724774302613005,431.29101624617556
4285,423.90721110114043,428.338529121628,11.169073455178966,433.1401705633066
4236,425.76484759843976,430.2224460137254,11.396614116497235,435.05010039871524
3789,431.3401695352986,436.03712846063576,10.795720811970927,440.9859609923647
3437,437.4140322783472,441.41550721435743,12.116579541115225,496.46599943495363
3882,498.7579836215872,503.12489440064746,11.047119309671139,507.5755950090314
4299,510.2694690779324,514.5027797004159,10.82474978970995,519.1371565985471
4505,512.152412153837,516.3170403426495,12.056230837427826,520.9073855082
3851,514.1194772620327,518.08309646242,11.958263912138875,522.7166374247067
3504,528.0364719681845,532.1061863631808,11.313367181212621,586.4661831667255
5210,595.2437581346384,599.4760662426856,11.959081817225162,604.0307984868862
4549,599.315646911061,603.4751990829666,11.394016021686086,608.285905800011
4272,601.1038447047723,605.391873491817,11.306412481141924,610.1670018514285
3806,613.6325423066403,617.5183635414853,11.944254825692543,621.7903507640706
4335,679.0525460639045,683.4133062655474,11.63718530104585,687.8490445922738
3463,706.3504835456429,709.5507567570622,14.995464726772308,712.9937584281109
3863,770.7892868181926,775.252360163789,11.374631610336078,779.9871319185933
4276,776.7331164326558,781.2992146137929,10.556394813966314,786.2326142332346
3816,790.1351889087246,794.0280838231752,12.42611010745682,798.2923396406507
3417,800.4180549335371,804.1699908649312,12.803220957300372,856.3646602838518
3432,858.7335233973862,863.4381079724333,10.23817187760604,868.3519999183758
4356,860.7591095549899,865.4794817963436,9.950782883701127,870.6432343895141
4517,862.6600581145873,867.3999374690823,9.853991480136951,872.5678873680181
4515,864.7181775597775,869.4144750569008,9.895223798857172,874.5230496937548
4159,866.6529000428266,871.3051125387597,10.566846110313623,876.6281389514826
3832,889.5158971570228,893.2989285358788,12.909078636951138,946.4427297420808
4321,910.5235136878746,914.5636926272856,12.379703289813706,949.0439349485601
5230,918.6347043379692,923.0129571523951,9.169098345418774,953.6767654830821
4278,949.2747954468884,955.3360153462515,8.744453248417138,961.7340520471108
5279,962.2612459107276,966.3246888388143,11.582402405274935,972.1864227707924
3872,1000.3505662081805,1004.3398193040598,12.978133996864834,1039.3701316297766
4270,1044.1682361071712,1048.2618497945102,12.88755937735805,1052.3857698150914
4532,1046.1930391998112,1050.498405794638,11.091923612450671,1055.3368426659217
4168,1048.165943816586,1052.3522307007404,11.892084205314887,1057.4373909586088
4215,1119.194833526431,1123.2501582689865,11.584171266364606,1128.7820951687231
4197,1135.4873197450847,1139.338427981971,12.445737297094505,1144.4345400133539
4524,1137.3051607073191,1141.091385209901,12.543465742936371,1146.768993599914
5213,1139.230994748968,1143.4593327679809,11.442532634228765,1148.9487734764828
4848,1141.0775892928327,1145.3485829959143,11.500340770880625,1150.8494860983171
3900,1142.9643936867485,1147.1337443903528,9.580188523574083,1152.731213775282
4931,1173.055196129827,1177.4390644334073,12.301510990020013,1219.5590388295977
3808,1189.6595016294957,1193.150523979308,13.172498748470806,1222.2978155063295
4893,1191.2416491980207,1195.3773070030572,11.187671994849683,1226.8259518662053
4164,1193.0864790414307,1197.2566735937594,9.760734619843891,1234.3565214238104
3867,1224.184715191956,1229.1629677859273,7.2639379244448845,1247.819133234899
2936,1244.5281832605224,1249.01278860939,10.459405478565445,1309.3521883533417
3786,1250.7149826406128,1254.1881996934726,11.807254200755263,1314.0472313431774
3887,1320.0582233903704,1324.2591762448467,11.339034535527972,1328.6365353161218
3762,1322.025230983814,1326.0902755784819,12.379016466380376,1330.498861987064
3862,1329.3278158301566,1333.4136181645724,11.84690546538226,1337.8930817744829
2946,1331.2650278673095,1335.405818563518,11.406749299913724,1339.8673626235034
5252,1333.1261983057489,1337.2103788836816,11.671461154901177,1341.599636831497
5232,1398.8359103319403,1403.3101201355496,10.320178567246638,1408.0752069850546
5235,1401.0577303873645,1405.225754359386,10.177192280673305,1409.888667637164
4574,1405.0415434138574,1409.5486554703575,11.318568467601409,1414.5888105485383
4862,1410.4869657994514,1414.4260243292313,11.540697274624181,1418.9050792602118
4181,1412.9295658405354,1417.3269897640553,11.240195826321688,1422.069753062139
3759,1414.7385451979192,1419.1746724542138,10.38768225954426,1423.838261556542
4239,1418.2079835365867,1421.536478657509,13.355995201394457,1425.7562110544357
4558,1442.8754284460672,1447.3728466621446,12.317050078301323,1486.4550784104385
4863,1445.0231804893951,1449.1435897039835,11.609059057637209,1489.332760822198
4922,1447.0301560322102,1451.1186632013032,11.79271136680008,1491.365533909262
2928,1498.5592849599896,1503.0067145938017,10.2517292138161,1509.0182817666298
4267,1502.1074400931832,1505.428463971279,13.824830767756973,1511.1125861845205
4227,1503.9442732781602,1507.518981738728,14.158087628412822,1513.175516378315
3502,1505.875450243959,1509.5342544474017,12.25984842482611,1514.9680345379377
3446,1510.0201992603013,1514.3398050511546,11.423876039639634,1519.0475634887207
4396,1511.9316657706968,1516.1115479037962,11.434843819815582,1520.9570309982475
3936,1533.6559951262334,1538.015812837823,12.005392162032322,1584.0693734773918
4281,1588.029437188336,1592.088321383568,11.887665475029186,1597.2292544746092
4341,1593.054490955994,1597.2201897792866,11.130996862753094,1602.2990861074788
4169,1669.167910868785,1673.4014949718653,12.941233641996366,1677.3915765391973
4280,1675.7725226397852,1680.1321278027963,11.036852649117288,1684.9026371607392
3853,1683.2758685015312,1687.1675779836567,12.450101082057133,1691.4678796684486
4342,1773.4504869481802,1777.351470366259,12.825241747649034,1781.5579543439014
4415,1775.4805907785299,1779.3207599921798,11.82454199973995,1783.5322457636846
4358,1777.5729512954244,1781.3471424368545,13.209077662179315,1785.4314637589637
4261,1779.362058199999,1783.122439885548,13.24878339587581,1787.2155600972137
4247,1787.9319305393328,1792.1675758834356,11.356366202712431,1846.5838148867783
5257,1811.8062785861357,1815.5083381772556,12.474520021681357,1856.97939922039
5194,1833.516196655028,1861.0781949136838,6.627623001114211,1874.6618314451182
4255,1903.8066660606917,1953.1137721227478,9.601232260198016,1958.4624582227732
4918,1906.0587740078201,1955.086424625128,10.060780679460338,1960.2604156466548
4878,1908.6898669122886,1957.441838159143,10.64440964705236,1962.1591622817543
5248,1953.1272362426773,1959.3382968305552,10.133856741533993,1963.9016740692953
4588,1955.9592745486682,1961.2651120153312,10.916355779200517,1965.779478566791
5262,1958.3299874789916,1963.0945550606411,11.48607836853144,1967.5893763641216
5200,1964.2691517132964,1968.44279869625,12.190328725361285,1972.8460974978934
4175,1966.1060070066055,1970.2445758673202,12.066430491834652,2026.4835599137432
4284,1968.0124009897488,1972.1154204591137,10.399725564703461,2029.0544543012647
4349,1969.8143213154335,1974.173077230069,10.611851378391465,2031.556738717623
3820,1971.6421074248392,1976.0559056511547,10.387212368241427,2033.4725348931804
2919,1975.3198094493769,1980.1405637746434,6.359387426810103,2037.2016231665443
2944,2031.2132221702227,2040.0667025905252,8.680428987339685,2045.18143989644
3892,2033.3107415386205,2042.0818991281214,9.041440566998437,2048.0373917822353
3871,2035.3155239968894,2044.2587715261952,8.918739282935393,2050.0083477689896
3841,2037.6155126598992,2046.3255291820797,9.791426149048224,2051.8021432239157
2927,2041.3262654264595,2048.3357225237064,8.549297039095956,2053.7767541601743
3846,2049.3477083611288,2054.3797586749984,9.70824901534429,2059.467086837675
5227,2051.417039721503,2056.2798567703708,10.759553634821529,2061.3116137951047
4173,2053.393973433157,2058.188236053337,9.89705176261231,2063.1362878041323
4572,2055.362972029849,2060.1443992900063,9.619428486101805,2116.400143594994
4308,2057.3529397857696,2062.143357626941,10.591137483372183,2119.2601320037684
4519,2059.4765490732893,2064.0739449234557,11.057307378213807,2121.3769777030057
10055,2299.2880223319385,2303.24885252334,15.701511997409481,2306.64199067695
9769,2301.3439161105916,2305.1281224886693,14.213716903548502,2308.836598194385
10747,2303.310644597136,2307.306034301799,12.202218705803293,2311.5996681796482
9804,2388.4913579300937,2392.5728298402605,13.471067585027237,2396.6302113617817
9392,2394.9308822350563,2398.435000316091,13.608458719991827,2402.411762431483
9336,2396.5890234659983,2400.0590845656357,12.602388559551997,2404.120682433294
9389,2398.5170726837187,2402.0549575526015,13.3605249947656,2406.0605586092915
9773,2406.0594403145224,2409.346723577554,14.182834977588445,2413.3653986030604
9803,2411.8206815651197,2416.0240724043874,11.276982367797384,2420.6227046559343
10710,2419.4291786546028,2423.477826311191,12.340723874130699,2481.3475872898357
8953,2433.9247396167484,2438.19330595951,10.904987480496812,2485.8685983689993
9718,2482.4926249600303,2493.17990112422,10.118823756130098,2500.699478319002
10024,2484.782887989364,2495.0372718088925,10.470918128195368,2503.251994842229
9753,2491.999448310185,2499.326171523657,8.384582768388924,2508.1307972784384
10716,2501.3433347005607,2507.123837986008,6.8898800383170595,2566.2840137604353
9346,2525.7017623273427,2530.136935846774,11.024343942141972,2569.4013080596496
10053,2568.9084233699086,2573.1351065763492,13.181712597399992,2577.215601988865
9785,2575.4272941884246,2579.5738085807748,11.853483198493358,2584.0600423324795
9367,2577.253958068097,2581.4592576442105,11.40305293204034,2586.078808110498
9351,2579.1487270846324,2583.3025688443795,11.231542950128038,2587.729182334095
8416,2581.1161487713575,2585.2338943934733,11.396962648410891,2589.4686683233217
2903,2638.694379321869,2643.067116352642,9.855644999257528,2753.613213230887
10014,2666.731286382308,2760.0429978406946,8.400355668191823,2765.2197033104158
8448,2668.849303641826,2762.1490087339716,9.081044325833242,2767.0297106709895
8404,2671.2153193815657,2764.479724532173,11.101762008131399,2769.0716307602793
9795,3018.7545606166914,3022.6309659129975,14.659804913354687,3026.2678798169973
10440,3020.9875725400543,3025.0015296694955,11.800269562213696,3029.38745126555
10070,3028.7645485801713,3032.5556553214697,12.00234267439634,3037.109212694489
10032,3043.0880459582527,3047.1021481678426,11.90640539758402,3051.796790521195
9817,3063.21683602857,3067.2928318348586,15.08838427928592,3106.404942007469
9725,3108.7475769432613,3113.462270265651,11.427044578287855,3118.33965742596
9703,3110.8690193203083,3115.3302011093097,10.40590867074895,3120.198506873418
9765,3112.7863568239222,3117.2197754909207,10.152026700679107,3121.9604694737413
10722,3114.703038761813,3119.243971189172,10.921429061175214,3124.04701083179
10769,3116.525058244046,3121.1023435567927,11.234343336971925,3129.949128136486
10492,3188.931407404016,3193.08053450685,10.667015231159535,3197.7687232631797
10040,3198.669785195505,3202.585441402047,12.509980098225858,3206.625932555429
9818,3200.712357481382,3204.4367997028107,12.78722728881366,3208.420904440986
10432,3208.5099770532333,3212.4353840744334,12.428172587487314,3216.8424293791127
10428,3252.3685808030104,3256.426878099648,11.829429525907793,3289.3116874172615
9842,3288.5642593312523,3292.3994039586196,14.135778743808654,3296.229835071178
9805,3292.653751670097,3297.3647489334994,10.648260199796526,3302.6113473930977
9666,3294.836004698853,3299.4957551983584,10.458396765466567,3304.636181755577
9847,3296.815605935642,3301.3833160164686,11.107817907666607,3306.5105874940605
8981,3298.9927341893936,3303.1827050574148,11.820546482500976,3308.3289056613207
10094,3308.769391480262,3312.517333009405,12.176535725945435,3317.1248598835246
10018,3321.386577610135,3325.432398912678,11.94767988594607,3381.915371416613
9684,3384.788066389187,3388.333784509935,13.40818861182506,3392.1874617488224
9727,3390.9563770505188,3395.4243269378217,10.862559396202963,3400.4104114290712
9849,3398.8419949269983,3403.4559980188533,10.107011276278092,3408.6092104354343
10036,3457.863613867723,3461.456610738594,13.881634560524368,3465.828485604074
8208,3479.9718026564988,3484.1441124426915,12.22981306671732,3488.7202140809927
8137,3487.5336085691642,3491.337111377882,13.174916260484494,3505.167147492587
10028,3491.229797400332,3495.446061102091,10.08547995332392,3559.100336912272
10087,3493.0052500636803,3497.422163418783,9.638637363342475,3561.3122753151983
10080,3575.228696690975,3580.486933081315,11.581341928382864,3584.9457209034804
10783,3578.5289392063655,3582.401814867212,13.559018668005587,3586.7493181029995
9755,3583.851753360675,3588.0249095922836,11.201209572158374,3592.7855659284796
10021,3588.33083477821,3592.2271641643406,11.727303160320027,3649.3958250089117
9720,3674.7506857584463,3678.2805188820385,13.556766541875092,3916.425303356298
8421,3693.4118258731983,3698.1548353127987,11.74521668850829,3919.2813682914984
7719,3738.4213556624186,3742.49972406853,13.49163045811897,3923.3911749491554
10351,3748.9494974339846,3752.5742927296933,12.103295463215268,3929.062844493799
10414,3926.614599165847,3935.1195687751397,6.134181469722722,3940.4523019796507
10780,3928.7886437127368,3937.3274936065213,8.175514062243764,3942.2364431465903
9370,3969.2019535302065,3973.1751247163,11.999546792935487,4009.3091137328697
8199,4014.380722498878,4018.467632749014,12.335782042039511,4022.7064573862385
9864,4018.6033035520754,4022.039122253051,16.037166916816012,4025.2288052038807
9812,4024.3906201494347,4027.6154820071633,14.665247504769626,4033.107649567172
10436,4026.17107187318,4030.0786097556424,12.377358157150061,4036.5441697025226
15228,4029.9229015389246,4034.065949298362,11.95400174506373,4041.322985517116
15341,4101.35671302717,4106.269334992816,9.425483903269212,4111.7789546331605
14852,4112.653864868712,4116.505902418414,12.599477549122433,4120.783672280064
10367,4188.592677182413,4193.326281187998,10.835983811949935,4198.391941272291
10719,4191.014104583048,4195.273683508769,10.840640970417637,4200.345567548441
10393,4192.866439507099,4197.34583421379,11.056995422174053,4202.399807916143
15211,4194.894105616638,4199.301562252763,11.410867583302378,4204.390961730668
14406,4202.408141385709,4206.054546771479,10.88486564036479,4210.802510688698
15367,4210.673793074607,4215.25414622388,10.646247876812492,4220.4439202496405
10411,4212.594850355679,4217.208574602998,9.504778391353536,4222.295066492067
14880,4214.556176248041,4219.143091471427,10.180432753531946,4276.591507803947
9266,4235.673362515475,4239.515325657619,13.538778904040592,4279.143357592278
15167,4237.590134286774,4241.421228784859,12.094459311915333,4281.189276830274
9297,4239.7544485263625,4243.585601741789,12.612216437020187,4283.118587603779
15253,4284.712486150229,4290.162830943841,8.088382010502652,4294.930190694123
15189,4286.875864668714,4292.168733020358,9.830333901180774,4297.007391373409
15557,4293.331597254783,4298.160001951122,10.871167402779363,4303.161545206826
16281,4295.418730993514,4300.089002494357,10.394672023593143,4305.067303099283
15571,4297.437101500962,4302.020870882839,11.85872719986367,4306.910986950512
11297,4328.54679263713,4332.051402656907,14.61260185475956,4366.728839059273
15214,4370.675081978642,4374.3783881167,14.903459518958535,4377.897858997213
16250,4372.710973995168,4376.112517985211,14.115923440867299,4379.735128006641
15171,4376.210164826986,4380.244898375243,11.373310289189686,4384.609927230706
15308,4458.516223308424,4462.581479348228,12.508353091857328,4466.778545204969
14811,4477.141270287302,4481.18855370305,10.629273122038818,4485.9096914958
15286,4486.273827080143,4490.134872590753,12.024935043455717,4546.530989813133
14444,4507.12517833722,4511.323785293039,13.10242637146518,4551.325355833611
16201,4523.865545720138,4527.381426074424,13.816096455815144,4553.460436756082
14496,4553.231720538636,4560.1881261436265,7.791025571012854,4572.45893768925
16279,4555.233834866055,4562.279640845542,9.127564999898361,4575.345381910684
15332,4559.517986568429,4564.318140433343,11.023288221804313,4577.590065431042
16262,4592.570915237718,4597.312200176914,10.875895199667918,4636.379889641673
16231,4595.052182474016,4599.256847739372,10.911294750225522,4639.112985202541
15860,4597.398667075922,4601.448170846795,11.958285734497569,4641.457712834779
15521,4599.500402819881,4603.30172919132,11.158844298155948,4643.600508868725
15568,4601.514257518484,4605.26767489486,8.628294312467059,4645.657265278593
15514,4638.883061878472,4643.077312881502,11.838641096775433,4647.736355528902
15162,4640.984138645444,4645.045030797054,11.409137177394797,4649.66789064661
15880,4644.907386987466,4650.095751515017,9.449854832020696,4655.723002862608
13920,4646.989507334386,4652.123892172815,9.686941447927225,4657.826771414047
13712,4650.485676434948,4654.470481984026,10.164203303859324,4659.770422028335
13971,4652.183149351165,4656.424760560731,9.675373434131698,4661.559465176049
13686,4654.102071829448,4658.48371575903,10.615204250033564,4663.796218935911
15261,4685.840296292102,4689.156993413841,14.164876828013213,4729.515470481348
15245,4717.014572153777,4720.285839982938,12.860583785784824,4733.909198827897
15931,4730.928544932482,4735.208880560415,11.01215603485812,4739.991733583535
16228,4753.30978851915,4757.02805305173,12.94131588788347,4821.639449664649
15229,4818.4795751459915,4823.333073532889,7.67236803710426,4829.667388060197
15850,4832.54374348184,4836.507627095532,12.024827680423394,4840.951032221349
15353,4834.472294593035,4838.394276481325,11.375145492814038,4842.740008400658
15194,4836.294189384958,4840.206051907193,12.625981603326238,4844.516426295614
15533,4847.778882529019,4852.035926974713,12.243925403654726,4906.89132453225
15233,4874.805543618915,4878.399515295549,13.187571050800274,4909.6654437905945
15193,4876.651005430902,4880.415300037059,13.038624064751398,4911.927689195089
15290,4909.1581604712965,4913.443112089465,11.927419494591003,4917.854003859313
15247,4917.621757653551,4921.237120617884,13.227495968031292,4925.193577647124
15362,4921.4447438893985,4925.543880249615,11.977685437064487,4930.103197602639
15216,4925.212080361575,4928.592326063502,14.514289511726357,4932.283435893017
15559,4927.160139179582,4931.275627206556,11.172589714866776,4935.716011075781
15219,4929.00512597531,4933.112120762177,11.683932376763005,4937.493956383063
14853,5109.168981528058,5113.515303633809,12.714173208773234,5117.771773977629
14776,5114.927272598181,5118.581567462888,13.20820949688352,5122.8031677392655
15198,5116.73549256369,5120.385607621894,13.116178004524622,5177.757606304785
15949,5178.511999297227,5182.404607406454,14.542362844390743,5186.181698479694
15519,5197.343319016762,5201.471873017937,11.98534506873906,5206.049348500799
14786,5199.316422340314,5203.373392748435,12.506647846502817,5207.856310362513
16269,5201.106393733438,5205.173020914744,10.500842650186838,5209.698496269565
15258,5202.980636355962,5207.030464775903,11.131047262936448,5211.398141068603
15579,5271.112058933891,5275.1444132724755,12.930590149549467,5279.393387069099
15224,5277.415967928161,5282.214630153672,10.504876124723037,5287.463737732937
15551,5279.302334779988,5284.042016539679,10.169648174996162,5289.353100371633
13973,5283.2162149878295,5288.004609176614,10.271944978640732,5297.394517176067
16204,5304.964218451346,5308.582804064206,13.436622809221776,5357.962920519827
15231,5362.8095323191565,5366.542055277802,13.71672321138423,5370.452681337997
15272,5364.620487484588,5368.2806483232935,13.96492322641687,5372.1423969391
15549,5373.928628550569,5377.414121109992,13.695166882331137,5381.289701466225
14948,5382.837044289361,5387.445700433434,9.529540339124093,5392.514237146803
15295,5460.220705712393,5478.127412864949,7.194430505500096,5483.85297693193
15217,5462.2421267783075,5480.348451598022,8.138827234454993,5536.330786934867
15267,5465.8969879574925,5482.332671835419,9.957207689132161,5539.0086344970105
15366,5467.86004436933,5484.253986810644,8.607147580906128,5541.177971231807
13898,5539.0100051643485,5543.510465970471,10.918063823021562,5548.571285699322
15349,5567.4917040134915,5571.296713169837,13.819251998618487,5626.275716343055
16229,5703.497716257085,5708.048688162675,12.508842299581463,5716.4292213860535
16283,5719.098886709936,5723.362154958361,13.266778753204047,5727.3180495399465
15207,5726.077112575295,5730.367107767093,11.391418086730392,5734.969617649009
15599,5728.034406541632,5732.198800733254,11.219047866814519,5736.998745358603
15545,5730.010873536893,5734.093853104921,11.861794736816078,5744.094288405054
14832,5763.338156871098,5768.050784571426,10.346421896679598,5809.355324271824
15878,5766.60692747642,5771.295961249242,12.273971252453634,5811.641470868853
14377,5768.851989611472,5773.482576944303,10.488996739106684,5813.98261991789
15930,5774.809453775355,5779.520552885667,11.808752492250651,5815.866062967146
14795,5820.456601306239,5824.457465208261,10.853580152239454,5830.086955576166
20346,5822.251282693569,5826.343731855328,9.969052426701117,5832.46995660273
16206,5824.023380981007,5828.291383471264,9.560128719850132,5834.816565486932
16224,5826.105384007177,5830.400463247993,10.631596682455783,5836.865912240504
15901,5827.8860024292735,5832.271519605092,8.976042402096619,5838.769272808009
16210,5829.740671896357,5834.379252591046,8.465142293457314,5840.622230214896
20323,5840.581575981748,5844.26690713375,12.8660049626408,5899.472831884053
21386,5852.952212157791,5857.293588323829,12.482012224775787,5901.725072103673
19937,5872.016409054703,5876.067481459847,11.35576970878472,5903.856541074424
19449,5876.994865024024,5881.413974442727,10.372506090844166,5906.238799689458
19442,5884.735386361678,5908.119307627854,6.452735913989129,5913.858232019978
15331,5903.805315623839,5916.331439324537,10.392579478243263,5921.4945984738815
15203,5928.967782881446,5932.15334854717,15.044994641328646,5986.34068110264
21037,5930.780690548908,5934.094667792834,14.114422320028087,5988.997991761568
15909,5947.498424233367,5951.507685295839,12.008227497157462,5991.189953990365
15917,5949.463886000062,5953.334531031919,11.40046655770007,5993.36803256176
16272,5951.305727237031,5955.407705689188,9.203692322762938,5995.3153934734055
21782,5954.945564549046,5959.172872317954,7.427329589098326,5997.177334582046
20693,5992.599871620178,6000.032243844279,7.676786812886641,6005.15830769416
19967,5994.440182948921,6002.167974224194,9.299225894627657,6006.975298650287
21702,5998.188821595802,6004.2172759451705,11.057464152889143,6008.796485775134
21727,6000.220887635172,6006.02347453631,10.941099818890939,6010.487196451209
13717,6004.556933688582,6008.37077697318,12.662778487003001,6012.685093582298
13708,6006.3146267697875,6010.093589369866,12.414021008978906,6014.561867000049
16219,6008.178583181434,6012.087791241857,12.007618554968781,6016.909263168215
19429,6134.417693860126,6139.141890823439,12.229574116152744,6348.3106824890865
13978,6139.077200133554,6143.263427853763,9.586464310284175,6356.291130146172
20304,6463.258834178084,6467.117513089657,11.990151171589932,6471.237912330058
20280,6465.25349541279,6469.037948385211,12.966368824732438,6473.007762644245
18694,6603.1804298691095,6607.58873434694,14.753140065322151,6616.726456570049
13957,6605.384006525004,6609.544433092603,13.400474375139462,6619.327643412758
13913,6607.4104203626675,6612.166485826167,10.587817734399657,6621.705112630631
19879,6663.541386803778,6667.578512862876,12.98155972750181,6706.432308421003
15895,6666.64650424469,6671.207023633946,14.845870575825051,6709.126973015704
20398,6708.33247421396,6712.422170305257,12.049234219358421,6726.409430386738
21760,6710.54949722068,6714.558833394401,12.79327883015485,6729.374467749857
21372,6712.841729242518,6717.055972054373,11.67502568070858,6731.398653582745
20321,6715.090208518816,6719.280246997449,11.809640197293922,6733.950468139703
21734,6717.006158801675,6721.378983316908,10.326368371010778,6736.286874719421
13653,6742.1073380108965,6827.128817454366,7.299430642821505,6904.247347654573
21048,6889.023851720322,6920.157324405,6.818494062261296,6981.426101742939
20352,7204.212633358586,7209.2103993084065,9.421364032190061,7246.445597705404
20382,7206.631942045365,7211.310953206817,10.375356920865418,7249.027278673976
20388,7208.837160088531,7213.325673192906,10.81864606044329,7251.255964461944
20760,7222.262765001461,7226.5047242681085,11.233211783112226,7253.424231685508
13896,7255.162276829716,7259.068449685004,12.119706931587775,7263.6265842057055
13716,7264.708814909279,7269.100265601662,11.159600738335142,7273.983809607792
21383,7293.644032146913,7298.267973389982,10.551907060893518,7339.233668779688
20288,7295.959852153296,7300.186586919569,11.493723286992825,7341.624545852389
20278,7304.154421766249,7308.182416844038,6.766611307329374,7347.517505167201
21370,7310.136219237643,7348.140729018522,7.673789181403826,7353.570113840833
20786,7341.074285591945,7356.510262147243,12.165312246153166,7431.484737472125
21366,7352.324041093176,7358.49828799194,10.490045584965422,7433.651130024692
21404,7355.2056005763525,7360.375706681575,8.988239367956446,7446.457973422508
20743,7445.2113433187005,7462.092585773795,9.15069212538646,7523.483887538598
20751,7447.552484109205,7464.077252911939,7.9275144626829235,7536.464697872181
19426,9191.797392081311,9195.49404099881,12.780394610285905,9229.036026137368
19401,9273.164772976052,9277.446868667024,13.639996051404252,9316.487505458796
