2065,123.93119588726347,124.40896201284093,10.581943998307478,125.60364020825247
2807,303.625107966853,304.03541612318975,12.436086962687034,305.0588353375367
4264,320.94324584102066,321.40712063511455,10.854248308352933,322.5055465379563
2019,341.1109480275244,341.5482611383185,11.592995253115829,342.64903750804933
4998,429.5793701186521,430.09836411797176,10.351299849080242,431.3681114096029
196,487.10885664493185,487.53482524064935,11.901743153204468,488.58755739390256
2813,496.98618512874026,497.4221272901801,11.629363648945693,498.50032693791934
4326,499.75700434463494,500.1789888969387,12.475402764661442,501.1899026148785
3449,508.099184116281,508.53124821966645,11.733834812558847,509.6910535490724
5010,514.052012560891,514.4843377364905,11.726748992883564,515.5494430223035
4968,586.7838292790864,587.1767118085452,12.992455203517082,588.1664810158721
4950,598.0543611269833,598.4605254727254,12.48206266922885,599.4939634558017
5031,599.8653035792946,600.272576125387,12.691100398406665,601.293313352447
139,609.904449619454,610.2754916988538,13.765650383481653,611.2028084751369
200,675.57614266187,676.0505224800879,11.446677292154813,677.158774909859
5001,678.1649431536647,678.567399393981,12.597068475262557,679.5978883761469
179,695.8280743696826,696.2123304081684,13.572202934648342,697.146535292292
2017,757.9934508176215,758.3735093037802,13.33747310680368,759.3418673094488
3445,765.6430477313859,766.0048916704119,13.19873766155452,766.9650544253915
4297,770.6983110679448,771.0960195636923,12.506713490496251,772.1056085443689
4351,779.6324825239518,780.0052085895223,13.281455232894144,780.9593914025611
3429,841.7421353125652,842.1180375430421,13.814674504837923,843.0347548387233
4989,845.0438784952735,845.4386757617461,12.841448632255181,846.4341869875328
2800,849.7600400149399,850.1680631785307,12.52161438976188,851.1763538903158
3422,860.8156705616091,861.2281696327493,12.687109131662025,862.2231970598062
3409,866.960727439157,867.4095987556494,11.280940690265712,868.5288263571157
571,875.8546537526216,876.2442756124875,12.691016201554225,877.2322678819082
2814,910.9263045912638,911.3774453455703,11.309769270798865,912.4755928908597
2077,936.795758607536,937.1700301705023,13.712462357775564,938.099705951747
190,1030.9332743623647,1031.3685732120036,11.712551769949632,1032.467427455564
4972,1047.7616097155258,1048.1772422594618,11.491953579791835,1049.2671828944926
4974,1114.900418022023,1115.3714380667323,10.741545115492816,1116.5237538110036
2098,1117.039113585071,1117.521405907061,10.511817390418306,1118.6495566254873
3403,1122.7285371453818,1123.0779939628271,15.650694113525626,1123.887730337677
3462,1141.6044641811045,1142.0209032033495,12.983156048961364,1142.9970091877176
143,1146.938595301386,1147.2877978241504,14.7365650982167,1148.1507434762405
4337,1181.0599773532215,1181.4383156094766,13.40009563859357,1182.378000313337
4293,1223.7915523350268,1224.173083695355,13.288799182682963,1225.1299386247015
4947,1237.9570502187603,1238.38881742183,11.748609681850196,1239.4849785658473
5002,1291.8879920959437,1292.3267477819643,11.56093645494322,1293.4082177727412
2809,1293.7118930262181,1294.1359707239371,11.461216260052932,1295.2434374652178
1262,1365.0264474440037,1365.346046633151,15.86289637056441,1366.142672285436
4979,1469.9438236432695,1470.3199046102022,13.450635234732697,1471.2588617311578
3400,1489.7999213756304,1490.1658853935687,14.000954885452508,1491.0683951187355
3874,1503.7386839074074,1504.148753293084,12.44830686491764,1505.1656965512022
2790,1563.9291385993847,1564.3326288133842,12.587248414280452,1565.3590583371913
157,1571.5103925884218,1572.0630549539692,9.300935582630087,1573.4026322778227
2804,1634.0188841608363,1634.372876772017,14.3216797679858,1635.2657326029012
152,1657.745958806942,1658.1605806382634,12.244221013700757,1659.1916907586362
2803,1661.0442394365145,1661.4955388809972,11.233713844642507,1662.6269535963136
3438,1666.2001642080515,1666.5884183208807,13.057862492728555,1667.533427716425
3446,1674.0254271564254,1674.4796005992985,11.16262717936504,1675.6043015020366
3893,1687.8759401120772,1688.2922523435043,12.132149497101484,1689.3461279181063
2074,1743.737728291411,1744.1489589982593,12.74772027198442,1745.1538166701546
2021,1746.926903858136,1747.3244662801774,12.658129344435137,1748.3225134435281
3433,1755.1988423766009,1755.5716359577484,13.59939943696394,1756.5131139759128
2037,1785.712905169172,1786.26107304266,6.891761194973478,1801.494330885538
4329,1814.8679564475956,1815.3058290693764,11.43788602838523,1816.3983747741593
4360,1818.166800978335,1818.484196600217,15.973026935602851,1819.2948562764439
4295,1869.052615091098,1869.466809354804,12.24007491604889,1870.522353590307
2010,1897.6164322419331,1898.1739809613923,9.283036798480351,1899.5122573516753
3888,1904.0191935395405,1904.410498896483,12.956042455369694,1905.3781680602751
4983,1948.6831330085265,1949.0876141264973,12.742577302159408,1950.0853737059274
6774,1975.7086136961932,1976.283134696095,7.144864936131044,1981.3875951052419
4306,2033.5519342996938,2034.049448760592,10.718841677184976,2035.2403929525724
191,2044.1248253431008,2044.4693601133308,14.714824904840038,2045.3260783003245
10515,2121.1262870234004,2121.5253807777385,12.703202599517248,2122.5396463923335
10516,2122.9585000859333,2123.380828901711,12.013555965060116,2124.442795713219
5022,2196.935101930601,2197.2660191409163,15.795473312896743,2198.070413086933
8257,2198.7807774194457,2199.1093463668153,15.779781272150498,2199.9124586594885
2769,2202.1425468744956,2202.5200835950845,13.428544936399454,2203.484073125362
3875,2204.968027881968,2205.327247104017,14.135781561108512,2206.2290244454953
2775,2207.813647766143,2208.1791456689466,14.000682426945058,2209.0856419049733
4997,2210.105729373223,2210.550719979569,11.392979414079763,2211.639024062769
4288,2226.9465599074992,2227.303139938561,14.267079182954463,2228.1939819625777
10524,2278.676502021099,2279.05813574761,12.850662964521986,2280.0413931627004
4292,2290.056434177681,2290.5072416332437,11.245973763312847,2291.6171046492505
9857,2295.8682176751986,2296.2926198508007,11.812325900771325,2297.3608343372766
3407,2300.6844601731264,2301.0907307117614,12.111564921141673,2302.139660796809
5021,2319.122578704473,2319.50664607287,13.200207137409533,2320.4646145872503
7524,2320.9166796045934,2321.3066238950983,12.804685840641355,2322.2845159477874
4334,2322.6544953961584,2323.151168987562,7.077078711478271,2341.4378680417094
8264,2378.051502464371,2378.4963634256264,11.396299651139755,2379.620031295684
8913,2399.146987449176,2399.49779607643,14.451665163569889,2400.358610437839
10547,2401.935118657037,2402.2881745150003,14.504846971495331,2403.164238310505
7553,2423.6079564645734,2424.1062070455905,6.924644493100884,2431.53382490982
3857,2476.0216999407257,2476.4200056942414,12.728334383356739,2477.43154360899
8962,2479.714261306103,2480.1519606577717,11.431325371136762,2481.2472605269927
8918,2525.9287219655994,2526.327380299989,12.76380543720483,2527.3277260761415
10546,2552.721942120706,2553.102880619609,12.512505211314144,2554.113102015622
8942,2565.827230292438,2566.221606121317,12.759179564839451,2567.205050550624
6784,2584.8414203741377,2585.2018797518826,14.069998234995024,2586.1023885036957
7595,2619.8797467747904,2620.3838136140575,10.346929621914299,2621.662302607394
8919,2633.847385719851,2634.2846686982293,11.255201768275693,2635.382602961967
8952,2640.041109842935,2640.477097427399,11.628241257818166,2641.5865108104927
10470,2643.025765574574,2643.452911440308,11.868940388417567,2644.504626272205
10518,2644.88647482159,2645.2985118778315,12.10817605389179,2646.3725778080525
8259,2650.080353315761,2650.51658514781,11.621730568694982,2651.6031697453186
9333,2652.8226006367263,2653.184719411806,14.306695942531805,2654.070864054873
9838,2656.075353396079,2656.450527229555,13.51311942678882,2657.404543990245
6082,2670.7024198795575,2671.072670527386,13.102982853538581,2672.0374946719107
10537,2733.080146166291,2733.5384257803003,11.062610385848886,2734.7200009130893
9351,2750.8842035220805,2751.2353143092078,14.336716437512482,2752.12391236765
9798,2803.0498388239525,2803.4573490137964,12.44083938000404,2804.4639682077473
8957,2841.169856664232,2841.585530226726,12.196514945878302,2842.6274945364626
7529,2869.6380579815855,2870.13917130315,6.866769623986521,2881.330748470256
9829,2942.165795946306,2942.5704698853915,12.5280338759114,2943.5772102973638
6764,2943.8613021862966,2944.281064436316,12.833717620547388,2945.291530883878
8332,2980.8038684211265,2981.240515493952,11.523642409651433,2982.317915956286
5642,3006.988683210878,3007.3970225032726,12.440885999632654,3008.415089188407
8938,3019.037849526686,3019.4686372095307,11.768602073488255,3020.553987363833
9816,3024.139087146517,3024.522775673811,13.213240576458421,3025.496172805134
10472,3027.731751511687,3028.2596300529194,9.542610989461542,3029.606214210115
8324,3093.6450947924086,3094.002951486983,14.09898222260548,3094.9018061784273
9338,3110.130624982296,3110.5498214272156,12.094016728906293,3111.5861109433304
9356,3179.689154574482,3180.0308557404383,14.608810395682353,3180.898341591245
9357,3186.0042523496236,3186.415919809199,12.315204176667375,3187.456844040748
9348,3200.9084532738984,3201.361292163399,11.149424201733263,3202.5327443648684
8958,3207.086140396278,3207.4710782242782,13.170357519566346,3208.448662382238
8908,3208.788968292768,3209.168976208246,12.933835079461373,3210.156120317771
8935,3214.827600678413,3215.2029154414076,13.199184554533367,3216.1771899966548
6086,3219.88880092463,3220.2593172846414,13.88945527913887,3221.1646294008397
8239,3273.8648735613947,3274.2178126594954,14.677548596288364,3275.0822862013283
6756,3301.9700869211397,3302.406920001767,11.585447550695816,3303.481950094835
8321,3331.0687155387964,3331.5320103710355,10.94285639463199,3332.6519067728545
10465,3386.0705981592064,3386.4478194598737,13.439773439583881,3387.3597110780756
5690,3396.717649925672,3397.092956383348,13.513188865092074,3398.031248033384
5649,3398.773800700399,3399.1687141829048,12.814075564464078,3400.150813651186
6775,3401.752424129345,3402.1136987518894,14.131997588598841,3403.011136244206
9768,3424.6617727497596,3425.0293234341984,14.370743503674293,3425.911180125338
7568,3429.117923911349,3429.5230209479596,12.51494915880567,3430.558086060929
9369,3435.158983872186,3435.543808821824,13.17422070044263,3436.488283776922
8251,3441.1190459160866,3441.551178923205,11.731963849219769,3442.570365857451
9386,3471.102304461063,3471.5002254842366,12.740640786262958,3472.543074409797
6091,3574.103240233486,3574.549883318021,11.350827972264629,3575.650145859549
8322,3726.9915139874993,3727.4053557377224,12.279052000973639,3728.369646762009
9771,3734.1771236042687,3734.5185064629595,14.850683590280262,3735.3739946646388
8930,3737.965459509364,3738.3436566982555,13.40564461187699,3739.2922616841693
9394,3739.878940652247,3740.2868899446244,12.436767146198275,3741.3243222983533
9384,3746.043121594304,3746.3989120037527,14.249312749670153,3747.2816136563088
10511,3751.056659873138,3751.472028359142,12.205472943649546,3752.5350246816224
8260,3752.9994824073365,3753.468143675784,10.816288256182245,3754.6272321471242
11583,3810.102142406341,3810.458507261745,14.2263434249355,3811.347525758487
13060,3816.045157837768,3816.422722826479,13.427539547209422,3817.3537308506648
9835,3817.766510916169,3818.1331591752555,13.597780279528859,3819.0642240425314
8912,3834.8016464483762,3835.244209577905,11.460348571732709,3836.33929184451
9800,3840.867201187794,3841.213658170378,14.537986858743604,3842.0944436647424
8287,3901.9362830074865,3902.366915735258,11.673462364678594,3903.4408055657805
9368,3904.9326884754487,3905.3579386545985,11.961225316488795,3906.3975989981936
10509,3907.7804278131557,3908.212913085669,11.445620361689194,3909.3075825483697
12264,3980.7689361442754,3981.153747283556,13.37539976358783,3982.10470845862
9863,4014.98223131353,4015.4228698348475,11.48251228362969,4016.4885616199167
10461,4019.650962225947,4020.08132547689,12.052690825174528,4021.1272482258114
16030,4024.932396375338,4025.2811317891105,14.573751951487479,4026.1495844668025
15970,4026.747424493619,4027.153931644448,12.826425192689223,4028.1413503473864
16042,4078.899016095511,4079.2536766769285,14.389311704674585,4080.140018873733
15952,4081.8229956004234,4082.2024888798737,13.506890813014307,4083.1384077854127
8937,4084.8088020174573,4085.1628776138577,14.380599526324547,4086.046382510549
13778,4087.7515960338965,4088.1617407084264,12.61063365938223,4089.1716470453352
11190,4120.67521560067,4121.0678083141,12.104536638467433,4122.1121152705755
9856,4122.682769288474,4123.20414143625,6.9858557485828285,4141.496220953959
8946,4240.2431782867425,4240.61786491543,13.530690527471686,4241.5429407076235
13116,4283.892351378204,4284.267813032202,13.21155164238455,4285.2542249500275
16022,4293.906926096849,4294.36023155728,11.094070724318579,4295.512064017805
11580,4296.163172274686,4296.560416935307,12.762333443667742,4297.586180825796
12276,4327.83820789916,4328.264332639921,11.70224879923786,4329.334974226592
9343,4365.886608435943,4366.343132993492,10.975341256088457,4367.514942838562
8312,4432.5861598452675,4433.110005833303,10.269066482150341,4434.368807155372
13110,4441.024067758534,4441.396624293225,13.608052323566511,4442.33017938558
15977,4618.2425012752865,4618.612837485093,13.689638450984253,4619.533139832015
13819,4621.818815446428,4622.218305968337,12.527805257574189,4623.214834775505
8292,4689.781947461756,4690.213521972322,12.282196044001141,4691.2551910596385
11178,4727.845118825283,4728.22323364425,13.549095241257787,4729.1665169852895
5645,4734.64365807172,4735.064484878488,12.224454855926314,4736.105422944309
14891,4786.912764785965,4787.35121547516,11.655342036060064,4788.42509688871
12290,4803.991870486522,4804.411907611141,12.074636477529069,4805.46859783446
11192,4819.132635297148,4819.540239351418,12.43797446188288,4820.5621257746
11164,4858.73321577947,4859.273780058796,7.503134939069045,4860.78227843369
15345,4863.73228887585,4864.160149028236,12.231309692085292,4865.2071474158965
14464,4878.9299799380615,4879.354693578397,11.91875231644595,4880.4128986907535
15324,4900.111205083528,4900.502198510517,12.9663786335114,4901.482078801774
13105,4903.005299346823,4903.398194012399,12.903633624399587,4904.398979135485
15334,4904.903530957771,4905.278361196612,13.560194731134965,4906.22827237061
11574,4908.1444955810975,4908.516162562515,13.64062203808617,4909.444064621241
15985,4990.7803904699085,4991.193454456868,12.474050017769006,4992.219545700031
13757,4995.958335361623,4996.300788101595,15.0305138577567,4997.141111222526
13839,4997.753791555786,4998.154762508637,12.469870913882938,4999.177769666771
13753,5004.00490018981,5004.472297844164,10.84679987230293,5005.605295215917
13779,5006.045324990778,5006.443438349219,12.734485568165125,5007.494369745287
15363,5008.001515147838,5008.4622222865955,11.004320079020845,5009.652912802817
12275,5015.736284269921,5016.192715145167,10.748042010041466,5017.36060419993
11147,5017.762326448626,5018.214446997839,11.553310748742886,5019.296868802684
15314,5070.184897578627,5070.583637292732,12.714481748935103,5071.572194562248
15293,5084.735597168754,5085.128600526845,13.020932525515153,5086.098353009728
15273,5088.117400722404,5088.519287617619,12.614914489452715,5089.571068416746
16034,5098.962186452939,5099.431731289591,10.903938946137249,5100.612927569461
15971,5101.838221121819,5102.247619481894,12.138159870171547,5103.297053039799
14424,5104.697426870523,5105.192446823895,9.848623613554851,5106.439096844628
11188,5171.243266702827,5171.616934690391,13.567575993362738,5172.565108396503
14466,5181.909670039438,5182.305168783443,12.889763037616147,5183.293441139088
14439,5186.056310081275,5186.412470832014,14.234496100550166,5187.2827658885735
11203,5200.596930223648,5201.13680491312,9.322327796921664,5202.464701707434
12284,5284.920404662517,5285.269583588069,14.336678559950798,5286.153594875107
13072,5343.943203382178,5344.414088374459,10.989964784584997,5345.543691097621
15275,5404.671621668459,5405.061688412882,13.75259290664892,5405.983182737728
14850,5420.8717715608545,5421.262256128326,12.855466994624788,5422.253815145594
14877,5438.652348721871,5439.160474181439,10.712080717866506,5440.3452489161955
11198,5440.615305444544,5441.085676809926,10.952049254934716,5442.275716687547
15274,5446.040067863942,5446.4478377307205,12.43291677634168,5447.462849687586
14893,5454.532592661896,5455.033957894482,10.786877819305115,5456.226339320467
14436,5469.825860451314,5470.281159751977,11.179589709385183,5471.399888235948
13061,5500.5103811935405,5501.001601412077,11.180118704462128,5502.137300401961
13746,5559.681234284948,5560.077916692137,13.032520828014722,5561.0516578857505
14415,5626.751680795761,5627.128849553146,12.722846718318948,5628.115056825086
15986,5631.631253006339,5632.025770356016,12.794404033776315,5633.015881899965
16045,5634.723132802761,5635.087436774364,14.239200107397306,5635.977440160776
15979,5651.781241474451,5652.168825824496,12.93515499016835,5653.14754000921
16013,5708.090064400922,5708.429823482307,14.921658008043286,5709.282774854966
15348,5723.04731236295,5723.509939478195,10.958650391421607,5724.626195349474
15963,5788.1950186034865,5788.561867540568,13.819772405228232,5789.4919335083905
14894,5798.0355151831545,5798.518392229234,10.499088450627601,5799.773327198827
19318,5858.624881243074,5859.062409124702,12.200623567851247,5860.10494152941
14841,5863.959864675119,5864.367770761549,12.520820071291194,5865.391165254701
18539,5891.632180345718,5892.0133030997295,13.538674037961345,5892.94935756709
21463,5903.210072882845,5903.5790579977875,13.73976513484823,5904.502353112224
16007,5911.084075075901,5911.544005068773,11.022914130692051,5912.722220516563
15976,5917.822028633578,5918.270400196946,11.161748573530895,5919.405159078926
17788,6047.911030303271,6048.333956194767,12.10861923310848,6049.4097253914215
18556,6063.099429847476,6063.478018566613,13.39123053938808,6064.408392508816
18511,6073.503111304571,6074.020031625832,9.084536506669172,6075.381557344305
20799,6079.076949377651,6079.469238400939,12.923555125441306,6080.472540564464
21486,6087.950857924793,6088.289925291997,15.148107206950927,6089.117152668896
17773,6091.762306756474,6092.100840231672,14.913752942834174,6092.950588538752
17074,6099.17868189482,6099.561705834546,13.236166964394293,6100.516533367125
18555,6108.656207290751,6109.206973891068,6.951131777912768,6121.677246394094
21471,6182.881631432833,6183.272179283298,13.21161548510569,6184.241944459432
16687,6250.940624143822,6251.31243087409,13.613387752957008,6252.246451616645
16692,6272.27095234405,6272.635779423088,13.896361067611519,6273.560181514034
20818,6284.664778751494,6285.175840559466,6.968380621916994,6301.776205534393
18602,6311.95518355106,6312.456665610652,10.106719850952222,6313.702412874457
19267,6332.802654468887,6333.21380252038,12.505541691422973,6334.230204428914
20811,6364.038099406413,6364.472951457192,11.658606205174351,6365.550751337713
13826,6374.546743559434,6375.029426684383,6.277648167913476,6391.355434668719
21460,6448.861264255106,6449.246529751981,12.813810390001146,6450.227478523011
18534,6475.663841757426,6476.236990633365,6.726255318378278,6481.666916149621
20829,6535.640953495783,6536.027254164688,12.632499526244457,6537.028416888442
20858,6597.6940333929015,6598.041122031891,14.519175406505337,6598.91396335797
19943,6602.957707741736,6603.3911195673945,11.720238252013754,6604.453289358122
13797,6606.198164936437,6606.572845689674,13.530902705223703,6607.494254573593
21500,6640.232172920319,6640.591405296658,14.11278367844846,6641.481659095824
17759,6661.143938057884,6661.531897920771,13.06776628855971,6662.515742815237
20387,6742.532351169382,6743.089327451795,6.259257157579063,6751.716416566888
18612,6753.596306412815,6754.028813793518,10.946228155285441,6755.18278529789
18525,6755.953817680869,6756.330172729791,13.4626333885073,6757.263195203686
18550,6760.816276920335,6761.21362736218,12.772665953210037,6762.20900797015
19250,6794.975510285219,6795.316966397685,14.929624680460378,6796.170180887796
20391,6917.709227925099,6918.270923645571,7.115268504659218,6931.341515092001
17760,6949.715881886344,6950.1154422479985,12.725593065942432,6951.121115420225
21473,6974.855072395111,6975.251841392088,12.95522148037272,6976.245278657001
21472,6976.664349274669,6977.062933970948,11.940815033344442,6978.113456211619
19934,6979.942526798142,6980.377291793276,11.665776352922178,6981.474086409747
19948,6981.813315593454,6982.235593055589,11.92006704814929,6983.290220415065
21542,6987.071439222233,6987.528688719464,11.087532842036408,6988.660806101199
21522,6989.84237249868,6990.207235541295,13.789253179033077,6991.122127314308
21512,6991.716798382217,6992.103105665146,13.12450641795291,6993.068926725488
16676,6997.115285511328,6997.54159956193,11.892098818692652,6998.620205827614
21449,6999.0793287518845,6999.490056431277,12.343382420833144,7000.499250287763
21544,7000.806378547067,7001.215783982016,12.057434495473832,7002.274719422736
20830,7085.978784149352,7086.449255394578,10.745232248464484,7087.597595250044
20801,7133.101536723671,7133.541086895317,11.53399348836737,7134.648102718833
18563,7152.914605330831,7153.357321134129,11.26380680997661,7154.442448987973
19306,7156.743222069002,7157.255087895906,10.18661628627035,7158.488652904234
16661,7175.417769725162,7176.013891913675,10.312024414332269,7177.202775246632
21547,7179.817193196683,7180.1656459366395,15.247976788828366,7180.996768418716
20396,7212.026163411922,7212.479091299348,11.193324496745214,7213.651180961829
19921,7260.034444449437,7260.417222109255,13.244683140496889,7261.380163750742
19952,7263.0441812407535,7263.432388604639,13.059434954621109,7264.387941691113
17079,7265.536071154567,7266.050232801724,9.174547760179713,7267.393793359623
18547,7292.004736962904,7292.438091827552,11.698885211950396,7293.530774946
19341,7320.640978119062,7321.0542781916565,12.51039791521166,7322.070429566747
19910,7326.965578463668,7327.409191184806,11.404942484472297,7328.509548314288
20788,7332.13984959969,7332.558296671219,12.115675225159972,7333.579974524157
19966,7337.6340074555155,7338.178104339059,9.158337182569786,7339.528797626486
19904,7339.71118739201,7340.209878954975,10.303569101449412,7341.515388914501
17087,7352.924300831356,7353.386744446066,11.085301553027156,7354.561472796219
20345,7377.675214482937,7378.239880195241,6.8884528696140706,7380.794465900785
19247,7423.742293273305,7424.126307127722,13.299181608824004,7425.0793426614155
19300,7502.733657537699,7503.139154145911,12.735616877966738,7504.13733127409
20379,7511.724142623694,7512.065580421332,14.434423941003365,7512.943546619856
20789,7771.927739753672,7772.3638300196635,11.644159413426165,7773.449623271957
20782,7782.960809882786,7783.309759526893,14.510058251719256,7784.185836084233
20336,7788.17253349843,7788.5862665669065,12.253719134036073,7789.600518839103
19936,7808.983400028717,7809.351484979758,13.747944348016546,7810.256931898017
20368,7830.710893765823,7831.132120193308,11.545772027425967,7832.218241757737
20371,7925.028944336889,7925.443998274483,12.214722854920328,7926.487477786895
20364,8011.923852448567,8012.274114787189,14.717815906793124,8013.136837693187
19935,8040.082354928386,8040.449675382495,13.80203242386272,8041.392141622341
16643,8044.629168840591,8045.059195337942,11.657596302275904,8046.140450072313
19308,8119.835779599041,8120.250382236697,11.907535667050631,8121.29993391966
19243,8308.833636164005,8309.196648249741,13.692898899779777,8310.11974057284
19258,8319.912676312919,8320.339719787455,11.925927501413852,8321.394421500885
19307,8399.16069186282,8399.532537193265,13.634079555324437,8400.446071385042
19270,8946.056347112415,8946.498690273304,11.461166953294937,8947.598459331757
19293,9100.626971059357,9101.044104125054,12.239826988267893,9102.086345382717
19275,9391.704344659296,9392.158246310533,11.063548761874861,9393.300725704592
