2178,68.50736991573099,70.5674415403405,12.244227853604212,73.00275610851833
2001,133.05667556553885,135.10693877954046,10.028853626955739,139.12809283847918
1988,180.1414206462977,182.35744791582755,11.15344410216882,229.25583707233173
1220,224.92395960129627,227.21624022312525,9.582152641753172,232.27823526059115
2230,396.4799674148265,398.4845837904536,13.260126397699507,406.272659615673
1959,406.2198535812639,408.0160608278129,14.436565811971857,410.2053575952628
2174,444.17917917445146,446.41431395326345,10.823162802205571,499.10667590896475
2195,583.0334761480123,585.3167141317819,12.025713807725097,589.1054701257073
1919,617.3249218639155,619.250199752363,13.248920780178288,621.5933152288004
1948,628.3761626090054,630.1694672717971,13.995802493796932,676.444593980523
1924,652.8308433872926,655.0481484317716,9.916581808107546,679.2200533187388
2180,657.2520743262722,659.4686890795712,9.480567303950941,681.4700095576903
2005,679.7834944716009,682.2318899279697,9.195535770399896,694.7200684875241
2205,695.7757399038918,697.5809779004301,14.913555439717815,699.7152096297954
2167,702.292657966503,704.226783733881,13.81226401560722,706.5364019490194
2169,707.1921419229974,709.1136300878068,13.498208355789373,711.4720930671438
2734,745.4869398437113,747.5567570194316,12.113134415090167,766.9891964458301
1950,767.5026520416103,769.4746772395115,13.21044801864251,771.8589753458302
1987,787.3549443174044,789.3595602532685,12.953305326230364,791.7605853484013
2716,803.9100697498574,806.2297300264144,10.98522896805591,861.390829604939
1237,861.8272800805786,864.0490185459686,11.792307050480309,866.6822553028994
1914,893.3970008923602,895.3761171436695,12.218097598103757,946.8770062614668
1952,895.2720825340588,897.3813420863432,10.072043361076226,949.4520566828438
1976,994.2488794088581,996.3446342679506,11.730854653907777,1042.6074126978235
2202,1068.8519473572467,1071.0136110754358,11.796441353787,1073.6018597221632
1992,1169.4836978583098,1171.3754673306853,14.39711035913302,1216.678095601534
2261,1241.9978860762394,1244.2911879292546,11.428219920497533,1247.0286748209132
2424,1243.8604481078617,1246.1932438059212,11.983691646764603,1249.1901289689636
1946,1258.2146631832252,1260.0833463478343,10.482178889318508,1309.3715890015462
2292,1283.847784021273,1286.219869243371,8.396061876816606,1311.3887463886044
1916,1328.7481953225886,1330.5369194042948,14.356354999521484,1332.6935182369282
1954,1341.173063215432,1343.3580436856832,11.484295119715851,1396.627469215374
1921,1343.0020725629624,1345.173138866638,10.056101426962178,1399.1574660288807
1978,1603.3597414641201,1605.3318883723164,13.627352503233249,1607.6683226198359
1912,1610.3342365602318,1612.4832717558993,11.950511489974488,1666.33659139586
1945,1614.7601453153998,1616.6088867830729,13.537029160313153,1668.8209643332557
1908,1706.0344053303224,1708.0593778657162,12.440351659902753,1756.4055346565963
1910,1798.5531323490857,1800.4013144926919,13.87073947858542,1846.4137520801262
1997,1806.4171374826005,1808.1276867168017,11.119158106468987,1848.7483881753385
7689,1931.1055220303274,1933.1525291014577,12.84082936431471,1935.8957575331194
7434,1975.5627898760467,1977.530880552668,12.922344174857093,2026.7342202095526
7503,1991.4582534772608,1993.4936107120643,12.691566197275154,2029.8478743492333
6748,2021.1020071799967,2023.298019440396,8.977464907610928,2031.9272836376545
7436,2081.894602511663,2084.211975359228,10.43459400765045,2119.443931337493
7469,2148.1204665703976,2150.125710686716,13.515471955190744,2152.472449095212
7472,2152.908771065516,2155.1606856475746,11.2154735896131,2206.789603564288
6992,2184.915169468757,2187.071643519781,8.399320772674065,2211.776902297609
7450,2233.6681673820626,2236.189710184032,10.246700164523956,2239.116169473039
7664,2235.635219780526,2238.1265015024323,10.419127528313439,2296.3178408870294
7696,2237.833472952227,2240.2115612845882,10.085082401872338,2298.940301111359
7173,2462.7149239536243,2465.014337615508,6.464074338810119,2487.4581084653787
7444,2520.2874186340578,2522.4283522830497,11.683819610343134,2569.0705988597842
8212,2590.5142045807142,2592.3738633203607,13.4539988594721,2594.6400131202317
7706,2598.8373476425854,2601.1851278369386,11.32897957843709,2603.8824412083145
7479,2620.420850086111,2622.1921989117486,13.799232804821196,2656.4480224367494
7476,2661.8582437210384,2663.6395732950073,14.968911450613872,2665.7383088398806
7412,2669.9537601751686,2672.118649258823,12.311120135581122,2674.618500021581
8228,2679.784341623195,2682.130099932575,11.78079762430895,2684.7240849340437
7416,2687.9996047893706,2690.344253376228,11.726251738020622,2692.980509105863
7504,2709.8736373725324,2712.1472678576283,11.291007537019889,2746.3826887622627
10405,2781.860231548996,2783.5683595077135,15.333725759182814,2836.645226689351
7738,2789.686532627205,2791.480789197904,12.502671151662325,2839.0979176219575
7470,2863.6652564147703,2866.096050231029,11.002745690659113,2868.975716897623
7414,2949.258181426271,2951.1759679866445,13.915522151816857,2953.421321839352
8286,2957.8080316138376,2960.4295571724915,10.191117348135412,2963.5398205144215
8280,2959.7800398316585,2962.3623000515095,9.868976831759753,3016.3383758879704
10379,2961.745611174754,2964.303172980906,9.453808914407434,3018.800343722575
7724,3058.0091978346945,3060.3516231011436,11.334165982549925,3106.3741166914633
7443,3127.266468484454,3129.318753493902,13.010787358638424,3131.612511017027
7720,3135.3469603776052,3137.2229394577917,13.456158182990853,3139.4828040296907
7498,3146.480779593272,3148.34569419937,13.680175099358088,3196.386741072911
7483,3188.9187642330917,3191.0389081092053,10.513343823823147,3198.8983354402353
7432,3200.2201282026404,3202.4523184900713,11.33176008048243,3206.8438519131923
10544,3223.6413291195395,3226.1808612559485,10.401684810796395,3229.157382683664
10528,3225.5442877779205,3228.074100649833,10.308480285304245,3231.1000433149575
7487,3232.0955399545146,3234.4959913665652,11.707752406698624,3289.4759984469138
7445,3239.120901066648,3241.1341123276948,8.113695851436487,3291.7255420161337
7405,3309.3849832652845,3311.355851653034,13.825962542602216,3313.5949357453983
8205,3451.381069348006,3453.4302817435796,12.08899059651868,3469.3533294187046
7705,3495.6915792528694,3497.3439174558966,15.312339573095002,3499.3960265511478
7440,3501.1098657782036,3503.0721430581775,12.44770808741714,3556.3700627386365
8155,3541.2978972749434,3543.424967367145,9.168440497997423,3561.7171224998524
7458,3580.712252489698,3583.0507130866613,10.79892628029606,3585.8593030047105
7730,3590.798555293502,3592.5814741861013,14.152547209195228,3649.9595461668937
7454,3668.683584802007,3670.5609249309487,13.543089622521297,3672.8246647743176
12993,3749.563637620428,3752.322493737016,9.640225107690434,3755.5285206030926
13007,3770.3465506768625,3772.5514515548202,11.699048391071015,3826.4132732447356
12981,3772.107251679388,3774.311239468305,10.941393554141031,3828.9551293104014
12230,3909.4117002300695,3911.289904681273,13.492234079918667,3916.0497244754147
10785,3943.925801756933,3946.462298312406,9.663389501370572,3949.4634305385403
10380,3948.043417615714,3950.2616450787273,11.279240917790569,3952.864111319111
13249,3951.893720850169,3954.0657530543267,11.761492447160544,4006.419288054675
12517,3982.095737225289,3984.0886615697955,11.130781582115887,4009.1309924737
13728,3995.9814838578236,4014.168205973876,6.368251843546476,4017.6376092646706
12950,4650.384301338345,4652.47022676155,12.322381884616721,4655.009977566102
13176,4654.788417600414,4656.4248968313495,15.625559845458865,4658.390467196971
13015,4663.4785786289185,4665.28306294887,13.909393866613414,4667.409409905531
13294,4676.845881795457,4679.057862642798,11.6889827429994,4726.364455558393
12939,4683.194492123213,4685.362576672202,11.280795687711839,4729.563304690817
13183,4684.954093957007,4687.302663336852,8.362092592177008,4737.144037687679
15318,4738.466109121937,4747.179842775069,8.303044689871053,4822.230235713667
12602,4743.9829068584595,4749.363162252345,7.999908994789325,4824.944742594971
13187,4825.511242851908,4832.109345030633,7.87483136029221,4835.044266061792
12995,4828.559212480858,4834.210913119645,9.664431812866967,4836.971453838259
12487,4832.510449483307,4836.080867043837,11.423189082952065,4839.948064322982
13284,4835.287300105496,4838.114975095138,11.572229149716176,4842.381617775612
12703,4851.706474980698,4854.113221934882,11.17036530122904,4906.376369159028
12613,4853.658459083232,4856.048317215463,9.616553136959057,4912.221231224469
12560,4855.52779505366,4858.197302082305,6.998962916173399,4915.132808927748
15897,4863.925556326741,4920.031440054987,6.394994445672349,4924.592353650352
13010,4915.143367244692,4922.228561968933,7.104322792769297,4926.3987075428795
13014,4929.270726507882,4931.164962961685,13.53498261093366,4933.396118758428
13002,4931.118572601585,4933.1682569692075,12.947085097458906,4935.600882413588
13242,4933.042727634047,4935.029317213459,12.615998630592133,4996.755586243759
13193,4986.318405367261,4988.472412023871,11.477765481026292,4999.150888571003
12955,5068.058684925543,5070.105207060708,12.196958582397246,5086.36296004008
13004,5075.3325484579855,5077.2633044569375,11.637064392341774,5089.173973597451
12552,5165.022074606148,5167.189365847772,10.666883600010033,5179.6430544774585
12438,5166.788301771116,5169.050947464827,6.581719472309703,5185.044940189009
15947,5231.178918541963,5234.076370594641,8.305398244435668,5268.776659182258
15885,5233.169884203494,5236.148910686851,6.842218596495681,5271.082299639509
13710,5313.1840479018765,5315.335566711433,11.44620343048503,5359.216744843837
13005,5332.746075571819,5366.0198391583435,8.618825308122975,5369.045751566335
12967,5390.983032155557,5393.029775608703,13.127490426713655,5446.371531445495
12974,5398.152714695322,5400.350673783393,12.169021229766606,5448.865526823808
12947,5424.1422704279885,5454.209465753887,6.656970217262872,5457.562521143799
13692,5524.257468797559,5547.102391247955,9.027666997801475,5549.924468769448
13786,5545.611643282022,5549.072270926213,10.77082878679552,5552.006293355371
13680,5548.000180947598,5551.05875223601,11.33022603961281,5553.873311672893
12923,5564.225521111719,5566.33545578831,12.240572314434289,5568.891584865437
16018,5608.871178192889,5611.215501970797,10.445052283081727,5629.365404197913
12984,5610.753683799585,5613.206685347033,7.541866407852504,5631.743093066713
12964,5650.037861158762,5652.073281753367,13.23717297236914,5654.407280949687
18428,5671.494842813576,5673.367431818215,14.33215409974533,5716.53420774495
12969,5710.336584497892,5712.521774681095,11.476009114217419,5719.138301217596
13734,5741.862177354382,5744.16702203067,10.922620207554383,5746.9168330295215
18671,5743.755613167487,5746.044754020686,11.724576454790594,5748.696212601814
18420,5747.322029850948,5749.544791364372,11.23468692723507,5806.606919416266
18452,5750.969182629505,5753.039075403009,9.899836791357426,5809.615038021295
18484,5832.160268501678,5834.377853517236,12.225442810065694,5896.347149044391
18457,5833.892520245314,5836.117167795545,9.676848475947878,5899.153221195693
17968,5891.826576618612,5904.075515600262,6.654825470585739,6001.548975337405
18410,6229.401966464397,6231.169050388062,13.094914815118711,6256.496666543169
18481,6286.25190388948,6288.509930263974,11.088422730183062,6291.219729552641
18509,6288.076558834295,6290.343188102001,12.091691355508177,6293.085556855542
18136,6325.47156451577,6327.576414137693,12.163831773768521,6349.179615197788
19296,6459.145030490917,6467.0578850492875,6.29971036355845,6532.207969990338
18448,6537.945017710719,6541.092240140339,8.386418179731098,6544.259486086841
21421,6540.2124714040565,6543.171749334552,10.196253325035354,6546.1109536004515
18507,6542.243821825471,6545.136873065918,11.075431835377302,6548.072557849394
18467,6664.128376587946,6666.352975433132,11.262495917759209,6706.368863201304
19227,6733.706202636423,6736.0347349649655,11.646915664998396,6738.763274501829
18739,6747.381410901817,6749.4198758526,12.979340889389817,6796.806054560131
18500,6749.2111107617175,6751.293247443397,11.827745070845166,6799.359289144996
18670,6943.422948169537,6945.481878184632,12.750265268826915,6976.708862165766
21446,6997.064507687483,6999.006370898444,13.64487346610683,7001.34911923069
18421,7022.308504481604,7024.516706809515,10.860678482642808,7068.944046808948
18440,7065.877369514697,7068.453192152278,9.938039189344787,7071.452151993867
21376,7080.539532299278,7083.06079666332,10.286843152925643,7085.983548078574
18445,7099.959529069355,7102.054061740132,11.701553952806933,7156.3896038819175
18493,7106.448273511699,7108.290083294172,11.481238457890806,7159.520187775581
19174,7184.434885659718,7187.191514862917,9.335847547785445,7190.563699735095
19183,7186.438661765922,7189.227240525577,8.55798618901999,7192.564380299147
18504,7188.468238356052,7191.235218960576,9.139953038061883,7246.417239679341
18485,7190.34749357196,7193.227931474573,8.50416174856465,7249.2429228373985
18486,7193.978997387545,7196.215290880276,7.754632261902133,7251.635456381888
20369,7228.264725355843,7254.110316783292,6.473256657360912,7258.046825755113
18468,7258.01447570603,7261.019603406503,11.373700883771852,7263.769046408785
13643,7283.136397383666,7285.455111313677,11.245088876817697,7336.672482369925
18686,7304.8662589406995,7307.289606391408,10.911733921721773,7339.438109244265
21388,7357.180607035984,7359.108133333687,12.56918857836193,7361.472810111842
21419,7458.214602998534,7460.4292495155105,11.371496193701322,7462.876348351457
21725,7537.262271403174,7539.1403356955925,13.855167619092457,7541.437116850537
21772,7540.946195108373,7543.008860255072,11.80808756862072,7545.624550028247
18666,7568.0444893516615,7570.285668179576,11.16144341403312,7606.458898039871
21423,7630.995251959051,7633.019597531116,12.986983942298222,7635.422325267769
21406,7643.804585160292,7646.266031500959,9.89975928049212,7696.384397213932
21439,7645.690813731182,7648.146389251443,9.86765571874625,7699.067256091449
21407,7724.152098942322,7726.37479777577,11.041839497116554,7729.296435756973
20759,7871.578311850453,7873.313808419718,13.353075306300704,7875.927793455884
20704,7880.862447445873,7883.1569875316545,11.229521973532718,7885.843509564332
20738,7886.317295564679,7888.34580929665,12.96616885348063,7890.772411689773
20853,7940.585604180007,7942.4683906148075,13.79664277197495,7966.794953095804
19315,7942.71563401552,7944.551803624334,12.695260367118422,7969.417877676516
19228,7999.199575221274,8001.371655843433,12.48665716706018,8003.940556326852
19295,8036.199382529991,8038.339339620821,11.920577459247893,8056.514568081171
20714,8043.256629671968,8046.137511504784,8.900936632985182,8059.174288562711
19167,8045.364317357036,8048.225471697973,8.119765785729639,8061.380866124218
20798,8058.401345813284,8066.015317969786,8.3623866926814,8069.361010002412
21470,8064.732527841725,8068.0847866377335,9.832450958232773,8071.162364859295
20806,8067.097913156416,8070.086659427201,9.557888297230981,8072.986886657986
19276,8069.210931741677,8072.093952455106,10.733147086605863,8074.8635990948
19145,8126.078949350884,8128.347975705591,11.76846193239312,8146.328553885489
19229,8127.96442324806,8130.194557580208,11.134572135993643,8151.465420091268
