151,393.9331321480415,396.3425268140881,12.723191731052978,398.5672092941121
576,454.10580340411155,456.29594245950636,13.154749875211914,458.37048112562167
204,484.6438344944291,486.48118863524047,12.585280895214483,488.6128714427826
587,572.7051464352261,574.4314103804028,13.95196276161993,576.4473347674588
571,814.4072116528182,816.5297786646792,12.65260242547205,818.652840227017
583,994.0613112992573,996.1668924418832,13.064626422774477,998.3085197298132
577,1300.1349802597333,1302.279725663895,10.625490632965798,1304.8997650655876
220,1534.1222006775142,1536.2612497579653,11.568499889015412,1538.6587992189293
3405,1586.802066885982,1588.4428697788098,14.14496388937285,1590.418958327136
640,1624.3893798779825,1626.5243968323462,13.277692409141503,1628.6323547763607
243,1730.7789169671364,1733.0080882705972,11.774069475058928,1735.3100683789244
140,1810.983629769127,1813.307351710738,12.225185173823176,1815.4525884053915
191,1989.1617937380765,1991.413359599686,12.118262129044025,1993.4126968220519
6087,2015.8172723136488,2017.4904216037655,13.831423332001085,2019.4698098884269
6078,2528.4137263131156,2530.590462329248,12.638209077442509,2532.753877423145
6069,2614.2139941371775,2616.4016121834907,10.580669776436586,2618.875038353164
6093,2685.414166085249,2687.466786725174,11.45068402881122,2689.910861064766
6073,2735.478957979658,2737.2803154934204,12.6158469602106,2739.3219807528812
8915,2794.6775471373217,2797.0825836144004,12.703471895448386,2799.145287542885
5685,2884.071095679117,2886.2495224308645,12.724792524824178,2888.0
8935,3095.583741460778,3097.055503135283,15.20060421295862,3098.8223348826464
6086,3154.1675051070956,3156.2328680567157,13.71314351357705,3158.2024637508534
5671,3248.7971262963256,3251.060235471251,12.432995027342205,3253.2130618386072
5690,3334.1772819771795,3336.1973877975147,13.525849770764195,3338.2411456006075
5664,3336.2355896543836,3338.0781330154587,12.485523922214899,3340.212162230942
6091,3514.2091227567307,3516.4080695225416,10.910140761808032,3518.9166494875494
5640,3609.0787252559144,3611.2571328655927,13.212472646068115,3613.295644406658
6100,3697.912337324906,3700.1677923600546,12.566352885481567,3702.290924680808
5678,3784.1976083421396,3786.226417988572,13.678474435837837,3788.0
8945,3918.320130516504,3921.0076320990433,8.316772610871169,3924.12858410777
11592,3964.1440643168507,3966.279192808313,11.971947328987874,3968.6060305879405
11190,4054.0495360793275,4056.0089865595046,12.289187008910954,4058.2124695890448
11160,4144.106786812801,4146.277639928759,10.901997181200796,4148.925067286477
11580,4188.742311511597,4191.022639970033,12.454147487841865,4193.134681722357
11604,4368.950941895989,4371.388791281141,11.7092709111589,4373.417921561563
11157,4414.270142296145,4416.391621703959,12.329114794302217,4418.645121606248
11140,4420.312365220236,4422.404260925479,13.069451673808913,4424.527329401726
14461,4550.526601500925,4552.5885668663395,12.373389989654532,4554.827551929622
14465,4596.441792246247,4599.028856543578,9.564814170498837,4602.019038092651
11639,4692.993670418934,4695.398561514326,11.912534955070504,4697.490937497631
11572,4818.804077409166,4821.12394580782,12.549627036589117,4823.143639530966
11675,4864.2004372686115,4866.3319489247615,11.196470965040664,4868.728036308431
11660,4894.4741630436765,4896.189237395979,13.691229648576755,4898.214376354072
14479,4897.832656405885,4899.307478117173,15.685728283321453,4901.025128294782
14496,4954.166902283731,4956.277273210737,12.486160769591553,4958.440875256502
11230,4985.529326406072,4987.402937760685,12.597682877518109,4989.605783628678
11203,5054.104704933791,5056.431513611916,9.841286323010822,5059.122086917058
14403,5059.960485342723,5062.308377761166,9.648262069183488,5065.050793114231
11200,5134.069332088439,5136.268803225381,12.334854938831194,5138.440088997202
14421,5189.327787812636,5191.309556448213,11.778258339002493,5193.589922838741
11163,5314.087760834556,5316.1788568644815,11.89425157037579,5318.412263598792
14417,5404.282542778127,5406.285199265336,14.062326935413742,5408.206728511535
14436,5406.2133133582565,5408.32692930507,11.524009181266564,5410.737748788369
11201,5494.090572658972,5496.3520521703285,11.864216102560453,5498.6440489783345
11627,5522.444278903361,5524.220954498505,13.510383027300026,5526.204495089929
11599,5590.916571354886,5593.328656852229,11.393842757816111,5595.666929606213
11186,5674.0722945736825,5676.273013109457,13.074087866216225,5678.349545438461
16679,5797.430078387704,5799.22474161755,13.085651321280535,5801.309837185534
17162,5854.091809134957,5856.277996572436,10.72494826357839,5858.803804775887
14897,5861.134186574625,5863.426238133087,12.795795867248565,5865.512082419353
17096,5916.204476474671,5918.159618676635,11.610198629557594,5920.448551259443
17080,5948.452502572651,5950.574217686168,13.251353793908994,5952.514832553948
17156,5950.539083917832,5952.419105642393,13.209176811320052,5954.518540744179
16693,6071.04735850783,6073.08478088823,12.117845533344727,6075.2602966542845
17077,6279.359715276348,6281.0424965232005,13.655812093545727,6283.048740209333
16745,6396.3683125716325,6398.379054952418,11.11552385534881,6400.775796204302
17146,6398.677292919127,6400.460797316654,12.491850258630226,6402.68768908464
17199,6486.225276912597,6488.4746787347485,12.151376345160871,6490.573974844971
17116,6695.5756748971135,6697.346391122499,12.716950369391343,6699.449490220802
17160,6719.514479706366,6721.55045684037,11.771214099387754,6723.909259498808
16722,6758.209550482093,6760.305465817933,13.360446339958763,6762.371823985001
16727,6855.8667965298955,6858.103512233248,10.88656211887088,6860.544657027143
16676,6875.369835836175,6877.214028867781,12.589952628938008,6879.424742794997
16715,6879.172270197866,6881.306350975937,11.036311798359515,6883.731509516608
20357,6882.406398570992,6884.458498095362,11.50179582335895,6886.826377315504
16683,6934.231153725337,6936.434912456433,10.748645254004943,6939.070136103011
16653,6936.220768129186,6938.436209973237,10.24866333586725,6941.379470355072
17079,7118.003232528448,7120.293783537571,9.265311644878981,7123.100107545232
17158,7145.0962807711485,7147.020767637523,11.96834798369081,7149.32725033075
17170,7329.29006805126,7331.1746368617905,11.850350556843052,7333.401253971071
16673,7383.9880683156425,7386.153080573825,10.83186949081756,7388.567384118942
16650,7386.134324381952,7388.106327381886,11.902467635790746,7390.293170548607
16655,7390.203405553598,7392.434754585592,9.556171372336632,7394.855990057765
17121,7586.808163989203,7588.418183966018,14.111073074031351,7590.2881845927795
20016,7654.107721193566,7656.38719576352,10.771728024045693,7658.958273728775
17114,7766.88336386121,7769.034138211243,10.694913028545074,7771.57175980215
