162,183.82164263665453,191.4142442528387,11.484858959270039,198.62599793726363
207,202.62602131332974,211.130550692897,10.027740109785695,218.6796355245561
15,204.55058679886423,213.1752201319539,10.35588726725149,221.77896753214586
736,206.57440615439543,215.05550944785853,11.439521600628254,223.87266747532263
517,218.59815859924643,225.40250577115003,10.157892646671524,243.6216872680703
63,293.54734510033006,301.4387601349397,11.066211034388411,309.74194776560785
393,295.43125927001813,303.240535895917,9.589528052153367,325.1172198221264
196,297.24171622649914,305.2911154380381,10.664343157836752,327.6471906122712
453,299.10654454216285,307.165365082088,11.385287001332303,330.6367634955348
492,384.8982519460219,391.37439025847925,13.383793319540683,397.6876243462771
731,424.542696813144,430.51282276838174,14.834377029720294,436.8770835740083
478,426.727609431501,433.1932433096922,12.803831755973881,439.81224643907507
503,478.63950719700404,486.41906489848145,10.484647925138164,494.4947808280408
364,480.49393908855654,488.4025773372592,9.570946003209402,496.92368294629534
422,482.3271081099698,490.3758844614744,10.022975013638405,499.5971712136392
473,515.3227935676468,521.2170584931075,14.104575870232571,527.6039280922705
192,559.6253774428889,565.4248402442406,14.463722318154696,571.5238961083927
179,562.8786235488194,569.3464041696691,13.583426877478415,575.7100951051438
495,568.9466718094179,576.3568695818161,11.062959880900127,584.6907320922201
445,570.7299409726406,578.2725169951689,10.655284176776586,586.8137956992788
511,572.638641356602,580.2034001760346,11.419705172245296,589.529060218672
507,574.4430605694437,582.0672565305621,12.078571233796584,591.719035284103
499,634.399926622735,641.3743727853615,13.585744446431269,647.9020031711427
428,636.4599873433502,643.2687147854074,13.226736991623463,650.6625760977173
265,640.310733027845,647.4634991257346,11.40782314012061,654.6968014842846
21,739.9769253863753,747.0059254685508,11.689826588613677,753.7848196389479
27,756.6453995586135,764.5056161878265,10.437285384994643,771.7215227928959
505,839.5864492650009,848.138128492349,9.913754647689386,856.5636129302773
1068,841.5757941646051,850.0607902495155,9.805257921622944,858.8262106836543
291,848.4697117787224,856.485874268029,9.988383422974426,864.5472706233061
293,903.6331575821973,911.0195965191311,12.288722883675034,917.6263448407892
698,918.3286947052237,924.4958147667612,13.009198214080891,931.501498161323
702,923.4561762964718,930.1587143273545,12.090096247759755,936.8355915957827
224,999.7942393196096,1007.163420215209,11.255701875209944,1014.7774652074354
250,1173.6826347673145,1182.3628795701402,9.693084851837114,1190.9891666304597
29,1175.7164931327338,1184.341499898045,9.53743136550072,1215.4951189076353
38,1177.734587949148,1186.2081546900952,10.519807124444624,1220.7131894181982
491,1203.8319956094504,1211.1704407511402,12.188961641883276,1225.9321574864798
477,1206.0014245761863,1213.0069661729722,12.31404206193392,1230.1150928818843
1024,1208.311081451621,1215.3921588097985,11.87707517689977,1232.8278033102977
267,1223.7599281119856,1230.344188272848,12.513013046382305,1238.4530465314322
1072,1263.861035940095,1270.445877425627,13.589086270658152,1276.7812485714603
43,1266.0608353952719,1272.6014657653413,13.450891837535705,1282.9013882460986
487,1268.1156645722251,1274.412722481147,13.19910737021988,1285.6707679938434
418,1269.7773573034783,1277.0591740955185,12.206461338910897,1288.5433690708812
521,1277.8173782803547,1285.5325489560396,11.059465456868177,1298.824472634543
1056,1325.6825589118553,1331.25256143084,15.796135867332469,1337.578892441939
712,1338.0718288571065,1344.3511822542387,12.914698506252032,1350.7052146804729
726,1385.3841594317607,1393.4620105357383,10.834889456537946,1400.6802489283796
496,1387.2203239136666,1395.2873219774478,9.364242805457177,1403.7396586304276
730,1417.8935684081566,1425.1886999592302,11.371297564999672,1432.7170036966754
531,1443.6194303361372,1451.116884744276,12.24484022307401,1457.6675645328812
484,1462.9582150611286,1469.3005861084957,12.650088960014394,1475.6839847897008
472,1476.9415656356766,1484.3662485735888,11.760564739069212,1491.6230553275034
683,1478.8188871174957,1486.1902116225037,12.033584365822524,1494.658156412285
64,1855.0361010653253,1862.2956563255798,12.226232120146982,1868.701838987907
710,1859.3121096902173,1866.2387393528782,12.177561784620611,1872.679496310243
446,1866.0834250551209,1874.2439356620014,10.683975433741898,1881.6735596668382
404,1874.4923653235467,1881.5759005710122,12.382045729141282,1894.1360960511506
7,1876.5071072901328,1883.3384410700999,13.117524483531945,1897.1529769161584
481,1898.5846964325362,1907.0232946596234,10.064954208108963,1914.6976960373336
448,1924.5020855317118,1931.2612047768857,11.150337862060718,2084.521181118182
18,1939.0850790320924,1946.3510208183702,8.169199621119123,2090.9459745187496
466,2095.483567165224,2102.0061544765376,8.621780509153451,2216.973782921586
480,2435.925806633248,2443.3354241101765,11.861155427828935,2450.7440880104105
6234,2525.9329321378714,2532.1741199698267,14.135758632792436,2538.5270243190125
6205,2528.393296395021,2535.5186123176973,12.077317674215355,2542.56126384469
5517,2537.5789113130277,2543.2184278040977,14.975444904517271,2549.7625999994625
5759,2539.3812418116677,2545.297603031934,13.815313444231656,2552.5284567100734
5927,2726.2099022024345,2733.1127165979287,14.489515824068915,2764.5616497739807
5562,2739.0851196688322,2746.324109241098,11.869682075239327,2767.695418129062
7260,2755.5484618025603,2763.1003267953242,11.595389681320222,2772.3000085929734
5984,2793.804768741982,2801.3253835336427,12.502375007722863,2808.744088235083
5954,2813.9177488694704,2820.546760382318,11.744470781352787,2828.8407032070227
6023,2842.3992088857276,2849.2238451705284,13.603378070555461,2855.62187164268
5987,2885.3619308664015,2891.4315427949678,15.462416418488573,2897.6774900795067
6572,2887.3920633937473,2893.6047570469786,14.212762825967053,2904.344367021715
5972,2954.3915507993506,2961.0929706955076,12.131301657945892,2979.1285958801022
5955,2956.250178107045,2963.3725490100014,11.624523239115526,2982.50680066532
5791,3312.623198184962,3320.4013298468376,10.619111439334722,3327.8025029508226
5765,3314.5471242787953,3322.412588186261,10.551124680089579,3330.5736968466167
6535,3339.9419897691823,3347.0654666330956,11.968846716424077,3353.7452397698
5991,3341.870762319473,3349.4675630316765,11.274207533580153,3356.682779166413
6558,3343.879046334016,3351.3315647462427,10.940184425983368,3359.6161405317953
5859,3345.7591737911844,3353.1502923690823,12.149216061676533,3361.7871213326134
5960,3349.2404283363153,3356.097881817632,12.92297248197619,3364.7039528452015
6517,3356.9114269957677,3364.3648444277114,11.676424807114154,3374.7652357251604
6237,3358.7446619618613,3366.3426927162295,8.774135757736493,3377.6291446304313
6182,3360.504338718294,3368.369796324026,8.23209840042163,3379.9431645377476
5757,3398.7042663986927,3406.512979182387,10.875198774954896,3413.736156168203
5527,3426.1306146857305,3434.06112954075,10.939152013058438,3441.587006243699
5779,3726.5617571807247,3733.5060653366654,11.878312564083341,3740.80500309407
6172,3728.2944198647033,3735.227331421535,11.660527592176264,3743.743176118131
11707,3772.695412425194,3779.447537048041,12.400112307836878,3786.654650015831
11485,3774.4298015808836,3781.2257518615143,12.081823964663423,3789.0302933822327
5985,3783.527382779041,3791.038020180913,12.030112723651087,3797.8747230237786
5500,3819.159594193111,3827.017991522255,11.851857279395341,3833.8620118436097
5507,4054.05130459759,4062.411602063716,10.447013144844426,4069.6995441903387
5524,4069.1475207628646,4075.38991065018,13.882348575622661,4081.7653973373276
11271,4075.2264943815776,4081.359534378847,13.70857867719393,4087.6532691291036
7263,4208.135683664904,4215.287214442924,11.804391063119438,4228.746212002191
6544,4222.0633357012175,4228.378718639486,13.655237546798038,4263.149811278426
12023,4223.859341869311,4230.3270053634515,13.16215125158436,4265.788300201072
8029,4236.0857359479,4244.375317755021,9.651462191068221,4267.833901257824
7960,4238.041047739467,4246.388696955652,10.474104895506787,4270.641637211067
7278,4246.681798720044,4253.59149333994,13.623946477596837,4272.765255585591
11727,4286.414507723818,4293.166204229606,12.57592327992148,4299.712554854844
12067,4295.896525340459,4302.57531984768,12.858934847800455,4309.919328856321
12059,4299.459611446123,4306.4353462361605,12.232335544519383,4314.886122807809
7264,4327.764399203008,4335.124839516702,10.85703791619866,4342.508006411024
11254,4336.945188971095,4345.343745671564,10.089742800083664,4352.697565387172
11049,4338.836340033399,4347.233593587169,9.080769277111013,4354.72648182091
11038,4340.873101257391,4349.239036557511,11.144535658232227,4357.743433391898
11402,4342.995841563814,4351.126434431272,10.513934708010954,4359.8594622687415
11459,4389.762495968919,4396.308703685628,12.946575062319265,4473.0569483503095
11496,4391.653374772171,4398.471250062893,11.727741621794824,4479.148034941542
11532,4476.3583815307775,4483.434501199487,12.321483819561672,4517.504200898004
11450,4478.16905138676,4485.130909297835,11.935274380055018,4524.641076592835
11470,4655.178703510074,4663.026158281078,11.260953564850402,4670.796159079001
11747,4753.075136461884,4760.0464739895515,14.69698608283676,4766.629796144852
11492,4855.102230951775,4862.333243755933,12.783756202060422,4868.677666914316
11291,4967.580713194982,4975.5125024468,10.789130885604182,4982.706733131206
11052,5136.110876015368,5143.028776229578,12.05512884988174,5150.579826261173
11370,5139.898622912973,5146.61021500194,13.688483862294957,5155.567129697191
11410,5142.2533648439985,5151.01534104845,9.737235209914585,5158.596717436191
11375,5144.216591934181,5153.0563883690675,10.227015269499617,5160.75836930896
12080,5151.270488148945,5157.495008615295,10.800411186547874,5165.626324260455
12060,5155.016769418,5161.0518829904595,13.746501355006231,5168.625001041045
11374,5163.044794626,5170.539946634113,12.674687189460792,5435.705731087815
11025,5164.922497046365,5172.290613773068,12.303828452136115,5438.0972923201125
11366,5166.823328109341,5174.183721417759,11.502942136316571,5441.239024807258
11004,5168.646506099429,5176.017153672083,10.651145444138347,5449.151726304568
11287,5178.9032390061375,5185.292423871859,13.207418706117172,5452.199321901469
11448,6046.240851856657,6052.496186868608,13.069106355871117,6060.436779888665
12047,6047.997056084159,6054.24955045657,13.23595069194078,6074.493928155596
11023,6049.840936097077,6057.002605987727,11.93634568879483,6082.52880659155
11071,6051.911700967993,6059.464791500294,11.095278195208694,6085.541805247497
11066,6053.721857058058,6061.32129039596,10.46669914106485,6088.960021610035
11037,6055.607410688516,6063.181220149955,10.50724377950319,6094.4827697333685
11449,6059.256356682421,6066.385483239738,12.464000460005613,6101.243610969346
16793,6130.243228766801,6138.444036738172,11.669543629649967,6147.615161108201
11438,6371.68335038071,6379.49774149944,11.025509731012006,6386.6455480981585
11284,6373.679846437018,6382.236268189986,9.61056739471257,6390.490679418363
11430,6375.540326261133,6384.262397639437,9.320434181982268,6392.855136084973
11295,6377.359986202817,6386.300685372072,8.801659767022569,6395.593753415143
12075,6379.292285021632,6388.407547538743,10.485766594884147,6397.7031301966545
16869,6408.226835176288,6416.260895383035,11.013918763984472,6423.825769376652
16513,6416.17271944658,6424.426780795191,10.541781741817003,6433.041453398249
16767,6418.489183499423,6426.329942410857,9.347312152495787,6435.621986005842
16524,6420.351958861604,6428.257864933542,10.00028964954644,6437.808993141244
16785,6422.1513479987225,6430.169874302959,11.364466904814979,6439.729956598292
11680,6588.33128296991,6596.078641832341,10.856935555788604,6638.306819256716
16983,6594.044599492737,6602.040455925428,11.350465679843257,6727.977920849647
16529,6869.982130037546,6876.531036355511,12.829706813019035,6883.699821611962
16671,6933.594703540722,6941.429218435876,11.05239675749579,7016.403810621529
17219,6938.925253730254,6945.611406836362,14.463510965219683,7060.115339985883
16772,6971.689749303557,6978.54884215553,13.658243495524584,7065.725917580985
16738,7023.313408029333,7030.174336334742,12.7228196162602,7067.901117652314
16754,7329.67849418269,7336.593195524043,12.772279979675215,7343.65431268513
16947,7364.480983217042,7371.500932512583,13.053114097716197,7377.688263106011
18206,7541.33421329319,7548.00430565391,13.692693322547239,7554.790534856619
16729,7583.534387656112,7591.061461295201,11.232733885439302,7597.735309544946
16749,7593.098473360172,7600.408433507011,11.116685947968643,7607.666651205064
16998,7597.3764368337725,7604.3609073723765,12.014636028083023,7612.636927511213
16562,7669.437110431922,7675.292891853055,14.449333359911124,7681.649964952609
16551,7673.228107682571,7680.0649706179465,12.960096155016466,7686.600751445007
18250,7698.945470899312,7705.423692721747,13.357971635643507,7711.781376564566
20786,7702.057812625043,7709.310608075963,13.979328783650903,7715.843077976973
17611,7704.140986401889,7711.135837666119,13.332816857718013,7718.5832847323745
16890,7752.971348221484,7760.34353780086,11.665213627432324,7767.695630841885
17595,7768.474506922479,7776.475341497723,9.56838254480406,7786.917770998942
17583,7793.575571999818,7800.261561040464,12.885108794671133,7806.749288823466
17510,7879.655453260707,7886.380238669936,12.927693061333622,7892.873619170646
16776,8283.980134500118,8291.215000212758,12.628253408753725,8297.686815467381
