2420,28.600890778853834,30.499945432136524,11.267032020100016,32.05720254102152
2273,30.43929307837469,32.3180116630316,9.783936689342777,33.93768551446536
1381,85.85757832264615,98.30805542519417,7.781118535976063,100.14705369578009
2173,101.8288264866946,103.4647412960161,13.006984808618633,104.78605142118967
2209,104.36036623889471,106.12696085695117,12.400055963375905,107.47673217508374
2502,120.9618994148631,123.3780946637574,8.295397899471947,125.44629744082235
1392,188.22692757125725,191.0126353823831,9.805847991513097,192.56746041993676
2153,197.637218517606,199.2208833586073,12.9131513188408,200.49372079794676
2213,203.44859342142115,205.07270896664883,11.228716199512375,206.52549539936282
2294,209.92440949417758,211.40662356390786,14.18368386792296,212.5863845938599
2415,216.07223840676053,217.4742864520599,14.802301896727855,271.39032798271603
1412,285.125233621869,287.4118699973411,11.701918943203157,288.88260909743383
2145,298.5838305253206,300.12886723630754,13.146288932217809,301.3904053414251
2140,349.90508945795875,369.140610023491,8.366535767572758,370.9494810646223
1399,367.8736689102484,371.32084051860767,9.916163999294023,372.87014317271473
1374,370.79098271206635,373.3110775158194,10.85828673746659,374.74300878522865
2454,373.54476694375063,375.28310602556195,13.189249181992414,376.5110604618966
2270,375.626371299625,377.25442296976945,12.622906935643353,378.55629968709144
1984,381.33157487353304,383.1747629979153,11.391707717745746,384.609590786067
2297,390.9961952209273,392.5404660048686,13.438873869541766,393.776915173304
2428,395.31150181529944,397.344549595065,10.260382715965955,451.17616916318065
1964,462.6583991959841,464.3188666764363,12.18349393968735,465.64574444231226
1929,470.5104399547399,472.1128426654485,13.563813318929551,473.33128304384206
2419,473.42061204286597,475.16435203143425,11.924083314827342,476.53483827772766
2004,475.3427070912784,477.1880260282511,11.755465468228586,478.62851520506024
2333,548.8363461547617,551.0897889377835,10.739009661730854,552.5748523265527
2038,554.9663419916226,556.5934636399547,12.501253074175272,557.9137987117483
1395,559.1872281596161,561.5552570126416,11.289582366214908,562.9722135875979
2280,561.3875724452434,563.5143276987023,11.655155185373212,564.9573484796434
2355,567.7388423648995,569.4366000317314,12.094828485879217,570.8066014380636
1375,679.5316490238405,681.398225812289,10.247937284942868,721.1960419554814
2435,728.8219445824628,731.1537195987387,10.429230814700766,732.7876443483439
1750,731.8357631323591,734.1846107670331,11.622711922068268,735.6398703442717
2042,734.4823569717635,736.1978667060338,11.939998981687898,737.5497523371878
1940,737.0994668880641,738.6290282945426,13.860038772776228,739.8046860233143
2326,741.3372968411085,742.6361748889541,15.699804699574393,743.6904393846559
1734,745.1208076178254,747.5023126685451,11.785902545951165,748.9690376086676
2070,747.7520178318907,749.47419293576,11.357976562416749,750.7941544440597
2252,757.7095863564145,759.39917560246,9.000601652627775,811.3367471785072
2466,836.8615462872627,844.0260882438739,6.814984207759733,846.2651862833088
2480,842.340389200378,846.3039295377417,7.605952539417849,901.1756030533099
2404,845.1458187088676,848.3389014155199,8.506732776138733,904.1010451177981
2453,912.6277790900551,914.5585612668643,11.530657825748778,916.157024593984
1909,942.4963732444768,944.1792673547402,9.271245567428858,991.3616539465271
2343,1002.3759959198123,1004.118997494769,11.494523367691745,1005.5550246709065
2190,1008.492318605879,1010.4933197993253,11.031275185672227,1012.0028416317874
2352,1027.451069767375,1029.329875455749,9.49047227139914,1081.2093904641613
2136,1081.0701353892005,1089.0207310976177,7.359856449275903,1091.0370264585615
2400,1091.6872042790283,1093.2406215040478,14.422753343464567,1094.390441717693
2279,1094.351965902338,1096.1705011933088,11.297977153345396,1097.6342415774095
2256,1096.181716726851,1098.069679225369,11.59237171698914,1099.4942900441913
2413,1104.6216940826596,1106.350727043482,12.143461373557951,1107.7139130580729
2371,1108.850821594732,1110.4717137061232,12.688386540994484,1111.764255715063
2249,1112.532028260916,1114.1020979858565,14.18855168236659,1115.2951064815295
2344,1119.5719439420354,1121.2117839550372,9.363567431743745,1171.1355053081954
1365,1163.9983525261866,1178.1556046264627,8.289363509701877,1180.1363156823327
2451,1190.7497995730962,1192.3437315689248,13.565366610114431,1193.600893907223
1382,1206.076306428339,1208.4371280930613,10.234032937358403,1261.4982756856607
2463,1242.3195838779695,1269.0051315642747,8.512180222026666,1270.8105468154
1872,1268.6781608361327,1271.1201544034482,9.484086679040525,1272.740753284759
2324,1270.9302581325442,1273.1412678408085,11.667490271627095,1274.5347468501443
2514,1274.9460353861825,1276.55561885073,12.668801193646456,1277.8268560122847
2313,1276.7129145324363,1278.4935906062578,11.69412647248164,1279.887912671326
2267,1278.675232075286,1280.4419140695973,12.192431325442895,1281.78734616286
1638,1281.9255932002873,1284.304866301179,10.415555535141918,1285.9252643308216
1944,1284.0801193614764,1286.249216443654,10.536228836924689,1287.7753760257792
1965,1286.1456010272457,1288.1462505669156,11.558377356126494,1289.6223742553918
2418,1288.0333827230997,1290.004306367101,10.937776463747905,1291.4623641877215
1414,1293.8187103873047,1295.3685132903793,13.61412837206539,1296.6057697933222
2268,1307.6438764209338,1359.0041664493917,8.394381137457371,1360.7698883133455
2269,1371.7047767627034,1373.473449157185,12.559555908653932,1374.8522653665093
2467,1373.5355399984248,1375.366893051657,11.517975761656547,1376.7789374635863
2506,1379.171428544352,1381.2539251553994,10.25906477653309,1382.927560077859
2475,1381.1073034275457,1383.1467804021945,9.88440861918233,1384.8091389956883
696,1384.0188615767577,1386.364082046293,11.771068991392669,1387.7818272597842
2258,1471.7026863869162,1473.4332274346928,12.134727139771918,1474.7442066713495
2470,1474.6751362279065,1476.2835015245125,12.734848042253642,1477.5601618083972
236,1486.7000547123953,1536.154236956651,6.2128967622478335,1538.385607201182
2242,1553.4731007400346,1555.2904898908055,11.672691728787965,1556.7051470805018
2481,1562.3592601944779,1564.1301899512123,11.354174819101985,1565.5361601341435
1961,1634.5326013632682,1636.3170960796983,11.398424724872115,1637.7466173422938
2250,1645.1198521113192,1647.109349199433,10.543063534737023,1648.6937004494912
2478,1647.8880975257712,1649.534474467189,12.931565233175553,1650.871705894809
2448,1702.5853823151008,1716.1199289658514,6.9711750843492615,1718.1531254847794
2518,1727.9261876420383,1729.53092357443,13.19714790730137,1730.8372676364027
2398,1729.651180066767,1731.2863332254592,12.439334085228877,1732.5939272517473
1410,1732.8076674088252,1735.10786319285,11.451665909912098,1736.5093880967252
2393,1744.003410084935,1746.1083781687673,10.488394029813852,1747.7181725968044
1379,1794.7985029159809,1809.2976898328798,7.48303709843381,1811.1315750492363
1849,1807.8855737671472,1811.3143556284751,10.107214940014709,1813.0435576229136
1860,1810.701107134748,1813.3831544110162,9.583133357446137,1815.0800874651015
1362,1813.0468791944763,1815.3072264076566,10.443946063047983,1816.9547899362312
1376,1815.0668503769557,1817.311509105172,10.277463383069454,1818.937004702335
1377,1817.454321999724,1819.3783468907552,10.267804382553766,1821.0507792487986
7880,1906.2865654677983,1908.020964993149,12.260315364224661,1909.3764113520951
7885,1909.7986789968563,1911.3696910887327,13.208641981747325,1912.642837406117
7844,1915.6045744570201,1917.2447692598519,12.657899317639602,1918.5169099107288
7596,1936.4244427108877,1938.0184543432313,8.901521536910373,1981.0960250755995
7786,1988.117296268483,1990.1180455102942,10.181645055525978,1991.7266311047022
7459,1992.2992910613207,1994.107315094158,11.216015658783286,1995.5844538694976
7648,1995.8047474469092,1997.3569350974735,13.969397559312323,1998.5447703040109
7868,2000.8938233389913,2002.5955121502893,12.4683936624261,2003.9955370735875
7864,2004.3322637741503,2006.3615839635581,10.450853042470216,2008.00906947588
7842,2091.644716472762,2093.256371320749,13.405040609362374,2094.521646616949
7850,2093.334833716782,2095.028378997178,12.649123268530442,2096.3337028959386
7846,2098.2818371545795,2100.488728367085,10.35089642769025,2102.1000506103915
7934,2179.4264924737813,2181.487109721844,10.848161441536101,2183.0416158919793
8008,2181.3010108671133,2183.39361950844,10.77478299280409,2184.803771284804
7761,2183.2260033354764,2185.269635256991,12.778840233810886,2186.5468815230493
6896,2185.725828331837,2188.0179718244235,12.608538880530812,2189.3556936365635
7795,2258.8397337650513,2261.0281694205,10.958319805042443,2262.574950331301
8027,2261.5311889391965,2263.2025862263404,11.363906782481575,2264.7047968072916
7413,2266.8816022353853,2269.039545908765,11.377214779397757,2270.476188218159
7935,2283.5865732358434,2285.4841170954105,11.26980495403252,2286.9765436925054
7863,2297.026037389489,2346.085036077526,6.845026771782089,2348.102638021603
7803,2354.5132706084423,2356.495657982468,11.984149164990061,2357.8729307469252
7744,2358.431310784186,2360.413031175771,11.256746409330255,2361.9385254327676
7709,2362.7010320585046,2364.322269254829,12.517261842961762,2365.6283604676937
7915,2366.017513259023,2368.3232112077267,11.382980957514853,2369.6623417213714
7464,2370.7323243508927,2372.3765164851175,12.523859289919702,2373.671133960184
7506,2380.1741695230185,2382.047335951855,5.815739783051222,2437.1336336462773
7452,2469.586829593934,2471.3157957688527,8.747116245147044,2521.215182057937
7492,2644.917069089782,2646.517927185794,12.922494299390676,2647.859274986256
7713,2717.5510851995145,2719.24308112443,11.635890265003194,2720.679701754556
7463,2720.5149413830445,2722.0583955606353,13.591733154190587,2723.264872599133
7726,2724.3013312986145,2726.223027712354,11.598315015343275,2727.676263788257
7758,2730.791053498072,2732.365311092487,13.265187904817324,2733.6115656709567
7481,2810.734232213929,2812.560335738974,11.976528710144896,2814.082481232146
7763,2814.1896997835593,2816.0451757222936,11.282070248441949,2817.49392793772
7652,2816.6347055695314,2819.2931818201905,8.713758573823073,2821.2887940541636
7067,2858.0147900496563,2860.231913924888,9.238764227297363,2881.3496555811034
7435,2897.0395845495277,2899.0750245905624,10.034715951252974,2900.7229279313656
7768,2898.9677109465842,2901.0836430874497,10.493647231498207,2902.6506884595733
7426,2901.0451004134366,2903.0855367922895,10.819613222076697,2904.6448937250716
7827,2908.5103518617857,2910.300094768294,11.788642966166918,2911.6719861949737
6859,2912.105983761348,2914.440596443774,11.272040000321159,2915.8271004615544
7854,2915.8906458201136,2917.5926646515454,12.357991448073767,2971.384651436137
7618,3078.7924614387516,3084.1160520145363,8.7837091273272,3085.821383364246
7963,3082.700867973761,3086.2650200961466,9.843083692694213,3087.929536773396
7642,3085.4522080742713,3088.369470729118,9.644465456419898,3089.9929231716833
7691,3090.7856936145636,3092.565483341394,12.537197011939227,3093.957705014924
7235,3093.69734139951,3096.1717516501226,11.30918399447131,3097.5371161241783
7686,3096.0409257639953,3098.009726847068,8.488906538569573,3151.3782630613
6685,3107.6927833042237,3161.074500333002,6.666970584812459,3163.2841267555564
7913,3162.0122872879406,3165.4005378416987,9.613438229693926,3167.058751326687
6834,3165.2767906420545,3167.4205570009067,10.794219207088764,3168.8661270249722
7265,3167.2816983075018,3169.4427974700843,9.335326691447918,3171.21814164253
6206,3171.9652471665668,3174.5042989404064,10.359209008557738,3175.9442046709246
8002,3175.475948364871,3177.1433852041932,12.98444176408031,3178.4261181286483
7884,3178.9590124520873,3180.612621712033,13.01907462275528,3181.956819278587
7672,3181.724243937174,3183.3906956590827,13.008149230888424,3184.667855638985
7961,3185.616224029606,3187.0052287688345,15.400429719945926,3188.086306483737
6202,3188.7995401653293,3191.3420799907417,9.233509549193487,3241.40983132757
5729,3199.7602976899107,3246.0729014912226,6.085443585912421,3248.2998415659054
6176,3202.3744241440754,3248.362519242653,8.077828466731686,3250.1364501143585
6827,3247.78759456811,3250.478922003342,10.189801731335791,3252.135595395671
7061,3250.132531603397,3252.3596768357356,10.273421268567358,3253.9477304335483
7882,3253.8429099732875,3255.5332663765207,12.553325128495677,3256.804843123583
7886,3255.610537190868,3257.2922882594894,12.769930728677501,3258.559659004609
6161,3258.7577093273267,3261.227415713997,11.542218340650322,3262.5764682989643
7866,3266.5563346527474,3268.502178929713,11.381631960708535,3270.0605614293513
7824,3347.387169187946,3349.4449556065492,10.264358868845445,3351.033146643225
7754,3349.278267331318,3351.37387486252,10.57310285287499,3352.9164651580495
8010,3351.426104493953,3353.4093080279517,10.909640150737191,3354.981513871989
7872,3356.3410415219223,3358.1799012455554,11.431025746885474,3359.6205682301493
6239,3377.7306271609914,3429.071250025712,7.64471513853026,3431.0229580501687
7966,3428.839967786799,3431.23875790732,9.292537043234843,3432.8481480283494
6917,3432.0947365459915,3434.4394418838315,11.496525514059957,3435.7663668345735
7948,3434.5402818657526,3436.3460307597015,12.647480464103483,3437.6577953245232
6893,3437.7877658863035,3440.0857571103484,12.212179951620094,3441.408819642113
8025,3443.5975355368637,3445.319751812032,12.100092665616716,3446.6916886926356
7823,3458.71723884935,3460.4527574673593,10.422141731836843,3511.0907594359887
6889,3512.828193444918,3516.004434199382,7.608759926018798,3517.998330480011
7697,3523.1867489217816,3524.5371288679667,15.158814072215375,3525.6377452422676
6887,3624.952534957656,3627.105665161706,9.9323186949443,3628.7222970849984
7770,3635.52814995353,3637.521145685629,11.429078606302214,3691.453115693404
13382,3710.629625774642,3712.4635271203974,11.49359797881864,3713.864323466246
12940,3720.174978628115,3721.614045706215,14.663231557701655,3722.7480685000914
13515,3725.9122815947803,3727.4023057386753,13.461971436562486,3781.2714932702143
13211,3884.324610068936,3886.085480780665,11.968302323512047,3887.473364716098
12900,3915.4664571653566,3917.3670554107134,9.743941215251615,3961.2495766598668
13403,3971.881408829614,3974.059123069038,12.137548097733506,3975.4098741240127
6001,3974.0771651177643,3976.0252941532553,13.875206383897387,3977.2307799455984
7651,3979.6826743925694,3981.510350473485,12.275912447395429,3982.8326099953606
13334,3981.458825389812,3983.2571746460185,12.483207685867661,3984.577438977108
7307,3991.636538569317,3993.3070727616814,12.830866030049334,3994.613680013064
13339,4007.906864258669,4059.126518139036,8.572863090070346,4060.8335409667266
12220,4058.6785470384534,4061.1475423123848,10.720638824292129,4063.211862620693
12830,4060.8851359109203,4063.0584818411744,7.124283403611357,4066.8970185508338
12960,4074.1673365923198,4083.0093403879673,6.969237407839095,4085.0698132819634
13268,4079.909290454848,4085.202562236253,8.772836296931771,4086.9543625734714
13112,4084.3063571813714,4087.2726205898643,10.21894322837728,4141.278524445945
13356,4148.887770789156,4151.0853554712185,11.948239268894513,4152.485096201999
13497,4157.165086200442,4159.069507758644,11.35812258587335,4160.540224286271
13467,4164.798454026221,4166.599398813532,12.496443152906203,4168.038066707042
13358,4167.793544095233,4169.370757621897,13.983209273350841,4170.594111994997
13470,4170.827609073813,4173.109834906881,9.774818730076358,4174.766743750255
12394,4173.156841516231,4175.30484696694,11.092251221649166,4176.793103308339
13438,4175.503268958051,4177.504852285438,10.64861530080983,4231.28929587444
12957,4186.740414389154,4236.173834068933,6.572528568585043,4238.209595335964
12551,4189.931904513868,4239.013676749263,8.986961793289629,4240.73568657979
13473,4239.06421319469,4241.304472950511,11.284955172167038,4242.654910483126
13420,4248.663321326947,4250.142964777953,13.791199726425141,4251.34460557761
13282,4250.656674076222,4252.04571614309,14.910923314324892,4253.170675717369
6198,4256.468710864976,4258.564326003631,12.46854913859818,4259.949900843433
13514,4260.00448122121,4261.528631655256,14.01355878193183,4262.703455894084
11620,4263.114111209304,4265.476761586246,11.704665346729506,4266.839224086087
6223,4265.40023680796,4267.392048724595,13.038981876307801,4268.696815856945
13244,4342.878330591195,4352.067610148485,6.8791193494355625,4354.095018030705
12133,4433.69955450087,4436.09308895959,12.358612826491266,4437.449604523905
13329,4511.590447038611,4513.152585161397,13.489748507078854,4514.384824784993
12530,4520.6361369163815,4522.542054379557,11.55090192522559,4524.001550243398
12822,4608.304347477092,4611.021011524303,8.514466962545344,4612.95275807681
12159,4610.818620019728,4613.084779786947,8.242833675934705,4615.002351832699
13328,4613.008416902739,4615.2306229028645,8.713407456639493,4617.126318333593
13387,4614.849671961194,4617.194165628963,9.015977349272204,4619.055746065073
13324,4616.8740357380175,4619.275824773642,8.557895436772077,4621.029801537254
13417,4618.905234235158,4621.337357898788,9.544199088826465,4622.859649069191
12987,4620.888422739993,4623.187650321171,11.705927284381682,4624.593113480129
13494,4622.934357221196,4625.0841159948095,11.617633775941819,4626.486080618355
12859,4625.886484471086,4628.216608846182,9.444365485827657,4682.3643222052215
12978,4714.629871810021,4716.376776785438,10.67343937525736,4717.837834904047
12208,4716.610611058244,4718.417374738645,10.263488528548676,4771.360927116822
13233,4880.391834270103,4882.139926142843,11.273614307326342,4883.56869275274
12692,4884.196626341335,4886.503156792036,10.955308586839672,4887.8983411980735
13274,4894.330399987342,4896.309041736087,10.981115136075655,4897.903063822338
12790,4897.808197113092,4899.46655909986,10.298751233568591,4951.569026489457
12400,4956.408048684854,4958.255290168576,11.249221767987075,4960.15050008535
13393,4970.824162862979,4972.516961030859,12.250757081453497,4973.876417909938
13029,4974.321155926932,4976.319204904846,10.686710257519831,4977.894781014573
13016,4976.136031115896,4978.181591866594,9.731934978261926,4979.833231708882
13407,4978.265988499934,4980.265831362234,10.460919487571713,4981.73435774261
13264,4990.6833967929015,4992.425164293842,9.403184672129829,5041.492177923723
13408,5054.344876345277,5056.149624124723,12.368567122217994,5057.512214239332
13395,5058.153016632822,5060.274095395062,10.265989104635022,5061.881750641097
13459,5060.15391834969,5062.166846199447,10.885868590112814,5063.728691330185
13428,5062.110437952645,5064.032297989225,10.356476000624227,5065.703920048969
13217,5063.985177705843,5066.006448798208,10.037985424382681,5067.6902692341055
13510,5077.687269541722,5079.306711531688,9.714436976976984,5132.711156947789
12437,5139.045516209908,5148.258788731364,7.282110815800126,5150.215781100052
12223,5181.647452514301,5228.326314292427,8.040329540274595,5230.190557496732
12166,5229.2065203745415,5231.35809219668,11.751215272284863,5232.6818201943925
13476,5231.512028427204,5233.4924915596375,12.520852227568563,5234.8159024388815
12945,5233.680273789973,5235.558403407708,11.484238414152491,5236.96729940149
13384,5235.581037507905,5237.399185894177,11.245965425853324,5238.881598635532
13215,5237.483014705245,5239.339338078154,11.783304945722735,5240.787511545224
13454,5241.026843344528,5243.352695022878,11.59237362480571,5244.848797536981
12372,5243.476475928072,5245.560255254946,11.654314374339162,5246.955069617445
13452,5251.158199780294,5253.194285920245,10.871191235522483,5254.745766254753
13448,5253.424083055048,5255.261758918465,11.126354346243405,5256.750123006368
13330,5255.2121644681165,5257.136568475257,11.283563714748448,5311.27418965708
13468,5320.117238348457,5322.511764792751,10.718405715062381,5324.003219206602
12153,5332.46684560067,5334.24778145733,11.848212592259099,5335.629507317974
13350,5336.605109382762,5338.297596730805,12.386600979366213,5339.620182879128
13143,5348.472739465394,5350.216892979183,9.603858486807628,5403.068162564124
13431,5388.988377020472,5408.048747795667,5.5711517243329,5410.542572943016
18508,5520.339912752563,5522.460188591529,9.443300978917573,5524.1458310683065
18466,5681.865430693628,5683.556654944063,11.857251011486268,5684.9442209171575
18759,5691.359234055714,5693.354144597402,11.127766918875263,5694.9346246503765
18474,5706.467962457896,5708.419761070484,10.406747200052743,5761.099997371796
18776,5782.636277910854,5784.435941101265,11.026636894894729,5785.909413065113
12716,5790.456781211646,5792.379798825292,11.545407745770254,5793.802947816487
18957,5794.007596588279,5795.518401003952,13.486057002684102,5796.71527022457
12430,5796.699997635528,5799.10508039914,8.971731348917244,5851.243653944998
18921,5858.743418160638,5861.037260702654,11.5764003694472,5862.514501761662
12611,5861.990414322561,5864.352478725626,11.469842704933694,5865.666199081819
18496,5868.248829897477,5869.524030050504,15.854291968741357,5870.566744762258
18453,5879.834512220485,5881.49740570164,12.527005050742499,5882.785232305181
18870,5883.44288103341,5885.312592025067,11.311142806915358,5886.792292259232
18775,5885.3166035229415,5887.126171445678,10.724322767374165,5941.15722666676
18891,5948.620206519929,5951.081498994352,10.052698020372189,5952.6373223894525
18876,5951.224134460944,5953.239031731008,12.315359239395937,5954.5425315348275
18644,5953.917848022089,5956.239955053732,11.742663019331694,5957.623090714928
18955,5957.006724106802,5958.516353915335,14.684735838576005,5959.635290112774
18694,5958.678265774625,5960.152598424466,14.81045011818331,5961.291395627102
18433,5960.44448222755,5962.198479695624,12.469756186611244,5963.537795265653
18675,5962.288855696515,5964.002153302807,12.928927454049859,5965.379892518288
18823,5969.176366276817,5971.501908994911,11.108756634109426,5973.73296200794
18808,6052.937767900448,6054.324010405709,16.001882477930987,6055.376790179061
18438,6054.711835387322,6056.139589638004,15.309824527266201,6057.226102816397
18941,6056.865120943618,6058.417485825372,13.764344272041447,6059.596593879746
18784,6060.652100096197,6062.18747347905,13.706272896853553,6063.388995260841
18849,6062.777687300123,6064.164394745975,14.72635302899968,6065.3215036103575
18880,6151.992292675253,6155.089317192778,11.08456494002654,6156.571555584194
18748,6154.815956810272,6157.342830272411,10.593052557317712,6211.1277932405765
18080,6162.500542341786,6216.072939369059,6.26431153169212,6218.249003584708
18874,6224.438568047203,6226.324967419103,11.37362194612245,6227.835513987257
18984,6231.972138115399,6234.06413364532,10.466440835338373,6235.658474722201
18830,6401.784446541285,6403.373682814067,13.646927073105902,6404.60211295801
18697,6405.342856220362,6407.25718808744,10.968668673870692,6408.832740320716
17184,6411.675824406645,6413.569127184976,12.98978813332999,6414.890558281301
17879,6488.484330110191,6490.500619159572,12.534776272137368,6491.847798080348
18416,6498.34424158031,6500.080612307031,12.671580754549103,6501.416621379386
18652,6500.358902554849,6502.023731154533,12.75450661075301,6503.3414039881145
18726,6515.622926331639,6517.334191239973,13.243746125068402,6571.148087175509
18857,6580.112253627188,6582.432197848869,10.677467137494068,6584.033177029358
18645,6590.915373038147,6592.418540235243,13.930366375445878,6593.603291911291
18846,6592.596922978774,6594.139987016541,14.115771521138742,6595.285683861466
18944,6595.635253376575,6597.3598234453175,12.311166807807222,6598.702026888258
18889,6597.564029257472,6599.296081593477,12.064431737172185,6600.6828690351
18772,6602.7144963,6604.505179888611,10.55488828151706,6605.973005199943
17211,6668.764519149934,6671.108715381797,9.626334305861056,6672.830756162887
16768,6671.262835167691,6673.254763614147,10.14982276288688,6674.711375494062
16790,6673.362699880099,6675.381270042985,10.467979105043796,6676.916988139826
17902,6675.266643078311,6677.207081638541,11.255989692748317,6678.71908051587
17803,6677.157973371309,6679.10362011731,11.10155453619766,6680.61419722239
18713,6684.783923814543,6686.477050646192,13.440147976915034,6687.752608759132
18654,6697.957036122386,6700.314703392797,9.68401795276561,6751.349571109458
18887,6759.016632405544,6761.145466417516,12.233054606646933,6762.5163496415535
17926,6764.0714589613635,6766.376858883712,11.497308951470636,6767.7961038963895
18630,6766.254106970671,6768.464342116094,11.04679115802665,6769.810501823557
18868,6768.879950364274,6770.578070757302,12.636444355182592,6771.865985109638
18449,6770.678363695741,6772.350627517184,12.474845043291927,6773.6039809326185
18754,6772.4475807206145,6774.101331679112,13.009944401427036,6775.361358818996
18695,6776.457362014624,6778.01595901966,12.945368784438099,6779.308506697479
18833,6779.859550631242,6782.060831286335,12.361588477345354,6783.418414451907
19026,6788.7068168420155,6790.462257941717,10.284464634061779,6841.210408913746
18495,6852.566668350437,6854.350622610843,12.084421151700697,6855.803232301507
18733,6864.357275046792,6866.260276624991,11.687491516466492,6867.73302428934
18959,6866.51456189109,6868.434567748343,10.882734078976416,6869.904448043196
17904,6869.980597849742,6872.264729899609,11.541955544622164,6873.763809544989
18492,6872.6120588722,6874.462547349206,11.513606873000395,6875.954757296584
18902,6874.408801201028,6876.281589564677,10.50476910807912,6877.787976421929
19030,6968.365600771591,6970.193130970132,8.548719257055211,7021.422735867267
18956,7012.702778360021,7026.181981611132,6.174289383240403,7028.461972761924
18968,7035.242277726878,7037.2606464736955,10.231121077934377,7038.846765273292
18683,7037.092180251871,7039.156812541936,10.238253736987451,7040.724233505028
18214,7048.027266339534,7050.468102894033,10.82302406826883,7051.871477935439
19027,7050.509784564603,7052.384640740248,13.336622617726016,7053.667433619009
18505,7128.7020525538555,7130.530090782378,12.049231260171194,7131.979010087642
18646,7134.720331739424,7136.3684235763185,12.821304257679857,7137.647775254415
18427,7151.455050058507,7153.267983657503,8.993327208220895,7201.110569910067
18680,7215.368553496501,7217.271701058297,7.505903902492757,7220.559839156493
18929,7227.18295466154,7232.003134242224,5.776045382490449,7234.643252812749
17699,7299.060095604023,7301.131879453278,11.08262812201864,7302.601984001593
18807,7301.160876407941,7303.022186138478,12.230759794497665,7304.402958872132
17651,7303.768751872071,7306.097352922231,12.20626270535706,7307.405006726668
16966,7310.837510373429,7312.524515142467,11.760513214123677,7314.685335680291
16962,7841.575935106357,7843.205093537929,9.565614657560218,7845.066384590307
16519,7844.313025033246,7846.1917048868545,10.136912873542546,7847.780578839088
16932,7846.158487148487,7848.118072120936,8.78758556709677,7851.476325522991
