1983,52.12227803990053,57.563896098337395,11.64018685929511,91.66646987431216
2248,76.60892651482544,82.44287196487325,10.460219857355092,94.1937293667073
1955,124.33674162656065,129.36717859477181,13.166992404935668,151.47907768991567
2209,132.20457652316475,137.26370271885523,11.716924965025598,154.11453378156048
2061,134.14477230732794,139.04850238318497,12.216687840579246,156.32048450073418
1982,138.3373862710492,143.37749250150074,12.17163285069859,158.22044214066494
2691,154.34307200493257,159.495263986193,11.457393464490542,168.01194479872052
2674,156.2325163673736,161.2244377509611,13.562375491685808,169.85528756261573
1980,206.71759866389868,211.58203745172358,12.850101792748761,219.90172054652038
2729,220.70456890792238,226.00480265974255,11.4379623665533,234.758319837865
2822,226.4753865590003,231.46584096359132,11.670868093549446,276.2388925255784
2634,232.48854715188023,237.4742297546138,13.138332602950031,278.2629197143005
1951,234.78552016944778,240.44018023312537,9.99779452116387,280.32819197584234
2161,236.65034936366814,242.32050201628533,10.404093864280112,282.29156869383917
2213,270.52158469020924,275.24545831036187,12.573903424342856,284.2824878081671
2241,292.81170744654867,297.5502985629454,13.443170217759318,331.7156908963282
1973,296.70106643493403,301.44053567528636,13.485839391289817,337.15169780388635
2177,298.59183732185295,303.4687706564892,12.498443678992377,339.3029885444041
1995,300.39742319921135,305.293275776103,12.620815638422831,341.1470823773327
2735,308.2038958721804,313.3152192751891,13.778858624378715,345.06945208767513
1962,340.2507699493934,345.16439077168076,13.192990999427256,353.29093661666946
2964,364.4580241901354,369.42695823273436,12.972941616237007,394.2202855621405
2186,448.66410039581694,453.4887652797215,12.1594801123249,470.9829678264417
2207,486.73516963460855,491.4809695734079,13.260576346967396,511.4480256610939
1929,490.6202601423693,495.4101580993345,11.937634060947838,520.1083801692755
2665,510.18900210545956,515.374552279683,11.280107950648253,528.4942736470215
2894,512.1503055870497,517.1665533596142,11.928522785971895,530.4759619373846
2713,580.555891396075,585.0646139059282,14.849109514617789,592.4902972354073
2653,582.3356740505105,587.5505925081383,11.550235977377916,631.4352491087101
2901,584.3371967055342,590.0271248219182,11.038087795973729,634.1805219874335
1936,590.8802217861052,597.0895995653847,9.779347513863598,640.612283827036
1925,644.1441585943275,648.2939995398109,14.588312832481897,693.3233857499473
2924,724.2833274839022,729.2449538200831,12.756749022413983,751.4761162795194
2042,774.4658080167776,779.3039255418305,12.66551384403395,813.0333286654793
1940,776.2960168312604,781.0537860525742,13.28675401987879,818.1355406082843
2778,796.796210347945,802.1641033469892,11.834978277335063,827.5175252418591
2821,800.9332016880848,806.459408610558,11.347340437835692,834.7343581463383
1935,868.5764890246093,873.0518037834569,15.148701636248381,883.1971977390077
2758,872.5215242446466,877.4733373081319,12.621675883495065,886.8448348992445
2904,874.3585143219796,879.3564567580562,12.413674714668334,888.7349964189322
2947,876.1564916946577,881.1243424935891,12.899403220498332,891.432207436597
2914,878.7197498806677,883.4074153781636,12.56952298430072,931.3297436549733
1907,997.4048399260599,1001.315258907471,15.298547660239796,1008.0170563394246
1939,1065.8663689186756,1071.137525056235,11.97115050759783,1112.2414026488582
2190,1069.4083110050894,1073.449805002749,14.015136929422342,1115.7734983330797
5198,1073.3092539082788,1078.3967773972045,12.151746270576417,1118.045998005536
2040,1100.4951987268394,1106.1742482169088,11.204903111448244,1120.1045480688583
2968,1163.022049582945,1167.570510298522,12.191654467027146,1182.7222361792644
2956,1165.1047636240805,1170.2925233007684,11.616580760382524,1184.619714923325
4855,1206.6168063492094,1211.0460943288801,14.94961898452993,1232.4113466532754
1941,1230.4128866916158,1235.166938060767,13.226600491017148,1244.401140448513
2923,1232.285513143267,1237.0115158169035,13.091083646822158,1246.8188274153472
2661,1234.3349068897176,1239.004978177097,13.536071166380522,1248.80695440121
1985,1303.2535750080683,1308.2380285522643,12.824764639708567,1351.4916214242824
2188,1307.1112892196406,1313.0307864903837,10.833899579254968,1362.3005055481108
2705,1326.0097028305472,1330.5615386587644,13.092544137536683,1416.60423120539
1944,1351.9835299791114,1357.3686175014857,11.564453556129514,1418.713735872667
1965,1354.0473494004293,1359.1453060357978,11.053370564055497,1420.8080734755665
2709,1372.4411416551345,1377.36167185159,12.461975661946877,1422.8482838240354
2172,1374.9179895458224,1379.3497675956166,13.497201389850414,1425.8570323662163
2636,1380.9195609989256,1386.4763402461851,9.916683354418193,1434.260351666325
2719,1382.7875867068062,1388.3251707913487,10.555156265399104,1471.6391293504576
5274,1405.2009414994602,1410.3517379390644,11.266769330047499,1474.3675971069488
4917,1473.8734300906306,1479.4311473212724,11.834775433779342,1488.908344511536
4900,1481.5769863260207,1486.5531818800205,13.048231622168556,1531.2657688995898
5205,1483.4271634480178,1488.5262826291282,11.46316043358106,1534.2176457611445
1993,1500.1204787091713,1504.504444047727,13.313094453025665,1536.419984909004
1961,1651.1277233082894,1656.2794831538179,11.82223359929705,1665.2144117141472
2227,1660.6927116284846,1666.3535442064267,10.112252950794531,1711.9079009604288
2179,1662.588469247202,1668.2836201941454,10.68546403555544,1714.5002308596233
2695,1664.4624325178015,1670.081181229614,9.7840202065373,1716.7625210683273
2727,1666.9205521589934,1672.0616345236185,10.403506613400243,1719.3200205378596
2816,1669.0477602056542,1674.0447189318695,11.415359418465796,1722.419809273811
2678,1883.0106110475108,1888.1074690559299,12.493440842294186,1908.2813150585027
2679,1894.1323493286145,1899.3990905066921,12.044605942552488,1951.3222772463055
2235,1953.3221327306746,1958.3958826901417,12.21606862341747,1966.6379550991542
7596,1994.739566888101,1999.0555875212474,14.018618996315748,2026.5402594489567
7459,2009.046959346651,2014.3888303577362,11.932379001175013,2030.0568065391033
4359,2020.7237016983593,2025.511434051423,13.125237153904434,2033.718863690407
2731,2022.9338797442624,2028.1765877927062,11.689764629130046,2071.3606162033407
2745,2024.7857884504358,2030.0527202071598,11.004226714796175,2074.1956518065786
8418,2031.026896799445,2037.2584040193362,9.9801510906852,2081.0224296794627
8442,2032.9783801447124,2039.1301980846072,8.867077051691203,2083.2309721627093
2829,2034.8457298843985,2041.2256722150555,8.509038895842528,2085.1734431751206
7485,2083.6952755658417,2087.4855844226704,16.193899893796573,2094.0047875189357
2955,2092.7983928651706,2098.4462656634328,10.840586517830662,2131.504670423462
2681,2098.7422942611242,2104.2537285595226,11.764297416087432,2134.061762523076
2825,2100.615536737395,2106.0390395727486,11.049495845963492,2136.2266047504395
4880,2104.6696718558273,2109.4010808269722,14.008804377530176,2138.1934879675837
8159,2171.44600631608,2177.160083894626,11.33659275639345,2198.4038871734706
4903,2178.643731089823,2184.5000764134843,11.172683457527208,2202.481181473548
4934,2180.6547514836393,2186.3383428143766,11.385702729949115,2204.284663442714
2896,2226.8936128742394,2231.209711439108,13.597592580560494,2257.9061588633554
2973,2237.3438293899426,2242.1010121167387,13.819069606041799,2260.6302169789024
2641,2239.2886112314495,2244.4289135723316,11.882786451624797,2262.895055372483
2732,2241.2050930119135,2246.472742215537,11.500155910480709,2265.3106385893902
2662,2243.2240095964426,2248.3075861432153,12.281530759615865,2267.407485952868
8436,2245.036065791561,2250.0200335340605,11.461556862040384,2269.2133716628664
10412,2272.8286675121726,2277.034606377585,14.021500442426436,2318.489974498597
2676,2284.5565003928295,2289.394436629741,13.926005228156557,2321.2545169589284
2815,2286.5675671499293,2291.160275473769,14.297702088834278,2323.207760957119
7413,2296.187837277477,2301.1125435764206,11.961532242887717,2325.525284090645
7539,2308.466547582303,2313.267853518116,13.162079525173981,2327.446551743045
8153,2312.430660688675,2317.583114025505,12.051482799098576,2331.011612964794
8163,2314.338687606341,2319.388726978451,11.303507508836748,2332.8721447204225
3829,2332.5114602729136,2338.2146540272374,10.4819984977384,2372.997130608432
4155,2334.406706544631,2340.0762398152465,9.978548629566276,2380.3783427622902
7501,2370.506490304495,2376.095584814207,10.68044091714773,2385.775924096488
7716,2384.3385458356106,2390.4934404809655,10.2973732961056,2434.3749062749193
7731,2392.0397779169507,2397.1818415348707,11.985183239689732,2436.5680366936854
7743,2393.824312054327,2399.108281968781,12.009099098315986,2438.9436460454876
2794,2412.2722772297,2416.5428369612905,13.970764080760695,2442.73854232969
9305,2418.3307498198674,2422.6381945289872,14.089860657924717,2444.7854157806987
7486,2462.254921237178,2467.3062754448074,12.8670379342053,2494.225697435773
8461,2528.6045826807167,2533.1340299306694,14.630209214661916,2551.3637604307405
4890,2534.2245752397666,2539.2349069344236,12.129362915333541,2554.219722581859
8229,2538.0948222685415,2542.3861764795706,13.581459704001027,2556.4448898993223
9691,2551.9390953925954,2557.1732648160637,12.189685338739118,2565.868477663082
9852,2557.2196420952896,2562.3588411334586,12.258752011867074,2571.0191911556694
7452,2572.3399565378572,2577.395362214247,12.462200683293343,2614.367557877838
8432,2596.88369252154,2602.255625124962,11.961477691508357,2625.526170784769
8217,2599.312688345914,2604.238678272789,12.688551467449816,2627.6050334345928
7711,2602.995918812554,2608.1021278484077,11.639777590303492,2631.5594044628465
8456,2668.6318403431246,2673.437996006287,13.313312299283826,2681.1960632500327
8200,2670.728770653778,2675.6020001945794,13.354888338659649,2683.488873702107
8458,2672.6835562674196,2678.0955779818846,11.56365815138826,2687.4355240565383
7492,2717.8803200124553,2722.358270104493,13.977775056231192,2730.8306179300116
7680,2740.9731263762305,2746.0710533017414,12.780339716060084,2754.405530308075
8160,2747.3053391908124,2753.265741696858,10.665979821175421,2802.1321963051464
8411,2749.1885155048335,2755.1214204981875,9.295796087784428,2804.987565674411
8451,2751.131419664373,2757.1790705779017,11.069640986045302,2810.2947792288182
7726,2792.644407570615,2798.1042839704814,11.042857899572166,2853.9065571339647
8146,2818.556458440662,2823.197199820426,12.59322839659246,2862.2961070191213
8265,2840.4006969063453,2845.0708180770766,12.454328590870105,2865.6226186625386
10354,2862.2286303174687,2868.034136013228,10.311731439171597,2914.1699676112303
7481,2868.139044252098,2872.4993452840718,12.886727728946845,2918.358597763972
8269,2884.602184856961,2889.0386490805695,14.496230590380497,2920.6028872235506
8204,2898.78453538022,2903.389305490785,12.861873636508369,2922.483730295805
7435,2932.7447033959984,2938.5458182255597,11.015632207607393,2972.0942922851577
7426,2936.767673545836,2941.15252087506,13.078491099918226,2975.9512974884487
8471,2956.32446585699,2961.38809443157,12.774848497164124,2978.3161179724457
8148,2958.651229974594,2964.4961359970553,11.023880808387633,2980.7778396426957
10404,2960.619122840527,2966.3628322687164,11.645234114323578,2983.049692830001
10770,2962.6375840687265,2968.261691778399,9.620598173138728,2985.304296428329
7407,2964.402316733051,2970.2194898884877,11.67604983102944,2987.891806243175
8176,2966.2867086871634,2972.0573126128384,11.043719046770132,2992.088276494983
10390,2971.0608379488735,2976.238816208755,11.80876730033068,3032.0697689605854
9338,2988.1793685153657,2993.348593917925,11.795971224058245,3038.4977976956966
7704,3008.3065501634323,3013.3143753453455,12.624557240962568,3045.1623914161187
8156,3030.2757506275675,3034.5698942265913,15.894285464063215,3052.3417343949927
8232,3036.328178892851,3042.246440949695,10.31962661756429,3098.4405625542395
8475,3038.4762918090682,3044.2074756209554,9.834638518313044,3105.4186006657415
8221,3040.3581516958825,3046.097381822761,11.337940312086445,3109.1762496566776
7466,3100.7252287861265,3105.310786822738,15.487957692910372,3154.3118373532966
8408,3124.76224665656,3130.30817275137,10.284587308569552,3163.919966035461
8273,3127.1530088625636,3132.350840991734,10.451599911214469,3167.4347943130506
8152,3173.3183443448206,3178.496084737271,11.308560192619648,3217.4913510983874
8206,3196.509807838087,3201.5582281768375,12.298349378351583,3221.9558492161123
8437,3209.706328676869,3215.0250428867243,12.323948520030054,3226.4473617302483
7419,3246.813358281176,3251.3219792809396,13.795230909195455,3271.5275162088324
7449,3251.725049904846,3256.0604365188965,14.347696023659402,3277.0937155485567
10396,3270.3597454139785,3275.5630059206665,11.792488585192647,3284.776070414483
7672,3292.2221366219787,3297.1480821768337,12.856383693506006,3332.6771112552865
8205,3349.348230078934,3354.0528384203517,13.39208085310009,3394.0604344747176
8282,3403.863116605177,3408.28046275517,14.97836204906103,3415.1960035243555
9791,3419.2384422075966,3424.5434003926102,11.119689148682834,3456.3102118917814
8155,3460.6753634791335,3465.5739736549504,13.014527006207024,3473.882373676409
8317,3497.2027146073433,3502.283443788344,12.749215188668504,3532.6515724401074
8225,3532.3661447860854,3538.5144191236595,10.557390911292933,3576.9425913007044
8175,3535.0289731885973,3540.443642609089,9.899394057111415,3581.774442545774
10514,3536.9150667072286,3542.3948022929158,10.047894030535245,3584.495370590906
8172,3544.024396952199,3549.4847251981723,12.644522770813525,3587.0918045850017
7437,3546.1402936252384,3551.2777082364432,12.086122723565648,3589.185608372348
8465,3548.066877499643,3553.0937829527534,12.364148426055134,3591.564076500547
9771,3563.546598950115,3568.20339666821,15.044624606040621,3631.5010817421403
7697,3586.3918037059666,3590.3992340170757,15.782675746588588,3639.375998499805
8150,3604.6295799784075,3609.364186940414,13.725375401171233,3641.392884071999
8446,3606.4212935627465,3611.0216622387647,13.453745716710387,3643.368590972245
8441,3610.3211017038934,3615.535438299462,12.088954104874636,3646.9920992258017
7420,3616.669944775116,3621.496943358934,12.72611855498741,3648.999376873737
8472,3678.132619453344,3682.6108214651645,13.812781888853012,3696.725275053293
8158,3679.9227494864026,3685.5105182005937,11.682602702148559,3698.796166629695
7739,3748.6737581562197,3755.012238693187,9.156325668847021,3766.006338813801
13052,3750.644696095781,3757.02461811903,8.623312330812366,3768.0216296721364
8214,3752.747748336955,3759.0195217044743,9.18552103526875,3769.9911665052737
13747,3754.8883802427963,3761.129457169048,9.305655985997623,3771.9083416440453
13739,3756.9845301843648,3763.0568407090486,9.993895773292802,3773.734432668178
13974,3758.688289107179,3765.074050063711,10.072722494903974,3811.684241672476
13933,3760.530232200824,3767.0588886866635,9.040744645222965,3814.220294807402
13901,3762.440100982769,3769.120363497107,10.70797608920837,3816.454541032417
8956,3777.7890601229205,3783.1331610872776,12.064504469392647,3818.3785863810863
13208,3820.5284049772417,3825.1140949161745,14.150823151775421,3832.366003280451
12935,3823.030424628238,3828.0741368720746,12.635797721210494,3871.7220267775024
12982,3870.4897950616555,3875.3983739058694,12.723777108113364,3883.534372138889
13728,3893.0129415349247,3897.331456163325,14.443411096169777,3935.581981088848
13923,3900.0849553981147,3905.091893150473,12.607948704147798,3940.7055191193313
13206,3906.693624954024,3911.3061245321155,13.13572486841121,3946.8695129281746
8407,3921.917574847549,3926.482338182428,13.464077091207677,3950.8495508672822
13211,3940.0262423400995,3945.1712574142057,12.940561547307226,3991.3978394550954
9695,3988.219259474487,3993.4233458708045,12.29954224022737,4002.87213547197
13907,4036.5170167049355,4041.3989690063004,13.509220336699995,4056.618247424019
8141,4038.5899426610777,4043.347469358955,12.777585809159248,4058.752035632515
8203,4040.4181227452573,4045.164811351274,13.83464276029517,4060.899255836879
8284,4048.410370554371,4053.555746183606,11.902144748722538,4068.187324341638
8177,4050.496367072043,4056.097906794051,10.767116355366927,4070.3466929772267
9792,4060.7378628164147,4065.4841447840226,12.639542090699422,4073.528504330407
9779,4064.6481744192624,4070.191608742553,11.367165030907785,4111.408598319389
16043,4066.509426875617,4072.0406069276946,11.084980962081104,4114.028979182792
8435,4122.056670555002,4127.010701321541,12.510980023728322,4171.416376281123
15316,4132.95968561303,4138.114598895433,12.499354142391411,4175.924232834599
15924,4190.804136181475,4195.536619568008,12.161529874177926,4250.306624001051
9807,4205.035034287541,4210.13149245459,11.613416551102906,4291.441397034886
15994,4211.246142513466,4217.399069986958,10.578882945809193,4302.721980312265
15344,4213.1737592077525,4219.298755103818,9.957139166088114,4305.382317324188
14942,4215.2032286949425,4221.289705755453,8.873366795954913,4313.659510130323
14926,4217.240796184506,4223.316515843889,8.902684785035104,4353.214700830979
13236,4234.151936292269,4239.344442160219,8.419222300482843,4367.39183754578
8191,4261.47422572307,4268.222932119621,9.159799393236343,4414.103391073134
8318,4263.647681717777,4270.33400532271,9.331619367990626,4416.93907707771
8240,4265.694220543266,4272.367212999522,9.91736707484614,4420.019115553767
13645,4470.525433599449,4505.10181394213,6.784228228074439,4600.627236591393
13805,4614.603883698165,4619.156350981629,13.909608865888377,4651.713381664713
12987,4666.023065924033,4670.57986526083,13.50230143163855,4711.405470727165
12949,4876.285076973578,4881.232060317607,13.091487349650931,4896.944783038248
13233,4952.370091958595,4957.420326549377,12.071630732105476,4966.492457467226
13709,4962.985735864647,4968.279649591182,11.472144339644595,5011.370063833359
13697,4975.728448725271,4980.397197545889,13.5185629054996,5014.487458063409
13737,5020.273321415578,5025.454436783152,12.174028807923388,5071.559712853253
13080,5024.020921824482,5029.484401686367,11.200890369796241,5076.723878812721
13248,5027.704224553854,5032.486502830747,12.669795163951079,5079.13376362653
13832,5071.284780483458,5076.050696510526,13.787468360990204,5085.290106607412
13843,5116.393966645506,5122.296121339359,10.467704665600186,5134.550057630733
13661,5118.590561544099,5124.218454296821,11.10544134909755,5136.821157309709
12963,5120.435434510499,5126.119371963208,10.238455487131212,5139.22560792576
12973,5122.187487332962,5128.075395702836,10.648535045590494,5141.341756788762
13652,5127.180352646912,5134.259292601991,8.537302743754495,5146.805208466517
13906,5129.288930073419,5136.299878646158,7.942435492638086,5149.321910031401
13649,5131.315792722735,5138.3810536670535,8.970513611997665,5151.592887213473
13217,5164.330631106295,5169.42272526654,12.002873235124655,5196.334596302472
13216,5173.949027453384,5177.695870859368,17.147849260097292,5202.114446859498
13814,5197.150229679685,5204.068319320804,8.101527057529614,5254.063589218499
13910,5199.2652534486315,5206.202467377924,8.432935430084765,5256.911243445976
13699,5201.405678115033,5208.308262068178,8.729216222189361,5311.205495864818
15336,5212.2394217179935,5217.354283456255,12.074251850501502,5314.308571105199
14877,5225.278682823028,5231.156160745057,10.548516002801117,5320.898965439124
14892,5227.826047087324,5233.104523977044,11.186325936673473,5328.2369925439225
12945,5251.022416907299,5256.2799002353,11.403311504897076,5331.120927014154
12953,5260.462688302775,5266.007135320176,11.596372042626294,5373.839029175852
13223,5333.079562666749,5338.420106324099,11.252969767572703,5435.646319488944
13917,5344.923829329235,5350.169630885871,7.568141834035246,5447.39593403814
13746,5460.616755768315,5465.348275998083,12.988669233980872,5491.445186303418
13836,5462.796344791105,5467.604574259201,12.916679744797785,5493.943054257663
13786,5466.941065640666,5472.555457835002,11.277091011697578,5496.145799410985
13704,5482.6397191159995,5488.225247086096,11.116914078153586,5502.032836745456
13693,5484.894727411948,5491.008804589222,9.47630660874857,5504.008667648344
12999,5490.22347498232,5495.321762459266,12.044855647242885,5507.7211815006085
18508,5540.101360455827,5545.075006856113,11.961504050095613,5557.759887572578
12984,5551.411380766705,5556.277776209617,14.681930815394582,5563.307380650297
15351,5553.46728006477,5558.202769903277,12.788679505507368,5566.076851588278
15327,5560.416995169903,5565.085397425674,12.529456845022345,5573.266268826169
18480,5604.157164274775,5608.063052842779,15.909394303294734,5615.120736899396
15902,5620.348301341047,5625.278391640907,13.151128966827947,5633.539077679775
12969,5622.501646785725,5627.561986251783,12.477893608604385,5671.451647600863
12944,5624.543688418386,5629.556864344118,12.43512047804762,5674.329647345067
13044,5626.301690620352,5631.27445366588,11.599483481481283,5676.538361932121
13667,5630.327376799005,5635.262953467035,12.17317366584263,5678.719267784378
19421,5632.152426441092,5637.4718097074065,11.31379757128783,5680.504850278774
14878,5702.515395621257,5707.529256804117,12.494253132866806,5736.972673676008
16008,5704.345828589656,5709.420199182857,11.486596097941833,5739.380223064752
14435,5706.187348533583,5711.394614944934,11.650845937901426,5741.206385564107
15962,5764.420539459039,5769.437757831789,11.893802981911078,5793.96818882247
18473,5848.461231399516,5854.183421649484,10.099606038447773,5863.7510915519715
20803,5864.932628406492,5869.616942294877,13.543514085329992,5911.299957688244
19414,5886.289747341752,5891.130629209791,13.270469273947526,5917.592978035836
18578,5910.54830780079,5916.009565546337,11.455513745741394,5925.602639719342
19162,5916.1732056449055,5921.462588000345,11.34565263266456,5931.272728031447
20799,5934.586004673334,5939.547535912223,12.270323297781694,5979.236111432478
14416,5936.363663857526,5941.305065820448,12.00070085294608,5981.347886832242
20778,5938.187516464115,5943.078062358961,11.495443193368011,5983.305503775937
20835,5940.446100726938,5946.116505182915,10.74695952275535,5985.590383990494
18496,5958.445596916807,5962.458271618736,16.394721926056903,5991.508207156429
19226,5980.530719196038,5985.586378770785,12.538907286678796,6031.473106956222
19405,5982.345465479513,5987.403202070279,12.353969574219265,6035.55995036425
19169,5984.40492201947,5989.581900762506,12.110910632036743,6038.7514412890405
18675,6041.649916468183,6046.57884389245,12.687808192522404,6091.467910758999
18498,6043.455386103959,6048.327989061139,12.865038239288545,6095.3909440331945
13695,6054.769905149275,6060.016372577484,11.646737763511705,6104.423584499833
19170,6058.684382340329,6064.024204169402,11.126270912020646,6114.25764091468
18458,6068.262187300152,6073.1398706680275,13.216431314132565,6151.398819498305
18429,6099.968990364937,6104.644990380129,14.95258789719169,6167.112312214539
21410,6103.991499706929,6108.530888076742,13.087959409938419,6169.488630444236
21359,6106.07699676172,6110.441042310261,13.445218389877963,6212.001958478321
18704,6125.076766624668,6130.0648636702435,12.457095127284521,6216.996447915732
19197,6138.640197815287,6143.206349306977,13.7438444115849,6219.096522700563
15435,6166.890055361659,6172.226938438304,10.030714370642565,6227.27409130694
18706,6178.446174764374,6183.512371305839,11.915950734197754,6228.9792734792345
19139,6200.907646624397,6206.401907153699,10.918533641309429,6235.1276721491195
20347,6240.693454279775,6246.074936174994,11.233160526844975,6282.281070896433
18748,6244.253496646302,6249.000378589211,13.522834035295903,6283.885311222468
18715,6268.848047650376,6274.215383707894,11.3149861689608,6286.3413069668995
19198,6273.104389031106,6280.1004235807,8.647976478164201,6292.017851245012
19140,6275.238378041988,6282.133811580742,9.426353026610158,6294.163919126514
19309,6277.163454151066,6284.219181459647,9.567075208308445,6332.767928625833
13740,6279.327169705796,6286.110682964212,8.151766780437487,6336.553756664791
18412,6281.408142539723,6288.17186011086,8.067159112521738,6341.131671248577
18510,6283.443567840322,6290.3004671748795,9.133146547202733,6343.999151369907
13863,6295.75026637429,6300.603803312939,13.44710823599122,6346.211129221832
21427,6352.4800805381865,6357.392112064949,14.05272211949651,6394.1837722060955
18570,6533.994557029095,6538.383909849996,14.019265261187819,6571.508070805099
18731,6544.1624983529555,6549.4234845540195,11.72071809343717,6576.193421246402
19180,6560.408738872251,6566.431572135693,10.226249646100666,6582.1005112543735
18465,6572.638122476641,6579.096221925583,9.437682274109997,6590.682848537379
18705,6612.397409125026,6617.461962385259,12.235900637930957,6631.509147221907
18470,6628.426103257372,6635.214166353859,8.984368535271303,6646.802207743736
18681,6630.39421167502,6637.232134286413,9.144399750725446,6648.8939023745115
18494,6632.583376810224,6639.1709366317045,9.557303225004315,6650.974211515052
19151,6634.680847458866,6641.207208897176,8.714735700506369,6653.058264658168
20861,6662.743010449882,6667.025646897088,14.792219617681685,6700.036600874042
21445,6666.874672629995,6672.346577039673,10.64179585215364,6707.018746768171
19195,6700.68955910327,6705.593951685652,12.598773565229452,6714.047559112968
19204,6702.573068706748,6707.323088867856,13.034203170073413,6751.508175874462
19224,6704.401268601346,6709.041993697616,12.734448935790732,6754.018329041307
19470,6706.1855675631605,6711.256898146685,12.009940758728128,6756.353782007513
19201,6708.26723688758,6713.005346091542,11.702812004643368,6758.364548126685
18464,6714.836889613102,6720.475878954432,10.070790834590065,6764.034796491462
20864,6724.078442595488,6728.62465409979,13.881533034216828,6766.318496312706
20764,6733.968223250278,6738.499266136249,12.894529514842553,6771.670030929592
13715,6735.9784540667415,6741.341042376045,10.812857603869928,6774.055649373257
21502,6796.504071202466,6801.147316794838,14.421092666156285,6875.439179247615
21379,6799.0915859958905,6804.09448855827,12.041282750227802,6878.371947881407
19157,6805.496869428621,6812.400143656601,8.4826539915558,6944.039258243227
18440,6823.088206226811,6829.117682162665,9.8165044722904,6991.34680517286
18449,6833.112255056995,6837.445912609408,13.811363531620389,6995.886865615243
20428,6868.37564141147,6874.011562768618,10.524335576211632,7001.948583753423
21376,6872.801402959011,6878.42611632772,10.473682303600606,7007.843010576254
21392,6874.634077891745,6880.346716181177,9.848938479438784,7010.076779967446
18745,7424.499235042692,7428.676086091314,15.738988729956704,7435.406278135318
18690,7498.201584996569,7503.13840021134,12.0592968275857,7534.083207652237
18709,7501.691795185399,7506.6089741792175,12.842523390529706,7542.480744343602
20704,7806.32838664501,7811.544453397128,11.532627181088076,7841.103718996538
20738,7808.236779219501,7813.451670152121,11.724273619304249,7844.232299703418
20853,7810.309596449751,7815.35229836373,11.790852720263475,7854.430932585245
21354,7812.379138283389,7817.3085567034595,11.435665414411023,7894.107741733609
19187,7876.8767056088955,7881.463674435818,14.563480542747483,7908.695912890017
19295,7928.8768458878085,7934.130236412951,11.763990210882529,7956.461960526513
19190,7996.156935391627,8001.048265427002,12.604413945825561,8010.940619632726
20798,8002.915631245401,8008.433155090403,11.508319779409744,8017.809102306497
20410,8004.865449971629,8010.250998125072,11.768566111910012,8019.64734763199
21470,8006.801411640702,8012.445414534687,10.723287394155589,8022.279055982003
20806,8008.618855856912,8014.306424052771,9.725107864369752,8024.156147993148
19276,8010.498766351418,8016.256967105731,11.250419011763807,8026.123496915117
19329,8068.880387531241,8074.193277050837,11.484157983698115,8083.383915129298
19145,8072.7682529006,8078.027106343362,12.116534706661549,8087.265604333215
19221,8077.062107827549,8082.4956942993695,11.445511768587206,8091.7959408353045
20848,8078.974602464866,8084.463984856374,11.63428038748596,8093.80592524539
21600,8081.052060272814,8086.320777276326,10.412373853516675,8131.446365963001
19304,8082.972475768629,8088.29940931902,11.16190983525556,8134.000944112597
19150,8188.066596454475,8192.474583205896,14.847546294298013,8199.782311104627
19324,9220.388920026455,9226.485216329924,10.48636413192476,9271.333304531849
