4053,101.10198142581396,104.17754797928934,16.47616003684699,136.36534612660154
3619,228.4873002195568,232.43266344320267,13.42499957931442,238.16660138893022
4085,366.77533814694215,370.246544721599,13.74827724500945,406.42700930034476
1008,374.3544865437351,377.48616021427364,14.71994121819555,409.2478079999979
997,408.5556375208786,412.57042627215696,14.181118634983163,417.657964281222
2368,468.34733203958496,472.52252537137866,11.065780230150512,499.16092069469335
977,500.9261961764537,505.0663043955484,11.08661665757576,511.4600728089095
3094,557.9798782844132,563.0392005725007,9.364869468095453,586.3453758047043
2348,561.3530418226741,565.2851504447223,9.94476253267665,589.1319443165254
3148,564.909253060133,569.2979608853341,11.57952971015547,591.7933567544235
3135,590.8855979225707,595.1016147166908,11.427033013110762,601.6124674471362
4119,635.8422406095249,640.3416728418376,10.242737805630874,676.418111632053
3077,653.6441886511552,657.035438181606,13.601163319436637,679.3984129070542
1003,655.7028605405112,659.3870096229527,13.196495934846254,681.9277176984998
2397,658.3169156028721,662.2050535646404,12.280558573555309,684.0255159380849
4117,722.8860450247395,727.3823319353322,13.392145596365104,766.2124630903692
1674,726.2206451900136,730.0534807024543,12.535744249482327,769.358682380966
1688,730.6934053198515,734.5121001377642,11.191131093846922,771.7445095874754
2401,858.9851702392812,863.0815766280288,12.791478282479352,868.7817161526242
2376,927.715213917834,931.2422896981482,13.491245392949143,946.1132340181701
2351,949.1159955996343,953.2129644382854,11.233676512916372,959.4680861086613
2394,996.6276072515542,1001.0761547207363,12.170120101343068,1036.1706491856007
971,1010.6164959590596,1014.2685489842792,12.342754223244238,1039.1404779886918
4107,1038.5260351701975,1042.51902350524,11.761222076471718,1048.4950443169141
3606,1043.0805951007562,1046.5317733810164,14.018188591855232,1051.6095686403396
953,1045.211811411346,1049.197599218825,11.488465291114325,1055.5451098326942
929,1046.909619197629,1051.066081266429,11.800735234216997,1057.302137680478
1697,1107.1634419160869,1111.0603952142415,11.855816659509074,1126.530081831227
1620,1109.0820581914716,1113.0043436626588,11.520784246523514,1129.7205026280392
2392,1130.5800861004207,1134.3503020683952,13.602896061932597,1140.0343593671669
360,1132.8549213249696,1136.3137137763576,13.13708727033335,1141.877476937896
1630,1219.015130887596,1223.1704727523293,12.338545600377179,1229.5103136580196
990,1239.1667608947125,1242.6043914231846,13.481029266930097,1248.1449457607966
2382,1247.546759649488,1252.1618120627775,10.264562173393209,1306.1115391419767
1628,1253.1581611338404,1257.1814747512985,11.625088785966547,1311.3752991837032
2383,1308.4838404798195,1313.18235845232,9.382718118132635,1320.7744154282914
4037,1379.7351034656172,1383.4273668103015,12.282258603063276,1398.5360664350335
3620,1400.6233476051993,1404.5854911471367,13.283167018791094,1410.372955656983
2343,1450.7975941430907,1455.182416478204,11.48320028692382,1486.0982284351282
2352,1455.2293845409797,1459.4720827935475,11.693447863621607,1489.0412789400657
3129,1500.319405172968,1504.07773100963,12.886138225248883,1510.0197880048574
3615,1580.3459790997292,1584.1494510230493,13.046591065036722,1589.9291750542743
2364,1602.3935540715495,1606.2935337629788,11.934241799888033,1612.4105696231761
2358,1606.9017086189992,1611.190172904437,10.501137437703084,1666.3894566175813
927,1674.6440083896987,1678.3251831768935,12.335547974373798,1684.1185687274692
974,1677.1351207119267,1681.1551188499086,11.864477945079516,1687.5650423229158
382,1683.2314084983034,1687.4465367566359,10.24434996694736,1694.1382303387024
3679,1685.0985966316252,1689.3864996537695,11.665612677572621,1696.0805489777251
3115,1694.632653235541,1698.2324730665248,11.119626808692388,1758.655883577871
1010,1696.377890718402,1700.0740513562132,11.025381169207748,1760.82351085602
3107,1763.9958146899025,1768.16893210797,13.205050412335465,1773.7621978899404
2377,1766.5759628986236,1770.4968170671755,12.484662594154495,1776.4868883990835
348,1774.3852903142724,1778.5274248181818,11.235148367270641,1785.3571145928465
5410,1791.2010623874191,1794.464167012021,14.024854984897303,1849.2814899811847
4076,1807.2044575382488,1811.3148695510156,12.18699884885974,1851.9452820713523
370,1853.2230744540166,1857.1497203863044,12.399570561774436,1863.191592432673
1676,1861.1791613108394,1865.183576825922,10.942797409676526,1871.751822833675
2406,1908.779141556836,1913.4158799286054,10.372475016920317,1938.6686556347825
3116,1919.0134367650348,1923.437836522686,13.047826313364462,1941.1114487370075
2386,2030.3315842091322,2034.0906208932315,12.990959117623357,2039.7189917105852
9112,2034.003915435814,2037.3652217767294,13.625204288056079,2042.742657340434
9555,2036.0197229020728,2039.4675564112526,12.813143671667923,2044.9844720101241
1658,2121.5272787452313,2125.234043456781,14.055317020027502,2130.7066903019117
2373,2123.51000210043,2127.029093011231,13.922938328814585,2132.5114851409508
2370,2129.1753803169345,2133.315894557377,11.455192063657702,2139.9036135720776
2357,2131.0548602178783,2135.131891159504,12.010829571391419,2141.8335956182664
8597,2138.2315186269484,2141.530795555896,14.420893786642894,2146.7743101461037
2398,2268.9188804394867,2273.1560417315936,12.384470326256395,2301.4258917022494
1679,2347.6121126121166,2351.186718939179,12.893697265809992,2386.264298179148
991,2371.830342372976,2375.436228246758,11.767078127369103,2391.32568383676
973,2390.694647782901,2394.359355999486,12.839627210794024,2400.0851105704687
8596,2435.9593137417132,2440.0436576850857,11.697057508951923,2479.3055805150875
1618,2448.1150106267073,2452.1146484122687,11.479930242640878,2483.6507249736674
9577,2522.999725134331,2527.2660767974503,12.697870583742489,2566.261719953509
1018,2568.7153020062615,2573.3022210454724,10.74474964909031,2580.3983652045185
390,2578.51698364719,2583.129132494909,10.075384055326635,2590.153507617659
1769,2580.5866520254663,2585.2994056582065,9.967551878232275,2592.7732051050366
5916,2588.4357474168355,2592.2131978030684,11.352575688629843,2598.4239474399433
7846,2594.7885096409213,2599.3899539672057,9.652782134533343,2656.1516081405252
1631,2598.5748177494497,2602.079191750305,12.282955274487426,2659.2059861393172
7912,2665.1430946260975,2669.4153999721975,11.372719891243833,2675.8324660991684
8638,2667.193607410706,2671.2986067332054,12.181609564491612,2677.7232642940294
7848,2669.223207357781,2673.1455541849755,11.021275106293619,2679.547430827767
7898,2770.493721121208,2774.2759261270435,12.242891546754459,2780.435154378279
7851,2796.0376030286607,2800.0980073982837,10.96034509760278,2836.3236171684603
1624,2800.6255634136137,2805.1298839301194,12.704599944294479,2839.112992059977
6469,2839.0007689165664,2843.3309683011303,11.839695607755676,2849.316182952638
9624,2895.3652754635104,2900.3742290225546,8.651431190591541,2928.7453747749596
8601,2928.7886549872887,2932.4505665432143,14.886271961664724,2937.59244907753
7914,2957.444449789414,2961.203177779529,12.18632993439042,3016.181043923935
7901,3019.072059617563,3023.147757208352,12.590281365116649,3029.172809969339
5839,3112.504099848861,3116.515052426362,13.930801899165441,3121.8321019347777
9118,3199.0836666482373,3203.2839554765524,11.73934864888084,3209.4684867187493
7179,3201.106743202286,3205.4827790211007,10.86443321712099,3212.2734128521347
7113,3288.386482148847,3292.255416100361,12.4836146423508,3297.998639820539
7927,3312.441995897103,3316.1503744604056,11.863046606211979,3322.2446003658365
7135,3350.79781064331,3354.5477890171933,12.818856103296932,3376.1739061687076
10289,3362.5964981899347,3366.5522671920944,11.54436455826093,3378.902857673895
9114,3381.4092909172896,3385.314454236748,11.800088375176793,3391.5249791700735
5913,3388.7666428889333,3392.6375123706275,13.977573443714554,3397.7675440160438
9155,3390.943084010538,3394.557839665682,12.973151398430279,3400.107098840152
7858,3393.05779134846,3397.3301751326726,10.606798218161577,3404.2444063698417
8573,3395.276398321823,3399.2653823940623,10.17560827427497,3406.151226285548
7889,3400.5572377280487,3404.533599749501,11.715604465501103,3410.7509088480047
7122,3404.131279544066,3408.0075908073304,11.440761573257692,3466.2251748877
7198,3476.639203382405,3480.345841565979,12.942870880112837,3486.290477126833
6478,3495.1715217635196,3499.124052317373,12.847501699019423,3556.4235367449805
6429,3574.0697683287144,3578.159553893594,10.86246340403201,3584.7087806479835
6493,3577.580490641556,3581.354487489891,12.430866271137102,3587.5279479610754
6486,3581.201760096816,3584.551196101128,13.553966130449048,3590.066972768016
9547,3607.788489304542,3611.5565148267465,13.167712430849175,3646.3477405187373
5841,3657.8812890967065,3661.3717181167863,13.38117970838175,3667.0341804791265
9578,3659.625809968224,3663.5170623848753,11.432811631181808,3669.646462604817
8584,3700.7535969527735,3704.5047576986544,12.413748148524533,3736.30667633316
6474,3708.10575446174,3712.047179675491,11.482736758591345,3738.939046741692
7112,3787.7849911032154,3791.1180665983657,14.624091529361362,3826.2950026581766
8583,3790.0403992745605,3793.4961852868983,14.280087643768244,3829.241465324332
8627,3796.156273887024,3800.2142303239557,14.158320356338963,3831.3766629565416
8650,3798.678699170796,3802.4346055885685,13.92472781301636,3833.345044019462
9180,3833.072606836464,3837.491097736724,10.575894826930256,3844.6941480776964
9133,3835.010455016757,3839.4299217477333,9.397850999021331,3846.5868953688478
7117,3873.859669464154,3878.011811310428,12.598144266420995,3916.1952322284005
7866,3878.2511469751735,3882.4273187737576,10.493445678895776,3921.3507703880255
7146,3880.149380554057,3884.291248458479,10.766158383279425,3923.4949643275627
9135,3924.4592798831827,3928.132711240514,14.710932084724604,3933.2688412782004
7888,3963.9202774009636,3968.160100961457,12.062658482395669,4006.3147442335685
7172,4053.668967516693,4057.3768903655496,14.667612978562115,4096.475893792987
6433,4099.051732910863,4103.189538502535,12.383172706446443,4108.936235088474
14607,4101.138658895633,4105.073255006465,12.04471427749488,4110.974518521261
7144,4152.58305241633,4156.374039697046,13.449305269203338,4188.8580351186565
6507,4199.939615821014,4203.471389196678,13.094396435941198,4209.193945390093
15056,4254.874238801433,4259.086658176451,11.041432598063317,4279.4485760934385
7883,4299.273111744658,4303.32284002627,10.719047477398401,4309.997764279902
8629,4326.768436165969,4331.406468569952,9.932838199090213,4366.252659250226
15103,4344.584495558718,4348.095763556016,12.884202561940906,4369.006183116397
11390,4371.212707824054,4375.020968532901,12.083103186300903,4381.111256942077
6562,4377.974211784002,4381.393699156278,14.739217251832805,4386.208262100083
13457,4379.744318857859,4383.033373066645,14.350763222435392,4387.911247619379
14187,4389.284207646645,4393.513516204002,11.040449262160804,4400.123878251474
11398,4391.164427726276,4395.38801570289,11.470753712265896,4402.049691963486
6452,4393.109191852803,4397.190249272841,10.709917787875785,4456.156286052648
15045,4415.500633080938,4419.149473603563,15.187064576421218,4458.861487709758
11937,4460.912306017042,4464.577088673378,12.75442411139456,4470.164782003155
11933,4463.033386371704,4466.520810211346,13.757894296933594,4471.961744742909
14619,4464.805862117135,4468.1956124601165,13.657695023446063,4473.6984162143535
15089,4548.580218195671,4553.097633441291,11.010978343607283,4559.74141304179
7841,4616.5088990363665,4620.163063572978,12.54222663618551,4638.928793905263
12679,4623.811046781765,4628.292340662383,11.541502391731875,4641.135039583278
6492,4649.106632187199,4653.190524507655,12.698414215032622,4659.0478770192985
6485,4651.877631191663,4655.600418622265,15.449249381676474,4660.9899531228475
6446,4683.634056705013,4688.063225458964,11.041970125245411,4726.10237634737
12654,4693.783852599364,4697.427331622711,13.823977067959488,4731.231373490415
6448,4742.699370799007,4746.058273861217,13.889636547686814,4751.2359864783975
6494,4748.736896601557,4754.003948498499,8.744668705632366,4762.225126947887
12004,4751.919024434046,4756.328306179744,8.975515534461719,4816.177309017611
11967,4818.7071833644895,4823.2900298055765,9.998862299901472,4830.401496690559
11407,4820.669231885271,4825.279506599392,9.827269148875777,4832.270118098344
11945,4914.336260034615,4918.457598771154,13.841565733304813,4923.919395455029
11938,5009.466191981944,5013.271473918124,12.269899355543563,5019.245075865198
11362,5011.591969448037,5016.199160780175,10.02355658075031,5023.34698990071
11979,5181.4049998083865,5185.318442505752,12.549303968000988,5191.173231740851
14616,5183.423809466498,5187.141272859258,13.39047751818167,5192.848450277024
12628,5194.278140671538,5197.550733085813,14.429006623696118,5202.689556992966
13420,5207.109963248418,5210.371105622836,14.110634310758496,5266.417288005591
12666,5373.134948695129,5377.00028000409,11.505361271828226,5383.340376411241
11988,5450.355203558204,5454.141192258789,12.234105487797482,5460.010221151495
20581,5493.4080388900375,5498.094605951916,12.469730103410495,5536.37572593183
14131,5500.583931227437,5504.177710556624,13.576828759915964,5539.2258867947485
12054,5538.867224402049,5543.174889092077,10.796929693443834,5549.817448635391
12041,5551.492043031936,5556.018945213431,11.214644391096352,5562.415884042798
14145,5607.506479267816,5611.518906966338,12.27589597629058,5631.790520278556
20106,5633.00868219945,5636.6054228538405,13.062470803494296,5642.303813914184
12674,5676.705650165857,5681.137952238916,11.812638149344773,5716.141839450657
12014,5678.80768299567,5683.115504085476,11.103985146359495,5719.005400726447
12003,5688.785244286935,5692.518008654633,12.457089147806283,5723.44168529808
13417,5695.112955910557,5699.43415537784,11.99074097189889,5725.516538431492
13376,5770.926832684161,5774.609369344398,13.03183675893213,5808.897743833689
12646,5812.067505298703,5816.191255928009,13.920375745433232,5821.558255748315
13394,5816.964103609629,5821.298415912588,12.219109042585147,5827.614591640113
14673,5819.197121056583,5823.019212336905,11.309823644286832,5829.333493479667
13345,5864.6581522203205,5869.0362416979,10.950292441501682,5896.405446157364
13361,5909.372682219102,5913.33898448948,13.318115243292421,5918.831655687543
13350,5965.431800054848,5969.08281816394,12.398625941709712,5986.364629531647
19617,5967.698612115857,5971.313917136211,12.580857822419652,5989.366353154866
20120,6000.871114085851,6004.463111723203,14.227001607862684,6009.709385875986
12676,6023.703412247119,6027.258378087382,13.217385694485898,6076.116628382889
19622,6058.984408127406,6062.286353246442,13.965482909697004,6081.2295169335475
14121,6065.954649699656,6070.006486050678,11.914193104972584,6085.31336583278
12625,6082.931188481073,6087.477729664876,10.305085352563845,6094.723846908899
11360,6086.84420218538,6091.4533626934235,9.8065231334634,6098.374674510168
13423,6088.894692932742,6093.482554261429,11.03452465948076,6100.200077084202
20178,6093.842167900866,6097.313044769486,13.456975421952803,6102.799930178868
18882,6123.570409961786,6127.24139724837,15.01491470853845,6166.0876561367795
12699,6143.135906415873,6147.197929937834,13.227226184815148,6173.213841336755
21933,6154.0820210071915,6158.503942491231,12.583060158381281,6177.249819606046
13362,6159.677077748316,6163.630334937613,15.162807424638562,6179.26448857923
20128,6168.512430912603,6173.074277647461,10.201629894892552,6181.300361774765
13351,6215.989186637967,6220.373236575067,13.181999628786304,6256.228674702751
20125,6267.160225651148,6270.560267661689,12.891527338682211,6276.505723100195
11944,6268.886455346403,6272.346500786263,12.617895048126238,6278.274266237877
17454,6270.736845449903,6274.433824795437,12.922955081526766,6280.557106015174
19604,6306.302312366555,6310.217770597649,12.968625969586329,6346.1348591792
18853,6310.397705654205,6315.15654813602,9.651155339021427,6348.899079870273
12664,6312.439868992102,6317.08230724311,9.808179676078865,6351.2187123824915
12002,6351.162793731527,6355.44841778261,11.082866480310827,6362.122195036399
20123,6359.0888410092775,6362.499647501703,14.269061817333393,6367.888221861259
11976,6360.83970841741,6364.1973098143235,13.641780326118427,6369.629020078851
20138,6448.420894878313,6452.491571462841,13.589061325723367,6458.094065739895
19611,6456.775778250864,6461.095254931564,11.293567900006746,6467.486524665995
17449,6460.223986057066,6464.243589208146,12.032685755074679,6470.603443738481
11955,6548.5005129395295,6552.4044716405315,11.223386888000249,6558.770148168304
18843,6664.072315580015,6668.070718394341,12.935016496744433,6706.18734063401
18912,6687.36428616456,6690.232534962493,16.244860450789005,6708.741991157503
20116,6708.615927945869,6712.529385603557,12.565178032928673,6718.218816062964
18860,6753.677655209719,6757.586338790577,13.909506069408764,6796.098783470775
18162,6761.746802304235,6766.080595096635,11.663276612340255,6801.413082058956
18856,6769.4095817089965,6773.499451007794,11.738574504704184,6803.342924647328
18197,6776.207287954317,6780.46504235724,13.36167281798173,6805.166329125352
19583,6799.079431565111,6803.383384001203,11.48249205229079,6809.879077554995
17523,6803.659613827433,6807.453417845461,12.975370713640455,6813.318759106601
20140,6807.503431087096,6811.479752362487,11.869156979370253,6817.936183447493
20135,6809.216644908735,6813.3061264114585,12.068949707481515,6819.762512282237
17592,6888.892195356418,6893.125963461746,11.796587550648676,6899.303324374053
20161,6890.8490300828125,6895.073781476601,10.35377535578642,6901.902981761859
21880,6934.2856782695235,6938.543760825504,11.689565003856107,6976.38293447068
14112,6938.3318134092215,6942.10585501315,12.652372414461071,6979.15619174138
18880,6940.21763065468,6944.013272570052,12.238430033607731,6981.714032654804
21948,6978.396986098538,6982.494941897872,13.016169171055664,6988.131686409835
12711,6984.757268429757,6988.153593441433,14.067328204364477,6993.4880432670025
12084,6988.205182329517,6991.60964056981,13.454354405528951,6997.135888082965
14133,7023.558130539753,7027.40388202292,14.159679023829945,7066.354506811424
18152,7028.1561218364,7031.483075357493,14.398073382487063,7069.103392183511
12017,7068.808774673044,7073.1869802962665,11.049370787175109,7080.00113977244
20535,7159.2404745831755,7163.4365457640815,13.210566564235792,7168.917793631278
18193,7215.877611886291,7219.447953896671,13.428191744053574,7249.230638073444
18911,7220.768643852795,7224.125082386692,14.40874626610154,7251.631412794846
17446,7248.429235775778,7253.378922699038,9.350298391652363,7261.38195410547
20551,7260.393745039818,7264.521050649931,10.917040461651599,7270.973717748326
16843,7270.316288502501,7274.187539981294,12.389342261328101,7280.327633887621
18905,7273.410047393814,7276.420746631229,13.88576635689923,7282.121578455863
18138,7301.581317765966,7305.059817698776,12.937119341440164,7340.99733542936
18848,7428.554792246949,7432.524508808369,12.309328482111225,7438.43114298904
17589,7434.3816765107,7438.387693101694,11.775444318031465,7444.657639397801
17570,7436.474474859521,7440.2627631196765,12.655330399671179,7446.479714928494
16887,7438.299951405019,7442.130153275052,12.297126974300788,7448.459139926179
18877,7442.082157698518,7446.322308291655,10.967693659179208,7453.00092167248
21913,7455.846381516123,7459.458361558483,13.05848125137333,7516.399531748632
18878,7610.934245261316,7614.6396053712415,14.035329051163075,7620.350612554483
16858,7794.072019209163,7798.2819827930525,13.186770919058203,7803.7750815508725
18188,7886.973029340146,7891.165165033088,12.388461671043562,7897.251604163099
18169,7889.060115117087,7893.4945572918705,10.155699874448466,7900.687241166952
18121,7891.226778232146,7896.0647468738,10.118882232109744,7903.506999404927
18156,7894.939498352992,7898.476221258346,11.78941274098101,7905.516249185303
17494,7898.350411824363,7901.500829800985,14.95686689906122,7907.560060330331
18130,7926.306156064059,7930.351765833841,12.111474637666428,7966.177675773377
18185,7975.0011000992845,7978.559031143252,12.701548860344188,7984.335062341895
17427,7976.821819419102,7980.377816491495,12.712716321166372,7986.119205838581
17485,7990.799611940552,7994.452162774755,12.07781257805663,8000.251601569706
17452,7994.659838575062,7998.109165260462,13.607828336121525,8056.473436212644
18142,7998.15812618589,8001.561198410509,13.905024442354524,8059.000140496375
17439,8016.0151269040825,8020.41810301091,9.863914706022973,8063.421764725458
17444,8018.306104624607,8022.5085709115265,11.013172000061754,8065.448882780903
17437,8020.297022441405,8025.118874727299,9.976752507084488,8067.513062638532
17487,8058.801838412101,8062.579040657975,13.8705414687005,8069.623403500342
16847,8157.152151256973,8161.0938334416305,11.108346871981745,8167.558830458517
18968,8161.207973970361,8165.371911404273,10.69706516070445,8172.151759358505
18214,8163.087805699732,8167.19456956075,11.39818292501639,8174.005185548687
18153,8174.950644118654,8179.204462106936,10.947052717803729,8236.401850331882
18145,8240.427591280108,8244.023013700114,14.198414239629125,8249.343069199123
16877,8246.760674150408,8251.367775266928,9.34502162199264,8258.911539595427
18992,8248.776497800667,8253.403805134994,9.94322927662077,8260.910792331868
17491,8250.789321128324,8255.437646472052,9.636730512365736,8262.78636902783
16859,8252.765769680937,8257.433343683902,11.24553876530106,8264.764061969096
17458,8261.404242281726,8264.450555331903,15.576582445933576,8269.28745424008
18179,8270.544465991718,8273.364646216289,16.92402701414966,8329.207072963543
17477,8329.017918129644,8333.02484357365,12.7712732166007,8338.87340872839
17483,8421.297102520815,8425.08006801673,13.787913137178014,8430.351420401998
16878,8423.188459971372,8427.071476902816,12.00554511152988,8433.070130445105
17498,8425.051367605447,8429.253522019315,10.427998725010497,8435.951193928919
17445,8431.910599965631,8435.538277007787,12.43097250702426,8441.293301865406
17456,8443.986685177551,8448.209020355715,11.612217459472456,8506.250758500879
16897,8598.366512774153,8602.197518519853,14.475634527770357,8607.047827540098
16865,8600.869101031576,8604.546901929041,13.653614020730693,8609.829562427425
