1477,309.56535186031147,313.3036411262186,12.106538150066907,361.40288545775235
1452,398.6959221428457,403.1520228884165,9.685692340043321,451.45449893783086
1597,928.7963300796112,932.4380553612755,12.224182207736192,939.5581691799229
1540,946.6927300195968,950.4019246277455,12.327641671519144,991.3275660111339
1147,967.7812433745304,971.3753916747295,12.549497881682168,993.92752022264
1735,1245.5733478354591,1249.2371120771759,12.005288801498242,1261.6691068938374
1566,1248.1109655161895,1251.4591838156794,13.584760626287892,1264.176797656241
1618,1536.675389023351,1540.4791924141643,12.105589485058733,1547.5545662436054
1531,1563.2991166716827,1567.022768224567,13.171978387045282,1621.7904855270235
1624,1565.8620849572303,1569.571506499464,12.480848434247175,1624.6304049508635
1229,1567.8423587382565,1571.4208088575579,12.49268330339264,1626.9735663603603
1249,1831.5969330234261,1835.2147887575106,12.848732891177809,1841.544802777376
1692,1835.8408689791247,1839.5042395475489,13.08229263996555,1891.6662966447436
476,1910.4544142231107,1914.4812553984561,11.207294398698355,1922.1239148727616
601,1929.2123287459463,1933.018028390781,11.144966782053938,1981.597375000448
128,1950.7372667197228,1954.1666048349794,12.756348337663903,1987.0729704616645
106,1955.260826752472,1958.1909454201286,14.7129794826068,1989.5848916322798
7248,2735.3143634852195,2739.344398700348,12.392606424792792,2791.42938615184
7257,3319.869072430012,3323.2087428226146,15.100226534757727,3331.1471099148107
7158,3358.0446083637203,3362.3407156069725,10.90644182533582,3369.665683713419
7148,3360.188816356997,3364.503264438929,10.773102809316274,3372.4466191096794
7216,3631.7041242417877,3635.4033374613673,12.73759813453753,3642.1720935364847
7098,3668.6912445377325,3672.3700285856557,12.315212113339664,3694.2935535949837
12466,3936.7538197558756,3940.3918371193045,13.671182392020874,3961.2942192468677
12460,3943.51869246508,3947.444914911705,11.099225927627618,3966.700730676771
12659,4251.75813962806,4255.199387345712,15.184159811674402,4260.772816178456
11745,4363.042723803589,4366.525445823991,12.754907520004208,4411.530673658429
11093,4364.831903022995,4368.316646524305,11.314577795212406,4442.8084546007785
12561,4526.605936968064,4530.368065191314,11.208165006759994,4537.502342508374
12529,4532.556242254407,4536.148367771209,12.694414274135054,4542.679654599231
12536,4538.576070702002,4542.461945183464,11.971759505581293,4591.652184822709
12578,4549.72810113719,4553.537697202675,12.380030467332356,4594.358898623598
12972,4817.756299692355,4821.251946959108,12.116992755578444,4861.685474209509
12546,4841.18179739475,4845.432711683113,10.194088969505403,4868.855498875309
11540,4882.7254764245745,4886.56090308238,11.548277516107385,4894.458966064382
12620,4888.592954380316,4892.585434576785,12.461902237774607,4899.346559598685
13168,4899.468277359427,4903.400825948804,13.28288543070651,4951.693367578611
12468,4981.699030695175,4985.5031215651925,11.288019258352652,4992.535446294615
11542,5260.600938938867,5264.183037856451,12.41473308083171,5311.502376570282
12598,5426.6944119267055,5431.175026920735,9.347344870376647,5439.513811675571
12577,5428.668458850736,5433.163564172784,9.361970863474534,5441.548915020432
12731,5435.874624914434,5439.4180736698945,13.833167432017742,5491.327426159436
12075,5507.150367663375,5510.27048710384,13.671848671757628,5516.3073354433545
12027,5510.6442858148375,5514.061027733837,13.03670981589738,5520.5510920712995
12083,5526.797736900553,5530.293595465952,12.015370589694713,5581.361688867517
12082,5530.29547679375,5533.179156290342,14.666153636327385,5584.450801614576
16574,6076.154983879986,6079.1373023889755,14.110663405163105,6121.449304217434
16610,6136.414967419921,6139.3424697934515,15.067425090500814,6145.819022519277
16592,6159.789136009537,6163.295319439057,12.049742265345321,6211.537863587059
16618,6163.3112853944,6167.0852909475,12.343776537441181,6214.791892646512
11116,6172.555471329494,6176.193401733044,11.804675673794337,6217.0105285998025
14348,6183.957705574758,6188.071182000972,10.615993963174303,6219.594787116178
16580,6185.792729036233,6190.020158333854,11.212734706260353,6221.983578505368
17050,6343.839677595874,6347.4625591228705,12.545445015787797,6391.540483877017
17962,6637.837307165585,6641.088451960716,13.950428602492137,6664.102195906529
17944,6640.876499182675,6644.394373896358,13.344034525566457,6666.438944852848
17518,6679.991683996308,6683.4510178476685,12.668072582982882,6690.054157909458
16612,6684.164600503525,6688.295674874666,10.287856947641943,6696.66357549378
16629,6686.073104198995,6690.175451204663,11.508824882151114,6699.493820775922
17034,6688.034653231006,6692.069181091176,9.591859692124084,6751.494778551716
16932,6795.064056632652,6798.209678438554,14.341196677073105,6846.87540599086
16615,6804.089006131282,6808.131578692423,11.155824903053714,6849.68816293834
16509,6856.616707529839,6860.105383971631,12.271337878619557,6866.687963748842
16721,6861.029702643337,6864.436781571057,12.694953880282704,6870.705615427796
16761,6862.782002495814,6866.159568091148,12.621977960559096,6872.643155302097
16627,6890.020153021927,6893.517807075483,13.009288657653311,7024.505017872235
20724,7348.229438276449,7351.24303992863,14.351662936793272,7384.457370519424
20275,7350.788378094156,7354.299243612247,12.671769446657345,7387.176150808296
20264,7353.25100428148,7356.31444522529,14.16813999831125,7389.659801976672
