689,202.39263527894485,204.38371767816153,12.689635205560746,206.02512127461986
633,204.19619465359372,206.07285153115095,10.822480667139958,207.82527203200578
637,294.35302124481535,296.40076911903583,11.857128519696253,298.0823998047098
647,297.74919570917257,299.54738491730456,13.247101694425123,301.0996521527921
741,299.497338223705,301.26409632121243,12.420122759695197,302.7513659355218
600,306.397880579971,308.4233934991813,11.23307688516094,361.2312440773035
648,382.81637920152946,384.2823544962471,15.989445475235101,385.5436667702705
678,386.3442144108775,388.0855233491847,12.969288493481358,389.5713086334474
124,516.1801490100677,518.1882282574719,10.32357542151786,541.1806518965832
649,569.6286641196349,571.4638166232221,12.98304707532174,573.0097587870015
603,658.2203485358746,660.1111640330922,11.817037526293444,661.7285497754123
115,741.3777527057101,743.1854672675702,13.622203856159823,744.6305416568366
559,773.0607793289817,775.3516949319591,10.613954136757004,811.3256005648028
221,786.2502567360349,788.3445543375541,7.959452168866417,815.9981579735161
583,836.3769272232361,838.1620785590732,12.965008460636366,839.6854562155094
723,850.1580903382106,852.1650402696797,10.029736023965857,901.483165631948
623,856.2562745164067,858.4040798806645,8.488459103719306,906.7596833519623
253,976.3697568253767,978.345831285038,8.194871808302949,994.7115423206383
655,1011.7097204195438,1013.5777569929473,12.667448007118242,1015.0977457903008
719,1013.5202842626169,1015.3374843482368,12.625288502149589,1016.9166497669895
687,1015.2505770878853,1017.0541117070412,12.78615029231025,1018.6033551756567
666,1110.2554551399826,1112.0678770214847,13.05986982383449,1113.5664751639733
593,1189.898346761245,1191.5888574264513,13.717447554823865,1193.0004030345858
653,1191.6120069362971,1193.3220827290556,14.167941003145868,1194.7271202275172
613,1196.9520256248009,1199.09424385559,11.24958249401256,1200.8491016754267
554,1296.5710603601683,1298.510364105797,10.754418631382451,1351.5198986754415
632,1380.2484397497249,1382.1657347572566,11.649198153953716,1383.814516676598
742,1388.0709650104775,1390.3215854474513,10.994303193781452,1441.5946633799726
76,1417.7497922647026,1420.0936157009135,6.953849837796846,1448.0811708279987
650,1463.3290507127929,1465.079038464323,14.09482795295662,1466.4729301884984
215,1512.2207516161218,1514.414493081562,11.017716794513946,1531.337332660537
149,1516.0472491131798,1518.0939216518673,6.192710919322001,1534.2849223546632
734,1550.575473483929,1552.2958253324562,14.098949512818654,1553.7544059995694
1092,1575.58138801555,1577.48514639314,9.989937434097216,1579.4268262544936
213,1693.6607330556783,1695.2994151440423,10.754124967924911,1711.1015694756977
1066,1732.221902398667,1734.187191740739,11.91018489534703,1735.8415503850308
1109,1735.8192600770508,1737.3828745006076,14.338870834207336,1738.7406323699524
612,1764.9831607700787,1767.1903313953649,7.264669042413696,1803.921891391837
128,1865.2349504262936,1867.3459624008797,8.147739089398026,1894.0358053003904
641,1923.338069452374,1925.3123914117618,11.9494996781762,1926.965060728547
6174,2010.1671150152997,2012.1737400405298,12.128050231378065,2013.819933951458
6120,2088.9276846915004,2090.6239268878285,14.217099815723666,2092.0720434391133
6188,2110.524650525193,2112.4115411402986,10.86712884955233,2115.5902915601437
5789,2139.746199015475,2142.2489025680384,8.888263203597079,2144.329034276096
5672,2322.340148916834,2324.5037076290064,11.112537988172635,2341.1557591798746
6116,2459.882485670319,2462.1226745037384,10.556497999597893,2463.892380381046
6103,2480.2472688486687,2482.1964812874926,10.542991865019346,2529.486908059841
6134,2545.8588569456347,2547.5740295453693,14.266394837286883,2548.9616069673643
5740,2586.5863064064242,2588.549274879726,11.440834238064783,2619.1171484353836
5739,2678.587661005076,2680.4466692123465,11.630510042642285,2709.739034658332
6035,2727.876466748917,2729.425057949415,15.431702767847096,2730.705835838369
5630,2766.14631921332,2768.2466428579687,10.034130302490771,2791.140852215695
6202,2822.2346269446452,2824.1489660641105,11.36017756282049,2825.8132991784064
5642,2855.68129045586,2857.5919962528837,12.344360218126447,2881.0921316381987
6146,2923.4862013875927,2925.528114784684,10.954276613610286,2971.256540497082
6107,2999.6079243229374,3001.278766422611,14.245920309321892,3002.664875851998
5650,3034.2800961277567,3036.150154431605,7.00434103197309,3063.495823559429
6033,3083.491406479224,3085.3885085209954,12.808764454927555,3086.9254842355995
6047,3103.379810763033,3105.103004128705,9.585473686773534,3151.3806757840375
5569,3132.0979276801827,3134.171770223301,6.493932043188624,3154.3244774490404
6132,3177.566400383094,3179.2759135178576,13.608430987228385,3180.7455837280236
6111,3201.9141873552276,3204.112159202824,6.901037883252704,3244.3102292904755
6230,3266.5353805998207,3268.4761959159664,11.172242335909681,3270.232537184611
6110,3268.3259411631207,3270.3800447983444,10.530236190037192,3272.0395230252907
6210,3270.470195772414,3272.4044336479865,13.654242310911734,3273.933847892897
6142,3280.7808008553043,3283.0461980874175,8.924930229205758,3331.0850000307946
6217,3442.4866633350916,3444.4713030271787,12.241795122359433,3446.877854812329
6159,3444.3176015983513,3446.3316301604445,9.30336903042348,3449.062485994197
6211,3453.671741475872,3455.3556624130388,14.511525015090575,3456.7110460828694
6118,3537.9853629854542,3545.000987617003,6.4074358484880625,3547.5270768235164
6152,3624.314672070933,3626.3904391975593,11.582528374785051,3628.087094514514
6185,3664.4829303228844,3666.2841445650693,13.17807120253285,3667.8309228742914
5612,3668.049393905235,3670.1525901720856,9.972945749768058,3691.238107032441
11170,3669.902776542203,3672.1379549927965,6.082642799947191,3694.1386923030714
11674,3709.5310248609358,3711.4472425576164,12.827399320021879,3712.9809698411646
11706,3714.6563875807724,3716.512936240585,13.262407428830134,3718.0165299115306
11619,3810.395654818718,3812.0978108964437,13.576642858313043,3813.559194970669
11139,3937.957990039027,3940.1063714075335,6.941088035319832,3964.0845142323988
11250,3972.4939445132804,3975.0152481180867,9.791170998821913,3977.0418819445026
12093,3985.974909736703,3988.005698771771,11.16949340813945,3989.756621838031
11638,3991.470020074394,3993.4898559680128,10.798313470971822,3995.0806069754613
11981,3994.0621432264365,3996.2034148963403,11.142533413815263,3997.9439996015312
11543,3996.30325541952,3998.2612471431403,10.933375428737088,4051.1289864381156
12016,3999.0183682078814,4001.0721173507104,5.992779676323732,4053.777710978962
11637,4073.2794698379284,4075.2488937561016,11.675488420737025,4076.9900742321342
11743,4075.5705969361716,4077.5660510204953,11.810160566856513,4079.3260791874322
11628,4078.7471140129915,4080.317514216538,14.145483302106832,4081.7549694978807
11539,4081.9019723806537,4083.5779813794516,13.74671620805917,4085.0200942682704
11708,4084.3703049459073,4086.129088873339,13.531898564567982,4087.6012494424526
11672,4342.615409421918,4350.127111386068,5.902847986966307,4353.707960016767
14394,4367.068303229016,4369.276567860744,7.252978001615381,4425.94243104593
11626,4444.0932484960695,4446.113447047574,12.039726393434913,4447.7769729340835
11664,4447.7831368224815,4450.112352646753,10.328261507509557,4509.143776002684
11610,4616.411794165035,4618.4971198482535,11.316423947081764,4620.206790941346
11705,4622.296922661888,4624.139606006798,12.665945061757167,4625.679522775184
11109,4656.591006676817,4658.270989013163,10.538095210117842,4690.174526070181
11662,4702.992187343412,4704.575789637771,15.027301715846871,4705.866406732739
11669,4718.1174132537435,4720.260233103224,10.934325368588633,4771.891391819852
11675,4793.264167637396,4795.2688642873045,12.350916712397789,4796.882483428174
11552,4798.6707008671065,4800.411274926853,13.950638705875892,4801.8326828820855
11646,4800.439598775696,4802.1394990831595,14.080315443220329,4803.588217018641
11670,4817.14160170367,4819.3904485490475,9.888245401085628,4861.447038520299
11101,4834.020632762939,4836.130974518983,7.082559612575226,4864.170211945881
11550,4880.581913989963,4882.530539487743,11.577670173714079,4884.168743224935
11607,4915.479241605098,4917.454158323562,10.908742472022148,4952.282299049585
11219,4927.872741997091,4930.194761800723,7.168535729477836,4959.064186682851
11212,4969.641210983783,4971.503113488044,12.571216390669823,4973.093408940139
11560,4984.663572511009,4987.343009566004,8.306309279009326,5041.100148426001
11098,5054.000991298828,5061.056755736671,8.980979952140476,5063.066440266605
11234,5059.008351591784,5063.028332457114,10.00587505828668,5064.990760774768
11721,5076.870942914002,5079.057304660091,10.201160886372149,5101.267137528705
11255,5195.921640511113,5198.04424271181,9.997448200237848,5221.1241363707095
11709,5239.900224114932,5252.280780337804,8.52811066375619,5265.984455866283
17138,5611.17897140959,5613.248383008274,11.638490364531496,5614.918491655025
17123,5692.50504811387,5694.397174953342,12.23546674459373,5696.0267420781865
17107,5701.137927207412,5703.275119906696,10.33332121378489,5705.064341404881
17145,5711.092078654768,5713.1576557025255,7.017067864441116,5771.914447389805
17153,5806.163347373178,5869.342041648894,7.768057317161409,5871.545332478295
17196,5867.491840476164,5871.436019735315,9.806346323939021,5873.622228093638
17074,5870.3755947487125,5873.347757212029,9.034571301097376,5875.599670206518
16794,5872.613790559364,5875.379288023448,8.215687565697808,5877.5490664400795
16755,5876.684667256659,5879.4110555722755,9.09406672219553,5881.579860242088
16606,5878.836086781674,5881.410358544758,9.42635659134118,5883.675603120374
16768,5880.906866123296,5883.426123434433,8.889806445674203,5885.700652048773
17063,6057.926707274858,6062.040781738811,8.51762241661099,6065.097578432925
17136,6063.618902797953,6067.077443494685,8.289163145556898,6130.461433202337
17103,6145.39117543325,6149.307749387964,7.634969698115488,6151.4818656572925
17146,6253.181339846804,6255.174025370821,7.406036800219898,6312.123849935946
17140,6326.226901666352,6328.073176039139,13.065753749273453,6329.710334620333
17538,6336.048520297288,6338.0686868580615,6.936718059228454,6409.970002599695
17216,6672.1596802517,6680.194385378936,8.219934563825072,6682.401301169547
17195,6682.748790656189,6685.018257010483,11.06516392901152,6686.801328740994
17246,6687.601667502558,6689.527040742607,12.790400139963266,6691.156264043086
17194,6689.439857998064,6691.36410263152,11.97764707126888,6692.999649093895
17230,6695.352388610192,6697.429387596633,11.419208223593303,6751.149691230994
16549,6751.713799373022,6758.0974759236815,6.130908392820915,6760.620975753892
17132,6773.234061305535,6775.256821732222,7.657049387800084,6777.988858473897
16653,6817.965092370759,6820.222195478657,9.690625148805196,6841.156202780448
16801,6833.184968466811,6835.228981104459,7.539679674258283,6843.968640190062
16796,6908.400575609296,6910.4633073876075,11.864890828251761,6931.347895842757
16576,6944.829903627742,6947.03769906847,11.098048987782544,6948.83046447732
17241,6958.306990116291,6960.342597374104,10.905847379385621,6962.089676169319
17152,6960.12178644492,6962.208763131295,11.321207866141815,6963.917478161011
17079,6965.022151536142,6967.35081894807,9.814067257447045,7021.297096518851
16623,7040.807171876926,7042.582838100063,12.953908315640138,7044.108733022274
16685,7042.515025752081,7044.3535151192,12.958645324074004,7045.819313814836
19896,7044.486182356387,7046.22880945097,14.537434856371867,7047.613718746057
16725,7092.933053282527,7127.1700618785535,7.360161946015312,7129.436034027661
17024,7227.485402009228,7229.492038604153,11.93032441502682,7231.171457645686
17502,7231.292140807251,7233.194550107518,12.0190141522733,7234.770432638303
17509,7237.238025829295,7239.248715348123,10.00543801558713,7246.232655379939
17135,7252.543939060601,7254.51439446951,10.904292331172297,7299.134653000187
17595,7315.385644730213,7317.482201541204,10.792139752152556,7319.1829149518935
17114,7319.302142796662,7321.488445025875,10.778571654801794,7323.3791432887865
17530,7321.179809042562,7323.3904858031765,10.017522061726066,7325.316918200733
20707,7345.288083023121,7347.1393510083335,9.23755679716879,7383.216166556918
16968,7518.52475934479,7520.412293371985,11.13847733510527,7561.22871253297
16698,7541.915349206758,7568.080417554959,6.705116093733543,7570.489460220171
16526,7545.780587006692,7570.228835880532,7.997918085870565,7572.271970271073
16643,7904.181629502168,7906.147485956724,10.264895428169966,7929.419393459597
16705,7906.008055043189,7908.1018047216285,6.451847932194555,7932.256668447909
16633,7971.280717966995,7973.201867203339,10.41455314963422,8019.098574285625
21412,8028.550515090104,8030.2867535161695,13.45582892137047,8031.771467253091
16696,8060.1543143198915,8062.251346293135,9.57707555658992,8101.356556895005
21424,8122.195908803206,8124.381663926116,11.129181641837217,8126.197823485329
