1499,13.860197607086675,14.015359853527668,12.631980932698937,14.31305362715103
1176,26.921866961502655,27.08913818914858,10.626069650719478,27.443028404044632
1232,42.27943360350973,42.40616318592508,12.700569962672967,42.70224927365543
1633,45.29139800807252,45.42745652082188,11.829748064140324,45.74533836004655
1492,122.95903364605124,123.1137656400485,11.022287873267958,123.45493456209358
1220,139.86758813541516,140.00466378260575,12.010222125916798,140.31776890528943
1721,156.0331063203858,156.18402344359208,10.665045116228514,156.53662036476885
1539,198.08842374193438,198.21216307441784,13.007488366899205,198.50126285802887
1572,204.05283499590684,204.19745397981367,11.129506544197476,204.53533617227745
1230,206.85000454197396,207.01377227482942,11.229191772408042,207.34865497595433
1234,213.04032184092267,213.17765336886742,11.720090440220904,213.49850943148692
1610,218.22623934308967,218.38414252430613,10.193195066792937,218.75306140082643
1342,229.25956578365563,229.4398605818494,8.92725660380217,229.86109436497955
4949,241.98221743815924,242.1123956157296,12.284617200237228,242.41850707292022
1332,245.3961151056124,245.53873745725448,11.285313341667646,245.87195479543058
1489,256.1043457363392,256.2739607258823,9.48936135976001,256.6702426177428
1563,261.95730406829654,262.11471131846235,10.91061413298391,262.4593722171395
1468,279.26237421172084,279.4010191170195,11.609066516646118,279.7249437036175
1134,300.02894144551595,300.1615145701741,12.140755767477922,300.47125328366235
1143,313.120666351702,313.25573225836604,11.916685472745222,313.57129501117964
4981,334.224243939137,334.3552102827758,12.289706523727425,334.6611949753258
1786,337.359158699177,337.4783548261155,13.503273714902084,337.7568400402635
1245,338.9962848905265,339.11693766578213,13.401204840539922,339.3975439334229
1454,354.08929659871416,354.25420043779,9.7604636546155,354.6394753801761
1128,370.0575579620592,370.1924569854343,11.931427578472162,370.50762983859556
1422,387.9321859518297,388.06386417517206,12.363733083159389,388.36801681636064
1423,404.9218531153331,405.0657629872481,11.131542945527947,405.40358336763876
1672,445.9720458190402,446.121084328568,11.158241851520202,446.45809638855314
1538,469.34039121636505,469.4754006955414,11.921666075784756,469.7908316133585
1224,484.0568294488368,484.2592539725003,7.951299075216215,484.73219078906584
1564,489.9938812664368,490.15480405888223,10.06024241135949,490.5285984386228
1729,511.1740855819241,511.31881905418373,11.120702783383088,511.65696873280046
1589,514.917725013995,515.08385074922,10.675558992833665,515.4361004135905
1620,529.9523078739378,530.1157672903158,10.48785198856932,530.4743213656682
1526,545.991424096978,546.1727927885179,8.88455177458976,546.5960512901959
1160,551.0829262559577,551.2224220159054,11.538256993689977,551.5483345063492
1464,610.9407744182902,611.0729437688467,12.073321238961814,611.3844125020779
1279,635.1132092639925,635.2699874448664,10.266338841504847,635.636277914161
1127,701.3947150696123,701.5175565815806,13.102557124345946,701.8045587321155
1640,734.064760402064,734.1892666426445,12.927367498233497,734.4801582006286
1556,754.0136968295263,754.1532087830083,11.536917716623504,754.4791591073982
1600,782.3123574636369,782.4156953439053,15.575488132964017,782.6571299647718
2767,802.3704393420123,802.5122757870901,11.347844532655095,802.8436569636096
1587,816.0017951655886,816.1517671114478,10.732260080947821,816.5021557568804
1513,820.0358501926089,820.165793929442,12.386421747074449,820.4693894430601
4961,853.3875234987357,853.5206012724772,12.094716364385665,853.8315190285368
1211,855.8560346515007,856.018221043428,9.481727437698098,856.4148219895005
1318,870.9023550389038,871.0654529601966,11.164711273800329,871.402269737628
1260,885.2906771112158,885.4117546471795,13.293447995910169,885.6946355125012
1515,905.2078705494989,905.3854028108137,9.0661714996821,905.8001823097815
1166,912.017590602496,912.1597304349912,11.323623361259745,912.4918204341216
1156,921.3521111257135,921.499561049346,10.915827476573805,921.8440573397338
1129,941.8818981659831,942.0524189193917,10.962065471853348,942.3954621243287
1669,1012.1824901600786,1012.3073187490187,12.893984795255184,1012.5989634292247
1585,1027.17302216524,1027.3001040048468,12.66536534869911,1027.5970130926355
1546,1040.2948656488402,1040.4226706636557,12.59369931711886,1040.721269349991
5033,1063.1020893811644,1063.2498871765288,10.890134888948095,1063.5951962209567
1701,1071.1042999041763,1071.2806766742524,9.125566406014283,1071.6927565282454
4991,1073.0715615694605,1073.268179763138,8.186108811706664,1073.7275508952216
1254,1076.0873376960797,1076.270773689289,8.774384457741004,1076.6993464387854
1670,1163.010201082627,1163.154718406095,11.137335574596888,1163.4923630830472
1414,1165.892552210854,1166.0633319893357,10.252592575446931,1166.4301135662415
1638,1180.2235335476987,1180.379581178084,10.314401595411052,1180.7441648175136
1350,1210.3288113214007,1210.490075878376,9.98072954154476,1210.8668481430227
1502,1218.228686184691,1218.368012080251,11.552324292169706,1218.6935277061186
4973,1224.2415089687604,1224.3647642053174,13.058576436728721,1224.6527329659564
1236,1244.177146768182,1244.3750205286353,8.134165561505341,1244.837325118302
1488,1247.0862915981593,1247.2380846714934,10.60350049215878,1247.592728128621
1494,1277.9125478788308,1278.072175351291,11.50163293923144,1278.3991256280092
1493,1293.8826416227027,1294.0204356397644,12.451125087261603,1294.3224534932385
1634,1297.821345236598,1298.0044847444947,10.225049251551754,1298.372254324834
1228,1311.0301408126168,1311.1867826504492,10.27527479297839,1311.552754573143
4995,1331.182986275468,1331.3419750521646,10.123594641388474,1331.7134302719162
5019,1341.9088727164603,1342.0473535936667,12.776760601587641,1342.3416740548112
1191,1360.2148308156045,1360.3508523626062,11.83296296274386,1360.66864783649
1507,1383.0994789165247,1383.263255630884,9.827635962181905,1383.6458972027397
1671,1394.159718179928,1394.3137423095056,10.449907636031542,1394.6735983200247
1456,1412.1028504726721,1412.2669333229728,9.809300148412555,1412.650290138984
1759,1438.875694377965,1439.000907656864,12.830383580816516,1439.2939980425494
1608,1456.9564708787266,1457.1151259787289,10.700620700424288,1457.466550646276
1528,1460.0703532714813,1460.2321920011673,9.945319831215745,1460.6103057406963
1599,1467.2891992782272,1467.4164410881192,12.649442264077573,1467.7137239242861
1654,1481.0811718429738,1481.2359350173942,10.400005904713389,1481.597517703659
1469,1486.1130139278903,1486.2759874767514,9.876068472789209,1486.656752563846
1435,1491.9006266982626,1492.0573903474444,11.427795677024246,1492.3864531149695
1341,1511.9474314542238,1512.0655611511706,13.600685147130823,1512.3420517861286
1800,1540.185860907148,1540.323295705409,11.711283810011452,1540.6443930447954
1328,1583.8421622777964,1584.0153237654736,10.483457920317445,1584.3740281262653
1782,1599.834013045076,1600.019266328027,6.485211180238572,1600.5991182353407
1758,1628.0036817416728,1628.1684989125602,9.765596139899555,1628.5535713667475
1161,1638.916848233169,1639.0713373407068,11.592196610424121,1639.395733328678
1233,1650.0363171170015,1650.1766568687544,11.468866858483505,1650.5045412289614
2808,1654.3547837810124,1654.482622090899,12.590419329174123,1654.781298566549
1207,1657.8872741779096,1658.0028088376234,14.42254739938134,1658.2635437804918
1362,1671.0953310306932,1671.219783207807,12.932983296358364,1671.5105484540015
1761,1685.1483610492473,1685.3253853992555,9.092183802583044,1685.7389782339192
1148,1689.8505882786062,1690.0276481028022,10.284441940960678,1690.393293812485
1377,1691.8950284298967,1692.0474990092303,11.869306867605864,1692.3643213910373
1702,1694.8505662511488,1695.0239601111443,10.69897669996861,1695.3754387784643
1433,1698.9656863441576,1699.1268380637655,10.526379214309836,1699.4840798081138
1258,1718.9882911866712,1719.1442599399643,10.452570903396326,1719.504024260814
1315,1731.1173620844154,1731.28589570675,9.550248226508455,1731.6796511341488
1327,1733.8825915400716,1734.0592736890794,8.021357087094763,1734.5280799062023
1699,1736.8803221062406,1737.045474655129,10.502523247616276,1737.4035278565868
1389,1739.9006223867946,1740.0686140639493,11.042510489181787,1740.4091581889359
2059,1747.1910493248138,1747.3240613726532,12.100692786487613,1747.6348255692612
1314,1753.001120823597,1753.1378637423654,11.770539508033284,1753.4573446013037
1214,1767.9615650318542,1768.115741373759,10.758323381302976,1768.465281161597
1548,1775.4535604909897,1775.5769866080389,13.040497151545825,1775.865354607241
1580,1783.9727604619786,1784.1265100681185,10.72797087036492,1784.477038804413
1354,1812.9490086744684,1813.0632479146143,14.36340904256154,1813.3250563795164
5036,1837.0623095320707,1837.2027230227666,11.4628439178546,1837.5307796637837
7215,1840.1981826352483,1840.390148559563,8.384498100654032,1840.8386503097036
6716,1850.8556238139809,1851.011089300335,12.34097306217757,1851.315802879503
6954,1877.4269584284382,1877.5520533138754,12.866536646801544,1877.8443201589032
7183,1878.8996839100264,1879.094398538527,6.999761768214912,1879.6316256894952
7282,1905.3439795234474,1905.4775416684204,12.0508541408429,1905.789591090664
7228,1916.0981212179624,1916.2275749983698,12.43330185291246,1916.5300257967724
6959,1934.3421004615886,1934.4642171356732,13.180328893430648,1934.7495258030515
7175,1935.8457138365204,1936.0278296870592,10.189277140079252,1936.396890418306
6853,1941.9109264022625,1942.047109362365,11.352666010911545,1942.37834980127
7197,1957.1276769042588,1957.2802050826665,10.552397233136086,1957.6365660108152
6632,1990.3235615861345,1990.4696916815658,11.014417824445644,1990.8111043764654
6620,2126.2540857123067,2126.4274287594726,9.285275378034537,2126.8324207407645
6791,2131.898746226774,2132.077195299035,9.805499016755972,2132.460700724487
7160,2154.8467292776663,2155.005246014629,12.20028175239012,2155.3134734923638
7604,2165.05051739697,2165.185488123881,11.925088977787755,2165.5008285024055
6934,2170.0255263014446,2170.1401502483036,14.041899375395866,2170.4079531980087
6702,2179.9865935588787,2180.1316800898494,11.231391591144813,2180.466497199704
8301,2197.259659138726,2197.4020254059315,11.305613045812136,2197.7346444383497
7521,2219.098119516238,2219.228762144378,12.320158823513259,2219.533990520575
6941,2220.923399136807,2221.0910852678903,10.264280396434778,2221.4574491947274
7232,2232.1336058475417,2232.2902044190932,10.278113726464241,2232.656075256123
6971,2260.187318231896,2260.322159138694,11.936570036709044,2260.6371962105354
7137,2279.9783530084665,2280.1577050888736,8.838123303062495,2280.5831870541333
7546,2288.4915721334655,2288.610343903253,13.551519276732805,2288.8878376657904
7294,2292.979348447483,2293.106483535679,12.593505201820447,2293.4050868245913
6751,2305.2530123388,2305.38395879242,12.29157326004185,2305.6898970146995
7274,2307.0655273639973,2307.21254819855,10.947685970498856,2307.556041981832
8277,2319.004491870985,2319.1751483393787,9.431449876777355,2319.5738635020866
2744,2332.2897717912037,2332.430643360708,11.42556964099383,2332.7597702393105
6679,2370.2064562687124,2370.3646491564714,10.174527759178636,2370.734244892136
6793,2411.94203819324,2412.085369776075,11.072433899706292,2412.424993575707
6667,2480.9568152105735,2481.1272008796363,9.496136622847223,2481.5232000339815
6825,2482.871809073399,2483.0377001109423,9.585819146098595,2483.429994396374
6980,2530.1638559902203,2530.301036555366,11.732988022746158,2530.6215399143484
7167,2531.9221452887473,2532.0599563235533,10.9518072690121,2532.4033208459396
7004,2538.065167882702,2538.189675896623,12.927183376534446,2538.480571597772
6770,2557.099643554384,2557.2193425189485,13.446548461468229,2557.49900254345
7111,2590.369037767313,2590.49263026973,13.022941491825533,2590.781387005261
7254,2596.266136717836,2596.3989795876937,12.116103254388964,2596.709348523418
6633,2606.0391003253826,2606.1951513662752,10.314176173373415,2606.5597429738823
6808,2618.0236770168735,2618.1734117287206,10.749263867771814,2618.5232461097958
6932,2623.96368652468,2624.1455150051247,8.944988850207272,2624.565913748507
6682,2627.9164737458786,2628.0725572961665,8.399727369945946,2628.520245882542
7040,2643.9562199504376,2644.1106775685093,10.570081663117016,2644.4664422817864
7067,2676.9193270981327,2677.095463280344,9.155487040514139,2677.5061964347415
7001,2686.5150029236656,2686.6235540158546,14.827468755462075,2686.8771685831293
6952,2689.9804872850964,2690.135236705616,10.558665970301345,2690.491386060352
7192,2698.3391138638617,2698.4803983322504,11.392178815997921,2698.810489891813
7261,2705.9753863027536,2706.131561146203,10.628336374085501,2706.485375886331
7023,2723.0944473619534,2723.2252591539163,12.30422658122054,2723.530882757917
6717,2726.243741066197,2726.3846420092755,11.423187756177205,2726.7138375151585
9844,2765.3571149237373,2765.4794742513413,13.154190688348743,2765.765349845005
7517,2788.0042410157325,2788.15040922758,11.011545584817524,2788.4919109761972
6693,2819.9215335438407,2820.0950302500914,9.739165694608118,2820.481147725665
6624,2832.14662164446,2832.253075916479,15.119524066865484,2832.501791554323
6915,2902.9597256544903,2903.106350112761,10.959708156640664,2903.4494671025977
6994,2929.067664883076,2929.2739344731986,7.803079100749544,2929.755854754108
6831,2935.1039234612226,2935.259175291962,10.367271806963442,2935.6218996559232
6834,2961.0366014789374,2961.191239671551,10.408411406024737,2961.5525303551626
7146,2984.1479937737918,2984.2691527911,13.28450794304685,2984.55222402628
7065,2992.8525510006675,2993.0362661284503,10.822633217743729,2993.383728894353
6894,2994.871660109716,2995.0228484739982,12.092878985917343,2995.333813470553
6918,3017.9884116028516,3018.1437400686327,10.520272980702572,3018.501189165162
8241,3034.2468518819314,3034.365682376381,13.544822272006828,3034.6433133409423
6772,3042.3766791731255,3042.510573775439,12.02093213613056,3042.8233999381364
7010,3096.9768247335014,3097.139163799103,10.144617671446895,3097.509849239795
6745,3105.2770031334994,3105.4504761156877,9.278320505606802,3105.8557716721325
6711,3108.032733454138,3108.184035811862,10.637890592165963,3108.5375327800452
7227,3109.8731734747485,3110.0308717291623,11.492968508913453,3110.358068490319
7022,3140.857986590976,3141.038596969644,10.077418954628513,3141.4117542323443
7088,3158.935906072967,3159.093673024444,11.05746686123949,3159.4337565281417
7181,3167.1490869139097,3167.3062234070785,10.24292890435719,3167.67335102334
6724,3183.991869811362,3184.141354360384,10.878371718093497,3184.4870367997823
10526,3192.3443344100115,3192.4543866480135,14.625217596896649,3192.7115084342217
10549,3197.3787913737756,3197.491347234983,14.29990327057962,3197.7543183894754
10521,3201.325131964592,3201.457284868294,12.17936104856377,3201.7660417938177
10460,3203.3283649027985,3203.468976724732,11.44667571812965,3203.79749673917
7608,3226.260005954263,3226.3596419436553,16.154182214871494,3226.592427610065
7180,3245.926449081693,3246.0973258958866,10.021131675243172,3246.472579130158
6871,3247.8957891360265,3248.0501611366913,11.640671551890362,3248.373206251007
6828,3257.5084456948293,3257.6188459709424,14.579111434082149,3257.8767808999123
7025,3340.1508831210504,3340.2880165220445,11.737023337391989,3340.608409688531
6613,3358.004022214238,3358.1582082127184,10.438937021957889,3358.5184424074723
7239,3401.1802570447703,3401.3692560306354,8.516119387841723,3401.810825940701
8250,3422.9095678818485,3423.044681367064,11.738763679160714,3423.365027033352
7101,3430.3312515727907,3430.48301409601,10.605634999088888,3430.8375861770323
10477,3438.9137559404103,3439.0457191377304,12.83975869639353,3439.338595519687
6981,3442.1332321483033,3442.33762515644,7.874721070346361,3442.815161063884
6974,3469.9232637286123,3470.09383550223,10.302155761491354,3470.4588525102477
8316,3495.140405998579,3495.2693809482907,12.47946156524044,3495.570713025202
10478,3497.975461535876,3498.0976495755044,13.116040886274643,3498.3843566775026
7557,3502.2264789735345,3502.3686121525648,11.324153436833287,3502.700686606798
7293,3526.9733908476246,3527.124014836841,10.875984176000252,3527.469773161912
7079,3550.1005187484175,3550.250016723406,10.766285817090521,3550.599298001656
10525,3562.262658389716,3562.3839753189745,13.267216188515162,3562.6674154935195
7026,3566.2226987784056,3566.3313073330423,14.81962386106468,3566.585056153353
6936,3573.0118369848783,3573.1775825289637,9.710897126604236,3573.5648239983325
6990,3596.0424742123587,3596.1914966622344,10.800640636030769,3596.5396669420275
6958,3617.382427347768,3617.5080973701906,12.807652109701651,3617.8017079429937
6930,3626.2658341766864,3626.405741796368,11.504290698869152,3626.732616539942
10398,3652.0415624157718,3652.1706713205217,12.466513684121782,3652.472316364796
10513,3658.874210053646,3659.0077076229304,11.563092212746025,3659.332920118257
10496,3662.0301073285063,3662.1658998086077,11.852923862956471,3662.4831600994585
12314,3700.1777737121793,3700.3030108344547,12.851923603509322,3700.5956099961218
12253,3702.1112000553658,3702.2314898698646,13.380500539574156,3702.5125303332666
12148,3706.9232483929713,3707.0616364751345,11.709819291754396,3707.3827739733742
12496,3723.3315248592885,3723.4580006396995,12.726056503253702,3723.753493754258
8288,3731.2728373110135,3731.4287827619187,10.32115985726121,3731.7931276731692
12663,3735.8637102299344,3736.034666671378,11.179141062291999,3736.371048693149
12475,3742.1265012558038,3742.2918923555435,9.731708237848611,3742.678305714872
10768,3749.0407360435493,3749.196955779356,10.303038342098562,3749.561941519225
12457,3761.1871074501482,3761.350304935102,9.862516743208202,3761.73159321781
8247,3763.074881225881,3763.2023012361283,12.631751674498334,3763.500000412703
10501,3771.199363715794,3771.3259052361345,12.719445155020757,3771.621551942918
12424,3785.963034231406,3786.1294308060606,10.000834342575805,3786.505445640761
12547,3793.11384066487,3793.232027854874,13.618548065591341,3793.5081558278475
12146,3795.1628445400415,3795.341039108276,9.032474691858566,3795.7573659954783
12305,3820.0040348092066,3820.1471860366355,11.243619469541649,3820.4816390197143
10497,3836.0010049285715,3836.133426742698,12.154628287063769,3836.4428119401205
12583,3840.9497863050674,3841.107380523062,8.899198483346824,3841.529942406498
12420,3844.1734722177557,3844.372648423677,8.080974935523257,3844.837995996488
12517,3876.0004115135966,3876.14421166358,11.192880730622,3876.48018076418
12804,3883.2948952104844,3883.433189529273,11.638496374287824,3883.756295019128
12718,3886.966234540219,3887.138161759632,9.721734570645738,3887.524971545979
12261,3903.4841828230497,3903.6007494856412,13.807875185094982,3903.873091321136
12670,3909.9547665873984,3910.0758126154674,13.260698983115127,3910.359392091706
12772,3915.9454405536894,3916.0855652363043,11.81046592205747,3916.403966059524
12257,3922.062483020841,3922.224401191506,9.94044041626493,3922.602700533861
12492,3936.204646739083,3936.3818724583016,9.081852988946697,3936.7959357641894
12289,3942.817531223876,3943.026005290798,9.838641236128636,3943.408218848742
12575,3965.138359784939,3965.3012942331875,9.878438507688685,3965.6819679671253
12626,3978.8964019811206,3979.060564705396,10.861560371362629,3979.4067821864596
12728,4005.9938794242753,4006.146402423911,10.616987026227243,4006.500595384956
16014,4026.3011565005922,4026.424567744278,13.04206877533536,4026.7129009939313
12607,4028.9898632394356,4029.1652724420437,9.32555133117478,4029.5685153108725
12649,4032.2064553880837,4032.3548108216046,10.849201068034441,4032.701422710223
12124,4061.2001070294677,4061.3197424575046,13.453689715666073,4061.599254037723
12293,4064.494009769781,4064.6105598379363,13.809841154822207,4064.882862902833
12307,4117.8707662139495,4118.0342623376155,9.931781308750757,4118.412891503451
12585,4151.912228716478,4152.049282874933,11.968390447373054,4152.36348235637
12270,4246.463074063424,4246.585628296077,13.133270821996426,4246.871959258345
12413,4248.498873798981,4248.611014831708,14.35280101008761,4248.873016797008
12642,4259.160799766892,4259.282072754234,13.272023416505258,4259.565410264588
16012,4277.311187946951,4277.4405972023305,12.437579700706141,4277.742943974185
12602,4303.835034566135,4304.009553284096,11.514457052159456,4304.33613942317
12406,4309.020774536294,4309.145704527365,12.88351911339106,4309.437586119583
12379,4367.42441315574,4367.551092421514,12.705614592628798,4367.847060951393
12168,4380.014041478596,4380.242961893402,7.03099340949911,4380.777802683768
16026,4385.954264065148,4386.089782507538,12.065009589509101,4386.401465813241
12388,4390.923302568166,4391.051421572081,12.409340338918954,4391.354456380499
12499,4396.015329151951,4396.156266089914,11.420270307188831,4396.485545692853
12807,4428.168125380018,4428.3371352822805,9.523335060612004,4428.732003471656
12680,4448.068734682191,4448.224475312322,10.334733630174778,4448.588341688251
12643,4469.964549655838,4470.135010865585,8.870408990459797,4470.558944201268
15961,4485.876942187931,4486.0324687242455,10.291886130294863,4486.397849959967
12806,4495.9842368558275,4496.1482606393,9.963442568323988,4496.525686618966
12368,4509.308153907758,4509.451114978004,11.258574974662586,4509.785123685203
12176,4516.303010293429,4516.447010533225,11.177328107810665,4516.783447115915
8323,4540.207482510022,4540.35920234915,10.608618734705749,4540.713674704716
12509,4566.230504325296,4566.356695384805,12.754769902703124,4566.651523288474
12715,4567.829045547441,4568.0148476154445,10.133265182578501,4568.385948342055
12704,4573.141767146065,4573.25086588225,14.75303916524373,4573.505759943743
12584,4584.0693967027755,4584.226116010866,10.270195468701873,4584.592268932069
12385,4609.428987241662,4609.557609383193,12.513692499921682,4609.858117172738
12683,4621.169192806194,4621.33045954349,9.980594602395636,4621.707236902154
12737,4625.06864086252,4625.249455333299,8.901599085910622,4625.671903259329
12786,4628.030558384585,4628.180196284392,10.756218377005467,4628.529804477568
12497,4630.19763781213,4630.348808453202,10.647159503971396,4630.701997683699
12409,4633.077484360533,4633.246254789264,9.536848012482437,4633.640563481955
12446,4635.0684748161775,4635.223070877197,10.411247978790875,4635.584263126181
12482,4638.129636727149,4638.294208150157,9.780178711401804,4638.678706448517
12375,4652.863501009981,4653.037749314493,10.520150534930991,4653.395202571432
15950,4663.066051399898,4663.212817716144,10.966671161249314,4663.555716852709
12730,4676.017996814293,4676.199460873521,8.869733955291245,4676.623426472845
12468,4691.055716955085,4691.230322423513,9.218141575393801,4691.638263876944
8258,4717.254984040212,4717.391330355872,11.804777562199948,4717.709884606673
12300,4732.0,4733.100438482954,15.507411039832885,4733.342932994935
12558,4734.916535384632,4735.046619458978,12.817691136007932,4735.340000071156
12581,4738.046820868654,4738.19685837725,10.727570344796744,4738.547400200918
12229,4744.883438251628,4745.03423380705,12.265208509091433,4745.340829660631
12262,4762.722542412809,4763.051176450853,6.6878888404877435,4763.613455843032
13833,4805.922805977078,4806.050743840186,13.053125932076899,4806.338832845974
14870,4814.12919176035,4814.267917009944,11.602342994652316,4814.592029309841
13053,4819.546050730367,4819.719418254488,4.3334867062375615,4820.102268065109
14875,4823.0773222866255,4823.265171705383,8.568234804505757,4823.704055811386
12412,4853.9027112116055,4854.074714816513,10.476692396453613,4854.433650817485
12516,4873.8862711692145,4874.063337949675,10.499119312545927,4874.421507236093
12440,4890.013596383427,4890.15352403879,11.502643445519539,4890.480445592953
12678,4904.227189987562,4904.384587102496,10.225968426964057,4904.752323625355
12744,4906.176814105627,4906.340335671136,9.842970392334374,4906.722381123099
12510,4915.051284981075,4915.219324440314,9.578333178940598,4915.611925324199
12508,4922.402635959251,4922.521158932546,13.579965833230581,4922.798071416596
15995,4938.0128472616325,4938.175239666157,9.911411389698113,4938.554646990134
12773,4956.082156941825,4956.242607736081,10.03134908295323,4956.617478757027
12538,4988.024345476285,4988.1665004008755,11.322421171410854,4988.4986256605935
15988,4993.236058712184,4993.401248117317,9.743590556015345,4993.787190245178
16006,4998.929565322609,4999.077405039118,10.771205367599993,4999.42652678955
12726,5028.07453918135,5028.240701221242,9.686556140342704,5028.62891577528
12604,5031.968525874224,5032.129022927238,10.501569806261022,5032.4871086364765
12123,5034.865074984496,5035.01871586885,11.481168290414375,5035.34624891924
12211,5049.916470742573,5050.087118491581,10.18739731287596,5050.4562473236765
12244,5063.0372077163165,5063.191943013964,10.401879547023844,5063.553460570017
12285,5066.034074582742,5066.153029739815,13.53062756923403,5066.430951961304
12396,5083.819063876542,5084.001046658105,10.304877918534467,5084.365967242504
12612,5085.849635842822,5086.013372059938,11.557439110956363,5086.3387436267785
12240,5111.980382397429,5112.1330005023465,10.748688387505785,5112.482853613407
12417,5125.022689644778,5125.176738269097,10.448246032270779,5125.536651508179
12789,5163.955014048925,5164.0992316159045,11.96324084363628,5164.41356634521
12188,5197.3269642095875,5197.453562424301,12.713749016620568,5197.749341589619
12621,5231.075901751821,5231.230470217423,10.41310671969603,5231.5915979935435
12533,5272.166144487595,5272.289897766211,13.00602251355645,5272.579030133025
12587,5286.971329012691,5287.142050744057,9.72496367825088,5287.528732092863
12748,5296.06155399361,5296.204936403009,11.225490871255705,5296.539929510689
12677,5304.019417077572,5304.134854888966,13.942900583194955,5304.404559320247
12410,5320.306810344787,5320.441134622516,11.982479675434806,5320.754964662212
12722,5323.0,5324.08018185607,11.489603671017342,5324.4074744398595
12716,5331.053779981869,5331.199076719047,11.0775916862894,5331.5385423880025
12430,5351.397194111716,5351.532575525338,11.888913586808284,5351.848875416386
12725,5372.8774958692,5373.044024013472,10.95659353432013,5373.387238540909
12755,5385.25299444263,5385.43103096438,9.040492995371084,5385.8469885978975
17778,5455.173774874361,5455.322209571258,10.843407649592255,5455.6690066477595
15866,5468.216095061565,5468.360430429488,11.151375792179456,5468.69764999255
17881,5484.186061381002,5484.309439088542,13.045613830143107,5484.59769398564
17782,5506.88666221748,5507.004690272602,13.494145632564186,5507.283363867403
17842,5519.968153652489,5520.138849133464,9.716611902410099,5520.525862848734
18154,5524.133886271915,5524.322630079208,8.527633043396948,5524.763603799941
13751,5533.203624075997,5533.314289873709,14.544131620586327,5533.572845157056
17810,5551.885594517468,5552.0617519325115,10.795041794365243,5552.410102790603
18174,5554.876409095418,5555.045310261508,11.057113213003252,5555.385404642361
17655,5589.928455021825,5590.050727651797,13.429316304111886,5590.3307465289345
17730,5597.9434891898,5598.099397295672,11.125130595422528,5598.437412390411
18238,5624.215094648955,5624.369946735658,10.39403447550641,5624.731737153138
18251,5626.107224419335,5626.268918484178,9.954217734382203,5626.646694234372
18124,5629.16356683459,5629.331039064499,9.610775044143786,5629.7223146957485
18180,5636.1694140518575,5636.337617674953,9.568984889725437,5636.730602104914
18234,5639.073458184406,5639.221371766673,10.88161008026816,5639.566951331136
15996,5646.510979485408,5646.623348861223,14.32363503070751,5646.885884318468
15958,5652.931408303531,5653.040895781828,14.662234289982868,5653.297368431073
16047,5655.34881224911,5655.469771246566,13.306475431017295,5655.752375163109
18253,5658.935787042694,5659.076485778546,12.31101922098824,5659.381940753857
16032,5661.9335515182065,5662.07517784069,11.359227744531283,5662.406226936348
17637,5679.995041061664,5680.119081261391,13.013733259552417,5680.408042314856
17997,5689.853582898333,5690.024038666711,11.542050286372874,5690.349844046075
17662,5699.865450041594,5700.023416567322,11.095051628989454,5700.362348029557
17792,5709.089321853151,5709.26374404622,9.22782760314843,5709.671257302201
16015,5714.071592043738,5714.182284693094,14.540603528504896,5714.4409027115835
18282,5717.029558446974,5717.223122245142,8.315283865282863,5717.675357205862
15978,5719.289460841444,5719.429350444604,11.505772347986936,5719.756183095074
15960,5721.419114321587,5721.559486547495,11.466213614461623,5721.887446779062
18201,5727.059690713686,5727.236236331988,9.11683871443505,5727.648710676438
17915,5730.87777540766,5731.040230434129,10.256540953003455,5731.406870814099
17956,5748.944679498108,5749.121835506185,9.085426711075987,5749.535735941659
17629,5770.078884732691,5770.219424645013,11.452532602423316,5770.54777665262
18240,5789.201670630527,5789.31349622534,14.393287426672575,5789.574761213714
17977,5810.209355767021,5810.331895772576,13.134795616559112,5810.618193495203
17737,5860.195184661009,5860.348154699613,10.521916203377609,5860.705547972806
17861,5863.073480596061,5863.189399013287,13.885092346128117,5863.460226313419
18097,5878.142519016904,5878.303709286757,9.98532932092366,5878.680307989848
17957,5883.013463501816,5883.1701593726,10.271731601815752,5883.536257535789
18054,5884.923322494881,5885.068540507699,11.775236157386093,5885.387893939082
18130,5911.209351757393,5911.345509604896,11.821117602277297,5911.663623525991
18122,5946.2166583067565,5946.395803770585,8.98453074620512,5946.814352293421
17758,5948.290546018143,5948.460414397407,9.47520624368811,5948.857288299197
17831,5967.037931443928,5967.170477453487,12.143239416664192,5967.48015281631
18297,5978.416800369417,5978.556058002782,11.557987084085644,5978.881414143504
18008,5986.391148176401,5986.51490792096,13.005343001742832,5986.804055394555
17970,6010.917423872564,6011.078607434131,10.785387350202077,6011.427270115414
17761,6043.054488320241,6043.189473387778,11.923822072850493,6043.504847271188
18193,6069.012819472324,6069.138079221288,12.849602055827487,6069.430731247075
17801,6090.915106325316,6091.064600938025,10.974669734782516,6091.407250162382
17975,6108.056868851969,6108.174518666124,13.680751978790118,6108.449391134978
17811,6112.849301343364,6113.0160006311335,11.004574558720503,6113.357718709568
18213,6149.151268213882,6149.30358186622,10.567259750451479,6149.659441583971
17920,6156.92639278498,6157.06133372249,11.816234735643942,6157.379579098985
17901,6166.148722683195,6166.261377352246,14.287361024299662,6166.524579357557
18102,6176.153288091216,6176.288999113788,11.860038317499438,6176.606069090421
21545,6178.316313721742,6178.438476712724,13.175331701215933,6178.723893593108
17870,6182.201085399099,6182.365350885076,9.79839385149598,6182.749134404006
18266,6184.180590073691,6184.344099277168,9.843714565177581,6184.72611584696
21405,6259.474085496984,6259.6031915427775,9.5450697650611,6259.904829907498
18070,6265.166335381177,6265.3130945566645,10.967204758801559,6265.655977009841
21363,6269.177656659999,6269.2977138648075,13.406425131840708,6269.57821086794
21548,6285.21245831962,6285.345892581238,12.06240367572225,6285.657643221765
21450,6287.331612357305,6287.461824921159,12.360849676542394,6287.766048511818
17786,6290.947277000855,6291.072122194588,13.237901182563402,6291.356190040415
17921,6311.3023065505395,6311.429803454484,12.624133433980505,6311.727682282512
17851,6317.94221104787,6318.0951871919515,11.207770897005364,6318.430709938335
18224,6325.215568942586,6325.386817220847,9.398856117903282,6325.786915065204
17940,6330.83044176062,6331.00969732558,10.876199276830842,6331.355448812518
20802,6333.351258137413,6333.456559293905,15.28509259937399,6333.702580837297
13837,6342.265154455197,6342.401733826678,11.78463416809931,6342.7208325800675
18275,6345.107526128515,6345.315228481814,7.74925224601701,6345.800496215114
13758,6356.376454231565,6356.510567531207,12.001329712277501,6356.823904649872
18296,6382.049487931265,6382.212741396462,9.859134848210115,6382.59416046924
18151,6412.855380206576,6413.014530645494,11.055142197312817,6413.354685661601
21483,6427.335116312888,6427.475870327693,11.435112028867428,6427.8047225560495
20855,6434.005699870422,6434.179377953727,9.26736348751231,6434.585152700479
17972,6437.08532699273,6437.277254192735,8.38618980407538,6437.725665468899
18081,6439.122539572024,6439.287890202965,9.734090028259264,6439.674209012559
18087,6441.018161764285,6441.25559584167,6.77888340851376,6441.810327623525
18194,6486.992140889264,6487.157309061908,9.835645774293877,6487.539639023609
17935,6534.219040285209,6534.39250344372,9.278845961504693,6534.797776048503
18254,6554.2502235867605,6554.378606788364,12.536982313207803,6554.678556327914
18137,6556.241447672021,6556.415432064363,9.251047787366984,6556.821922459681
21465,6571.349082973664,6571.476705528382,12.61170434455174,6571.774877922014
18072,6577.953703557524,6578.149851980318,8.265138778735553,6578.604830677333
18167,6585.950747012702,6586.103951009996,10.918955666891124,6586.448348605052
17889,6617.156755925936,6617.2823484211285,12.815558169532547,6617.5757778623165
18166,6645.880720100055,6646.016913831589,11.127107998058273,6646.354868857536
17785,6664.890237845657,6665.05751864092,11.225018835157659,6665.392525835778
17729,6722.123187672353,6722.248533675298,12.84075989661019,6722.541387221542
21503,6728.2143982265525,6728.354745720669,11.468234170735714,6728.6826481698345
17938,6731.452500704818,6731.578360379346,12.788352852852364,6731.872414047982
18135,6734.852984204545,6735.042740432813,8.114072703312642,6735.506189826193
18149,6760.0964461591475,6760.219515778538,13.078271760125677,6760.507050870419
17838,6771.9609653184,6772.116696860078,10.886053004837176,6772.462135383161
18112,6779.941384926716,6780.103542121519,10.825178543629981,6780.4509231884485
18191,6782.833574788266,6783.01452898126,9.302075476374133,6783.418789523087
21457,6789.927601665826,6790.069295530032,11.109142077342177,6790.407797103422
17960,6800.104569894893,6800.2320064148025,12.630115205262781,6800.529744163911
17947,6806.962897563761,6807.113004129263,11.311605497794423,6807.445446952956
13810,6820.41178440924,6820.542296206389,12.332509113858372,6820.847218914127
17624,6823.209625590724,6823.359395582512,10.746731762384922,6823.709312390277
17834,6857.8604340161455,6858.029331898533,11.019311313870654,6858.370592977841
18195,6864.146513748164,6864.303112679535,10.27809011028379,6864.668984357234
21479,6875.955072059748,6876.082602683459,12.646174849313146,6876.3799623291225
18286,6877.928403327563,6878.04409233785,14.603235887125011,6878.301601159953
21497,6893.340951121428,6893.458313133633,13.714300714259533,6893.732513193158
17770,6900.295792726331,6900.40916511918,14.196912381906614,6900.6740439865725
18106,6912.3479043500765,6912.489475204528,11.369133385824206,6912.820235865396
17880,6940.952451006876,6941.150890060258,8.490720257877939,6941.593780882
21536,6999.4690600216245,6999.59095011003,13.204830260402286,6999.875729391401
17992,7033.243838904749,7033.396774521786,10.524284394869293,7033.754087373767
17820,7040.1482191791165,7040.313083808265,9.762784995920832,7040.698267142095
18258,7049.8535131253675,7050.033554120506,10.047651915863103,7050.407816893906
21505,7055.889619934346,7056.023898138427,11.968510928749168,7056.338094456965
21484,7059.121788558137,7059.256009691809,11.991687775136999,7059.569598749722
17747,7106.038495084966,7106.203113920989,9.777361854158364,7106.587722993282
19277,7110.9321846257135,7111.0493676970445,13.422145056246126,7111.329536184006
19284,7112.953918608369,7113.07412954794,13.446915607547629,7113.353781936781
17966,7119.0,7120.102837771154,13.167316179811298,7120.388428397279
17719,7138.8390401020615,7139.007555645641,11.78678623380465,7139.326596137053
21533,7156.149493736136,7156.283476290063,12.013041106036173,7156.596507939502
21413,7178.090846289325,7178.2401162162105,10.782734080359239,7178.588864691706
18153,7184.036081857927,7184.194173917064,10.181016912484143,7184.563534080643
17979,7188.849872756684,7189.024036017947,10.691611682519062,7189.3757568046585
18074,7212.020640260759,7212.200035540866,8.972019368861956,7212.619167724781
18247,7214.170200697365,7214.326826237239,10.276344005562672,7214.692760082015
21518,7273.283223583157,7273.433261348993,10.727551952238136,7273.783803773671
21442,7548.981716924489,7549.1380805351355,10.398950407244296,7549.499699922182
21539,7600.000074032605,7600.134252727568,11.99548056606387,7600.447742633328
21456,7619.096514082558,7619.212686177018,13.854772398585052,7619.484106158813
19274,8071.022946467579,8071.142811732483,13.42789280188611,8071.422860294657
19241,8342.979025903624,8343.109396839876,12.428999004399502,8343.411952345019
