3486,275.04254266202133,279.04201939513507,14.153737853458006,304.2276703775501
3418,330.23455969408633,334.51595934279203,13.178144013922475,363.3720803725944
3903,362.14580380530435,366.5763363311927,13.237565300746546,374.96003383146297
3440,413.16464973707343,418.2310356622237,10.610073009484195,427.5112140483039
3424,448.86309189248055,453.15058158756693,12.89097060418154,481.350760583789
3484,482.9530589423035,487.4445607355203,12.138246207641183,494.31043334962146
4291,500.110132594558,504.51501598172905,13.153667425307836,541.7412512435574
5072,550.4749343060737,554.2786782069398,14.933409314180711,560.0706285972433
3868,558.2335943420915,563.1132997848066,11.11702842428007,601.4898802290386
4262,562.9142536602141,567.543400109721,12.656799492475852,604.2722145146873
3445,648.3823510788077,652.5295257115986,13.57320130566678,660.826724772841
4297,662.730282767237,667.1181081905586,13.124307949733026,673.8217443404974
3858,684.1921444069574,689.253705701618,10.911841621483099,721.7613285494227
3429,696.3038161713434,700.2969656207644,13.79045594999492,726.5395163361152
4427,730.2290578548201,734.4242681398257,13.005737966460785,740.883665317207
3463,737.9189437509618,741.6314700519018,15.350603451626462,781.3024387405876
4279,744.204389182966,748.4492422149781,13.08514665283672,784.0485613369711
4431,844.8209015010367,849.2971788389642,12.266974206059523,856.0692963434332
3457,852.8970707608731,858.2843195304308,10.878746924972345,901.8369067374248
3505,854.7678004572934,860.1610344873209,9.8456125579625,904.4932557907141
4375,865.4522373305659,870.3948923197484,11.061637744502143,906.7909866366338
3895,881.0791363622081,885.2981634156959,13.48542610449143,910.7377471028054
4302,910.8296726557122,915.4072918269728,12.392505171408036,922.4399817922708
5038,932.6293915412043,937.4553065137405,12.565902893871458,961.3510588504117
3403,976.5318999939532,980.2255497464448,15.785221798107615,1021.4344996768948
4294,995.281426185316,1001.1233162228286,9.888545956899728,1023.8248318520046
3462,1035.617057323106,1040.0375475169774,12.655823133520762,1081.5252706936694
3506,1113.6415811071224,1118.1065916338932,13.262603736021003,1141.649901828476
4429,1168.9896343401988,1173.48507358741,12.770430877685312,1201.435953780158
3488,1212.7585918851269,1218.1645898793577,10.966945223744402,1263.084493560874
3423,1214.9970540786,1220.160702043025,11.387501697666389,1268.7028911539949
235,1311.2064110415197,1316.0120250764255,12.417885275955838,1324.3035736588768
3865,1321.8647014192657,1326.3984650484376,12.901444709889653,1333.1792776106035
3844,1329.5954166253211,1334.491401093035,11.267272950219398,1341.8720433547257
3510,1336.8228212204074,1341.5754559405468,11.982195327362467,1364.0
5053,1385.673072979185,1390.2603811876365,12.72085785410081,1397.3178804238264
4413,1449.7732118267627,1455.4120455808281,9.640879713491918,1464.5339215939402
3416,1491.0800065345707,1495.5139589462087,13.353331121218382,1506.381104878758
4386,1524.058485915538,1528.4523038800608,13.316329811377013,1561.685467307147
3401,1598.946183891595,1603.2623148481648,13.018485776111314,1624.1112323859654
3419,1663.9584230476514,1668.3738545862393,12.730356674813757,1681.5607537922997
3435,1665.701370617356,1670.1079457218561,11.62176640060378,1684.382249338035
3478,1678.6494788138752,1682.227667144648,14.991376663734757,1687.8011873776638
193,1770.0431841897441,1774.4354240136001,12.760561759702075,1801.487457534912
4355,1788.9636392658351,1794.0642043217608,11.463564339891644,1804.2587864675568
4391,1962.6361473227414,1967.5476654500517,11.480120210466136,1981.789746229336
4410,2048.5594400731948,2052.6311981510235,14.102284984744674,2058.9071833304934
4997,2054.2601910910466,2059.0097793506216,11.702474750529744,2085.0
4288,2122.8118621011085,2127.427435162939,13.344358814400943,2168.160879420503
3476,2128.5168204214447,2133.5090799237105,11.070038549354122,2170.489545822755
4311,2137.3144531565654,2142.1484002987377,11.5645029203822,2174.6284743512174
4292,2144.1404782072536,2149.1420831925566,11.505024271124475,2176.491793639116
8921,2168.910325725368,2174.148568848826,11.275633629702588,2182.39535774005
4334,2195.4106704602827,2200.2058946422453,12.296718918751463,2229.696099572033
8913,2303.4876642770423,2307.3407127388837,14.127639694263861,2341.5302418470374
8986,2399.3220600045292,2404.241952355537,11.370995348483453,2411.689050912076
9009,2401.099834060888,2406.1218273139552,11.438761986749766,2413.4769759370074
9425,2430.1266179191925,2434.4475374990143,13.41051764398116,2461.673532530723
9392,2432.2822926105114,2436.551614884915,13.215576259580564,2464.471644083989
9336,2434.139604835013,2438.2916599501427,13.728107922410716,2466.6680824207815
9929,2459.8705498866375,2464.2121859543417,12.438654563931706,2470.825373369577
9337,2464.7235318145217,2469.144677098462,12.83882870089536,2475.9642259808816
9793,2496.848766022764,2501.3052447477367,12.755273738668054,2526.584670110514
9333,2506.2779324825187,2510.2246634137155,13.72692359355801,2530.51147170953
9826,2537.4367245679655,2541.1545620968564,15.803285110081498,2581.4894550570475
9351,2615.5676818320076,2619.627528165778,13.596260832232296,2641.5664777387433
9901,2760.062807620123,2764.324007598323,12.957434954509363,2771.9746392197803
9419,2806.4491292604507,2810.437067159539,14.503426988206327,2831.446621289118
8905,2825.391516565207,2829.2115709103987,14.72897914836694,2836.415144921649
9884,2853.1166960865494,2858.1235798600082,10.570921746400485,2881.6262419967
8938,2890.677259381709,2895.5190295763805,11.800352397458452,2902.984983220457
10606,2933.4382077502696,2937.323084600281,14.133913995526967,2954.863982042609
8973,2954.828593928793,2959.4372606285788,12.881120490851615,3001.3631153596434
9356,3038.8731343718036,3042.6592813024004,15.35241712869439,3070.969265644518
9348,3066.868052272647,3072.091506382667,10.613061284789659,3080.90949334139
8926,3083.002941116424,3088.286318809468,11.35274639361976,3121.380449623966
10626,3114.1676570179206,3119.003446003969,11.210292925640248,3132.203154278221
9004,3128.4736491248837,3133.3274197781766,11.944875980066481,3140.6930752988237
9379,3243.61735874645,3249.2304629385003,9.735203116762358,3257.757755223604
9897,3315.76304423698,3320.01493042345,12.946001571238249,3361.755206364054
9386,3339.5881874353363,3343.6408079399084,14.041810789966819,3364.24624461099
9799,3374.1532718784515,3379.2274165661456,10.53199847910955,3421.876387331183
9874,3400.68163160709,3404.581508282807,14.3462180283468,3424.628174738792
9015,3456.704757490807,3461.0812087788845,12.400764298255417,3481.491001875602
9923,3480.526130524301,3485.3386930346883,11.525595039109227,3492.711864099871
8985,3487.257967451495,3491.100740135023,14.431800300960619,3496.968848929136
10548,3565.8562724330436,3571.0112391743783,11.689810243882437,3601.5898591673626
8944,3609.456494946892,3613.5246252573434,14.334580624806678,3619.7371288721283
9406,3783.357913486047,3788.199818885668,11.490120357168172,3796.7538864482285
9863,3906.245029122965,3911.2507430504274,11.230142208566306,3919.769898047003
9408,3936.1971761770924,3941.0754353153,13.276071953467746,3967.2275355970937
11224,4027.284540680849,4032.0815954474624,12.107295212312343,4040.877681089826
15361,4225.121492714198,4229.073948697519,14.51711601605694,4263.478640209752
14478,4230.63612824705,4236.3418359737525,9.81769159886107,4268.258783548172
14886,4236.062967057652,4241.133102864862,11.56048280117755,4270.664958041433
14463,4302.558208912701,4306.590114412807,14.75861200727353,4329.134037804832
14474,4314.948443933079,4320.264062919873,9.782584331585605,4331.586612557209
15411,4432.320824932434,4436.412487021216,13.640238309212561,4442.96784092114
15265,4436.79221164182,4441.415999787529,12.512762832797465,4448.37240496663
11174,4832.71968256054,4837.067381932209,12.668265809209553,4861.3078564319485
15422,4872.012861676815,4876.300429890172,12.956440160389203,4883.306905125667
15363,4878.100471521924,4883.24783807334,10.233753046970515,4922.678143166921
15293,4956.056001308857,4960.32773456689,13.606657250216848,4981.421532614178
15395,4957.857833059804,4962.231800425937,13.046422868214803,4984.437270381609
14901,4963.797574173567,4968.357321205539,13.067837937600338,4988.649440236682
14836,5002.634204337811,5007.261029537188,11.814384731078206,5043.686713134191
14839,5005.607539141295,5010.345361059911,12.054673269855707,5046.933610685138
14466,5073.134494840507,5077.353746587967,12.788204121048688,5101.548707607591
14513,5083.406154933956,5088.53064293438,11.260308131242097,5104.958885809054
14927,5280.691994312499,5284.522204271466,15.149331392114972,5290.389137962099
14499,5438.210692356908,5442.57539306866,12.716017645061587,5461.573615379461
15384,5491.639674633711,5496.109266986742,11.923830058325432,5521.980482099588
16115,5582.920106905727,5588.17301134963,10.190623952437221,5596.229220034379
15377,5723.577171854518,5728.568991631142,13.41911288339601,5764.175860619121
19905,5744.855365618658,5749.470105512589,12.24846886895988,5779.678559827397
14904,5811.347279651174,5815.598374285713,12.899737856715975,5834.283667660296
20911,6041.921946678024,6047.350649059064,11.281369450512614,6063.765695403209
20809,6046.00913506096,6051.294602160035,10.723884701381698,6065.941577654349
19967,6061.001775782247,6065.392186903091,12.8514022102581,6072.075800127871
21586,6096.234980109829,6100.167607766136,14.720563603939958,6111.0
20902,6277.97994521863,6283.497532765657,10.103713587253875,6301.297033738787
16659,6299.083710145158,6303.124473191477,14.293384596054533,6309.352488456348
20873,6327.542445339512,6331.5278208726595,13.925616803120759,6361.330495161355
19970,6369.626204641087,6374.313985908501,12.616985024589624,6381.508859519995
19980,6379.481865455822,6383.403175500512,13.945307802042093,6421.7236086582225
20007,6386.888789138411,6391.090769064291,13.934748958865173,6424.332364654542
19915,6434.644051618662,6439.105819287913,12.487777047897264,6481.684913199282
19922,6445.489079514434,6450.443379495967,11.347948158264826,6484.391141139614
20407,6586.896012706127,6591.562003137042,12.24792675741492,6601.054190281531
20826,6634.8943448540285,6638.436064028418,15.361032513077792,6665.239244416263
20886,6658.759513265976,6664.099542388126,11.304830348252523,6672.956680958561
21605,6710.280307132462,6714.143558871897,14.846709750968776,6720.876370881969
19993,6838.081045938732,6842.496091286179,13.10513774255327,6849.392453071329
19948,6858.9671185337065,6863.271396967511,12.511742597537065,6904.137402687438
20884,6888.5305483345255,6892.369185072647,14.110582358547976,6906.839819971739
20930,6916.030483747371,6920.003389159353,14.324063370440193,6963.466126365853
20917,6921.18132252878,6925.078314273933,13.875297340634168,6970.3785979050035
20830,6941.002713134711,6946.237360646633,11.278626089584876,6978.786787384266
20844,6945.094856642552,6949.539957592285,12.99913122671261,6981.205920768336
21599,7002.042346999124,7006.468016618872,12.539409078405708,7039.268240392063
19952,7136.275675885188,7140.3671891176555,13.610055434596246,7146.715316065076
19966,7155.274388391938,7161.087406257907,9.706807631704711,7201.288053122757
19904,7237.009322598006,7241.418173579825,12.95742500315243,7261.508717751121
20379,7396.211527970455,7400.120924856366,14.315835491049269,7441.464959917167
20867,7451.144867349879,7455.395922864144,12.555134383545893,7461.8973333262675
20430,7453.574071455502,7458.163253295495,11.843623249511566,7501.276571258603
20775,7503.29671278274,7507.270353030014,13.547113454600888,7513.318787610761
20890,7530.030334485337,7534.434130128501,12.414072626628617,7561.275735347521
20338,7553.656271330737,7558.095370424385,13.026501398927216,7566.311715002611
19949,7583.8307301732375,7588.384395245688,12.395634040592746,7622.6168400126835
20420,7635.41321853752,7639.127343027181,15.46993494131451,7644.901120368882
20336,7638.849418786297,7643.369928795367,12.294679399179932,7681.576419515927
20409,7761.700201376239,7766.245252393552,11.896162890303021,7802.180087076625
16734,7797.736207724978,7802.181645748078,13.289054366010587,7809.805479304438
