1588,14.603571720380618,15.290485814474865,7.550618049980193,16.738660797058063
1392,22.642218670018973,23.339794355120752,7.6845241964594795,24.71761020389533
1707,25.41566326030961,26.097659772058567,6.65108977215061,27.730650098899098
1591,117.3385705915554,118.10321072254364,5.8082529602976525,119.84943125758561
1220,133.6485608255214,134.35264465098504,7.896246924205905,135.69465760159883
1146,156.44553009259903,157.15142860771903,6.66818962825359,158.78517663145985
1664,183.16218731884175,184.14282422393796,5.872674038798573,185.85995510174214
1234,206.4381957960688,207.18519641195996,7.1721382142193795,208.7043611050112
1723,222.15363981557317,223.25705914725492,6.8855077881475415,224.74345414852775
1184,277.3057157473287,278.0301839236215,6.473531419551786,279.6523239709934
1134,293.568715082319,294.25311652366605,7.349153263728381,295.7325010733968
1786,325.7226034082809,327.057639125731,5.355305356117003,332.20192057634523
1128,363.1437811598402,364.12202582392194,6.777849082116298,365.73609743461185
1422,381.42864929017236,382.17679061674903,6.791274397588236,383.74635238415715
1714,484.6698906958019,485.383828186576,8.237223284808747,486.68872870772856
1235,556.4889038172848,557.2090125388601,6.980515454971192,558.6867639407483
1709,586.5048382585869,587.1749293215456,7.0771356935321155,588.6935254941404
1127,685.5733677917066,686.3200462816468,7.694057122622256,696.1379076647786
1166,905.1335874849284,906.1782424717954,7.305143548281413,907.6701087713282
1156,914.479962916248,915.2369714637737,6.897194436459561,916.780761902327
1744,935.360839825611,936.3467226727524,7.93802732723779,937.7324556164137
1797,949.8507315641303,951.084908936826,6.256838662882845,952.7397902228973
1546,1032.368232925846,1033.1245289372478,6.686455090322054,1035.5205670714133
1200,1047.6627162073182,1049.1067510491628,5.6722497660227145,1050.9503615898632
1576,1106.560571599941,1107.235734648074,7.395436449734014,1111.0889257978868
1174,1113.6535677554828,1114.3553979415713,8.069454524135509,1115.6827183230223
1638,1173.2088605027047,1174.1861757352601,6.984429255015235,1175.7253495346527
1119,1266.3933540563032,1267.0368820859467,6.76464800055271,1268.6360863758557
1493,1287.4427048043824,1288.117506492902,6.94729102218732,1289.6406286783508
1472,1372.4560110009027,1373.1913749297382,6.447269185267779,1374.8568865234618
1205,1375.4198377715234,1376.1075320760344,6.339769224781251,1382.0634767811368
1671,1387.3967941562319,1388.1394855639562,6.646338846268288,1389.7060984653688
1210,1417.5246422629662,1418.228587524271,6.863379391650491,1419.7998120532561
1338,1443.1982164366186,1444.190595499139,6.686517957118064,1445.792719616581
1695,1445.4377091923686,1446.364726628317,8.169094650235564,1447.7341225402108
1410,1544.513788918974,1545.255104048906,6.750550866594756,1546.843122400019
1233,1643.4347534704632,1644.158178949541,6.650991486915036,1645.7238044579021
1376,1668.4417382016834,1669.144894185608,7.1013844594675,1670.668058622783
1333,1678.3676036632312,1679.0562700620098,6.373281135523807,1680.7073158412518
1123,1715.3483765663827,1716.303656198896,7.805985205014387,1717.742942968805
1241,1725.488825000331,1726.1743911666993,6.902407288436074,1727.6660554561713
7201,1833.4520691013183,1834.170232109401,6.411293850203173,1856.428659511127
6911,1860.1318014750527,1861.0709658298224,6.917580905487185,1862.6707859282897
6777,1893.1984535996714,1894.1381800643317,7.112824749766982,1895.6467275801995
7073,1901.3781591792797,1902.1399132947543,7.106689337602869,1903.6411939360933
6959,1928.597074243453,1929.2737340714277,7.621831677105779,1930.6304347958533
6853,1935.3712913134689,1936.0318019722433,6.269942916950118,1937.7016304069168
6929,1953.012494780153,1954.064544803379,6.1220435626845875,1955.7632217455248
6926,2212.550961291402,2213.3015544099094,7.1631601158422145,2223.912949348568
6690,2297.3079008271893,2298.033730012244,6.70988475021465,2299.594392541991
6851,2299.2884665930746,2300.2888099515394,7.741493885420824,2301.658675895496
6636,2302.4746475010593,2303.1775773881595,6.749914889978844,2321.0780165453502
6857,2435.305156372059,2436.3226230694145,7.756815048442948,2437.7229570967197
6614,2440.544699541187,2441.2694254300263,7.165520177813788,2442.714279179433
7013,2615.024588127769,2616.267682141339,7.392463919363175,2617.709984965033
6621,2619.9641028205288,2621.1755995302965,6.909442550499423,2622.908007480262
7122,2640.4537767656075,2641.1329817853457,6.643868243071264,2642.7110087613128
6637,2658.610201926415,2659.301395105201,7.547039011530664,2660.676794683732
6615,2729.41202353468,2730.086054031227,6.97888731825989,2731.603924864004
6800,2816.2285489848664,2817.2104254976443,6.763351739894493,2818.7169815896154
7054,2907.458642813816,2908.219659316493,6.81989323944921,2909.7875336087095
7229,3000.374177597539,3001.0555716574277,6.096842707351525,3006.0222873299163
6975,3213.54741901508,3214.2752013061136,7.090673484994068,3215.7237642706837
7037,3307.5567342406225,3308.2866939540036,7.6742978674014175,3314.82551504655
6698,3350.2390039399415,3351.3344436692905,7.954959410240214,3352.7174671452417
6720,3390.394170765653,3391.108613267699,6.239214205479594,3395.9234228019986
7244,3396.5168654486106,3397.322910106474,7.645656338438912,3398.786169900677
6914,3427.5280040665293,3428.259443999687,7.435271107053363,3429.70493651415
7144,3457.307912461991,3458.0002935530774,6.087682569739414,3459.705261401978
12679,3622.588247346255,3623.2781885846725,7.417539333959309,3624.728993376277
12764,3784.9663661381173,3786.222146758154,6.530732110380782,3787.8670723182286
12205,3850.3605106310356,3851.1238768572057,6.466530995404959,3852.715162463743
12220,3874.9887917264386,3876.1304674689427,6.773275960876041,3877.750654391964
12203,3889.4369367631657,3890.1950489894275,6.77917228145442,3891.696866069963
12125,4057.5717303450533,4058.2830989209747,7.196160458147888,4059.73812231874
12335,4098.281066586976,4099.044412170025,6.212572989219503,4100.734898702283
12413,4242.408115602628,4243.107202979256,6.63760220479935,4244.684761078334
12393,4274.42437428631,4275.068653456954,6.798663846224925,4279.204610179764
12613,4334.45682684436,4335.131232361088,6.711502061142346,4336.699155263743
12444,4337.362363560354,4338.020036471202,6.235910237285732,4339.704937564609
12487,4456.42057720853,4457.218650906567,6.956570354534982,4458.95020625483
12643,4463.492597775814,4464.167063179795,6.949568027408369,4465.721429734379
12176,4509.337321535065,4510.073150488243,6.254439581387779,4511.77053445245
12780,4517.335870905672,4518.02584955271,5.7711529314257,4519.8018930564995
12454,4612.512156114602,4613.203047656101,6.935270397987303,4614.731619543056
12580,4683.226131532405,4684.187600055416,6.896317504280089,4685.774225340731
12300,4717.386089271744,4718.020784044292,6.629887499931462,4727.340199011802
12408,4809.321545930613,4810.037459502823,5.738982892518968,4823.0737743756035
12562,4953.200956316787,4954.134948779595,6.424873587181177,4955.712625116747
12682,5015.437335368679,5016.111223128908,6.586500953056318,5022.481920930698
12142,5152.36284766093,5153.15216413968,6.979820869093168,5154.681051100478
12640,5176.629658151112,5177.323449686713,7.699027294038456,5187.059229454112
12414,5202.552168176274,5203.234407611952,7.416303135986283,5221.62577692915
12672,5261.493743616236,5262.181712642737,6.820655157794151,5263.71000055853
12618,5355.377768366205,5356.095298549398,6.030421992904298,5357.791961663759
18080,5464.360312780087,5465.107088255435,6.488842715720729,5470.4656247246885
17878,5629.581992074525,5630.291272739205,7.243413924912819,5631.695468058361
17768,5638.457010717932,5639.11729767507,6.952153940920202,5654.265919422643
17637,5673.207974798994,5674.200697168466,6.4908117938423375,5675.832938161531
17657,5701.344735330031,5702.0553948927945,6.035512427948778,5722.001003996565
18240,5783.70932439783,5784.3937500272905,8.273379549848835,5785.698480592436
17737,5853.302214513155,5854.287758900788,7.504863826621685,5855.687497082395
18001,6124.7855912042905,6126.133924672558,5.821026736244483,6127.988193751424
17920,6148.513815046747,6149.199145410582,6.9787086326409264,6151.842015048047
17879,6335.432311547204,6336.200724970723,6.706885490895306,6340.766722583502
18098,6372.450206301804,6373.171645131598,6.232658110933961,6378.084312391446
18034,6430.418024772758,6431.061766022579,6.7599593696385005,6432.624069150908
17902,6434.481388504387,6435.179395722151,6.642913379216631,6436.745946198632
17934,6441.316855542854,6442.042064177159,5.525603563476008,6443.951874875106
17693,6483.200632276499,6484.080996737332,6.797520752460814,6485.6306135536415
17971,6692.397955466418,6693.032896833369,6.711411535976812,6694.679075590381
17893,6697.212730403564,6698.046709978597,5.929001086922942,6703.127703420956
17960,6792.646069059012,6793.371802551419,8.120635019507306,6795.459344440965
18214,6875.500111578241,6876.257138954284,7.183240575948556,6877.723657528047
18026,7174.397852416291,7175.101519371261,6.779961471662363,7180.216259779672
18265,7211.164417628084,7212.148345279755,5.985647414080413,7225.400844571797
