777,138.65395248499428,142.21568792606323,13.55231167496903,181.36860130528535
793,141.25232839503158,145.37489849248993,10.933843172381666,184.66833619831894
2178,143.06622114281691,147.2400965393484,9.646214200629895,188.9251154250146
917,199.61409145505428,203.07652521908895,12.640423618206444,207.00078612166882
1499,205.88625954617066,209.2530106955499,13.69713964334512,212.96553391754674
747,234.32404462052122,238.39116325920992,12.308799466671626,271.35601256768615
811,236.50049607070446,240.3629444335211,13.322376437414722,273.99618119988105
2228,238.4503080961847,242.2483120871923,11.650813535328915,276.091920765378
1485,306.8973169958963,310.49802138055657,12.74910255867304,364.0402762622178
1451,308.67758426679455,312.54808193562417,11.862458723766865,366.341428325723
768,310.5079984155328,314.36152021451096,11.190307069394114,368.49409809657254
1447,365.39506252525973,369.2455514551825,15.260487574308979,372.4530440502426
1440,367.5309542519226,371.46992476586723,11.227747528023047,375.8581157266074
2236,409.0103516834529,413.33730262486415,10.79073378726003,451.88910839948693
2160,410.7339296498111,415.1092400688515,10.848890289130003,454.553520490922
2908,421.962224356689,425.2806536420015,14.089704529218546,457.01527411216426
1461,453.03042688547606,457.29075599080994,11.072729869280412,461.96374519346807
804,482.6575655673775,486.0896006034849,12.941234548435762,543.1180787173228
790,502.3146758668656,507.42157767443507,9.054803698532357,548.33798986461
1468,546.2171976385666,550.3150811214919,11.184589853322283,554.6510405348535
1454,548.2865755990293,552.1910536111593,11.700036089448167,556.4997585385619
1448,550.3815091195748,554.180681440684,12.61464026470477,558.3571848372401
769,570.992275618197,574.5664960504977,12.247387481239079,578.4724005405046
1478,579.1280394870339,583.1400111475848,11.689341843755157,631.6778869076467
808,598.683407970454,602.6120871220038,14.156696088981827,636.5827599431713
964,633.2064689501597,637.25795456347,8.832969650935702,642.8802167360099
855,649.7890191191219,654.0096088424431,10.880585783364406,658.6723430014073
2954,699.9511639352679,703.3234081550747,12.923788047937254,729.3195138754288
2167,775.1171981618652,778.5845908588308,13.06111333271082,811.3417499388762
2169,777.1088529308233,780.5880314886947,13.322579389650066,814.1958698476355
1471,823.9773722912089,828.0704044146498,12.126865994130291,832.2351947281893
2894,826.3884261051006,830.19193105817,13.36248958563676,834.0852606463305
832,861.3965660914777,865.1113649770236,13.67577168541218,908.2164259460116
791,863.2799975125978,867.1963773099394,12.050247675930299,910.962790098871
2658,883.5766504553991,887.516891277012,11.53414059714227,922.3607509213064
4235,916.4545007127012,931.1030214393669,5.9071195732344055,937.8521263071938
2243,953.0773606812074,957.0202465325797,8.726118194972077,1004.4776888015213
4159,1039.0211588093534,1043.4332239824805,9.842741183855068,1081.311813387429
1923,1066.7147053944907,1070.5116271480913,11.210856989014571,1084.1443921681368
2904,1068.4878301030878,1072.2835127048463,10.928397580095513,1086.515293517753
4857,1075.044371147185,1079.0472206783256,11.007602177590435,1088.4931987680702
4864,1095.669432924582,1099.3734975941127,13.705240539566216,1103.2612405352916
4590,1129.0691405395573,1133.1398582110583,11.65946219469987,1171.5436607321456
4186,1156.5741635172515,1161.337534332237,8.78742028276524,1174.5558531371264
4921,1177.0208251012775,1180.5377516021983,13.085955943628916,1184.5016506676084
943,1204.2603706081325,1208.3789953664343,10.559158342068004,1262.7689163319783
1479,1206.0985811120845,1210.2918027141764,10.177719293794329,1266.8572884781825
1462,1207.9747975051619,1212.1886655103153,11.452125908193805,1269.3073045215833
873,1209.787141007704,1214.0450352619068,9.203873181317869,1271.71665960082
829,1313.1671964677362,1316.553514201887,13.484662328399622,1351.6311719617665
1963,1320.6274820228791,1324.3197253621256,12.517911950209392,1354.6030287598196
5209,1357.9896094596613,1361.3390275066479,13.939629646242935,1364.9468919137037
1512,1378.8972533904036,1382.4196634878713,13.565542289626064,1386.226207193378
2203,1399.5632393255366,1403.4739092605444,12.242396839528586,1441.5033848489336
756,1401.8309969056027,1405.372808471425,13.284567802828514,1444.0355252681259
2891,1407.266022502085,1410.6006691839916,12.978475100353053,1448.282722359478
1519,1457.5123414993388,1461.0870181010375,12.612374738019573,1465.0763103881634
1474,1472.164311476036,1475.455537239604,14.07252128733036,1479.040891508825
789,1489.2958318142714,1493.3431182175877,11.902015850014818,1532.534260482132
2956,1502.0685180665873,1506.3584029723174,11.720250149045325,1536.9258813062463
2650,1504.3835506790915,1508.357320926221,11.828025312333367,1539.2343666433383
1439,1509.954889791864,1514.0597384842247,11.703841759039406,1542.1986726507514
5206,1512.172335790601,1516.0147841638454,8.449821762595642,1544.9513055409543
3769,1557.4666535409422,1561.2140732632909,13.55156253895478,1564.7841471447769
1494,1633.7876993456737,1638.0592518082426,11.63976137548284,1641.9942474799566
761,1644.2911511177733,1648.2186130279786,13.15137118174589,1652.0947463976074
4846,1646.5756746092243,1650.486810868867,12.574086106796626,1654.528204684955
2942,1658.0097328267411,1662.023384528522,13.703999391116476,1715.5100329133224
2245,1669.0275699786214,1673.2891611440934,10.976181322893865,1723.9339858301034
750,1675.1223387496116,1679.4470693088667,11.180790548862081,1726.2040830104263
2686,1729.646552131112,1734.164171613245,10.69728209802249,1738.7634143290647
2700,1735.752357593451,1740.0529738708233,11.151761843343872,1744.6442711760094
2719,1737.9325880245942,1742.0053304899868,10.699733840624297,1746.475528493734
5274,1743.767458784348,1748.001936463846,12.050750955488732,1801.4687275654946
4842,1749.102195209994,1753.425229705815,10.800474593701296,1803.7169037789788
785,1759.0657222419816,1762.655511945029,14.661145186240399,1810.738681353554
2950,1806.2762591619853,1810.29843891674,12.515950908979473,1814.6833789247053
1507,1811.7349455238984,1815.2794704771604,14.397819836902032,1819.0700600475504
1908,1863.0601982144171,1866.5337771658915,13.194727468493777,1891.3997490126803
2233,1864.6938849559438,1868.3117985044853,12.371353327668283,1894.0879822411007
2893,1872.3214636013095,1876.2619169739723,12.011421149417934,1897.8521530873268
2937,1874.1121244930262,1878.0712764314617,12.214007494587609,1902.7353839745028
5234,1877.493806735123,1881.1863091155712,9.28073414801586,1905.2384779808494
6263,1943.3210880330296,1947.362525303396,11.9277297117504,1981.376968506664
2727,1948.635878781474,1952.0925674330983,12.941975313526454,1984.277552552291
2667,1950.9564157140696,1954.140241222939,13.740221878158902,1986.447534273197
6275,1989.6005579924831,1993.3995078398289,11.404629135217752,1997.8387214560432
6297,2033.2222171953913,2036.5004069087627,14.57877711191769,2072.801960454477
1910,2045.3166644008663,2048.525580069298,14.928809721897098,2075.4922208539188
7689,2047.7093379412565,2051.2564771911448,13.243342684276417,2078.1887323612373
2951,2055.464898220014,2059.066976508663,12.28616152906239,2080.57266700289
6954,2088.8862343763835,2094.02187714807,8.524991585041032,2099.977208723303
7015,2090.906908685529,2096.1574049859755,8.887514308218249,2101.8971716914252
6953,2092.859399068947,2098.2198483679,8.100055051089743,2103.7117244422143
6296,2119.502509659622,2123.1789217288474,13.438780529778644,2164.30593113792
1678,2166.1283878330696,2170.1979419237564,10.564092781087314,2174.813548784245
2291,2167.857376053672,2172.0752786862336,11.488297947320225,2176.658988367834
2935,2173.576678265631,2177.0028945464064,13.4685003327176,2182.523227709713
1551,2185.237871903977,2189.51451361401,11.177194254235093,2194.008317148285
1656,2187.0521482946597,2191.2813688161605,12.14293894233977,2195.7576731689733
1580,2188.9428458515,2193.0437388507876,10.240031349163662,2197.47285561974
1557,2194.3154728592467,2199.037576938418,9.5588595582421,2253.050494960686
2231,2196.3430384997696,2201.0907680157147,9.763510903293874,2255.9549843579093
1505,2198.386496303025,2203.03253803641,9.572341213870473,2258.2781170062285
2201,2200.3344649141923,2205.006691991406,9.316371331331226,2260.335053006732
6241,2216.6116022238098,2220.0627098398227,9.858835003881568,2262.2264314352606
6281,2226.6490978677107,2267.1274098289714,8.76482101471521,2276.168043702305
7687,2236.965607104703,2269.1037306118633,8.860975685562629,2278.6220839285925
1548,2253.717632952142,2271.0588624808584,10.164127636758169,2281.9042885107992
6252,2283.439560016655,2291.0671516861453,7.29122006516218,2351.0595861856573
8418,2321.113631903122,2356.1657307171067,8.12431554915481,2361.382327255469
8442,2323.0995390873486,2358.2429677756168,9.24620256969315,2363.3120200487097
6992,2326.7652642173516,2360.1672199249765,11.117285591043027,2365.2553533559217
7005,2369.2727022933445,2373.0432797804838,11.5728536419251,2377.1387830308445
7664,2399.2039619482625,2402.588888778871,12.896540947410053,2439.8393666395204
7696,2401.0846937555543,2404.488686352653,13.120313097526548,2442.411479060112
6934,2433.1533208508954,2437.4204240890317,10.784965271876594,2446.728434210625
6995,2437.5036004981,2441.235397815994,9.267565374242427,2448.5398269761536
4898,2479.0316597300366,2483.1628087520094,11.172810049045966,2521.411136422528
6246,2580.898344608297,2585.096112408221,9.944412986895884,2620.2500034926557
6949,2641.3736581048693,2645.0199907166307,11.902152806599,2649.056605540245
2649,2668.367366802291,2672.3601136239695,12.932182222535001,2701.375768832459
8153,2670.2949325710388,2674.052449232089,12.270142078618553,2704.2587619035967
7706,2753.8241251674867,2758.0643108718828,10.80872300200847,2791.6085154220204
7716,2774.6923169991123,2778.258404246341,13.195264566372005,2796.673229853498
2920,2841.048476667198,2846.0687951705636,9.098404171032243,2886.7120108199624
6309,2909.4708342838608,2913.0868320349355,11.874354740427295,2917.0755742694855
6298,2983.584085882459,2987.2306642597287,11.909564324250606,2991.294899188493
6311,3023.231248047724,3026.4997526232273,14.032303584490796,3061.6227159505015
7726,3045.518844891971,3049.526304739806,11.708852808514647,3064.356910648947
7001,3047.40326520936,3051.3216872791168,11.35744520031584,3067.7563379578883
10043,3049.220430166002,3053.1589088062997,10.980784961954482,3071.623116367067
6997,3062.922815566736,3067.0124091112766,12.200244049118794,3073.9389824267746
9500,3082.1091824685063,3086.4183266493787,11.327976852434249,3090.8114991265943
6265,3101.0140076711655,3105.4146637701256,10.345187295047632,3163.38807100018
6255,3127.0319740436194,3131.1063435383926,6.313628693331791,3165.3813633627938
6322,3153.1635147640945,3172.1344873772955,6.268682905331921,3241.514412957656
7725,3221.458515801191,3259.0375625933475,6.739980192034222,3265.038257565166
6998,3251.4469061547243,3261.3443742857835,8.242225501213872,3266.9890424298237
10014,3272.0298122186973,3275.5618094045626,12.697149023003277,3331.63249695283
6951,3276.14299352426,3279.5566815284737,13.738875676153835,3336.5210406288224
8451,3278.1622062093043,3282.053737710641,10.424401952135527,3338.4854302964022
7713,3280.1230552731895,3284.0784823071535,7.052042405196926,3340.270559199519
8176,3302.545660496305,3343.2759270755896,7.385006378647467,3349.7440957147865
7720,3314.49715571397,3349.4834078910117,11.51350356308268,3356.2640304492256
6349,3361.651011309375,3366.1641853756178,9.34603265082965,3421.3547586958193
6305,3363.5389809958147,3368.0785426259254,8.565258300634332,3424.6846647565285
10770,3383.285426931696,3387.164045670132,11.966210564301525,3433.093671932708
7432,3390.9159417608826,3395.0621650190396,6.009489808570574,3437.4094618855897
6272,3447.132382161643,3451.220154198953,11.18785281226047,3455.6458764208783
10425,3469.3568088449915,3473.146651303954,14.015698848376111,3516.538450925146
7012,3513.147782844147,3517.3615983684153,10.57579737797123,3522.4836420790057
6283,3561.5496592310456,3565.283254651401,12.554559213612563,3604.3600277215146
7705,3572.3474267525335,3575.237765954404,15.332509911520585,3606.8746034178916
6540,3609.4569995968927,3613.2720662886063,12.300397678906696,3617.249508222327
6601,3611.5972619600916,3615.4341992896448,11.68461391674534,3619.861765537183
6251,3653.2993354802197,3656.597984161173,13.663043036430643,3694.309925161519
7688,3682.209398291004,3686.003534105225,11.18042159247791,3698.484490067057
11751,3747.0922118231138,3751.0952303209538,12.476061778329516,3784.148976260168
11838,3749.1416429015785,3753.0011229864713,12.07621579644549,3786.2774037958166
7727,3784.3448517686165,3789.128925744429,9.468907762145012,3794.3138358026904
10704,3789.819021002675,3793.59495937834,12.922945775879183,3797.428515887996
8182,3861.9979321217756,3865.502112902357,13.099939664028097,3878.6075949940105
11790,3924.0441540922875,3928.137037941127,11.41375335826661,3968.1978562980057
8457,3980.3073762419144,3984.405142722318,10.899626207399551,3989.1266736625826
10709,3982.3343215218256,3986.336153223064,11.044678831921845,3990.9855390789808
6958,3984.0474268180533,3988.185298089716,10.247348735184197,3992.7425002751315
12496,3990.6511211405286,3994.1782955440053,12.382150103946186,3998.2184483342403
10752,3995.38078700675,3999.5298611537855,12.386124603690524,4051.5671514810642
10027,4001.9546878314695,4006.4576464578354,12.486820364309347,4054.2094021877238
13198,4014.042794559335,4018.003601185852,11.608103480086703,4067.4192392176146
10034,4055.91436239505,4079.204031747114,7.106029323961045,4085.3193920663266
12443,4080.0313413823014,4084.018106404288,10.831022441427196,4088.445601949995
10373,4098.761317418812,4102.316804609681,13.66183056608079,4141.49733583496
10046,4101.134227490697,4104.448101170114,15.355038643199094,4144.261762899519
11766,4107.665399995725,4112.377593115669,10.1033605042038,4148.921777859384
11916,4171.960091466912,4176.42854383909,9.90668397133727,4231.505204380166
12462,4180.511790161816,4184.122465105149,12.542714340396627,4234.134648819742
9720,4191.0694738610555,4194.6150871009795,13.755782767211015,4236.234477442009
7719,4193.126367038955,4196.576453126283,12.79153791553681,4239.055129015792
12466,4194.929509814105,4198.363638619134,10.298198506134462,4241.308073263302
12503,4289.987681033179,4294.015392730433,10.94342345751117,4329.511294435085
12489,4336.17950798552,4340.201985706199,13.880771556911869,4343.917432363862
13213,4341.7211830472415,4345.56300199846,13.388770789234119,4349.16243089264
10775,4370.890399880482,4374.304587219317,13.61198310390532,4416.215187750554
10095,4376.759066608422,4380.017457256423,11.921747404628926,4418.485316849725
10711,4386.007721394471,4423.315080008214,7.586290772243152,4427.900642664937
11871,4440.976516732589,4444.312668249103,12.785104690466964,4449.165780205507
11802,4467.395634979282,4471.374390376624,12.559717208610191,4505.990636071873
11780,4480.418706267524,4484.381879749161,12.99861894959652,4510.318850393572
11815,4539.400854873591,4543.360769003741,10.717207725777369,4591.449913294464
11785,4637.705051496741,4641.2375466585945,13.942893991338197,4681.350459824003
12521,4683.238422214386,4687.114108909847,16.447107503856394,4691.2279319153495
12488,4685.365906017126,4689.058845716482,14.248153109079553,4693.603726813473
11767,4703.35382110292,4707.1003232290395,11.255067377554065,4711.345415575872
12453,4786.902475694288,4790.121347847664,14.279931326820938,4793.631412809144
12467,4801.932285383328,4806.267775728049,10.015551004777262,4861.51322379309
15859,4864.100172870337,4868.38986803753,10.799458551662445,4872.895358373329
15924,4868.068325151708,4871.550265888671,13.5314452355863,4875.366937711908
8197,4870.46573159137,4874.253867071643,11.651361694098544,4878.485723167489
12484,4873.702476512326,4877.406823386776,12.460567102280214,4881.460692247266
11820,4882.738087152937,4886.635903026056,14.068740348769897,4890.27377394845
13920,4887.6590983354545,4892.0120197335,11.036968519513344,4896.660384069999
11836,4908.908415935196,4912.618676929824,13.514188304519315,4959.462200375069
11754,4913.13088812673,4917.060656708243,9.2279765109723,4963.475634152124
13181,4936.374823246893,4966.0130782649685,7.064150825641147,4971.442187425375
8191,4943.5350199516915,4968.20239757098,8.498205899809152,4973.672845259231
13971,4964.501543477739,4970.348068390754,9.604656380774223,4975.621611690874
13963,4998.992715572754,5002.444628308663,15.245710366942001,5045.992077603282
13230,5013.310334530429,5055.174530491048,6.544617174338265,5060.485475423727
8135,5016.925322813182,5057.409802996616,8.532461650056199,5062.195311475001
13228,5018.93324069592,5059.326446156507,10.438187337333458,5064.02921583451
13903,5022.825696974024,5061.481078846672,9.969213555815408,5065.853082358435
11884,5066.154765502646,5069.591964859548,12.529063439139291,5073.542046391473
12441,5068.009077822905,5071.468838631074,13.308932122401893,5075.376649691143
11769,5075.8228136361495,5079.486682866892,12.154625402856505,5131.75380271874
15194,5089.282511484392,5093.096773937914,13.006250705106272,5134.583565916511
13681,5103.190034428545,5107.388243577879,10.774411913101586,5145.40934582569
15564,5134.242242780062,5144.227075572643,6.555453328808684,5154.341684341553
13193,5183.706454443815,5187.45790028973,12.661163329811567,5227.02278934404
11825,5185.482872429341,5189.202464312096,10.691070683620199,5229.1565812354465
11813,5187.294510578514,5191.136206260065,8.005838804834593,5231.064931834894
13219,5229.703635542666,5238.135563927966,10.630889394695599,5242.422484684796
13170,5232.181672893054,5240.079043487327,11.958918248471413,5244.225541853822
13239,5234.947454485135,5242.110038002466,9.269183162384572,5247.947514947707
13236,5238.438794492409,5244.0587976702145,9.367109137832353,5249.926705227404
11816,5241.549248008765,5246.349516597213,9.513296970416325,5252.037141560123
8462,5243.729226883499,5248.426544460581,9.422044164300015,5253.736089147155
15915,5280.03562527483,5284.121507762926,11.512328283262049,5311.756848549136
11786,5281.991339826582,5286.028547076666,11.290839690849573,5314.278869036841
11762,5288.341557573134,5292.255582161749,13.962913146021148,5316.800937755083
14778,5291.405395385381,5294.63803136557,13.930732991361353,5318.995428067505
13248,5297.579321600504,5301.21229020319,10.128281542106158,5321.00392447804
16228,5317.862464460617,5321.386788791946,13.46749256413575,5325.229565622899
11765,5319.625840586976,5323.545985154711,12.003168529465734,5327.874238408259
13183,5322.0489747224465,5326.236227653236,13.797985299642963,5329.895960865441
12515,5331.734129234756,5335.428858726895,12.017695292126012,5339.5103961024215
11599,5403.314931204763,5407.515787441522,11.419663383711992,5411.793312383037
11602,5414.962942275242,5418.432562591592,13.597623567566204,5422.14985848199
12523,5416.907766936951,5421.22050014947,10.573996844362764,5425.954658730053
15594,5472.494086754734,5476.052159751164,13.039399435047459,5491.882211093915
17318,5510.509994467819,5514.037320598828,12.436889713172883,5517.927315872698
17314,5517.262973888415,5521.397207485888,11.111442241101383,5526.1406366868205
17366,5527.905103400843,5531.074055812976,13.950523523331587,5581.495724486135
11538,5544.8558560034835,5548.193614369561,15.023847013032455,5584.043325510189
12471,5582.969120646898,5587.234568790448,13.246039009884857,5591.188172680259
18000,5706.643311410528,5710.573130468835,11.803061930697249,5765.7162493839905
17283,5718.7195829597285,5722.364184321013,13.61357059525146,5770.321157669435
16246,5727.269066638336,5731.115041015465,8.95069816301383,5772.307907305731
13197,5729.061202397987,5733.173039074847,6.243733595545456,5774.602784945395
17946,5771.968909933625,5782.0424663603835,10.875767644639536,5795.541682661789
17305,5816.147889619204,5819.518304464044,14.807606129710221,5851.608217486587
12450,5823.862512108415,5827.342495744164,12.763526435466268,5854.444068004339
13910,5825.549498268695,5829.055732676762,12.407607881871275,5857.077351300536
13240,5827.827437665057,5832.042284072386,10.647930953913264,5859.193645111232
17323,5829.702383749007,5834.010308321855,7.961862666665318,5861.602004590636
17374,5877.009095270023,5880.157604433204,14.620347030902142,5883.938314544547
17363,5890.9189682436245,5894.288496309145,13.548158371866892,5943.027306560022
15549,5902.224422118427,5906.1835411681,13.714626026505007,5945.786065699564
17977,5980.17584398632,5983.59979189471,13.298747785733632,6031.311957809766
18724,5997.486884158695,6001.29665503713,11.41081789514676,6056.524094771967
18693,6003.234102645936,6007.400184553987,12.559180531013501,6058.868204409231
18702,6005.285776050827,6009.334361909662,9.965208624288215,6060.9575846567905
12438,6073.648695935514,6078.048144763048,5.65181611036534,6132.256964551553
13167,6083.841294247908,6133.0601499942695,8.561667755362242,6137.649786275435
18469,6085.669272074483,6135.25810874488,8.76836235707967,6139.49277968151
18499,6087.679880418844,6137.399555713186,9.852638671443183,6141.3829193583215
18452,6091.360128879385,6139.336208639569,11.111616348110042,6143.45364784176
17276,6136.963055442545,6141.230715118742,12.496979293463971,6145.382487426721
17268,6147.355458932659,6151.340106303651,15.47037135404233,6154.583509945758
17249,6156.263207464354,6159.60367619028,13.200080204422889,6216.4131488129715
18743,6168.883251507424,6172.594522461171,12.854200473965856,6221.953320476485
15857,6171.126020414693,6175.315228379935,9.619835802312723,6223.923094839954
17315,6239.388728754078,6243.556446290108,11.27633168881088,6248.284179550533
17290,6263.399407850614,6267.16658980151,11.50153664916938,6324.223873539131
17274,6265.601317337345,6269.189769909832,11.592302023082201,6326.974679854722
17265,6267.330667721519,6271.066464347668,8.369802648584663,6329.381526570723
17260,6351.380826064474,6355.272912282832,7.135045486754594,6416.60879500329
13945,6458.960941194661,6462.463793890054,12.807104231654638,6507.138513059687
21782,6467.113664586794,6471.075471698727,9.358420392863891,6512.2893547808735
17532,6667.456618472072,6671.306220954673,12.23827837281533,6675.490841819305
17550,6669.544537427682,6673.417997455291,11.379238860988414,6677.587948410692
17379,6674.614683457185,6678.029864260182,13.021539160599406,6681.923865835786
17512,6678.872887322876,6682.5438596683125,11.471982562761564,6686.803107143138
17270,6714.9891272973355,6719.075685890222,12.577682515088657,6771.121982045329
17333,6721.193777226613,6725.408636652422,12.271614941807515,6773.314718104433
18461,6727.396525676742,6731.489141942529,13.09415592805453,6775.59548373759
18707,6830.015154060284,6946.246834529292,6.67498139918119,6963.310018186423
19466,6979.51203521471,6983.290440845432,12.479167850322987,7027.193697319756
17039,6983.843743189497,6987.192945386712,13.324980665733328,7029.857679722671
19180,6998.09420623492,7002.001561832562,11.491343189888104,7032.161775918413
19171,7000.260282921701,7004.191792992085,9.827055340256779,7035.695077721721
17503,7233.153610339972,7237.189421910333,12.297296253653096,7293.311191497635
17473,7295.2131081298485,7299.401072075572,12.048359373939471,7303.90199450466
17373,7309.079986094874,7312.5572386253,12.798411170790423,7320.820316468249
17367,7315.6636607688015,7319.431960480923,12.53710717911834,7407.014942110319
13946,7540.249326332705,7544.04190392609,11.32136364723821,7564.224335326355
21778,7550.958154242126,7554.35117525406,10.351734361625182,7573.495007527496
17963,7567.193462196511,7572.100391401303,9.928873163938304,7577.692397114779
21033,7569.468118651991,7574.131682802664,10.333732978687474,7579.590615141053
21060,7571.583837929933,7576.032877353473,7.661075120883186,7581.489913693165
18482,7574.578746039196,7579.134417345057,10.847938753957266,7583.732755131428
13951,7577.27638552643,7581.518698332893,11.45811561890057,7585.8825394995065
19220,7579.985038677886,7584.324632737152,12.404465213626729,7588.312241594515
13941,7582.075350638447,7586.097359707215,13.20847967977274,7589.9866611515345
19156,7585.166619228987,7589.548956210951,13.276074214065192,7593.304137673961
21097,7620.771375311739,7668.081198112952,9.728879327949848,7672.735169280781
18745,7622.753339459327,7670.073164369334,9.698893476121984,7674.490040656205
18720,7666.911069066035,7672.009172676434,11.224374571957057,7676.276994581308
19219,7669.595513857949,7674.235007242284,11.438635730856294,7678.430223663413
18472,7671.953913236229,7676.490808702407,10.41666906604135,7681.275644136901
18423,7676.037838941563,7680.100807326948,11.04237133743786,7684.50512017992
13921,7686.01863938486,7690.41715425965,10.637086906629213,7748.837319778205
19411,7707.417629910162,7756.133267567816,8.4888148504624,7760.840142556371
18750,7709.308782362046,7758.153102586501,9.954048352034523,7762.5975622700935
17419,7711.693372099681,7760.0978984563535,10.37186485504166,7764.335845423949
20326,7757.023727911219,7762.010274098504,12.5486177524073,7765.941378580539
21755,7763.363673887347,7767.426536355274,12.422350973729964,7771.494051572068
17941,7766.904568619037,7770.490956908245,12.276132685870385,7774.564780568965
17966,7776.62773180757,7780.553106410968,11.735400589644101,7834.16501272949
17945,7789.263439804566,7793.198829388623,12.484319619907593,7836.282802333466
18664,7791.23042586631,7795.111434494736,11.745918971562782,7838.511247630976
21700,7793.349599789477,7797.134906367977,9.863548707021543,7840.732760322093
19440,7801.308663137438,7843.0750180114555,7.140382378785724,7848.211241080372
18696,7803.191117618622,7845.324570064462,7.689782875647185,7850.161519143962
19433,7809.334520408774,7849.384522490211,10.25289364937022,7854.455467533984
17944,7882.941460171386,7886.456438423324,12.398684367369267,7924.03219107603
21763,7889.056745385079,7893.357908292156,10.314816480956226,7926.557464764824
18690,7890.931617781612,7895.20030859801,10.030649722444428,7928.833391082263
18742,7892.863966836484,7897.111167645578,7.876747420588456,7930.815045346159
19477,8033.373289544725,8036.542933656736,13.685783467719165,8040.111527341158
19406,8035.180742623504,8038.629033314602,13.68574755215285,8042.388220595662
20711,8106.470502594364,8110.309866461909,12.858825773578701,8114.343156632578
19479,8518.253634441906,8522.22893403807,11.301192090972654,8551.676074472296
19410,8779.231581407976,8783.073567205578,13.165378282558772,8821.351888552439
19445,9049.103931671758,9053.323596086992,11.058926620507462,9091.45726420118
19455,9324.296794364389,9328.026602784797,11.592837247689754,9361.677874193121
19408,9410.757075127049,9414.021509239074,14.497967342552052,9451.545128629741
