3408,155.3594774966537,162.57482170396077,12.39749151869247,167.644481176433
4281,228.83212424941397,236.16923691850204,12.94233896180903,240.9118845545784
3433,240.10871159329722,246.58660249452018,13.90222876555864,250.93173737125989
3799,318.7229887354698,326.01720932352765,13.797857590022582,330.6387894238901
3424,399.00358594840253,404.4431584319763,17.4527368137581,411.24362280181924
3880,408.8395535063807,416.3130504687426,12.368817111027319,421.1610203068554
4359,411.1770537709317,418.2660627944197,13.736348396499015,422.86542693951395
4206,425.13441035651715,431.45046826636496,14.485545338065572,435.5590534421927
3413,437.12313756624656,446.29749523689946,10.07413963529467,498.6705725253617
3377,438.98860387761,448.24049254455207,10.934696460043098,501.2506603590039
4164,441.3307748170375,450.1014238392319,10.403987915436046,503.26186021714904
3370,459.0323925438924,467.15052221941187,12.110783718661981,505.2273614160322
3795,498.5490972436444,511.08482321402334,7.153698572121851,517.0413440996398
4273,500.6023299210916,513.2415752790226,8.738646669719277,518.8552358622945
4165,502.5850916179422,515.1973452765058,10.333646299853951,520.4824130763359
3837,512.6556669591542,519.4573011495805,13.857596817521115,524.0560481676041
3409,514.9189437203,522.0909140520536,12.960389126410652,526.8557914832968
3430,518.9895989707591,526.299763846128,12.479612871545704,531.0961400335793
3888,588.9225240386112,597.1184371607554,11.832771564325343,602.5099787052914
4319,621.751619148773,628.1166870529544,13.932390398832386,676.4738246829403
4864,637.1314307223897,644.3906284071559,11.907757988541906,681.5307484080762
4881,644.6563651135428,652.3588654769749,12.488014756799203,685.5459917644616
187,678.4375696383751,687.1263107434753,11.02712656247972,693.030605567353
4280,680.7473566144354,689.0426345903164,10.79072869600524,694.8908088921481
3830,685.7941471094467,694.0108759804222,12.145877567898403,699.3338432844731
4247,692.6353159027096,699.5423967759566,13.278240315269384,704.2164856197772
3882,707.7518287465841,716.4102872098941,10.200964051795857,774.0156896808945
1912,742.6390111859047,749.2993869514844,14.104010485944622,776.0700122573036
3863,770.5834121946015,778.2392266801404,10.813187210601901,783.8184649623319
4335,789.1035835964306,796.3591680834516,12.594838729986295,801.3972618098727
4254,793.8507341025969,801.3802125031583,12.48376904194886,856.3489605722261
3809,818.3725764283515,825.5051423890446,13.214094169069245,859.4329777763888
3462,878.4713159764668,887.1595596906234,11.020917580700264,893.1192395073435
3848,977.9647840705575,986.1308023118255,9.954726030064375,1039.0780760514413
3793,1012.151259558879,1020.0863603388616,12.15754615913069,1041.4453640202598
3836,1023.077765823714,1030.5345462277892,12.387535940674313,1043.438759747781
3814,1064.4502470479995,1071.1931895301764,13.960822497417873,1126.3587869975613
3894,1067.9849824593066,1075.2736836651181,12.182405412514159,1129.0569604380378
4328,1091.811684648495,1100.078007975836,12.08862391702064,1131.319044306434
101,1097.7648178694944,1106.204267640825,11.209939799859589,1133.5485110328127
2731,1104.6378126517982,1111.3577053630142,14.0900289357124,1135.478926020894
3400,1109.2839686898533,1118.281802531739,10.607256210298877,1137.4186769447617
3352,1111.1601364896778,1120.1671047439113,8.381644449346318,1139.300904561343
3847,1143.290153429885,1150.4320659525224,12.76153528723754,1155.4270269294127
4367,1145.1254413761574,1152.22428356409,12.302963152545042,1157.1858937943284
205,1152.8742725296227,1163.0200109280006,9.544580289007197,1216.3520521132632
3371,1180.2708544140346,1186.5892969875176,14.138570752901694,1221.5863094304796
4889,1201.8612936290974,1208.3256369226203,13.40186509885771,1225.617558648911
4306,1218.8199297283463,1227.3509694995905,10.621120218032857,1233.0459914807557
4294,1221.14604491411,1229.259006411673,10.885697639087416,1234.9071866102895
4200,1222.9806478270775,1231.108254404157,10.391094806870024,1236.662996466639
4255,1398.771573497453,1406.523470093723,13.429642421539501,1411.4212999741458
3470,1402.7501094679571,1410.5467738454797,12.280058517001605,1415.6091656113854
3850,1411.4381603290901,1417.2099244338583,15.933693457775389,1421.2012541394595
127,1417.1168433829953,1425.253040267527,10.708929330170523,1430.716311400636
3455,1511.0348371990065,1520.359609574875,10.437133506776128,1579.1113900329335
3425,1513.0372804188037,1522.2403426207334,9.694234332919303,1581.5575789001925
5045,1559.8679533008137,1567.0092668844443,8.589751886937199,1589.392940811171
3896,1587.2914872199058,1596.451171533104,10.222869336478434,1602.506503395828
198,1594.2181594756378,1602.352038057561,12.35072391661737,1607.363639244459
3452,1608.9055446104187,1617.243328749215,11.658279462793436,1669.0409549472492
3849,1610.9443022563808,1619.1100875672023,12.582368779576534,1671.3975175947508
4952,1625.075854154189,1632.4453937073292,13.574536547226943,1675.5064081640455
2749,1627.3872981614527,1634.3729306857974,11.269287419589332,1677.7690313466608
138,1646.2617085255747,1681.3276908775251,7.667907091229016,1687.3561852765547
145,1656.4539046990026,1687.4873582903115,9.85758714434306,1692.8696097477796
2652,1659.6618578942139,1689.3717180008096,12.574832649551816,1694.7120877134776
4315,1686.8455844207085,1695.4991470610769,11.913313561231138,1700.991654572495
203,1689.07385231297,1697.3200402447528,11.768727414588385,1702.9662246881433
3414,1721.2872397348997,1729.0499041864634,12.877760296142148,1756.1713419455184
243,1729.7740884739444,1737.38332058679,12.102311507444885,1846.2564324990242
4330,1758.6918104286256,1766.5439264898775,11.848897478451773,1849.0267159747305
4317,1760.601132573834,1768.3397566690119,12.465340288284063,1851.2969736066116
1955,1807.6735362823017,1814.5946633656092,13.65046875939984,1857.1998649779553
4922,1877.6391362962017,1884.2304846643383,14.684104388123421,1936.2445548019916
2693,1943.7459966579154,1952.2466241879288,11.273234504250171,1957.6607500203638
4892,1955.2660916379643,1963.0663258119957,12.458849670552016,1968.0085358353238
4194,1961.3811163390444,1969.4645892966932,11.768495006564448,2026.4121513100733
1983,2035.7447475045212,2044.0821531274992,11.842781789889903,2049.2435934435466
2736,2037.900158353996,2046.156843154152,11.348893269699094,2051.4166621873255
8914,2046.858865233641,2054.212956097114,12.273680314004418,2059.208545944874
4882,2125.7230234829954,2133.3854597832637,12.116017420467253,2139.823581800363
8931,2134.963293395211,2142.050705501756,12.653925875728714,2147.6719868524037
8905,2138.4129514558695,2145.5872790061376,13.370844390174312,2151.4700053810097
4353,2211.215267576275,2218.2512324783643,13.625140292012768,2222.771558693047
3868,2213.2834760058327,2220.062904655061,13.442076728082125,2224.578510707697
8923,2226.0981773090975,2234.115546635656,10.929211126848797,2239.684852904399
9816,2299.0330870764114,2306.566324413818,13.72159483930128,2311.3291592115893
9297,2301.195279196393,2308.3249028106047,12.550016733573328,2313.081500828281
8904,2309.6500440082496,2316.0627668437187,13.961924508149453,2320.378604375585
5747,2443.1868604531514,2451.510017074586,11.045812835851027,2479.1778976270125
9819,2479.172146666321,2486.5134806833803,13.79680645595067,2491.084266064088
9666,2481.251286232282,2489.0879331857914,12.149177017215742,2494.2358598860624
8941,2521.855626000948,2528.5780735072394,14.381100042965803,2569.0992221232445
8851,2525.063665595422,2532.198682327138,12.745991847315707,2571.312286670817
9700,2571.1034668995435,2579.0610278821628,12.012436356796826,2584.1638732653923
9365,2575.5601311919654,2585.0574745299937,10.230219077634525,2591.2711579396114
10401,2598.558164895309,2605.4238693572856,14.018715534244825,2659.3657406734346
9795,2616.916798303685,2625.094911422014,12.255057155079612,2661.5677934129803
8948,2624.9851353777926,2632.2188207193058,12.85394052721056,2665.5541730578307
8176,2627.6175730950813,2635.4845894669143,12.611702274658994,2667.9695707957103
9752,2658.7306997834135,2672.2981337203223,7.244288238659514,2677.86146150925
9333,2660.75155064604,2674.3616774295956,9.859385058819308,2679.6639345571552
10426,2662.5898628930654,2676.208980748658,11.854212453565326,2681.480937030065
9319,2681.928117174371,2690.101441743514,11.773739919345585,2746.1566285906833
9260,2687.108729388948,2694.1416378068475,12.879240298355162,2751.0055284381992
10412,2692.9539442059145,2701.3487029167395,10.745841608172892,2753.07636079339
9665,2749.00591420056,2756.2644536295106,14.349690180772576,2760.740927543695
9774,2751.101726756722,2758.3498021178184,12.862984259733189,2763.1767836268846
5755,2801.2070520093025,2808.4162882508663,12.891225853125581,2836.103403228657
5667,2806.6315547834374,2814.09620188628,15.240574203025366,2838.596711779051
5594,2814.6812091948336,2822.3798826399857,13.709980448750018,2841.067855376841
9332,2857.100442906264,2865.404770230451,10.821330041497042,2871.082187174248
5578,2912.037937283036,2919.5186416361485,15.310640383245007,2931.125256810264
10518,2933.1943573867816,2940.4528397913705,10.999099321487213,2945.67784829312
10512,2950.876357773468,2958.57240071819,12.507672934560976,3016.3641384809857
8906,2973.866068257078,2981.3059045201935,13.83115729567908,3021.636586672949
7420,2991.5161860585795,3000.5111649300393,10.755247472827937,3027.4498670822477
9669,3018.752814134162,3027.2411924872627,11.861201805494249,3036.988470998143
9688,3022.9659228970163,3031.2450797697334,10.797779876193353,3040.3907995012632
9749,3073.093351656588,3083.3042139289314,9.035809480652356,3119.852214515335
9698,3131.409536772378,3139.0819147423217,12.291128102571443,3196.250260657296
9278,3288.7234588820297,3297.2487670605515,11.550387802410736,3302.808532729921
8965,3357.3964438523317,3366.305045106199,9.83657037369332,3378.857421819526
9389,3378.637267558246,3386.5344242700558,12.144508944527045,3391.6189312452025
9300,3398.1796715041132,3405.520874863807,13.176809713426085,3410.310901311173
5737,3428.069952828492,3435.5068803248455,13.0095108323324,3471.158220087188
9839,3468.5803118702806,3477.06960778012,10.786172230030042,3482.6409498715934
9771,3472.722468809396,3479.350010362902,12.096088511199365,3484.5415400005713
9373,3514.0471763622154,3522.148174167373,11.63354267904298,3556.1184142089405
9338,3561.076754375488,3569.3733257973104,11.132268641933305,3574.8692249484056
9814,3563.1071137284735,3571.2005198584707,10.63853382543361,3576.702175782625
9303,3588.1470215646473,3596.0075757402515,12.270039466271978,3646.2618209184225
9685,3590.3010522455697,3598.2900581937593,11.24537417318165,3649.1172637976474
7707,3603.248045122381,3611.497724096739,12.472282461236896,3651.4061479065936
8939,3605.9706907091877,3614.1048954277644,11.778550372330004,3653.4271406160174
7666,3610.801204712708,3618.583971924085,12.175247290513386,3657.614756454203
7502,3655.2231283364663,3663.0205501678897,12.6944065840025,3667.823460816483
9302,3677.547231108415,3685.324128806747,11.685915010136087,3736.136669073978
9277,3680.516669825357,3688.5429889977104,11.856372612930151,3739.090710749444
8184,3718.2436479635153,3726.4519475140432,11.66092810589767,3749.4508853221837
9750,3738.8594968410503,3746.2375111405145,13.821722193303403,3757.4173031566775
8224,3741.0000787441827,3749.2960918109598,11.188861653293788,3759.4216562013835
7512,3743.263187454225,3751.1657973401934,10.849262782289841,3762.123057594765
8203,3745.254181184505,3753.0951623449646,7.9616012427145755,3765.33318727158
8470,3875.716191630654,3933.083822472509,10.402478210781105,4006.6345194013998
9720,3949.957033442088,3957.427865313743,12.068213498026681,4012.1169788757725
14810,4203.024622539331,4210.487623633255,12.651887130531161,4215.504960991416
12927,4249.344269134928,4256.5519657491695,12.875413262742077,4277.383474005505
12960,4268.184047639141,4276.171614220503,11.576015465258749,4282.024498648841
14869,4293.231312478073,4300.5235894138095,13.095395745475939,4305.312973649055
11236,4337.3589713124165,4345.427883778693,12.122974588363594,4371.476057321437
11140,4344.0334339264355,4352.09598659225,12.739651040103588,4373.494525581311
11197,4348.3913537716235,4356.531149432736,12.096191368380202,4377.175088597197
14865,4370.996862817681,4381.1756123282685,7.981994021983501,4388.590195375058
14854,4373.536949855592,4383.206779718239,10.091801873541545,4390.402948220586
8182,4375.280896803701,4385.195434861027,9.555713187464066,4392.138380276046
15253,4385.696014109021,4394.095332029284,10.45738431852254,4399.875652635109
11643,4413.367620222282,4421.115125941802,11.644701521560329,4461.44763109607
11245,4422.128033107015,4430.091757558441,11.025116273414461,4463.396761620322
11201,4429.765529394433,4436.0810722658325,13.478891854213364,4465.456776701666
13181,4505.758727846734,4513.5089873535735,11.905922703137422,4549.223675876678
13245,4507.719148879838,4515.405857534311,11.179077636522104,4551.435583730485
15263,4510.757258291401,4519.332982157017,12.276254829343868,4553.616616918228
12480,4513.686651186643,4521.564762896134,12.7238544643756,4555.918173060176
11162,4565.0757307007425,4573.243052446593,11.67066145990894,4578.790958063363
14362,4566.93148397457,4575.122017982132,10.66648970028725,4580.716189373984
15854,4582.915003080901,4592.2970176541885,9.553971286311642,4637.118015957109
13654,4610.508313474627,4618.555673728071,11.997891636725885,4644.249962068796
15868,4638.465005024622,4646.093961350616,12.955804735973352,4651.820380726693
14815,4642.789811425551,4650.4112232270545,12.410175498373508,4659.756841114191
15176,4644.649689520322,4652.224997131592,11.56407691131958,4662.235110613304
14830,4646.567511911235,4654.063324539269,11.003459772654825,4664.345577940302
14899,4664.992068720952,4674.092572941312,10.440801013321416,4729.17423604315
14842,4666.899547261254,4676.035205075574,9.930185969346049,4731.318965772016
16240,4735.024614479348,4746.0760953528825,8.621926581541544,4756.490230067866
16225,4737.181349124346,4748.204518718931,7.053663524836604,4761.334396527374
15177,4749.9248292955335,4757.5888652863105,12.50603118496901,4818.597432975578
11198,4801.415364039612,4810.282905952387,9.99286474218034,4821.208359302792
14508,5109.074369240773,5119.429546597229,9.210788943534087,5176.461880429432
14443,5111.046559877941,5121.387411182008,9.595326437842797,5179.2322078563575
16276,5157.328018572794,5165.242665426696,12.535782229352638,5183.42831788914
16252,5161.159337581321,5170.005510185883,10.896973223917842,5189.533147556113
15192,5195.575493115179,5203.065157440262,11.807675075597741,5208.230432336287
14458,5204.639964672377,5215.120693065905,9.133448565482631,5266.213373598394
14471,5206.729048774321,5217.073148445725,8.750948785995977,5269.036920703227
11206,5227.364302167513,5235.178873818517,12.547733604924492,5271.343903897583
14344,5283.184642300591,5290.541429808444,11.982126477062591,5295.579400918715
14867,5286.080735421854,5294.114971773889,11.533416072053463,5299.501588042187
14432,5300.365725331444,5308.17912877015,11.100010473594214,5356.1651698382575
14413,5302.17075528179,5310.036492092742,12.636058799687904,5358.96348467889
13923,5317.464974520521,5325.043451596502,12.236027796381983,5361.149112564248
13216,5328.108717857087,5335.026886890268,13.61443686525488,5365.430467120302
14382,5358.507795027324,5367.5025905195225,10.076349490709424,5373.379382105274
15935,5374.76505907257,5383.055980799846,11.758647322495996,5388.4593773970755
11097,5381.783441224651,5390.503802608171,11.501791398368503,5449.177145259167
14856,5451.031175310678,5459.149599164646,11.695609346237852,5464.681158973896
15300,5462.304136846391,5469.41387764117,13.096601517493685,5474.190778176298
11099,5469.393595035812,5477.093806092244,11.542076189974209,5482.257129837817
14370,5479.34746615696,5488.2638496765485,9.778517704771179,5538.839308821095
11146,5481.348851065682,5490.305660377834,9.857980407807156,5541.032454269923
14449,5483.215571997457,5492.194297825074,10.797099272572257,5543.052909051949
14883,5568.624592186419,5576.1110755096415,12.568754927507854,5723.788996953761
11137,5599.966828244012,5608.272365176036,12.548355220637537,5725.769249039147
14489,5605.8743563935395,5613.180773404972,11.358392720440838,5727.863566097454
14408,5613.743327634577,5621.48898319418,9.866720902073954,5729.671140784191
11239,5668.057705350841,5739.520616598079,12.409140767458755,5811.342312835825
15371,6004.093995388116,6011.490906394711,13.515137371419424,6016.124604561373
11212,6006.638777793239,6017.3247280929745,8.513494938581363,6076.318700668005
19959,6008.700522325864,6019.410495079055,8.525686743155148,6079.140169721349
11216,6010.891514048239,6021.416392178434,8.998709972083676,6081.301713754701
15196,6123.003557622103,6132.228156967981,10.266589877587847,6166.118956888202
20289,6125.192666707597,6134.171054769823,10.629519748865203,6169.076403809724
20745,6133.605942665479,6141.255604931388,11.975392980878626,6171.274806904615
15869,6135.570061604879,6143.01890719515,12.84399170270107,6173.489928028868
14939,6143.1639333673975,6150.470601977351,12.733690737756802,6181.037182134117
14412,6145.387674440013,6153.171579658458,9.115964519078606,6183.58711018484
20684,6277.027353089163,6284.398498764751,13.014993132370876,6289.255937925046
20702,6278.947134810065,6286.1594360623485,12.032080062791454,6291.104254226348
21356,6309.494728566381,6316.44706986573,12.948697315135577,6350.353896568396
20392,6348.630106296791,6357.007495950292,11.419453610736376,6362.571196840447
20299,6355.330270336464,6363.495346789006,13.008572691436408,6368.535581976193
20723,6368.916509270405,6379.075708167898,9.210297920671819,6436.307304235599
20317,6370.961602676881,6381.11510005641,8.831604983948104,6439.229368395771
16633,6426.858365783804,6435.087066577981,11.22587271506625,6447.449181045999
20662,6429.635523891068,6437.422964278447,9.675820461527472,6449.332625129319
20369,6454.4544060273965,6462.255463384315,11.8166909383586,6467.508228125685
20751,6483.007768348503,6491.325705429829,12.152987127411643,6526.2867305187765
17126,6514.729161967098,6522.142136158707,13.123517051746552,6623.603700729425
16584,6582.804094356471,6590.500750989046,10.83540451882464,6634.013511012904
16622,6759.373262183563,6767.297742688036,11.648618866452138,6796.383510795536
19963,6903.743128423468,6911.2869598218895,13.348962178845836,6915.929447219587
18415,6953.328841742295,6959.319269090514,14.648165379668189,6981.960830813602
13734,7034.580590256442,7042.525678474327,11.155872571191694,7071.420542094437
21755,7039.899245449767,7045.574982342525,15.124960353060484,7073.32486396445
21438,7051.179057820746,7059.1021007471545,11.643065126642641,7075.222815812823
19186,7056.4605216566515,7064.515764469211,11.51480556416634,7077.22646779655
19986,7076.52917267003,7082.528643240426,15.622025084580146,7086.584639457318
19928,7078.466636192218,7086.332275440221,11.239726797932272,7091.65346740645
19908,7082.037176561545,7088.431698372362,13.48209401686004,7093.48331407934
19933,7086.489623397759,7095.1108134015185,11.055388728479068,7100.919551674017
20283,7099.829331625192,7106.437246415174,13.501709863046033,7159.219379732103
19965,7101.563967825943,7108.382034572105,12.565086694897001,7161.655083514948
21361,7112.979667268488,7120.57419009657,13.166979049041247,7165.603227287208
18453,7115.144621959895,7123.066716557781,10.432902223556262,7167.401169147072
18724,7135.587682766609,7177.024798006616,8.130582487493495,7248.730218649631
18460,7137.468437034963,7179.110978457081,8.787844089718428,7250.959979787648
19393,7139.515009089322,7181.16945637029,8.55738376521008,7253.0154340872205
20366,7182.63462315285,7258.106727840721,6.642550213188401,7264.240721251023
20370,7189.86645402677,7262.431522780891,9.380246555903252,7267.863151767445
19854,7198.5403046959245,7264.349145546932,11.60944569117508,7269.6250558197935
20860,7251.497818174817,7266.379552427208,11.899401573402928,7271.651163827256
20826,7254.183853587653,7268.236593688962,9.961255203896886,7274.285468418144
19956,7259.158419490568,7270.19052735188,9.755991522282063,7276.253676818381
21354,7261.636518180877,7272.387852821474,9.195884065260174,7339.527419756253
19853,7265.993439869442,7276.463182610013,9.682190949005328,7344.906447976946
19966,7268.523403971631,7278.402228390877,10.311840120233729,7347.115024353723
20771,7270.450145735345,7280.370152290497,8.668989527763646,7349.091760404557
20794,7272.531364579932,7282.465730693965,9.462472515092509,7351.257617162148
20717,7360.753399007806,7369.148718597705,11.463216605510576,7428.834308029274
16702,7397.816193381225,7404.276287990872,14.096498691403044,7434.837143839283
19916,7431.13859369717,7439.244464670436,8.517198727838657,7445.178916469753
19940,7433.308298159544,7442.499642248148,10.038327108139416,7516.50077925058
20292,7435.264250908677,7444.427046121964,10.051015362486304,7519.2376033754135
20340,7437.2622107315865,7446.439082777317,10.028379838432338,7521.4885370384845
19889,7439.240365429631,7448.466916738384,9.80264065381133,7523.415825154611
16690,7483.574257117964,7492.235398362212,10.814012331173476,7525.434230583541
19917,7499.354251077438,7507.403247810091,10.423595903317635,7529.4111993606775
20371,7521.225029118245,7531.15035572037,8.334635507102576,7536.733201727184
19877,7523.3657371504305,7533.100870039593,10.64859143179995,7538.549024362208
16594,7525.43293586561,7535.072653692801,11.53617525354875,7540.5148876555295
19199,7598.6444648360175,7606.260832555711,12.545071621320362,7611.220429144028
20358,7608.794348627777,7617.174479702076,11.084381454012973,7622.668515909779
20274,7610.875097016017,7619.120863510288,11.694736873456444,7624.693701447424
20361,7703.20239124388,7711.047926191403,12.011149695363459,7716.382139536082
19934,7705.493015983241,7713.365209118445,12.124810337028633,7718.574668754422
20767,7707.346572930313,7715.173428321799,12.767266897878844,7720.407966333477
20386,7712.895123195877,7720.2514280854575,12.937949237758014,7725.034061431034
20288,7724.905704071578,7733.476702783953,10.670918636326356,7791.678472818196
20848,7726.873736084487,7735.318466017369,11.248097063237282,7793.930326940878
19937,7728.658226646555,7737.193192800214,12.051738857240318,7795.880096109843
19931,7802.659103116916,7809.456589740668,12.852147121020424,7814.149725293512
19903,7815.172868087907,7821.41056645157,15.099666046799339,7876.338373537595
19218,7855.418870535196,7863.568752796887,11.628934056962802,7885.656200921265
21428,7857.2633503930965,7865.3888386604285,10.9135404093857,7887.584514334123
21349,7859.181420060195,7867.379534947699,8.210866987595967,7889.454415916601
19881,7894.081479513543,7902.150866152019,12.19254639909816,7907.449749877828
20272,7897.658820721096,7905.065816701335,11.972310620835675,7910.0745080198885
20312,7899.548935933473,7907.27878610684,11.84112376094651,7912.582853593195
20325,7929.489143569132,7937.466051446129,12.949023787326293,7971.251416728646
20671,7968.457747133794,7976.099703519665,12.111336569427806,7981.096936565259
21363,7972.910860637875,7980.022224514868,13.648257990327993,7984.741212278795
13660,7985.0448820479905,7993.452023684223,10.867747110121213,7999.1286030284955
13645,7986.948337981354,7995.34258707277,11.64251273056003,8001.00207871871
20273,8017.244885705901,8024.384606648527,16.21154526480807,8056.2025750734765
19221,9027.31508152543,9034.534534971983,12.67620325355017,9046.230287897466
19184,9138.689035797353,9147.0969022985,11.735328317196553,9152.456814408928
