1356,58.28317033917462,61.365312681459535,13.162124278994447,91.41694061277818
1326,139.29039371101504,143.25127931193364,11.133359117944067,181.6145803343664
666,278.31512931086127,281.42796960431025,14.172311869791242,286.6699788964598
3485,374.5881114834729,377.556097399466,13.805458944360222,382.73173137031915
4424,389.2542128222964,392.456918317292,13.720395300613866,398.13006742130494
672,455.85551534064456,459.20727231629417,13.492025391034957,464.61185782481476
1307,498.6061651600964,502.3315029263931,12.072345183446506,541.5866556040443
621,547.778428104673,551.3253544583912,11.673460557423102,557.4304484748894
628,549.5332960038972,553.1565338523129,11.460803122463444,559.6499952854996
4386,653.1335695357491,656.4705324491543,12.073691802439628,662.4398130047309
663,723.5781697791874,727.4469084222213,11.230058332338933,733.9804237897955
224,725.9450282785356,729.4412973206556,12.386413868732893,735.7077076912252
220,733.3118284133319,736.3729954199243,13.286146587240589,741.8743031139896
1371,814.5194735046604,818.1352870464718,13.528658610256862,823.4707773302648
1364,956.9590070235234,961.1711221008685,10.363281056891086,968.7496325947371
630,1007.2104899253403,1010.4646899818005,12.63409491510189,1016.1383705314269
3499,1010.8205495162194,1014.0433278162019,12.697568803523987,1019.8601302962188
1304,1038.4154790852929,1042.0849775265383,13.086750693663737,1081.8241348147756
1220,1055.530224151043,1058.5521540171715,14.099074122036537,1084.4314959895048
1347,1073.3168785593784,1077.1298268819464,11.63221501168635,1086.5121275877352
3951,1096.5017251731629,1100.1832175065686,11.04243885461235,1106.847605285506
634,1173.8345117785925,1177.585747137528,12.180917876035679,1184.090198832664
1851,1218.753049518429,1222.2282476074204,13.140688125766443,1261.585082486004
614,1354.0068156378318,1357.5939683289287,13.43410793525355,1363.303191322735
1331,1400.7633678218954,1404.370498703277,12.647254798149122,1441.2869699649525
668,1533.7948354699975,1537.3060173408392,12.80722146161564,1542.9823965564583
2130,1586.7858872039778,1590.1110543498448,13.89791325901573,1624.3852908974284
215,1625.4908804847335,1628.5976106548078,12.810555791469547,1634.2099915689535
3502,1647.6870469834516,1650.6362250683965,14.68483388285697,1655.844180665347
1357,1718.8540544199727,1722.1496124286978,13.964963949476791,1727.399923905733
627,1902.0082638599126,1905.4985673413742,10.528872341590198,1912.5869261589883
452,1903.6939588567564,1907.3846389722112,11.856784140690111,1914.338061973798
710,1905.8249265827817,1909.385215607148,10.293286074410448,1916.1841778945384
451,1907.7002243495467,1911.3881273377438,11.895497344911377,1918.1339730789762
713,1909.6491545312447,1913.2458801954645,11.913325670338185,1919.990197887012
1348,1984.3228442455277,1988.1219248658422,11.622048038451824,1994.4875711279967
243,1986.4365806182273,1990.0278379396798,12.254769777572589,1996.2971182467275
745,2073.6009995089134,2077.304996875587,12.494259535789809,2083.466103695382
5710,2075.713138528133,2079.2885454649104,12.048961120517314,2085.3443265878354
6899,2118.953906821589,2123.315946030334,10.045372687080793,2130.713646950487
6862,2134.8550947043673,2138.527688175279,12.3640247285177,2170.3303431757035
235,2168.0302367419845,2171.17859063328,13.81981897425423,2182.654417959697
6126,2172.471065646592,2176.448630047908,11.186272067426415,2184.9750409389612
6118,2174.5089764856875,2178.3546384584615,10.639816530408817,2186.9128276998294
6238,2176.339379712135,2180.1353737787153,11.31014923565608,2188.7297968581506
6113,2253.796291870148,2257.4426895923584,12.21375460801317,2264.1344396487507
6161,2259.9715751392887,2263.0534127193446,14.220261126430557,2268.3256933998823
6122,2261.9052579980735,2265.5209160870236,11.984891648551264,2272.20781611285
6154,2263.738586329376,2267.3568658007475,11.022024142416482,2276.0057022302904
6152,2346.065412877095,2349.4641559573683,13.751040667317508,2354.962920358192
6852,2402.7205079286964,2406.016012154559,13.276434123096074,2431.7379997341263
7147,2481.9106778301502,2486.371483165213,10.56324054430046,2521.6129912350266
7163,2487.356735870855,2491.1084518764887,12.171887422551883,2524.1699122765967
6925,2492.735631308364,2497.0508085583483,10.229296581005528,2526.5307703727412
7656,2498.4139675576516,2502.2876562530605,12.533527843950766,2528.800481695533
7151,2500.4216492993814,2504.0764705184292,12.914443633852883,2530.838251793049
6145,2524.0164865275556,2527.6104362033166,14.359514624414011,2533.0269446433595
6169,2538.404281117769,2542.171442755721,11.329348900853363,2549.207407312336
6837,2680.4350080367776,2684.493352365603,10.57465034634894,2709.0820877015935
8971,2718.344595500966,2722.383636623893,10.147225680902595,2729.793526700777
8969,2720.2655957306238,2724.4006303027118,9.526475149701488,2731.6469850605754
9404,2722.1810515115353,2726.3686018637327,9.974024673561166,2733.572683331578
9929,2793.854945320167,2797.395065903493,14.191048690323898,2802.81697620861
6124,2803.2678058625634,2806.5769868368325,12.797521303998634,2812.228562905545
6156,2805.1442890990893,2808.3498282801866,13.200772678620146,2813.8526622460276
9917,2913.7384843331206,2917.2303270515895,12.85597804037598,2971.451948229442
6802,2928.9321553038685,2932.362253665196,15.546773528840212,2974.3004614281754
5742,2975.737631553544,2979.372042530081,10.501696105558949,2985.87015325256
6135,3067.2664872516043,3070.5260408961835,13.02870674799052,3076.17278876898
6166,3156.3226071950767,3160.114586425814,11.270398115505634,3166.731423995415
9407,3168.1227586686114,3171.5255002255776,12.707799245020258,3177.678623171078
6160,3243.448663141169,3247.1709922061864,11.574944419258967,3253.4880740168187
6165,3247.251397907217,3251.0875917307826,10.749057208022268,3257.819377362333
6172,3249.3216257472113,3253.00219052461,11.031418189543988,3259.595755686132
6821,3301.0253749938183,3304.460349170726,12.483176064105075,3331.5219326589763
6847,3309.0043405790884,3313.056762851695,10.30764271761608,3342.2117934594103
6162,3336.2781633378486,3340.0355093109597,11.868560006497043,3355.196401396866
9420,3342.675691171325,3345.4789526383224,15.159430986854973,3358.134451027393
8999,3347.9307029005763,3350.6651620172315,15.828856014880786,3360.442045563155
6902,3386.6362481334436,3390.208429348423,11.50722155279542,3396.4959563712127
6173,3423.5380886373714,3427.1952599493493,13.50564890449899,3432.826709969424
6105,3431.520826619252,3435.0279112067965,11.462537125751286,3441.5347016708856
8988,3438.126897374495,3441.499756626091,12.148327902038474,3447.6080228670785
6823,3561.803908139685,3565.6504487012226,14.42339160788678,3601.587153127394
6121,3605.793274482524,3609.0253250983865,13.628159594167458,3614.6135298003196
6900,3649.0418921522664,3653.1387736919633,11.102667589294175,3691.5492570063707
9898,3682.8688187558205,3686.018472944283,12.84420674823512,3694.0457679218316
6901,3696.6582089765548,3700.0417679823395,13.852741576422602,3705.4131806076202
5737,3700.0779563675183,3703.2381866638634,13.742303093894973,3708.9049883931634
9924,3747.8914253216094,3751.0944455652743,12.918654019963995,3784.1609789407426
5715,3874.2445571940643,3878.4271574692652,10.43997549940492,3885.6951379770576
12309,3921.5389123177815,3925.269573632203,12.860281213927987,3930.964696904492
8991,4025.5478328761924,4029.5201398995982,10.722766307962077,4054.539720615777
11641,4062.01832462699,4065.35732793251,12.649461764631011,4071.37169928912
11243,4143.823146220294,4147.366639136324,12.782986011935035,4153.0964709538
11607,4145.876721039214,4149.3799737402105,13.681585951782715,4155.090939268616
11670,4147.677137396214,4151.088618110418,13.020684196099102,4156.855069794095
12350,4203.016722760699,4206.406906720553,12.426272180923686,4212.343015293482
12433,4204.871485340176,4208.236625436751,12.958892379499211,4214.201132055793
13119,4213.263241243649,4216.388035210574,13.078769075942072,4233.389593893657
12337,4217.7205417766945,4221.218056585708,11.57279143649594,4243.4999633607495
12342,4219.479901274194,4223.040691289249,12.47770287903759,4246.18977002359
11631,4234.2264762087725,4238.109049910758,11.60324120413849,4250.481842624159
11229,4242.186569060472,4246.2132199124335,10.101589147744008,4258.718336006644
12891,4282.188907913177,4286.306284942456,11.24720169450491,4293.254570125598
12706,4287.841836271419,4291.6179109462955,13.767926800345785,4297.091626887437
13398,4291.862649222103,4295.550017878761,11.269668278369531,4302.184243570702
13351,4298.38549604503,4302.342306006903,12.096350478528587,4308.815748168873
12684,4300.907561069845,4304.446335347272,12.340754152194316,4310.605361094186
12677,4303.021284687128,4306.5535118261605,12.316452800420814,4312.582411519893
13497,4305.1879587629555,4308.410240770245,13.545193406701207,4321.35106291701
12371,4307.0007628895355,4310.275156247909,12.91041787517689,4324.2064301482405
12156,4310.894410812679,4314.552207179951,12.07163737849689,4331.688759681221
11467,4325.87167201585,4330.065117611897,9.65294519635072,4337.640890056023
12146,4328.135304978492,4332.081117491141,9.618824729402188,4339.5828914049125
11702,4330.104315844877,4334.0465144508025,10.269320169285345,4341.444962862339
11647,4332.010547529636,4336.010434678816,11.135153412891109,4343.384962659334
11608,4420.240350330697,4423.591307834379,13.229264287553425,4429.934143902495
11236,4503.5578784887575,4507.136121669643,12.634503306341491,4513.07586184305
9004,4550.765615498451,4554.50810463989,11.225747173969342,4591.491003952511
11251,4606.809921460284,4610.442506696282,11.138289197172488,4617.48807184853
15438,4608.586180880534,4612.402432168091,10.535440099178807,4619.641164685382
12331,4638.492862366123,4642.285867604246,12.043593526154028,4681.487723329002
12306,4640.338962046995,4644.047507420044,11.597114094041311,4684.199559734564
11655,4781.289704905742,4784.676802627045,15.706468868160856,4789.561906850971
15398,4785.109686626819,4788.3092173100895,12.96806765946452,4793.960486075109
15385,4787.499061073086,4791.390997516272,11.269409482941304,4798.377379765089
12307,4818.544850030211,4822.276089737968,12.89941675626014,4864.48947363862
12363,4821.066708341798,4824.1591707993075,13.740031785223458,4868.952576783699
12358,4850.946619325327,4854.401655298065,11.96834940884595,4873.353077652437
12297,4908.806420284765,4913.094003609092,9.651890552017194,4951.353127668899
8364,4925.478894390681,4929.3944639148085,10.561717751767533,4956.023786356846
15399,4931.171933456869,4934.431753721957,13.159624018503067,4959.13040926286
12362,5014.094830394803,5017.285111813606,13.485622698848504,5044.523653434014
12303,5035.539151681792,5039.334595324635,13.632012742670135,5046.836238837218
12345,5101.535583398285,5105.212344716964,11.14347602508795,5131.507683058446
12312,5103.290660463123,5107.071052508998,10.878989331400339,5134.20635205336
12353,5105.626601964293,5109.322872419037,11.733876076743789,5136.6725630058945
12388,5119.928489464109,5123.43551430349,12.17828456588041,5138.746070719216
11231,5132.63375153513,5136.032807044856,13.729241403700993,5141.625944402398
12374,5225.954182475201,5229.499001585169,12.948291014484953,5235.4584593815025
11210,5228.1868429621045,5231.3694269385,12.703602331013826,5237.265982163995
11651,5315.325873872058,5318.457501890779,13.443066757984452,5324.111226942876
12295,5375.616855413304,5379.178886794753,13.40705888762179,5401.332705948173
16097,5458.847364543352,5462.266469414556,12.750533342416025,5491.351335694787
16106,5461.046171903164,5464.109843978224,13.017166341228346,5496.759708472909
15428,5508.365905667179,5512.146602111484,11.204200375206705,5519.024130056261
17797,5559.889938137378,5564.088897644144,12.357804401707277,5581.38905443847
11634,5583.962618927184,5588.433029893468,9.308314352538245,5596.550885067271
11629,5679.94634939243,5683.421442738838,12.823729807531564,5689.743978712144
14498,5681.902069911,5685.332861398923,12.563776627896035,5691.579710065495
11217,5683.580377887427,5687.110165321416,12.208614305685918,5693.554002370248
17828,5742.032556820544,5745.192865329605,13.476100795655979,5750.867245065388
17850,5743.9480754363785,5747.303573478371,12.357612738037165,5761.460695015946
11692,5771.406567630018,5774.4750791097495,13.765375663001386,5780.164353714714
11694,5808.442747646994,5812.226327374544,12.524607440401029,5818.448314649693
11695,5817.896450530083,5822.12849235329,10.453149881657565,5829.271032691944
11496,5819.993140778481,5824.004779076657,10.512572002716732,5831.179971873138
18616,5824.097529267246,5827.450109426107,13.113157067561906,5851.623900106847
17226,5861.615951483894,5865.511012438032,11.0379595013594,5872.533652157745
17242,5863.460601156332,5867.421117840689,10.444000635353511,5874.372272345875
17115,5865.257389083103,5869.261556264246,10.840047081689622,5876.182563203423
17916,6005.326821224095,6010.141517267518,8.363549116538556,6034.95771523138
17810,6015.372352627356,6018.186726525601,15.10304551709565,6039.303781672645
11248,6047.487894918994,6050.276252183077,14.978321931800096,6055.221603298624
17790,6092.3014773758505,6095.258104227835,13.754088608862215,6121.315342967843
11211,6125.739831520197,6129.0044578670795,13.221951215996404,6138.327406686502
17151,6127.552928391786,6131.072492200833,12.927016963884135,6141.003673067013
11208,6131.5054219324165,6134.637791808193,14.000475039393992,6145.3696018238625
17148,6133.327646514345,6136.542687703538,11.76317936912815,6147.562741420037
11253,6135.569185789892,6139.229719599272,10.935922525518073,6149.421159914128
16961,6137.320912143278,6141.051897883797,11.163436236805532,6151.189496645605
17180,6139.722659639875,6144.078518341559,10.001186389854592,6153.442839305227
16723,6141.744567982978,6146.11793348576,7.4234131291269305,6155.403315004089
17156,6180.087643597545,6183.175915887819,15.509290204644106,6214.958529966762
17171,6213.774582207775,6217.51982430361,13.022195277155106,6224.957877348605
17158,6215.725582865796,6219.295198403936,12.639346475400544,6232.090592290122
16750,6218.074443090357,6221.488500854197,12.101846582070628,6238.1374609917275
17669,6219.983117358849,6223.441887205187,11.889045259476458,6241.047735111538
19972,6225.183319824092,6228.56294086229,12.422158147545103,6243.302499642511
11216,6310.207802850041,6314.337374313608,11.67918612523396,6320.796583624795
17825,6438.450434986138,6442.361803979165,11.999976013075429,6481.505837395303
17803,6455.662345003847,6459.508158437468,11.07493378565023,6487.116086502219
18621,6464.394467935482,6467.481535285985,13.44645387333442,6490.165211909765
17015,6603.687885681223,6607.444947597956,12.945118533237784,6616.486426082042
16945,6607.881998156399,6611.560708986661,11.944134976704452,6621.0082337388985
17855,6634.409270860709,6637.605018974691,13.393413886853187,6643.466612962611
16735,6642.172258708487,6645.05132055917,13.966093127304912,6661.755161927402
17159,6665.943999236224,6669.567264669905,12.226678521763706,6676.184696135159
17140,6672.031257870583,6675.522909778562,11.467086639712516,6682.0020014315005
17125,6673.788856450409,6677.364518695708,11.865384608962882,6683.847256041035
17193,6675.563007217651,6679.145521424492,10.927825229344316,6685.699763720996
17145,6684.952729750378,6688.462624305161,12.41676430060968,6696.612089624027
17838,6712.89766333368,6717.130217702262,9.823559274205799,6724.738671627719
16749,6714.985685717605,6719.164481775293,10.997758260890713,6726.733135139235
17813,6717.150426136512,6721.093128075374,10.535579658698786,6751.408253571645
17889,6903.917086023093,6907.486446502616,13.188426152882391,6931.343956152821
17824,6915.836473395572,6919.362503448426,12.417025887404623,6935.826367162512
20881,6988.894836316984,6992.026727355351,13.86578784480517,7024.15414755999
17622,7120.247353830586,7123.509743482919,13.258123365170043,7129.238483206566
16710,7133.214588095885,7136.109829308126,14.776103911480522,7144.449391696936
20931,7188.380977426591,7191.621797476001,14.432960234528329,7204.652528504391
17822,7194.934395449581,7198.464573705235,11.342884268820812,7206.805443627351
17108,7206.118532534926,7209.583456564327,13.333657920054833,7215.293631997738
16720,7211.903684407245,7216.092737361445,10.02726188046642,7223.5377663653735
17134,7214.034287124977,7218.023822895371,11.080091722784747,7226.6945072024055
17176,7219.036077566667,7222.637099491556,14.042276999360222,7233.012210153647
16744,7227.444710908004,7231.132637845257,13.717572835644694,7238.1310052875
17931,7237.5530222815105,7241.488765038021,9.890849314019032,7296.681501919232
18561,7278.701522644428,7282.228216519496,11.871573948771248,7302.807941369959
17120,7293.6449528904395,7297.325382108595,12.308636764066879,7304.6830403162885
17187,7296.0149907470295,7299.5025377869915,12.939567588756773,7306.512287869809
16745,7297.82545185538,7301.5036905131965,11.60195089391557,7308.295263958963
16733,7299.541931097083,7303.318165111991,12.270026049853747,7310.142040775802
17117,7349.102837963573,7352.637327717652,14.685183727785118,7357.823756963414
18570,7353.802062349759,7357.295396325685,12.940884318243585,7381.414004934935
18546,7363.419136802784,7366.569259331711,13.493369369199327,7384.188542920994
17819,7430.749242858128,7434.500625623815,14.491583532810552,7471.53436821338
17911,7439.192756275947,7443.146807660922,11.03486324843996,7474.173493873418
18585,7453.15886901867,7457.099584987353,11.752344147038261,7478.754160478872
17239,7528.5130899981095,7532.353780645799,14.008484411309075,7564.361093437402
17170,7535.008949130867,7539.143839347349,11.859314958964596,7566.614952092001
17623,7541.068772378358,7545.183308211689,14.412456341451787,7568.60038340721
17798,7546.408785947295,7550.110416985728,12.090861445909125,7570.395622897495
17190,7563.597701803788,7567.37630863424,11.36131427743529,7574.427599456134
20890,7588.377835264785,7592.170508133228,10.84588240727982,7651.60906562225
17791,7592.786418247483,7596.4647550089385,12.00793823794738,7654.620665248367
17881,7631.164420275368,7634.395625157298,13.11192553204837,7662.6805653686815
18303,7638.1235603434525,7642.102850399734,12.34879445370068,7664.514192124412
17005,7659.595796475031,7663.282346172083,8.901766697816536,7670.223045634364
16952,7666.283895620889,7671.208761790845,8.768168174669283,7679.752413365615
17240,7668.387453822583,7673.329917597276,8.29164110227656,7681.808012980116
18652,7743.7786907617865,7748.314826405809,9.735850661790503,7756.504744900022
16553,7745.823742873468,7750.332332042053,8.899573020682801,7758.488112679582
16969,7747.965850832874,7752.428971119388,8.998657221560178,7760.619078749887
17235,7749.987672300987,7754.370105652214,10.58216035960209,7762.55067242893
16778,7752.167788771651,7756.35039499244,8.465877740256964,7764.626741177493
16739,7754.123219963291,7758.441899700475,9.617324500333153,7766.64158554145
16555,7765.704848164479,7769.124106676392,12.272682702287469,7775.98228664505
16801,7842.004271897005,7845.340675978906,12.617487315039567,7851.454377777
16788,7843.909804650133,7847.197597388026,12.902714545583315,7853.1738424607265
17224,7845.787129071493,7849.44081203798,12.096970744150639,7855.749464556447
