79,1138.1744820836298,1139.1229164237,11.67318950362446,1140.501987949584
44,1211.3899135698998,1212.4142150562554,9.554991115592317,1216.3206485921428
92,1231.4729575668866,1232.5216041176182,10.488863598578202,1234.0527187893776
131,1319.5523953636152,1320.400126500922,12.334693148506501,1321.6554960492933
3805,1443.0713674394137,1444.4056480126942,9.711723276259173,1486.53951452118
375,1635.3581835439538,1636.3790277081066,9.51048397467449,1666.416130592986
295,1850.4448330123487,1851.4366712390658,11.935660052811821,1852.769892765578
5600,1939.0221855034274,1940.1920458584207,10.864439739063263,1941.542117410402
5554,2112.3743380756596,2113.4492457623414,9.190178023954296,2115.6779749407474
5902,2174.7138612311614,2176.162405306891,8.252994317713885,2206.3704666604413
5210,2332.1474981389906,2333.027393148237,12.421818546635862,2334.3039558704822
10076,2435.2411945607387,2436.2827759367706,8.780525851612717,2476.381786317986
5252,2522.902121752189,2524.169250552897,7.761756856315696,2566.334804428235
5904,2534.803601375745,2571.099148224045,6.219004644980819,2573.240762743945
5597,2579.7648950339444,2580.5888055711794,13.364450630182958,2581.784082874634
5539,2724.7820555026483,2726.330727596672,8.332001599776618,2746.335387078445
8873,3019.0054568404876,3020.222763402948,10.800524576010368,3021.6229704731886
9736,3021.1129158864633,3022.117606033381,12.698869818273648,3023.3746258469296
5605,3023.510913685493,3024.4096782450783,13.451302714383964,3025.5667752633176
9063,3109.073872820424,3110.26821997078,9.819896372461036,3111.8265022596984
5621,3117.306837142933,3118.081111887586,14.1530690348704,3119.2099494033882
8867,3157.9747166284506,3159.0241408026677,7.436737249740978,3196.5101910397775
10081,3232.6223490205816,3233.5037080008474,12.49992979930913,3234.7613173782884
5601,3297.730752796037,3298.538080215094,13.872312075436236,3299.7195336840946
11124,3747.111622182094,3748.17653963354,9.665284450474362,3749.749343784849
8835,3770.356811211815,3771.1796746278096,12.487538062738283,3772.438337957268
9694,3831.2115549297396,3832.2934530805605,11.384768959940427,3833.6089841144253
10425,3833.3300251876904,3834.3469649630083,10.47503769129673,3835.853127649097
8858,3918.9962058839983,3920.203679608486,11.11078208601047,3921.6401781173045
9282,3931.1555047753586,3932.190579875906,10.495323789545557,3933.6989065449534
9280,3933.0239504005217,3934.0424570044092,10.252283939611424,3935.640439866486
11145,4549.106195229768,4550.214813083173,11.628396557810536,4551.585326283413
14347,4729.217854733249,4730.459695486294,10.394689836705574,4731.8347731129925
11085,4737.559741212997,4738.357303334158,13.669911793720605,4739.522233559462
14336,4751.960835770374,4753.056537229682,9.991479970467697,4754.589116151008
14376,4765.134473631309,4766.014588750803,12.1676998869084,4767.318616252088
14766,4953.010794753235,4954.288393338539,9.123561365003262,4996.792650041644
11069,5012.738415676476,5014.167710416223,7.393010052464817,5016.573428978758
11369,5046.670220881067,5048.120758611871,8.304417799411924,5086.374390833827
14337,5199.516060191577,5200.346385166933,13.044980410624746,5201.553696377466
14773,5210.503496584227,5211.373702369726,12.42119962672032,5212.674477201656
14398,5288.416167264014,5289.197640110161,14.525128066542123,5290.286435839916
11072,5367.746526642486,5368.529324469563,13.975487046683636,5369.636745904451
16633,5817.656278714264,5818.541075575014,12.6893972534536,5819.808934373101
16862,5864.949810229698,5866.235231849798,8.26359923899342,5907.335946708635
16584,5917.435795319113,5918.482361023183,10.056399130525584,5920.019838174907
16592,6087.747302476685,6088.533007876261,13.781119009621266,6089.678575118652
15874,6618.861437975084,6620.118841606559,11.05005953834268,6621.529829429491
16741,6708.389840116587,6709.507544352428,10.578863693754517,6710.843203405449
16638,7273.303805938883,7274.429481033711,9.057420576716764,7276.128786560847
16612,7275.144758376449,7276.34872383293,8.378723791066138,7278.028563599052
16774,7277.105827339204,7278.333836216788,9.265450596570478,7280.081508825867
16516,7279.11296520253,7280.284184625137,8.935082365736157,7282.067102967027
20074,7292.793069937523,7294.199686926604,7.809436943977423,7336.288830496182
16704,7343.187719249799,7344.407990885103,9.240446386545916,7516.304254225725
17956,7833.878683108355,7835.014559726044,7.140444528257165,7876.625561734524
