1815,95.72332789614778,103.12045099317142,12.44583137339596,136.37297955142515
1434,144.7107501603393,153.09590763001972,11.093552211924385,162.58310482964885
1843,150.35264157114398,158.1694912285406,11.534974881852202,167.0619063906668
1822,183.089351218514,190.55470718106565,13.054414370919686,226.12497046461237
1901,185.28582399878468,192.48720710876754,13.605861369281598,230.6834340394878
1898,232.32479831755134,240.17100884227548,13.343498974468403,248.44481475422634
1873,234.62120984275174,242.29937691280546,12.63071241728242,250.7400861280774
1831,240.65166619785612,248.4224369944069,12.345889266078483,259.04616747975615
1824,243.3864813801003,250.39247706229844,12.10941967862061,261.1797671598665
1900,272.15127530640956,279.58505118791584,12.84156850749607,317.2994589047683
1365,274.79458352274,281.5059311806944,12.55387388706519,320.45036542009825
1830,330.0862565332755,336.3617493136272,15.126567499547429,343.650526945145
1906,408.70295642873305,415.635863306622,14.18920738917708,423.57963453387157
1405,421.01451669217494,427.55007849132056,14.630963293764346,436.6381638532086
1841,422.86782822053533,429.28855131112647,14.513102814554305,440.8770718105337
1418,476.70630063484793,483.04369021286686,13.974962625636667,497.1099022495949
1896,521.9309130865234,528.5929255419423,13.744963037905702,588.9974618963338
1849,555.0474230234831,563.3177645140869,10.739850676311033,607.5041570319465
2125,556.8748971931836,565.2582498199449,10.676628533994418,614.152993803603
1810,591.238923293363,599.2502588620329,12.401907138298343,617.1690182916177
1361,594.4124556925435,602.3142394663835,12.07277581639389,619.6794454035096
2146,605.4301225835541,612.2347265019472,14.096065852641907,676.1290870565194
1842,641.8198980214089,649.534632780913,11.712022813459521,682.4425234988109
1818,696.2548086644731,704.074138360894,11.599237186811017,713.1516031431524
1878,820.2297082990432,829.4858739807912,9.92741147816027,856.7577827814146
1809,822.1797079831141,831.4202283286169,9.498183884509384,861.5412739722202
1415,824.193997068655,833.3516383715751,10.477661679367072,867.0485543893998
1821,826.1831671207766,835.3451933701594,7.883380328293396,869.8695839547594
605,864.8718524556763,872.4606742724526,12.481988091471646,880.7814637438393
1819,870.5552414266826,876.5525852818034,15.80396077597756,883.4050710665945
1371,873.7412975558696,880.2723614071851,13.701790569443773,887.7066540092898
2299,908.8143897059556,916.5461454177996,13.028019310941428,946.1789422200809
2496,920.8355734181962,929.1714201163712,11.710591784892745,953.9331603300835
1406,923.6653688280932,931.3445609650406,13.400221953693208,956.7594545782624
2328,925.9644881793189,934.2183756048182,11.587307793541768,959.0754713291293
1414,956.9926843102903,964.1697853425482,13.429057578933167,971.7661503108089
1827,993.4065136013558,1002.0361274405168,10.639361149074524,1044.5505647877462
1370,1042.3892627035423,1050.281761586813,12.613430289391367,1058.7942236932004
2153,1044.5811946637286,1052.0570589133138,11.688515974329261,1061.110282972537
690,1054.3975642021956,1062.4189793648732,12.061802050067936,1071.5410184145112
1838,1061.2028335778214,1067.5698847977017,14.21805707760165,1126.1597397302762
1364,1064.9035582211409,1074.2597940624378,10.27718907604166,1130.416325680355
2131,1068.873529544123,1076.4709395006696,11.122083435249653,1133.940677518054
2142,1115.4834879289474,1121.6075140476041,14.812336370676656,1142.1517835073778
258,1137.0355511056853,1144.4050521870024,13.615846254297285,1152.4964368749052
1346,1143.0607761650272,1151.2055845840823,12.62111919180349,1159.8936559473045
1392,1155.0095817750741,1163.245822906846,11.226455923246561,1332.3832153675296
1888,1173.985904393923,1181.1743497976943,13.687222842155636,1335.1884376557289
1816,1185.5756716474968,1192.3520654491156,14.159994450234949,1337.7356285187475
1814,1189.2340963707145,1197.4264135231758,11.387280107541176,1341.161560609698
1825,1205.3414190117583,1212.398146465604,12.72491034710145,1397.1942474969724
1362,1220.815581459796,1228.5382362304035,12.477477982158339,1403.2480814133444
1220,1226.1078496172427,1233.6261157696845,14.065471081159085,1405.397682315735
1850,1266.3740455415445,1273.2294278558961,11.055730088577123,1411.1637913133632
2136,1284.957789637516,1292.382540541175,9.440970349206768,1412.8583862430605
1407,1406.1387678714107,1418.0486612270402,5.7965944119726895,1429.4822388789146
210,1442.754128107171,1450.059516937549,14.430491711259815,1488.7910678876701
1330,1495.3331375785806,1502.5359612797515,15.00804489671035,1510.3202389935946
1883,1503.1972570590883,1509.0123999999055,15.47440217325252,1516.254244571134
1823,1601.5669926614787,1609.4872476032554,11.79464596275786,1667.2549609995872
2135,1603.5843870425724,1611.2946622658812,11.63436413374083,1670.3364623722216
1323,1671.2564047709118,1679.2368079149594,11.940678848627138,1688.4143512264498
1855,1682.5699468539174,1690.374605795684,11.29334938716406,1699.2285204368009
1903,1713.3973928052487,1721.4307389381029,12.146846480583873,1756.150667765192
1874,1719.861175168571,1727.1084674723834,13.306592548962145,1760.7854437594278
1358,1767.2768618176765,1774.1787843618406,13.537731238929032,1781.9333661948244
1839,1769.1700136451311,1776.4202610794396,12.464166625959953,1784.6912836655838
7623,1812.7115699713445,1819.342382712673,12.859802363610351,1849.3335177541885
2140,1825.0878892032924,1831.5597913917245,14.669270270352968,1853.5831271352831
1408,1854.0948110241477,1861.527858336759,13.145745554616541,1869.625459418184
1402,1856.0994403138673,1865.5013605363276,10.351829132407689,1875.9302916927322
2509,1858.3008260584402,1867.454483441525,9.738951387966443,1879.5308884343635
1337,1860.4035278687566,1869.4026173834902,10.509474656874866,1882.078286646602
1881,1864.146525337267,1871.4792516993903,11.367030396008428,1936.1767165367305
1400,1866.4684887129085,1875.0054868669304,10.855799784016465,1939.0604865932137
7391,1873.6302757363358,1881.189523586651,12.153169588486437,1943.9237447423084
1872,1881.1199976960168,1889.1900760222009,11.632359845678856,1950.6805616951665
2356,1883.7070466612008,1891.393161473352,12.24868020315134,1952.6633052523762
7310,1895.7864893325504,1902.3358356240776,15.66125282223157,1954.704534114902
1875,1938.7630672953346,1947.1733009123523,11.848966253038755,1957.2586409899411
1432,1944.171213926851,1951.3006675919623,13.052065427875133,1966.9885133204207
1419,1948.2670596353141,1954.5610824244432,13.93369665456724,1971.6148340102488
1359,1952.3110165230237,1961.052168516123,10.896473422508231,2026.2079276249451
1388,1954.3879740596958,1963.0109674628181,10.73550417599105,2028.9335441675344
1316,1958.935991252127,1967.2195790555982,11.347712866731703,2031.2437843997125
1125,1961.595299528423,1969.054076687659,10.786624115998592,2034.1609790328089
650,1966.2946304162997,1973.2638797080049,11.406178969230703,2038.4977500544742
452,1968.3184619893161,1975.422861796179,12.574909076141745,2040.8330221270921
2266,1982.6623919916801,1991.218679744849,11.97928109093806,2044.5593818007144
2372,1989.057579019401,1997.4989269286382,10.420951670926625,2055.0665796214544
6922,2035.9791714334576,2044.00495097709,5.967195023632828,2118.8361298719783
1430,2072.881493691982,2082.4234566909768,9.816591588653555,2124.3593923818976
1766,2074.9128388990016,2084.4345753664647,10.199314391226013,2126.894869252944
1426,2078.3945627949342,2086.422993020228,10.4580470281158,2129.4992052217513
6903,2080.132008845008,2088.372432601493,9.86191931689514,2132.202111145879
7368,2082.6351286604604,2091.264608932844,10.104735909052115,2134.9027220903067
7398,2171.7252560922275,2179.5318475365007,11.351783672441098,2206.142917827185
6899,2183.336618347189,2192.111395869326,10.68125144714477,2208.8300652503854
7317,2210.6317208078585,2218.4526797466965,12.22573370238134,2227.45785717241
6877,2214.177274589107,2221.331597726366,12.473447429347909,2229.7145855559233
7628,2218.3962702792987,2225.3535331138814,13.035012613389112,2233.429002931968
7378,2231.3197203996165,2239.30674089053,11.769860722751828,2296.1036886565084
6894,2253.386565121598,2261.4496149842357,12.563700442240243,2299.032387706525
7645,2255.4667561027527,2263.1783503400666,12.354825698679388,2301.182852098162
6904,2263.9229751306284,2271.1329555143993,13.204007665972677,2305.4108317771384
7404,2308.7302109114053,2316.0491178436037,12.460762865936122,2324.7955484796967
7407,2345.576603188228,2353.5225604760026,12.166320382549692,2387.1935449656967
7636,2353.788462854747,2361.3365204523293,12.613810276620907,2390.337337342074
7311,2355.700876230821,2363.0509399111634,12.418019771859381,2392.842713394013
7333,2361.5181875320472,2369.5175416973766,11.230692945135635,2396.8220258088213
6238,2365.8605588239125,2373.1335042074343,12.316092944192727,2399.1342815000144
8017,2409.724043478803,2417.256314983042,12.386186123124878,2476.396663503283
8010,2419.754949167435,2426.352585851461,14.089297254080552,2483.4032040940187
7329,2433.189266095837,2440.250717948869,14.750202250840722,2488.279229516833
6926,2443.9141578929757,2451.537973542203,13.538347572447346,2496.913605444083
7359,2445.988385195288,2454.1643687531446,11.300755445284521,2499.09069945611
6861,2450.7890203937964,2459.0372761999474,12.617693402662928,2502.925879310357
6204,2453.39012944617,2461.0318979828285,9.958801813814965,2504.827407424675
6809,2573.569755926994,2581.0782637673497,12.037034153815185,2590.034224521032
6195,2581.0379608852945,2588.218088472161,13.06980533871568,2596.367323205092
6852,2588.7433096282243,2596.0779167222895,12.422590363812137,2656.1546750053644
7395,2600.359049918639,2607.239815103877,13.37197808280393,2661.376202693458
7369,2618.039423929297,2625.3146179714463,12.799309751466936,2665.1355598499194
7385,2624.785563664605,2632.105842008617,12.233083184208063,2668.6795013229394
7147,2660.8782658429727,2670.1022404818964,9.41314505772327,2680.613190754837
7163,2662.8083341630872,2672.0366056799044,10.695746943773017,2682.545643842703
295,2672.566849323017,2679.5925469780677,12.813817225215471,2688.9169816069307
7656,2676.0717164341436,2683.2971642124808,13.195276896936981,2692.728568356214
7151,2678.269282014765,2685.129772359132,12.940028416588873,2747.519323222079
5719,2680.790767329339,2688.3214549624586,11.951193067685113,2751.6022132633534
5787,2682.7187774000436,2690.2683019626015,12.330730887498635,2756.7513336850625
6169,2685.8710770852454,2694.3317173629757,10.968287134151186,2759.8941600144008
6153,2687.8739594930735,2696.155756932508,10.124034335570283,2762.2770699361013
6870,2691.175550286981,2698.5040452247204,13.040735821632477,2764.2968264560213
7351,2714.0912157489674,2721.0102245689905,13.516508336922023,2766.767168715824
6920,2748.4863761943284,2757.0706959208765,11.29097254843925,2769.823138007257
6881,2757.652598382915,2764.2753970289814,13.980304520328517,2773.762674406614
6908,2772.7124811454,2781.496142687157,11.291830306848281,2838.9741704823246
6866,2837.2435887173665,2844.2290617882054,14.228008288163636,2851.9788748132555
6930,2930.9951830494683,2938.0999265128858,13.805978165992732,2945.6564636450285
7352,2939.7108741455972,2949.241231324779,9.904647775436533,2960.2236237034867
7381,2941.6307296866225,2951.20454216255,10.313709231126204,2962.2685299870805
7376,2952.548652952538,2960.0225503671772,12.767787649702441,3016.13686090227
7318,2956.147255783437,2963.059213882902,13.61269061303039,3018.871540571804
7360,2961.31743362047,2968.110163516152,13.667370339150605,3021.1237422933477
7321,2992.664836568917,2999.1170008343915,14.321482013339656,3025.6839127890184
7403,2996.215828114605,3003.2426860998025,12.831483490213433,3028.362542459269
7843,3020.5602169257627,3028.3229605556808,11.974652538091938,3037.8879209260854
7935,3023.469369248246,3031.5001551245387,11.8773333242059,3041.1224449727897
7902,3067.5011459236507,3075.186243336438,12.714323889005465,3110.49874512384
7649,3069.5250928031433,3077.1881131631426,12.157717536083899,3114.630126851622
7349,3077.206393844418,3084.2349777112872,13.235560496684297,3117.463724971144
7389,3091.7475374777455,3099.4778166051756,11.668652095800017,3119.670830174702
6017,3115.3853686451566,3122.622842103079,14.042631209505332,3130.351965232252
6128,3122.4325918745926,3130.144644068219,12.172254861463655,3138.5139409840854
5539,3126.8142341662156,3134.1812878469595,12.288048154162095,3142.5713640579356
7314,3135.3366978605645,3144.158290570081,10.007985645469976,3200.7422261331158
7386,3137.3815964744035,3146.1098632920084,11.48368785244308,3203.1217986967467
7337,3159.7949744991333,3166.2313564151764,14.21894518410122,3210.3216585673044
6144,3202.6380749647515,3211.2526943558605,11.44894896668333,3221.3016463660033
6247,3204.7873104254113,3213.095678001664,11.12390439061871,3223.207679055059
7322,3206.75577558173,3215.0237144683006,9.793928769794846,3225.0646312663216
5752,3227.819893170495,3234.493183551556,13.844954397816942,3288.6109231682735
7320,3248.5656870711764,3256.5322486538394,11.272142145745832,3291.653624015717
7358,3250.475546619171,3258.414051449561,10.755280951433111,3295.4190187101867
6880,3252.4082250884985,3260.2317664063157,11.161909455081354,3298.180415588733
7316,3257.4066267830513,3263.3936643463303,15.475973634823244,3300.577275414599
6827,3313.079559091152,3320.427083337029,13.027846845814258,3376.4949319320667
7355,3333.0114580648096,3341.0251297865498,11.984121109665796,3379.5783567783137
7332,3342.169011076158,3350.2512165677945,10.769691091543132,3384.04964906733
6921,3383.9510428833787,3391.568341306169,11.80248003664474,3400.1390506401685
7400,3408.666420534497,3419.058822350621,9.181705613800675,3466.5024647198056
7357,3410.687636340077,3421.011372380148,8.801369816760214,3471.9832577688862
7394,3430.9118577201407,3440.0413637357856,10.698330851228276,3476.791362865925
6913,3437.9305093224507,3445.1443071809645,12.696530123748984,3481.7090854692938
7619,3520.7056830708143,3527.560958353901,13.839220543313816,3559.570988505744
6910,3525.9743826462145,3533.4409245245197,13.136570813087955,3567.722302676198
7655,3603.8107657163464,3611.2640283914416,13.912485268670684,3646.2912663581346
6639,3616.4751063639064,3625.187008112321,12.08102892628518,3660.012668732022
8021,3627.5010658772335,3634.3586434518147,12.943123959251066,3664.217659674666
6902,3632.499091166269,3640.0645534782057,11.824346726341645,3666.0659761175216
6206,3635.4226632803884,3643.5678807473664,11.681026739292012,3670.1541230978896
6224,3648.316662634203,3656.308407050808,11.893155722595154,3671.9872214968455
7811,3650.726799971778,3659.2614301600443,9.112192452130024,3673.984917065692
7942,3664.711956266383,3672.4186296365397,11.957426862628822,3743.1104506576926
7308,3671.690406288266,3679.2410467030954,12.376200056553591,3745.815308581432
7991,3678.132603018478,3685.1338219970903,13.511805695635735,3754.308859972821
8024,3683.667747166874,3690.405457259526,13.338997713971064,3826.358979670679
12839,3693.39161716858,3700.247650763919,14.494699001240193,3829.0459726470667
12835,3701.018431640797,3707.318201589205,14.143027798941883,3831.679494106563
7339,3743.455101058477,3752.0614260351604,10.267391667692051,3839.8604939229463
7219,3747.7007081127545,3756.012358329503,7.449977176873171,3862.4278791022825
7146,3756.5634667826967,3763.200371555849,6.66527702333453,3921.0821417202346
6235,3845.167296277529,3941.0484621411897,6.891017796715364,4015.9662708650762
7926,3857.0279167101257,3943.3059687308787,8.46809489329518,4017.9789380315265
12822,4013.813024491117,4020.5658025547664,14.753361898373436,4034.7847272586846
11667,4077.266503135427,4084.0093061915404,13.708648340938682,4099.195172649804
12878,4098.4817227036865,4105.578701676943,13.537694247825746,4113.316662131607
12841,4105.3524179865535,4113.100500636034,12.470082769496283,4121.540821162041
12813,4112.14232636823,4119.288835742631,12.4577239231,4127.504909664242
12883,4177.862876931494,4184.500096645077,14.096599249842132,4193.136770137848
13418,4238.345986968124,4247.099546985193,10.45582761600774,4276.219248637462
12384,4247.942058021135,4254.132952662743,14.130982958900427,4278.956668878919
12876,4251.410054058192,4260.09228741168,10.181909052123368,4281.310539584745
12401,4278.834615240103,4285.516549671791,15.107953185887828,4292.374205212433
12819,4280.916729806949,4288.326452606936,12.171160166265077,4297.188922373902
12415,4292.103608035067,4300.3875349469445,10.790604248802726,4309.820517239979
13148,4314.08894986381,4322.245665441425,11.197619165022923,4371.4113216496935
12776,4368.554328297713,4376.2362627887715,11.994977643393195,4384.705274012679
12805,4381.06439305643,4390.212890166355,10.808444422421822,4400.317241627389
12433,4390.091800630916,4397.468128070117,12.431805775496445,4456.452453154696
12410,4392.097761785834,4399.251024957924,12.988267283841399,4459.044656570227
12810,4415.912709934666,4423.52008435788,12.19451665651951,4469.452938906341
12337,4458.577848851406,4466.567026772118,11.681595993504532,4475.3772270318905
12889,4464.500917169132,4471.002088592351,11.537303125615393,4480.796787951532
12758,4468.694984543,4475.535741406799,13.309714226117688,4486.672460616352
12891,4474.980114869701,4483.298591674161,11.322504406176115,4492.915734697296
6132,4477.176982763171,4486.332193125797,10.235571707543963,4546.1346926150545
5754,4479.44679222079,4488.282564992519,9.842848351720786,4550.304803214664
12821,4481.377877021725,4490.176996162464,9.33244850004903,4554.274207890544
12773,4484.632992825691,4492.232773861569,11.32644767600898,4557.616532645227
12706,4491.66811528703,4498.342109971885,13.98029159601549,4567.994326111714
13487,4503.5317895973785,4511.570999556811,12.00971121948133,4570.539105156588
13377,4505.5712534789245,4513.410493035052,10.970753347241798,4572.697775860408
12859,4533.617955635624,4541.093616259636,12.575216953040696,4574.89556861755
13398,4551.219411293267,4558.392603808941,14.251610880939023,4576.9540479463785
12327,4557.28730568721,4563.470150011186,15.180161473512698,4578.846165250268
13367,4596.625871429366,4604.100786840533,12.894391841894082,4636.141391890616
13388,4598.783522208775,4606.354595809657,12.067101602818667,4638.996796104616
12371,4806.682542409787,4813.572949144555,13.275642497569121,4821.659564825466
13371,4821.851216073853,4829.232361722411,14.646175567309127,4837.084944206536
11636,4835.325384512909,4843.389355783172,11.826911758129295,4852.3371515742865
12400,4841.501770151824,4848.450984080436,16.133219300504173,4906.373149273345
13468,4853.091351745299,4862.354086556501,10.451972811064774,4913.341258364004
12908,4863.328249259863,4871.539096672335,10.857104007253925,4916.13117277861
12868,4870.741323991789,4879.297676823295,11.400314515619614,4918.749094826512
13308,4889.771398806575,4897.095287719589,14.766106924642504,4932.855219385437
13482,4901.83967443664,4909.605883177306,12.919615289980856,4937.192141169072
12417,4911.231047798751,4918.556900156703,13.467024348116455,4939.318756730443
12328,4913.255813264267,4920.337835691678,9.886698225126935,4941.289901691377
13137,4959.205508367406,4968.270646943391,9.802351832621131,5001.295636900399
12343,5001.192793313763,5008.321568854805,13.662564008322349,5024.285693656533
11738,5003.393540578067,5010.3834149788645,12.85668135761389,5029.330164271288
11721,5009.780714490488,5016.587347684352,14.067788313318331,5031.696860665095
11620,5013.250405358846,5019.385114127726,15.45409888945648,5086.302515869529
13411,5018.873728808479,5026.450343613472,12.294540819369091,5094.898584069309
11662,5029.340871838182,5036.52292940268,13.16014162578372,5099.896760524213
5556,5045.509972316676,5055.067974538091,10.284063817927349,5110.392766306029
11702,5047.755120255037,5057.043204521046,9.382879919628168,5112.63299758997
12899,5051.343414242589,5059.307923173193,11.308879949066526,5114.71478527962
5722,5053.629958102547,5061.3515045871845,11.655569807741458,5116.889565168017
12832,5060.390857373124,5069.210228114629,10.64219609870871,5175.824240187973
12861,5073.348000583255,5081.40252780108,8.472309521883862,5181.345327958989
12837,5117.70422055196,5124.584090993557,13.366596234879365,5209.554626077153
11223,5134.884665602818,5142.250625541563,12.68987736660566,5211.940951247445
13441,5142.937670723402,5151.157363517046,11.446248667223381,5273.3118894842455
13163,5151.63281311582,5161.091902732976,8.319287979632223,5276.909403130098
12881,5190.15375656939,5198.125359305279,7.479577146956687,5288.885229972943
12814,5233.224253901389,5240.234214402676,13.1051199880718,5295.1642046448815
12388,5292.614162099385,5300.1204167305505,12.46678704403243,5361.118252888266
13117,5296.155923375447,5303.2741429755315,13.315565326879472,5363.614266849842
12392,5302.160687602049,5309.119667282731,14.782025766793367,5365.726748263993
12361,5304.296050059458,5311.510013965959,13.429500782520396,5368.260435471974
12872,5321.764364020369,5329.125337084399,12.713565002659001,5373.433215732698
12842,5341.514737145081,5348.496416703717,12.701668498320014,5377.230842461584
13124,5358.592568524867,5368.19075024882,9.877955901325974,5380.142260666626
12304,5360.912163387355,5370.2510739710815,8.90754359318216,5383.212166272809
13472,5363.128262998946,5372.362163481456,9.191674602980086,5387.742416591685
12857,5375.188430311256,5383.017917392839,11.802780264188728,5449.958399412445
13430,5405.865647309735,5413.364176076264,13.00973557900139,5465.5511747247565
12904,5438.187009607005,5444.140062431906,14.980966868095807,5468.443604830105
13450,5456.492247074325,5465.203264756694,10.278499956022719,5475.097288315719
18400,5471.661835815567,5479.50471945965,12.064080110790002,5536.141104496033
13282,5480.18504030724,5489.039370455243,9.742305180856482,5539.0918502560935
18346,5557.683309776426,5565.243052908854,11.657066132978171,5626.352585881695
12736,5583.455744153607,5591.114727174044,14.346137310107492,5629.2414145075445
12746,5585.516785832478,5593.561337081216,11.981998906742822,5631.9111786473195
18351,5588.781466995331,5597.4452006951815,10.700761066955986,5634.115175273438
18385,5606.852083667299,5613.309781478524,14.298070517880856,5642.195168293262
18374,5628.470441385751,5637.218618284893,11.558139560991979,5647.590903390076
18836,5706.144385300562,5715.145894500109,10.068508450209391,5725.636246156833
18934,5718.977012544368,5727.0897363919075,12.224200709615282,5736.458105131097
18868,5724.167668038098,5732.150339752321,11.689148246846871,5741.019397173593
17820,5729.9464871591845,5737.04161615529,14.77217108193524,5744.140675930021
18661,5768.999936130097,5776.394435130843,12.350055458243993,5811.295103041391
18856,5770.183201976855,5778.146429079958,12.386083581734571,5815.919937573477
11234,5774.92444648642,5783.451244695176,11.743902750718464,5821.206717725424
18314,5777.452587361241,5785.2486685999775,10.950553925982527,5823.537791462409
11725,5788.738418155493,5797.155649020521,11.053826698906711,5831.903444741801
11283,5790.607427654668,5799.012828708237,10.346809329017352,5834.688374273464
18635,5793.234569068559,5801.132471556216,10.336033609794544,5839.147822933422
18363,5796.650264732034,5804.02318906987,6.481085640676743,5842.123892566177
18235,5823.901422444424,5836.101301148516,6.66660161112932,5914.916218593785
18323,5841.534621913657,5848.4133224497255,9.913063351284379,5927.3520825829555
18349,5863.15313831797,5870.203330833583,12.333207546559496,5929.394711294284
11602,5898.323660832631,5906.53427963109,10.894647978927676,5931.173485904014
11262,5915.316627772949,5924.021758548805,10.027705398108337,5997.7494728735155
17888,5922.320138722193,5931.104322650257,11.024742244862203,6005.574332572381
17827,5924.728231858354,5933.013910538579,11.597314742662705,6010.480281154952
17840,5988.8147335775,5997.542724097202,10.985234682062348,6013.2781983934165
18352,5993.096128749167,6001.439304054877,10.228209479814101,6017.812925181246
19027,6036.65292433584,6044.242250450889,13.819788771967454,6081.520067579193
18638,6078.785566696499,6086.145017302791,13.83376922466907,6094.124822088685
17861,6084.129622083278,6090.11363458333,15.783995307303773,6097.778453048351
18830,6087.950044994935,6094.533816467318,13.598070859536648,6101.995197023444
18794,6090.557523304003,6099.141092031013,9.90432970322166,6109.308860909772
18752,6102.072662267386,6108.44819828706,13.907796867447612,6166.323727273088
18381,6129.18580193215,6137.397261781154,12.398088890076192,6171.241421562118
17914,6177.320360843206,6186.04071480084,10.403520609130238,6195.98870652975
18882,6197.175911272715,6205.427429950329,11.908556350897515,6274.3929869074955
18367,6215.693279959216,6224.025788429486,10.733480877670848,6279.395249885494
18647,6217.681205951644,6226.016172848216,11.121692604529832,6281.375045470773
18399,6243.905918987991,6250.134473834356,14.565871750910631,6283.28023002865
17248,6278.826397364502,6289.311845894473,9.46270697828996,6349.084712937564
17877,6280.808157180273,6291.292181393889,9.063775349365077,6351.569123365338
17836,6282.979100437354,6293.304917799305,9.552879401017163,6355.551599975368
17922,6285.038925211252,6295.232132904293,9.039040083385933,6359.157589687046
17873,6303.097088043433,6311.418600459051,12.38164882044387,6377.773555206484
18369,6396.465472141592,6404.04195460037,10.87188864385912,6527.390384222185
17917,6450.8981854503945,6458.170112028204,13.423196326070574,6539.728023413777
18318,6456.974084138983,6464.371689230509,12.596039566681554,6547.414270826128
18398,6501.320258445621,6508.5893752395095,12.28112631931196,6552.752798237146
18377,6507.829781813835,6515.0710439911,14.971078748013422,6555.494004623336
18973,6618.413323842583,6625.514551097538,13.324964490758491,6633.218089684308
18803,6620.994421817144,6629.184765427036,11.567258654618922,6638.218973268186
18922,6630.88766370603,6642.230056406307,8.187925099984605,6706.148058552239
17015,6654.149163938618,6661.2236700578505,12.924309382542923,6732.333148778977
18928,6662.95645166694,6670.564821956396,13.586235131818173,6734.190629356833
18890,6669.909375061247,6677.5379125695645,12.134718063390363,6802.831007848759
18858,6671.87439788494,6679.388286725533,11.62044858835063,6805.167442908582
16945,6712.587476980371,6741.128778458317,6.75057384243992,6817.276466951367
17802,6715.7533861809015,6743.299735849351,9.036859412832909,6819.178521151809
17696,6719.34623803141,6745.37060859635,8.854172646735554,6821.277160801396
17912,6734.025342301226,6823.225284232426,7.13168213928524,6833.093730283739
18223,6737.993333036703,6825.316226263582,8.95549856006611,6886.505016096503
17884,6752.209686988897,6829.503949008149,10.406460084354215,6891.3029117614915
18402,6757.2332721867015,6831.518149492885,11.819649523518914,6893.6784730932395
18334,6783.778766939444,6835.459303647463,10.968234389576496,6900.121672935766
17647,6896.902684392781,6904.150824360545,8.92127564838988,6981.797203231877
17904,6908.777642131042,6916.412036550525,13.124708342980592,6986.491624219775
19000,6952.248078536241,6959.5076974746125,12.952608947700323,6988.558314287157
18874,6996.7987367052,7005.091921047667,11.192466645331438,7066.149321102306
18361,7071.1272452386775,7079.344091928432,11.248081733330665,7088.406830832848
17811,7073.469702235944,7081.244640374819,12.361540173041798,7090.194122477766
18348,7077.356966386061,7086.090163914332,10.381902448370722,7095.935014651913
18886,7088.514393652251,7095.090168655216,13.451866311644231,7102.6348128226255
18643,7100.350368068278,7108.022215308338,11.72802533177861,7157.242601579839
18883,7112.7137884663625,7120.258054401682,13.076574914638439,7162.430612969393
18343,7121.73810045883,7129.540660599472,14.233491152570027,7174.172374614419
18641,7144.375967210598,7151.478154037444,13.407055742575617,7178.9182272650405
18319,7160.548577980191,7167.067423812462,15.489352869935813,7181.176333686383
17853,7167.726787992647,7174.581581413363,13.150238377629154,7186.37820821776
18320,7178.74077362136,7188.338812245342,9.132843718351491,7246.194944975601
18339,7180.917432602771,7190.403729732142,8.442154849839186,7250.8383771511435
18646,7210.136921222032,7218.341425384228,11.260971558844728,7254.001027204669
17874,7211.94844318039,7220.139115301668,10.100017330502506,7256.386790526649
17869,7253.278066078837,7260.343070876003,14.513879054053563,7267.510865165897
17131,7261.414910977036,7268.364190080725,13.190284903611055,7276.301992958676
18637,7277.942328148743,7286.036957073122,10.945534920977897,7336.230140637741
17207,7292.85945257109,7301.124440640292,11.421773861649944,7338.910431941429
18651,7297.477895342236,7304.5068153831935,13.780120289019694,7341.497672248115
16769,7300.6748957227555,7307.405211893097,14.095940519827177,7343.450874409452
17200,7308.250055266573,7315.046819813113,12.871546132352481,7351.229131843608
17220,7318.792261861474,7326.521720861766,12.603475017948256,7358.21276085482
17017,7320.933424093237,7329.196182035337,11.074096225421956,7360.532979540092
17221,7341.34041421269,7348.388964223987,9.863004986263698,7364.861594165115
17865,7351.975517418568,7358.458815874252,14.442299440173631,7366.932934749706
17867,7356.464795963123,7363.364262175932,12.628098034298219,7371.4981474281585
17931,7365.650421531719,7373.435971578265,11.266173813614285,7428.908009853061
17178,7373.899508626968,7381.219625847008,12.46474695161263,7433.384129176444
17205,7387.257419066019,7394.157098120502,13.78154531771352,7448.334251601819
20056,7390.497487619349,7397.067273387315,13.873026685256434,7451.311910612939
17128,7392.397880541571,7399.551512694751,12.518290583746762,7453.576839937076
20910,7394.189026987117,7401.447062082355,12.551185761745861,7455.809150624992
20937,7399.856754678407,7407.307590473738,12.497828447392719,7457.764546632444
20871,7404.7195913195455,7411.333885244291,14.076564548442146,7459.657002313886
16787,7429.1132599697585,7436.566977781863,13.324419041750541,7461.644287349578
20922,7472.638203296496,7480.254195013997,12.939155632017284,7516.233292741984
16955,7486.055094878615,7492.0775716369335,15.780076347730656,7520.97851593625
17166,7534.955708379193,7541.443609874412,14.61814633424475,7548.795994451393
17239,7621.489165528678,7628.286493088113,13.916795848500968,7636.174079317149
18623,7641.907051076822,7649.2082974438645,12.098889758514028,7701.001775286451
16778,7811.250037072053,7818.348999075906,12.607403069871363,7879.212193314398
18261,7839.395107168154,7847.025469256943,11.714752014807914,7881.396684522474
16804,7886.5432930104025,7894.020915386575,12.323142927136534,7902.683108233674
17219,7893.35796826873,7900.000908014424,13.538135038344496,7908.113219525041
16801,7945.059639580165,7952.427738354171,12.730478239569827,7969.121762709629
16756,8013.220866074219,8020.516881438656,14.734314864212042,8056.136305468883
