3503,3.0,8.241517771246691,12.690521274667597,14.666776350279795
3372,10.0,16.387085549541933,9.928851415894353,24.603892411937707
3646,30.0,35.49383852871122,13.196302871540764,91.53088179183806
3674,52.0,57.138747072537214,13.904685425553538,99.01651981273938
3634,69.0,75.26203532342556,11.279538319033746,102.89712777701959
3577,143.0,148.33437403086046,13.12239552369633,184.2357784026899
3424,145.0,150.1503265640822,13.32217738509653,186.38188034202963
3409,208.0,213.40379146434978,13.351566695412371,271.5009131695189
3395,226.0,231.00369259977876,14.06593213821019,274.2494359233289
3447,258.0,265.19809741453054,9.467531928998495,281.5187584153351
3490,259.0,267.20054797083,7.953788307656177,284.03584443854436
3663,322.0,328.0042088050565,10.891605931952292,361.77995531973244
3684,348.0,353.4279646944616,12.636085601505469,366.6201612001028
3642,412.0,417.1556978722509,13.63832750324494,451.7613216298803
3659,442.0,449.1936180040736,9.271866533337391,458.99231157125615
3521,448.0,453.29082831112237,12.806405065075834,461.53928682108665
3639,470.0,475.5039527303992,12.198698438317438,482.10095349551614
3420,506.0,511.1720976381594,13.24369461089267,544.0902067123043
3373,552.0,557.1084686792451,13.363437493634958,563.1968083676888
3462,576.0,582.1929907663406,10.308281878828566,631.3986622465582
3661,578.0,584.1609197281318,11.763524740607698,634.2176393845996
3327,619.0,624.2899827740541,13.812927931788456,636.3800499884736
3468,643.0,648.0176035649913,14.230052607978358,654.0227513627211
3623,715.0,721.0600383800543,10.837874874875656,728.6363091216508
3567,725.0,730.2303682438577,13.137334005198861,736.4740483770861
3509,800.0,805.1203710767255,13.921817749802651,818.960758667185
3280,857.0,862.2800633292134,13.397131867417823,901.9586727122149
3355,877.0,882.2212003526903,13.133879181593715,904.6660744863553
3399,881.0,886.2485729284043,13.937442218506625,907.0823586220647
3481,888.0,893.0641294836098,13.635150970644373,909.0622099873162
3618,905.0,910.2814712165738,13.183290714614825,916.7488731312701
3522,967.0,972.3344188260495,13.281075344156088,996.6007069512938
3680,982.0,987.3280651460595,13.21249011479341,998.6645677837587
3632,1057.0,1063.324289335033,10.164250114056014,1084.5296296261713
3557,1080.0,1086.2405617571465,11.379608825401123,1093.7428565928221
3353,1096.0,1101.3974478336088,12.677811021494465,1107.8407399079974
3650,1117.0,1123.3966516107098,10.675815651159327,1173.8204537716788
3601,1124.0,1130.1966132832213,10.939392706769901,1176.9138653244352
3654,1132.0,1137.15303188145,13.635112263430868,1178.8938707780483
3469,1179.0,1185.3168294103882,10.87964939133443,1192.3707776026106
3523,1181.0,1187.155255191813,11.617968486110415,1194.1551682604836
3693,1246.0,1251.1776230636383,13.73232822778675,1266.8247850276955
3559,1249.0,1255.0396075987035,11.29855948245995,1269.1663066239491
3501,1267.0,1272.5406471945953,13.429497773742154,1278.76992547971
3571,1361.0,1366.0119612457304,13.817246898155544,1371.9034325638377
3440,1378.0,1383.0307033592555,14.466379531507364,1388.9747644503784
3508,1406.0,1411.0895411501017,14.074206465116136,1444.0135592270135
3480,1427.0,1432.4259145870462,12.961068756895525,1446.1161626051212
3379,1489.0,1494.1975639787222,14.03094047441727,1531.3976701427246
3669,1501.0,1507.0420442251848,10.768960863002928,1534.1126523004316
3626,1516.0,1521.0851387449593,14.146724297619105,1546.4227644460598
3306,1544.0,1549.179747396971,12.914358876668473,1555.4650580437951
3633,1580.0,1585.1139221799297,13.828287423387515,1621.9254454187983
3600,1583.0,1588.5808520730993,12.370773112222391,1628.1113374167417
3514,1584.0,1590.348156921546,11.79368516939646,1630.6861371806758
3428,1614.0,1619.4097210097536,12.381452891057366,1636.7329663817093
3388,1643.0,1648.4046535688537,13.367851447619927,1654.920444206207
3299,1725.0,1730.3920097806179,12.939213032900373,1736.8864321490016
3594,1744.0,1750.2925807957693,11.37558182292057,1804.2486821946738
3698,1751.0,1755.3711916447448,17.094064038422566,1810.3090564589393
3310,1771.0,1776.3791063053732,12.496585517306393,1815.2217189431678
3500,1781.0,1786.0814621169077,14.053913789870723,1817.5031963065326
8806,1819.0,1824.4661039112473,12.95699439719522,1831.082836362056
9132,1873.0,1878.4104886961431,12.706632760420721,1898.3143513623436
9012,1876.0,1881.5184266043798,12.543551766067765,1900.2715871993869
9168,1878.0,1883.3679194531371,13.302187461183603,1902.0217745069713
8905,1880.0,1885.1993968337115,12.157856658084702,1904.2922110089937
8899,1909.0,1915.3837395458781,9.93266750373905,1923.2819182105065
8878,1950.0,1956.1043819280528,10.734204789059811,1984.5404139960215
8794,1952.0,1958.0942235110392,12.062414601323148,1986.8433484185632
9150,2006.0,2011.2634368797173,12.978468415172834,2017.7850579294718
8920,2022.0,2028.0544129484902,11.222716009908654,2073.680779801914
9096,2027.0,2034.0757614894333,9.920472749503432,2076.767226206507
8805,2031.0,2036.4987089299002,10.63946577642788,2078.948109484568
9176,2059.0,2064.3154775388953,13.431231723282604,2081.043852352364
9040,2065.0,2070.0241144186766,15.018350443847034,2082.9201623521126
8780,2123.0,2128.4263949508686,13.040317663443881,2164.1542591286134
8854,2178.0,2183.3036993864525,12.990719182554685,2189.6454944486045
9083,2201.0,2206.191761845341,13.283705499024455,2251.5929326147307
8897,2255.0,2260.3401634735665,13.312369174653773,2266.83940403389
8844,2265.0,2270.1653641594444,13.172269925432007,2276.3324405565068
8824,2271.0,2276.382260233172,12.619122833238423,2282.79948328181
8826,2272.0,2278.2017737170036,10.860495180048275,2285.481789818436
8889,2291.0,2295.6179490623003,15.84015341284558,2341.3312197757923
8816,2308.0,2313.223804112762,12.951531280493372,2347.051753865011
8807,2324.0,2329.209308934067,13.476322970241544,2350.4729373498903
9140,2367.0,2373.0814308438407,11.28329789138737,2431.3867301252108
8925,2388.0,2393.499791787382,12.714099945424106,2434.28646238407
9137,2389.0,2395.151863757102,11.990032610078073,2436.4666786860553
8796,2391.0,2397.014768021711,11.556892822087212,2438.787267151511
8893,2418.0,2423.4998828743132,12.156190861091124,2442.7473751689377
8864,2454.0,2459.40288475658,13.180810936624074,2465.848048412593
9014,2465.0,2470.0837830120977,14.272136096420924,2521.564927537187
8877,2475.0,2480.06418047182,14.15156479928853,2526.7225734851863
8852,2487.0,2492.2978376288115,13.409208951203567,2528.6036346311353
9072,2510.0,2515.604396026923,12.749364352222074,2530.7567841525643
8827,2511.0,2517.3347118534934,11.795510999356637,2534.5948609995794
9070,2559.0,2564.1481629489235,14.118850897138728,2614.801135609451
9164,2602.0,2607.3253869684263,12.499794290232908,2619.321153652039
8970,2643.0,2648.0455891276333,13.378479974669535,2701.6619406599293
8772,2648.0,2653.261861305768,12.848739965319547,2704.202565005788
9020,2660.0,2666.2473306420065,10.72818183366288,2706.2794015144746
9144,2848.0,2853.045805677767,13.566375855599805,2886.4089244968177
9155,2879.0,2885.465753689559,11.563855329458054,2892.677970672687
9001,2881.0,2887.3216053287265,12.56188427433796,2894.55813941629
8781,2890.0,2895.126674263263,13.272436832010138,2901.2959051005146
8875,2897.0,2902.534122976134,12.616258192060018,2909.3393955472266
8882,2909.0,2914.4205548042814,13.276043484715162,2971.5475521712524
8812,2927.0,2931.540045197506,15.98924401865658,2974.291975857354
8895,2992.0,2997.3281317241863,12.98559409381549,3003.7989886745263
9165,3012.0,3017.436362793995,12.425613637536353,3066.100718237329
9076,3067.0,3072.1500546754423,12.778358365563099,3078.421889214511
8973,3137.0,3143.249763216769,10.307389911693525,3150.965370175369
9108,3175.0,3180.166559402432,13.838428483461096,3186.4212324863406
8976,3227.0,3231.6784878329645,15.761696020682695,3252.9646231895726
8856,3248.0,3253.1768691965417,13.743822910673405,3260.275607364618
8950,3300.0,3306.494380549946,11.931364581411733,3337.057771163588
8979,3311.0,3316.584510956944,12.170138366362389,3340.850538107785
8964,3351.0,3357.1181735419163,11.520886505203507,3364.7159047444284
9167,3384.0,3389.378541066275,13.074572964429162,3424.309939328367
8835,3404.0,3409.4465375774753,13.401383750149954,3426.4978091393323
8853,3428.0,3433.5458278149895,12.740983550754065,3440.2616475671925
9000,3465.0,3470.19835938337,13.500537196663728,3511.3946303158327
9121,3468.0,3473.3014338499647,12.839169875826526,3514.3786528210694
9089,3471.0,3477.043603538939,11.461349557262821,3516.584328961139
9093,3598.0,3603.448699136665,11.786547893314255,3610.1175919996435
14621,3608.0,3613.412505701491,13.263610693641455,3620.2475267815234
14342,3618.0,3624.377442229156,9.827296413696322,3632.4362536799886
14573,3640.0,3645.358628919266,12.948987192092543,3694.301630778828
14401,3652.0,3657.243122708577,13.226246922885467,3697.603734523446
14673,3666.0,3672.00418463732,11.103897688942357,3702.969302744183
14586,3731.0,3736.547606556531,11.591063631752135,3783.16672505914
14581,3777.0,3782.175088676206,13.635380838654271,3797.2623509011814
14574,3778.0,3784.056158796125,12.183937076256813,3799.0820867230545
14327,3825.0,3830.30883967771,12.74695454557686,3871.3374686530005
14409,3834.0,3839.216972698352,12.933915579836185,3876.2771674145974
14565,3846.0,3851.386980126867,12.510075306821491,3878.487127915507
14365,3859.0,3865.5186051887968,11.645939489612134,3882.3817478705205
14488,3860.0,3867.427663231211,10.845317401543957,3884.297029743948
14455,3862.0,3869.235982307437,10.581525780431411,3886.2077799377585
14345,3870.0,3875.3874471348972,11.917244807041458,3888.0917592467677
14442,3878.0,3883.234755086885,12.69944379270157,3890.063692592421
14274,3890.0,3895.5448174903577,12.110353545270668,3902.9723456518473
14369,3892.0,3897.3913860406137,12.556545768509922,3905.311896180613
14268,3926.0,3931.5542823223764,12.039715633941336,3970.700119864634
14681,3940.0,3946.1579851692854,11.009820901798701,3974.437491571008
14572,3956.0,3961.562737137119,12.661037784219234,3976.602989388095
14400,3973.0,3979.0053257280083,10.864129537048731,3986.40780727865
14551,4006.0,4011.233791170862,13.312968052791446,4051.7982092179004
14347,4027.0,4032.3964808543496,12.490866135706463,4061.1801824712575
14493,4034.0,4039.4888332291785,13.07851291936938,4062.929318443053
14667,4058.0,4063.5838967458594,12.159209327792741,4070.4513588006744
14299,4071.0,4076.262785403707,12.628379065063275,4082.6209911537117
14352,4127.0,4132.534267695348,12.166878700969763,4146.2006055647935
14302,4135.0,4140.406150762353,12.736582507703647,4148.2869667941195
14336,4163.0,4169.43345402029,10.929758111400433,4177.378695529413
14322,4200.0,4207.308430927167,8.933877403054778,4234.442219818274
14313,4268.0,4273.353085232813,12.814097469128674,4321.3591006237475
14511,4352.0,4357.522580816571,13.014943575210179,4411.538337509034
14267,4354.0,4359.308784222971,13.580864286847731,4416.0090671196585
14438,4375.0,4379.453347075026,16.057043528150476,4422.342660905487
14355,4393.0,4398.134667939571,13.267218313496521,4428.024434536932
14271,4404.0,4409.261555538412,13.127320757402227,4434.082602405288
14637,4417.0,4422.25312246895,13.35987116167406,4446.077678897943
14556,4422.0,4428.22263960752,10.403086931699395,4503.986598178478
14545,4485.0,4491.038628059562,11.429417827837273,4511.048742503077
14608,4543.0,4549.053938039185,11.543193290033235,4594.198101998573
14606,4546.0,4552.135272546747,11.294584342180036,4596.453660961408
14476,4552.0,4557.26945860997,13.027443813813516,4600.697456706604
14466,4574.0,4580.109178979299,10.657066193597274,4602.683254046979
14648,4579.0,4584.311364298623,13.324673823511255,4604.637510575088
14273,4580.0,4586.379478389174,10.078484335971472,4606.609975851289
14584,4582.0,4588.2499515068575,9.713542246526714,4608.481927942724
14651,4675.0,4680.290724822772,13.47394264457983,4686.557474664743
14312,4707.0,4712.494285049735,12.602881317928212,4771.297788060512
14541,4770.0,4775.422385714298,12.28592376436425,4782.222818506013
14295,4845.0,4850.178976475949,13.813244385255933,4871.237840349434
14421,4850.0,4855.378740164301,12.863966320105721,4879.252792359894
14285,4873.0,4878.231823936348,12.987064196591286,4885.3198398555405
14497,4883.0,4888.384168346075,12.64199550069654,4895.322488549743
14549,4912.0,4918.00584637239,10.729549728478727,4960.011292077562
14475,4936.0,4941.103251324873,13.960703799700243,4964.925420839863
14437,4940.0,4945.337731962511,12.78234074864549,4971.968989902745
14280,4958.0,4963.538561044044,12.725073176016018,4978.900321182984
14366,4969.0,4976.499743635075,10.276582305467647,4986.403531235006
14487,4988.0,4993.456593516566,13.279781714319093,5050.317157378035
14406,4989.0,4995.061892117405,12.468977328441074,5056.476332055185
14615,4990.0,4998.189618203725,7.92065764594783,5064.4277701020865
14588,4992.0,5000.256206270222,8.730427049571679,5067.374401574907
14612,5020.0,5025.308338809638,12.506854225347665,5075.8484936466475
14338,5112.0,5117.426599618664,14.026894466013626,5134.624439480289
14353,5158.0,5163.189633237198,13.212631560545557,5221.725069306253
14460,5199.0,5204.527828613566,12.330448972293144,5224.585255425934
14404,5237.0,5242.097624926898,13.587633191939295,5248.051026199014
14315,5308.0,5313.48172816725,12.665003858450346,5320.362549949579
14602,5376.0,5382.382248381969,10.205197296715623,5402.180310615758
20023,5422.0,5427.360619694045,13.027269333736115,5433.495168969018
19978,5463.0,5468.241759103642,12.973313446049625,5491.5467769334355
20083,5468.0,5473.267832828159,13.275503408745447,5494.373515005098
20098,5489.0,5494.490902575733,12.975998524203488,5501.16036312276
19969,5515.0,5520.315625456564,12.353339879679583,5528.204905427646
20124,5563.0,5568.438536129083,12.661140888780368,5599.155158410916
19779,5627.0,5632.523731402224,11.791585018111922,5680.606458148477
19898,5628.0,5634.151789939955,12.343102406445352,5682.46293877315
19971,5632.0,5637.465956433729,12.99561501835417,5684.415514516008
19946,5633.0,5639.073535967757,11.917358265992776,5686.338498372201
20075,5695.0,5700.276365990285,13.275054628820168,5706.610981976398
20191,5711.0,5716.538477010537,12.01666579811573,5761.681044963701
20008,5749.0,5754.250529054292,13.368671143031944,5764.233537827704
20014,5864.0,5869.044392966586,14.017354676497401,5875.163059232588
19767,5877.0,5883.100105684868,10.93293838751592,5941.509761627409
19924,5924.0,5929.559557854023,12.442409304665732,5951.154101148482
20099,5972.0,5978.088288114619,11.08273399731389,6031.774537088899
20181,5976.0,5981.408268987312,13.198355087177179,6036.047322734033
20162,6019.0,6024.200505586552,13.737525408055815,6045.688822127459
19901,6040.0,6045.103712753647,13.657231882486618,6051.181638483809
20141,6068.0,6073.132635863656,13.673961710818743,6121.330045401784
20093,6083.0,6088.042963988097,13.82289160506883,6126.3085224609395
20086,6173.0,6178.431385815191,12.42526178369773,6211.509352402675
19853,6201.0,6206.131658411648,12.941839332841639,6216.504467869782
19834,6203.0,6208.358945650997,12.758062313446414,6218.575988511911
19966,6209.0,6215.409701258487,10.498983810016842,6223.578710508893
20094,6211.0,6217.2800705395575,10.90328904635215,6225.342118291994
20118,6212.0,6219.034244002688,9.960413428111904,6227.016697685282
20000,6232.0,6237.084420866732,14.270789164741283,6243.113401901706
20117,6262.0,6267.107513516441,13.348401074897183,6301.5064515117065
20037,6293.0,6298.231773018818,13.272406286759297,6304.988048386798
20120,6301.0,6306.401978043888,13.004880736924672,6312.689178314185
20100,6343.0,6348.373472475469,13.055597245885622,6391.313256264842
20175,6344.0,6350.174129260456,12.03946426656318,6396.235456330137
20043,6349.0,6355.2020994252025,10.218238566679837,6403.195782656821
19951,6379.0,6384.331967820497,12.930617395265584,6405.746118902707
20033,6404.0,6409.507674334088,13.061790437735967,6416.543054427883
19778,6407.0,6412.463635481924,12.699639060363616,6419.133579881384
20139,6432.0,6437.496803243398,12.299360679905847,6484.021346043374
20158,6465.0,6470.07141021868,13.80110061577197,6489.7830272779975
19800,6482.0,6487.174396177181,13.16073131387259,6494.256352155502
19956,6547.0,6552.490492772329,12.296213893848337,6574.579487257164
20105,6559.0,6564.363633358813,12.582792722493881,6576.935392735866
20054,6666.0,6671.5034991783905,12.793072857014046,6678.291851535623
19958,6720.0,6725.283746277089,12.854706187734458,6754.115233409374
20035,6745.0,6750.082488359405,13.347741155604899,6758.438000321696
19869,6769.0,6774.173794071627,13.033156277059714,6780.3755706869915
19927,6801.0,6806.044110255399,13.875536026786396,6841.380952948921
20062,6806.0,6811.161574599549,13.267632711926971,6843.990668234526
19775,6814.0,6819.565569624413,12.847412033554024,6846.137017753202
20192,6822.0,6828.165096163135,10.705781950097743,6848.461899326617
19815,6862.0,6867.171669218496,13.488649116805435,6873.389136020105
19996,6864.0,6869.232840580933,13.824463222268395,6875.304896960987
19792,6866.0,6871.065574463815,14.324623714093837,6877.048424166409
20173,6882.0,6887.013712241606,14.418052222350372,6931.676958713102
19917,6883.0,6889.011314631317,11.38926501480532,6935.123813876089
19893,6908.0,6913.573184477571,12.244576763438285,6941.729895751209
19850,6950.0,6956.10232820016,10.912508606205936,6963.660036232501
20031,6968.0,6972.617917683467,15.343246639284976,7021.724415036603
20084,6989.0,6994.194987232684,14.075102361297095,7027.015182688452
20194,7000.0,7006.195476888707,10.678991132741896,7031.24698458984
19886,7040.0,7045.421731821266,13.065941983123189,7051.8980634306245
20109,7091.0,7096.3647432316175,12.300546001640956,7124.217126145496
20122,7097.0,7101.331978912284,17.459339611609423,7204.618819135227
20028,7111.0,7116.343308612035,13.165146594984265,7213.861311432212
20089,7142.0,7148.264979174789,11.2107346762809,7217.313989352165
20114,7159.0,7164.569063393762,12.461620799966056,7220.831311304544
20016,7161.0,7166.3562411377,13.176368454906475,7227.180209461409
19884,7178.0,7183.098617055755,13.092088394548892,7229.920693635778
20169,7196.0,7201.573065119753,12.574286643604006,7234.613564550375
