1833,232.9198563834458,239.51928235866902,14.224468906314884,244.67982895816877
1889,245.05710338578638,252.28082249796904,13.060808449421314,257.84211377948264
1901,335.81491628848994,342.50841363963747,13.678237966577461,347.71170937143876
3723,359.87281578483424,368.3527996102133,11.767638384580762,374.72778207033775
1900,422.94391687475445,431.41139413222965,12.106952123533656,437.73623951277557
2557,424.8191201011675,433.23024284451554,11.622532701138008,439.49865388334314
2625,429.27503172647937,436.39607592221773,12.896229553771356,441.86212438628985
474,443.9762164355009,451.2151273984416,12.840854033252668,456.7399585859991
3311,445.98825383735044,453.3494367144616,12.293850100123468,459.0
2575,478.1745128156809,486.1740092746449,12.13480428398364,492.4178789721915
1853,520.8755434641457,528.161765352548,12.7688392235591,533.7327274450289
2588,526.5267890079092,534.3745886779506,12.125047724377229,540.2379705994354
2616,528.3003712632953,536.134432924406,12.08408563036726,542.0
16,535.9612050039832,544.0957084317685,12.08928087107951,550.322132534025
2550,567.6441400798406,574.4616532268378,14.219301406152896,579.7685934230657
2610,609.6766121806053,616.2473115926678,14.53078366053352,621.2953238075346
2630,641.145756238536,648.5016812377412,12.81764092143997,654.3176869730638
4161,668.080805692911,675.2926809816212,13.79330196753609,680.5693081899581
3708,682.7512858137507,690.3585787607907,12.484033950163855,696.0
1849,706.775994219372,715.1191318001163,11.553830430813795,721.5945542577012
481,721.5563401549322,728.3893581932447,13.818325909142116,733.6810001202579
520,787.5142437326542,794.025466078694,14.572598361347607,799.0
2566,800.5554315274755,808.4433433918254,11.326703842394114,814.6086930109765
3294,849.2789720255905,855.5577454536912,15.090230585012241,860.3274085542329
3704,887.8523835016279,895.2608181349802,12.22601871420649,901.0
1183,945.7434146389052,953.2819236234632,11.916064351499958,959.0
1819,974.3379337247487,980.6565518246805,14.741236458806295,985.4237389210577
9,989.7867602861235,995.569056450927,16.04046769955928,1000.0
3741,1037.6418236389807,1046.0295401084486,10.680882772042304,1052.6737815006531
4827,1046.9302898646474,1055.1681455443886,11.485613723354446,1061.4335853040106
1155,1058.1382444028677,1068.0746860656325,8.785121356001754,1076.0
1178,1059.9726252752037,1070.2029291839062,8.598827552367679,1077.7701359189393
1136,1067.47602589547,1075.0831406571115,11.10767776793114,1081.514815382553
1215,1070.9241410601362,1078.073865650955,13.117529632487571,1083.5603712719815
4151,1076.0617127691971,1085.3138376672389,10.459887174865699,1092.26045347955
454,1155.3372867512264,1163.536486840939,11.66586732011767,1169.8025450709888
3753,1158.026874708994,1166.1583376434041,12.060915007462556,1172.1792177379
4150,1161.7585414997905,1170.5079926623785,11.043783833487698,1177.0
489,1229.5656148149108,1237.0809191422215,12.069283651618264,1242.8743933846106
1827,1239.472744620149,1248.204852284272,11.090140090305582,1255.0
2574,1243.97156295695,1252.0369605898966,11.401061746592974,1258.360260394196
1145,1246.267172126325,1254.3638813872044,10.971157206325957,1260.6355866952083
3284,1256.9648192926784,1264.461294822503,12.535076854835916,1270.3258057719381
49,1258.9073613326254,1266.3346044109978,13.23654625760149,1272.0
495,1268.0807081428816,1276.492377499643,11.786106245733494,1282.7246913910378
2564,1288.703416493848,1296.1672226374576,12.489761278768768,1301.9959937235537
456,1421.4914466565547,1429.495051064519,11.195151688023902,1435.77777521418
3329,1435.1948263788477,1443.135696575698,12.39151690404321,1449.0
2558,1504.2419058682037,1511.1333945605613,13.423341380640801,1516.5086051403127
1895,1522.5532080312753,1529.4559431837263,13.5577513177575,1534.72616120297
3717,1531.5394480183152,1539.2824666820593,12.618597315526223,1545.2049208118033
2597,1544.751858363605,1552.3008027478365,13.188629225573713,1558.0
4137,1551.9789038040497,1559.4965704814815,12.762532357660266,1565.0
442,1593.8490794837803,1602.3308232719442,10.563500172205835,1609.0
1149,1607.1133647106274,1615.0019592599008,12.238659809890544,1621.0
3300,1626.58292210615,1636.3611744408456,10.067424611233248,1643.8536781456453
1,1628.4725755209247,1638.3392168690077,8.633659741244474,1645.4064732083862
3324,1635.6399616009285,1643.542999917802,12.034169803649391,1649.6181163901645
3725,1639.4842813218493,1648.156041011895,11.172236874977134,1654.7994953675952
1847,1688.6627467917724,1696.0895105527632,12.478966759759473,1702.0
2565,1696.0848347390029,1704.0308460887575,11.845720619232383,1710.292194780469
1908,1781.2340578978879,1789.104909798589,12.051221983139593,1795.3493496717658
3748,1912.5237912658506,1919.076071654803,14.431674140565931,1924.0
3736,1940.4608224508113,1948.5318436875461,11.837027476265385,1954.611235883988
8093,1955.9956155828568,1963.3704251252602,12.219866079719235,1969.0
1892,2047.5887547145092,2054.616312291168,13.481303446185043,2059.960980164615
1875,2051.947198439463,2060.247094661223,10.90268719315275,2066.6039251287343
433,2065.733966673302,2073.486853576921,11.46555520008853,2079.451349485247
459,2070.5929075647323,2076.571549006998,15.508099845968228,2081.3353790879305
4816,2078.0895155520334,2086.4037899982654,12.251194391965733,2092.38327867465
4843,2080.3614403855236,2088.412687112173,11.364901619882682,2094.655777147964
37,2166.7669550633677,2174.57328361839,12.1584088983671,2180.5345736180648
6717,2219.6621162129336,2228.326364943037,10.872078500722251,2234.99927681775
7375,2227.572460617489,2236.4001450259507,10.85205204267547,2243.0
1125,2247.0080583300046,2253.6233654823245,13.55138011266982,2258.780416946906
67,2251.5886392978236,2259.485959647612,11.237889709386964,2265.6817348195154
441,2253.423982904701,2261.387383666709,12.116393088304779,2267.4028822906816
8089,2272.5955484496126,2280.036226725534,12.118539078936559,2285.866200587135
3279,2318.6070224207515,2326.03604707198,13.492887736511396,2331.6157965015204
7398,2325.491837280586,2333.4826223455093,12.479118844186717,2339.6194114727773
6670,2330.541054440673,2339.3610215769672,10.877141738691357,2346.0
9234,2336.0534747889765,2343.425033274061,13.200458289248209,2349.181947047278
8071,2348.780290660689,2356.2142563609614,12.741788676642795,2362.0
5957,2424.2302523288668,2433.1636436970075,10.4192094088801,2440.0
7327,2486.8366123400156,2494.255911553844,12.811996265925043,2500.0
6631,2499.13541086472,2507.281885034515,11.189801765065093,2513.763471496375
7384,2502.3838888608407,2509.4178923808818,12.65704991293535,2515.305978789208
8780,2515.7269666022985,2523.021344317999,12.486468941702373,2528.6630690973034
26,2519.135097233844,2526.478619943908,13.027079467849132,2531.8924888046768
8103,2537.9150289087906,2545.1747064999336,13.343116885129637,2550.715945190041
5570,2558.1805097140796,2565.1568306005133,13.45470665870712,2570.5798407514976
5947,2587.5990510987335,2595.4696200042795,12.545408719739934,2601.5020283917515
5938,2596.3168672390243,2603.1987334180913,13.537086469778671,2608.5061080472865
6658,2666.3600034446467,2674.5008155384203,11.537477679794712,2680.8186555415346
6664,2679.2166981987475,2687.0007963286066,11.841470342618933,2693.0
5937,2695.994777018203,2703.2573524374357,13.633196396249591,2708.7750541333344
9233,2705.8128436975417,2714.1243457065243,11.316827749871507,2720.5090769452945
8044,2762.342278083277,2769.1218031049953,13.765081198745753,2774.280497194794
7315,2803.230969801012,2810.455440604498,13.361142539989165,2815.99090695898
7377,2846.1921864431038,2853.4655060916702,12.444775933757459,2859.22657701147
5553,2893.0331956603673,2900.0173311191425,13.717513814669283,2905.4831013681314
8105,2895.6520898096287,2904.280658032772,10.641413283152243,2911.0
9248,2897.521255602154,2906.241961946386,11.417235584290376,2912.8670643106675
5548,2923.961432128001,2930.4381075532183,14.846681852354003,2935.3331226268397
6624,2936.286066844469,2943.4058524011302,13.39761285120233,2948.933036831335
5997,2970.2276771551483,2978.3956230146337,11.716793825105121,2984.4565281189566
6000,3067.5139773102787,3075.407404838358,11.5562293320854,3081.456547925159
5977,3072.6301113071513,3081.484185087159,10.817200475667413,3088.284604666577
6681,3074.4924535394293,3083.29226263714,10.677460078660298,3089.9329340226204
6707,3079.4759372380427,3086.1553216660795,13.459083456693655,3091.785542375871
7352,3120.705526952742,3130.408428652324,9.706480019181836,3138.0
8090,3141.8085600588174,3149.1825311338102,13.346246665322113,3154.8153724047115
9206,3153.6785691429386,3160.124436353382,14.136603196178525,3165.0
9623,3179.7955355748727,3186.2188018468205,14.316945042966,3191.2799886847715
6633,3214.1421251435954,3221.111161520242,13.681504919189093,3226.495545036462
8792,3265.31509416811,3273.3750951414986,11.749888669042095,3279.5382565783375
8781,3267.103852796109,3275.2315910602897,12.202300323295876,3281.181428028074
7346,3306.5784798857608,3314.5320517571763,11.771939437964795,3320.7133190415916
6017,3308.3669510690725,3316.3604832789533,11.7824365939059,3322.325879890387
8104,3310.191702660195,3318.098821756916,11.13788527481604,3324.0
10327,3317.0207785213806,3323.5769506637166,15.852861839527327,3328.0
5965,3328.425786932484,3335.4891720326,13.435511500529925,3340.9176702145514
6024,3344.619281987677,3352.1023944918543,11.963116681976116,3357.940999075195
6665,3393.0509878261173,3401.3385496511287,11.313180063093721,3407.6623584051267
8048,3396.2236141426947,3403.38251570505,12.031539858764704,3409.2589846588166
5571,3489.8518717399597,3499.1486646514727,9.764076792042998,3506.3012101195836
5507,3491.794900100436,3501.143705680815,10.261695789305756,3507.9733296235718
6694,3495.2618644395056,3503.2304813745227,11.424209186923239,3509.7800007803326
8062,3497.0133401587645,3505.041965337997,10.666202856372696,3511.3764969395907
9205,3533.794598076348,3541.1521824905913,12.682044916489602,3546.7787473758613
8801,3595.8317905275426,3603.5179889261817,12.318684857679873,3609.3210192588326
8795,3602.4985696761614,3610.2652608530434,11.579722070755778,3616.280078313275
8107,3604.3139840465665,3612.1048477014865,11.302459798668648,3617.931263569664
6668,3665.1823346944257,3672.2912306428743,13.54622872154608,3677.816086274181
12189,3834.857952126809,3841.6338724078264,14.471181739042747,3846.9400598113607
13569,3843.309959869652,3852.377446560936,9.63536341983997,3859.768849823775
9250,3911.440220688684,3920.348432852707,10.866255103134383,3927.2203021117525
12835,3934.5534306985073,3941.2662389651173,14.456677933144979,3946.4277973665085
12834,3941.213611411626,3950.1977378134297,9.742457403474384,3957.3914480034764
8815,3954.833393449406,3962.496035456439,11.814411721731974,3968.421713794684
8814,3956.8002202495713,3964.5258991167047,11.990880697893285,3970.3982784128693
6001,3964.75028081362,3971.618003859363,13.148361093803096,3976.858480159993
6021,3968.8909929515567,3977.2554892688945,11.53854969822281,3983.7002994701515
13604,4030.6824228341743,4038.069064624423,12.627702736614228,4043.7102382403878
12879,4037.963637303653,4044.176316956952,14.879899877439515,4048.99760103676
12809,4039.618706189255,4046.1857047364383,13.842472928978617,4051.303818824931
15819,4048.775677234365,4056.538941086944,11.989861369536282,4062.458471405193
8067,4060.3162783250705,4068.4810793274723,11.482770886412332,4074.882005664181
12118,4130.416032658452,4138.338063282322,11.448167172374218,4144.583359404315
14266,4193.994378197083,4201.367190155522,12.166362787699878,4207.0
12176,4205.2865868045155,4212.413182824677,12.909222046806166,4217.944223718793
14325,4230.724033661148,4238.5308749841115,12.586229222558119,4244.35995958876
15153,4232.4577046449385,4240.203093240887,12.218911794723443,4246.0
14749,4346.236123986193,4355.08085740711,11.241418424835363,4361.754451260637
12143,4383.407673815825,4391.029617782584,12.133255151796824,4397.0
15833,4418.133763191886,4426.116071614954,12.582213341741914,4431.914033848502
12892,4480.675292343464,4487.403745831281,13.801239617675206,4492.570848501875
12178,4482.567022277125,4490.354141735231,12.50499318441632,4496.368599089067
5536,4497.665981539495,4505.266511556628,12.800254844345083,4511.0
12170,4503.580526416475,4510.5358550571045,14.218575565851312,4515.846532962779
5540,4505.442483534303,4512.28336935946,13.41478372676119,4517.501037717678
14718,4517.101014357019,4524.557049382034,12.44312582826809,4530.399792739855
15137,4518.7848126248455,4526.503848685926,10.965671857396863,4532.636736246346
15154,4534.772946845127,4544.267066472082,9.87211946009146,4551.734194088388
12812,4563.26156433757,4571.494658602928,11.227597476731502,4577.947304762891
8109,4597.894312206411,4604.101356684967,15.143883055834436,4608.9709775324945
15142,4601.0610256106565,4609.158988860793,13.518387264812484,4614.867793758501
12880,4656.016895421293,4664.566868282727,11.590192501412789,4671.169173317806
14308,4682.062898901617,4689.583641037848,12.782074386548137,4695.368457972234
11011,4694.027735768806,4700.07367461665,15.545451718572355,4704.840061463033
15832,4704.386350305215,4711.273183200089,15.034634321490127,4716.17158447419
11474,4722.591739719417,4729.596870883553,12.80276773371716,4735.0
15850,4749.8271303856,4757.173387402646,13.468258699588912,4762.650479790396
14294,4766.0157430744675,4774.074158595968,12.292598711262709,4780.400276979044
10999,4781.160183749135,4790.463816756463,9.83343311780008,4797.236184364465
11448,4872.977561731201,4882.105731218848,10.201479816235635,4889.270435345599
11060,4874.862062495258,4884.022966379205,10.395191428500787,4891.0
11492,4956.366463841417,4963.5918986121505,12.689635446134615,4969.306098733353
11522,4958.119743400718,4965.402360433683,13.699205554480594,4971.0
12152,5015.61490888983,5023.185563537839,12.366804118513345,5029.0
12868,5021.039443423742,5029.284557036088,11.90225276759105,5035.580768212351
11044,5034.362333472822,5041.585248856668,12.85284178190149,5047.438392562834
12902,5114.434450689581,5121.133307741595,13.578006215330541,5126.385379228551
11055,5125.467804762205,5133.490301759396,12.163170977843974,5139.798706774249
11051,5156.885868389757,5165.356458681299,11.145756353349967,5171.815222648246
12898,5190.308889007566,5198.256397320435,11.822850701928513,5204.358294646877
12181,5204.383181410552,5211.26973326828,13.768315661536002,5216.535048013651
14312,5220.668491354533,5228.054927004913,11.996309042703627,5233.712083014176
11430,5275.375244895198,5283.232999616283,12.091540031025291,5289.0
13617,5285.8629823478705,5293.324103674017,12.070851337550797,5299.20245632656
12866,5370.969906626677,5380.244045633417,10.318492638045228,5387.288161506376
12815,5373.683088932223,5383.087941345035,10.642786212978665,5390.332701150084
11461,5376.848199412216,5385.027756548529,10.68236298544323,5391.974055370706
12832,5379.225266147901,5388.112388736626,10.689393518960927,5395.0
12861,5388.721500706415,5397.1692841625,11.808776950462512,5403.587742199153
14707,5398.912479621804,5407.197498312574,11.69967879745445,5413.4283218672035
14709,5400.747971619681,5409.043102279146,12.519887546282252,5415.0
13539,5456.250032722987,5463.579504443701,12.104547545592201,5469.350251064676
12147,5463.463866722167,5470.552263597422,13.894453433476569,5475.952326014054
14278,5489.677906261528,5497.487383226443,11.554490125979566,5503.4711767970275
14292,5494.941230979254,5503.366151202782,10.730191950735113,5509.941374382925
11520,5499.214309020886,5508.281147445138,9.753371863630292,5515.313299741147
13636,5501.176431512895,5510.19741911784,10.856134440656847,5516.975119818352
13564,5508.822778382259,5514.615470038711,16.274204377536734,5519.199348389247
14310,5582.864089064658,5590.279204697069,12.400513856828182,5596.0
12130,5589.744205659872,5597.025791113893,13.473056386809741,5602.565069726052
14282,5603.924240086679,5611.217868308284,13.012517345745952,5616.999111511952
12842,5636.652193237362,5644.011895216382,13.185999349319166,5649.481475413496
12825,5645.980909601499,5652.527534136718,14.55810276489356,5657.734369258845
12131,5694.533577364909,5702.258308425183,12.186279628280491,5708.329586187958
13620,5707.348676591131,5715.353965990878,12.143762027350414,5721.486332437151
19050,5742.880554517247,5749.081980917126,14.656163170719413,5753.969720352382
12818,5760.981301792511,5768.091530220658,12.78341809817298,5773.769416780172
17667,5813.4535070187185,5820.458066918599,14.022901448709312,5825.759480196424
17665,5822.986919287005,5830.351517217805,12.928382893824562,5836.0
18390,5834.917003133499,5842.093285461421,13.154172250299158,5847.677591744383
17685,5836.683144948226,5844.0240694138165,12.810916096438868,5849.660902851273
11455,5848.413740756672,5857.195637667086,10.303390418037425,5863.97747600583
17699,5901.811722957211,5908.096140897434,15.471401564003964,5912.797203026149
12904,5939.391179782954,5945.39448463164,15.595712618535668,5950.0
11058,5942.975798234277,5950.119003308432,13.194051478872352,5955.681496068669
11012,5945.078374948315,5953.053510524684,11.974872066238477,5959.20301548111
14272,5953.194526383509,5960.392506010101,13.19095919890593,5965.899579387593
20629,5968.080897154641,5976.0228844597705,11.86729768687775,5982.215138756709
18333,5996.955716972775,6005.250574094125,11.449676545053457,6011.4992243512515
18312,6000.1711518191005,6007.2140747926705,12.136446465415844,6013.0
20625,6015.888575167605,6024.188654834433,10.953697419368272,6030.56681606115
11006,6031.247982967474,6037.516310882106,14.517727993265032,6042.426453836835
11053,6056.241145565863,6063.473809095125,12.658307282346161,6069.0
17682,6095.791635589842,6102.569400225536,13.57367897203776,6107.676964465815
18352,6105.144347823046,6112.575493083057,12.720343689618595,6118.590557408464
20645,6112.960037422203,6120.343142796276,12.912670916745379,6126.0
11017,6134.133232862079,6141.352012688254,12.749109561371617,6147.0
11490,6176.755877598236,6184.347384563962,12.192401096214729,6190.246488781202
19781,6208.025935329404,6217.117289017393,10.474698284430156,6224.0
11502,6266.205590158451,6274.421736106054,11.768714893356178,6280.706110101111
17670,6268.017143742591,6276.258256415916,12.116267258385742,6282.508209450134
17652,6269.785283972843,6278.057011470901,11.604318139852424,6284.0
19114,6284.322885932657,6290.4392394932265,14.615389583603363,6295.165650444921
11007,6294.061188452181,6301.322123378167,12.955659640053474,6306.921457496934
21342,6301.220780530761,6309.48027197599,11.215597393410542,6315.9483614197325
20212,6310.14285976684,6316.423657331574,15.12648671418418,6321.260982508759
20216,6325.3304183384225,6333.091645936907,12.461928666235954,6339.0
21314,6350.982215967385,6358.387861094256,13.52091222364931,6363.760625522455
11442,6354.610290878339,6360.652997274312,14.837401200479189,6365.447012984516
20249,6359.112021954842,6368.023775184482,10.80438439181979,6374.861188089233
11531,6392.35504936976,6402.322636304888,9.979649097269164,6409.998650961495
17016,6395.682882176615,6404.31268350797,9.855077371620217,6411.707706493805
16937,6397.561265211726,6406.28366521984,8.95629783882505,6413.333302195852
17680,6399.353676054531,6408.304660931412,9.195130649825918,6415.439712207397
11463,6447.5151079757725,6454.287770737878,13.821720227532383,6459.536407614706
19057,6462.650507962185,6470.466321801267,11.725663616091271,6476.4911377272
16961,6467.8125872440105,6474.585521830325,14.250412880056055,6479.878802657754
12808,6482.047262645916,6491.013715394887,10.740709432392826,6497.823292028391
19813,6492.400075715843,6499.278662001787,13.310909718650352,6504.645418447737
12153,6534.883633435307,6541.007579347302,15.176888996291765,6545.872610877704
20635,6562.566931701315,6569.096321202008,14.385655106015246,6574.221435929139
13562,6615.977760012543,6623.321379502685,13.540875680693713,6629.229791833706
16987,6624.5988006030275,6632.07734445299,12.59851377074807,6637.763386896543
11465,6636.495172967918,6644.306700804641,11.602540958606564,6650.4576062747565
18340,6641.176113050861,6648.382099230666,12.675813449349286,6653.913455754085
21341,6653.9533031937035,6661.465702499163,13.156955164743653,6667.0
16942,6734.53300442114,6742.537500746163,11.130642659999516,6748.542832820785
16527,6745.77301165843,6753.03095000201,13.67781456700556,6758.504307810138
13599,6753.490604344241,6759.5791841472965,14.962635515342917,6764.347846109792
17656,6804.065796677642,6811.433394455969,12.426703181619487,6817.0
17619,6810.276234564283,6819.255261872271,10.528426055001,6826.0
20641,6814.856992859252,6822.2060994911835,13.886313874602466,6827.690835217806
18369,6853.017059364646,6860.569672981376,13.014007938530504,6866.466355979936
17657,6894.771442859284,6902.016819341397,13.289754049488275,6907.5202483573285
20260,6978.84892237744,6986.370461100093,12.98591148879651,6991.943582889987
17690,6980.669003928812,6988.31954391043,12.485260683232847,6994.0
13625,6982.69741508721,6992.435572446734,9.860309351458904,7000.0
21325,6985.0770550124935,6994.35673510069,9.474308931147402,7001.625998960541
16968,7003.8541854387995,7012.161809847068,10.98986740813233,7018.598004892712
21334,7061.273113648565,7069.2329234904955,12.653864666206754,7074.965031552021
17647,7082.863200431508,7089.5080977105035,14.546351033087957,7094.729435943073
16537,7109.429158884967,7117.067093511321,12.676111902150872,7122.985560475279
16946,7175.868332542234,7183.082921246527,13.662384533694816,7188.573400635585
18392,7179.77140014627,7187.226927700018,12.460670809670875,7193.0
17014,7181.6071385106125,7189.038471991063,12.153053806861173,7194.742741864138
20243,7248.28999146694,7256.078297829579,11.860487919793654,7261.968122733871
20642,7344.685932075817,7353.348544308755,11.357530109677764,7359.980128964442
19791,7380.116534138352,7388.097866748067,11.925619239776779,7394.2394766677635
19775,7392.533864840138,7400.245219171054,13.052359566023679,7405.962562079528
20230,7406.324460745967,7415.115048977441,10.233214307573556,7421.86935869624
20234,7408.208055314821,7417.009848055297,10.933260172860507,7423.342389050496
20241,7484.143785740177,7491.579626347952,12.554181829630233,7497.387563288303
20251,7495.084895315005,7502.480545898578,12.463185322205932,7508.467540004406
19821,7496.80015246758,7504.270895072673,11.574172820454596,7510.0
19784,7498.513192715693,7506.075180057027,12.006258949969009,7511.776548949858
19825,7533.848716854661,7541.522207480147,12.65966915566083,7547.542970320391
16549,7627.817039119855,7636.389682845076,10.874695533837285,7642.990505319835
17709,7652.9968389794085,7661.2853342843655,11.363200307290262,7667.804887272307
20204,7654.780460147803,7663.110532698406,10.984416836569604,7669.413693894389
16568,7679.5356527226595,7687.107459032952,12.063002072437023,7693.0
18350,7707.232047931261,7715.529912861598,10.833980038128072,7721.996688281251
19818,7710.753998205578,7718.439500244088,11.794998756154982,7724.283559502759
16532,7712.868433703791,7721.087535624108,11.319816566847784,7727.632118807887
17636,7747.436409576921,7755.077899949645,13.018122659795088,7760.906468416467
20248,7782.483028177323,7790.126162671698,14.317630629249757,7795.476216205557
16951,7786.998320968831,7795.241885466756,11.669630630918116,7801.546479181924
16518,7838.819983623856,7846.284401582629,12.959742153040871,7852.0
18403,7840.701654287739,7848.533758821794,11.737027664180516,7854.55791553849
17024,7925.6726762844255,7933.399602366014,12.922684431807873,7939.4450795236235
16947,7998.6997628930985,8007.5021617297925,10.690249342724348,8014.212381942991
16553,8186.405090765531,8194.285353149042,11.342945235433714,8200.48644982984
17675,8250.049074036135,8257.482485852,12.630071020768815,8263.0
17002,8259.74174080767,8267.498314586024,12.006332448886628,8273.462554645283
19079,8306.827410480395,8315.14345106093,11.389969621113554,8321.663740733013
19078,9280.120180168105,9287.254120271215,13.878984851837581,9292.664135014036
