4281,79.48645951268723,83.22167467647944,12.5426058478685,88.89999047714566
4182,89.92973599208268,94.39157784039955,10.746776652786517,137.92742449731162
4186,174.2521091017075,178.47563146091088,14.664485527607185,208.30517002008045
4312,309.490526370623,314.0681921474143,11.351912249363831,341.2984251276822
4273,344.0264868999656,348.44713208510024,12.842768373235371,354.3950529508407
4165,346.08154876229185,350.1523788576019,12.147515965911863,356.19265773977855
4538,350.8016727290286,355.3471933417127,12.639840802893989,361.1465126029546
4240,356.14273295707227,361.2379524288423,9.125469017425157,409.589597723249
4599,358.1012495051963,363.2255255212374,9.150577493151712,412.28928538054595
4179,360.05432259932127,365.2027798067365,9.810099166864706,414.6962546192907
4593,380.6373777754548,385.0963352932765,14.30321555560028,418.79289985360685
4247,448.11618088891026,452.19556968289,12.65939966261337,477.8227494451548
4313,450.2847639540898,454.456450581527,12.274738270644647,480.5362361087669
4533,453.2588332673341,458.38238636785036,14.286228929498222,483.0436189703301
4202,483.5338273048141,488.16409978153735,12.268193231005876,493.85241476857146
4576,485.72923491188664,490.006205914463,12.527625028475972,495.84289743543985
4534,519.6267048598457,524.3116430122286,10.533890875739406,545.4198900005945
4354,614.1135775975163,618.4865238127755,11.534035361791078,625.0916245217837
4335,615.9636836596773,620.3520564026535,10.822994712480774,626.9591871618015
4254,617.7804200790474,622.2586772503439,11.015727575968752,628.8477062805406
4376,649.0253693032566,653.2191759024267,13.792044807872104,681.3292032872766
4279,655.1660607805885,659.4606312883452,12.086741627739315,684.1301801398689
4468,683.4852235241233,688.29066177561,10.870094269188199,694.9097998511495
4358,732.7662404511132,738.138276417673,9.658250217511696,754.5488507767614
4343,738.1029844515826,742.3881303764463,11.855988107002634,757.1188170653595
4670,739.8782274351155,744.234751379787,11.264924589012184,758.9434315994306
4385,741.6695971097976,746.0638693820428,11.439768970515264,760.7403030901005
4544,755.0811051892023,759.3966132374942,12.410521004490487,765.1480124147731
4356,759.0855155233243,763.4450103925692,11.651536589378349,769.738306411805
4402,792.6784074025121,797.144593250995,13.430775334433594,817.4819329856958
4366,799.477960954682,804.258742419404,11.475419101896664,819.9867199885772
3702,813.75389503854,818.1559597900545,13.146873855672686,826.2414768928398
4245,826.1641811146362,831.1949209629496,10.53619921778369,838.4627439581213
4175,831.1744790460225,835.5030040721429,15.755611955236075,840.8050301184151
4541,833.4080370086749,837.5939849044497,12.412497931481134,843.5329308798891
4412,862.8329805482343,867.5231202343297,12.964784961965588,892.5495675833556
4294,893.8190501038794,904.0353902508633,8.979654958208958,953.3701997425159
4201,900.1300436530896,906.0705678681243,10.494712164736018,956.0955036140672
4371,923.6773227243838,928.2461155217027,11.693294479311094,962.5590514492931
4265,925.803814167132,930.1624213091121,11.202691006309987,964.6742909529374
4438,927.6657665307223,932.1452776734388,10.305161628159743,966.7950046461289
3905,930.9228347242565,935.5340481829917,11.234094391215217,968.5365252814431
4587,955.7376196302464,960.0856926732657,7.276247344513752,970.573343143083
4309,972.746219108308,978.0188110422757,9.900995117792153,1026.6414303027402
4431,976.0326420432632,980.2726140014547,9.313183340249633,1028.718538177845
4448,978.1003450206014,982.3808206396197,9.757415608764124,1030.7250960894978
3990,979.863156623108,984.2877923872236,9.720626918525182,1032.6318169483575
3977,995.9784973109347,1000.4963909626026,11.016885719409975,1037.0474220617361
4884,1013.9217971437309,1037.080988795592,7.3355629082004645,1044.2673087581989
4419,1023.4157498611808,1039.2955652518065,8.024154628127642,1046.1759319773398
4255,1031.081495970945,1041.4050503635115,9.111921224935731,1047.970008948113
4231,1033.1013733212205,1043.338237689827,10.520062383721507,1089.363278560328
4188,1035.1653427389945,1045.4451893955368,10.83744807690271,1092.0313295483409
4656,1056.97273722083,1061.2305892225415,14.814244137337875,1098.4249713634179
4535,1135.1570762324113,1139.1787390861475,6.814830122283046,1235.1836212808548
4168,1170.1548391927165,1174.1933995059424,9.51492725098152,1246.027971148773
4439,1193.8685172986438,1199.008901563283,5.846181038134457,1250.7603127054276
4341,1308.5773021503865,1313.1237946991478,10.962621258967781,1319.8983927322668
4429,1335.8810022446216,1339.3058881381733,13.998780818253373,1361.5137984353994
4567,1365.7650484446165,1370.2935591757123,11.017209377913316,1376.756240966575
4317,1388.5184448531336,1392.525273374327,12.561759830690914,1432.0791790263186
4346,1465.623897938034,1470.399580174471,10.620040200491852,1497.6261334498827
4252,1499.782561126095,1504.2069859457422,13.17822714054391,1510.1083013691657
4362,1501.8300550290423,1506.1820953446336,11.964662279760086,1512.5282272576064
4302,1569.5750131252005,1573.3586827113788,14.397166011049817,1578.6702607389689
4553,1644.0334303771072,1648.4031259956569,12.863798277852045,1653.9225523496527
4892,1679.4010010568445,1683.3209057104348,12.962757609746491,1701.6420682578362
4333,1695.2191873955467,1699.1464325603736,12.785509250956201,1706.4499940828498
4194,1703.8075934684937,1708.3173594606353,11.807861205621853,1714.6744439488584
4522,1705.8146731517638,1710.1089471134424,11.793526615045124,1716.526719312826
4291,1722.4934332475377,1727.4610398043974,11.129541138691755,1769.9259530201005
4225,1724.627190924463,1729.2759136804875,10.89062364050849,1772.6537152794035
4213,1771.985482767006,1776.1128616189721,14.22097539243572,1781.1851917461886
4282,1813.2560661945404,1817.421368378133,15.308165588837827,1842.6410858526751
4326,1820.793666829388,1825.1515751267175,13.887962669951849,1844.6470760795692
4531,1823.7553927851025,1828.4585691038637,13.059298016395012,1846.618816982441
4430,1845.6564536341714,1850.414096543807,10.817350656032728,1857.7010565484998
4353,1847.5811901035734,1852.2655539257319,9.302266310544951,1859.5766551479833
5337,1873.1286740258552,1877.5061986860417,13.740921089893801,1906.8057808226197
5317,1875.3031569589405,1879.5566254745943,11.962807281883707,1911.4630661258782
4311,1877.369602532034,1881.4274244833305,11.901121428994603,1916.126282357318
4176,1879.4901988718862,1883.313417982974,12.961549174438257,1918.5120336818238
4322,1881.2860397198026,1885.240815791509,13.167988089709642,1922.5503457399168
3021,1896.5411082817654,1900.2170006038418,13.949736510059042,1926.5874632916793
5284,1941.4700647181548,1946.0348742839046,11.867958825373249,1973.4824634387542
9761,1975.8865903000758,1980.5106833771458,12.100962607109098,1989.2632688062627
9813,1977.984642617332,1982.3588051389881,12.070616406963664,1991.3087856124014
9691,1980.0854940692616,1984.1723387568609,12.590537317057755,1993.2014999916962
9872,2009.83277481781,2014.3825820315521,13.116115732755427,2041.3528710662288
9871,2016.863923091784,2021.0905731631071,12.32453928027223,2046.1984529946428
5303,2019.667710459326,2024.2587036853208,12.547963780450482,2048.1727718388083
9666,2021.9397051229537,2026.3360588968765,12.078388351835317,2050.110364536475
2705,2029.3889676992897,2033.3980802220062,13.20091740178732,2053.773625080936
3071,2084.9089193018917,2089.2847323990895,12.46264967093733,2122.990783324507
10035,2247.9227264813026,2251.1112703618483,14.849199496986339,2256.054745380907
10115,2283.1648361160524,2288.1943500801285,10.284404227171299,2316.3254475798817
10079,2285.188973624072,2290.2308281752134,10.121033738145599,2318.696510199149
10075,2339.876066299704,2343.3216090832725,14.359693749802869,2381.378704198186
10066,2383.961440192593,2388.12850518465,13.190845908074122,2393.726162562974
9680,2386.2956483659887,2390.297065990176,13.407226304394671,2397.013673189152
9675,2388.3157074447768,2393.02562450151,10.902973966201678,2400.1227134037167
9930,2422.8274215479414,2427.358729293311,13.526460789418234,2449.415129919036
9836,2428.6909838259817,2433.2849329133905,12.427257643399695,2452.2245446855404
10733,2436.6379206282036,2440.3803801706313,13.599168097063002,2454.4882288793056
9310,2485.8908049007805,2490.1101207075253,13.038378731152687,2520.1541235263776
10512,2488.521697161245,2493.2450736865508,11.515098639516454,2522.663114879656
9348,2496.7627441607247,2501.1757415325856,12.636659696441669,2527.5816626065216
9688,2505.792240452267,2510.5025205098177,11.02774109990665,2533.9773099988834
10023,2533.2455208728443,2538.172092654684,11.32714635169609,2585.701873546078
9903,2555.486535267098,2560.0586186939336,10.570219065200622,2591.098251232742
10541,2563.75827352185,2567.446058655818,13.709067398429715,2596.157668313309
10697,2565.971004781586,2569.408035681531,14.124581204458272,2598.157658214892
10169,2571.3319510143347,2575.482903116759,10.709363461623898,2613.548016222425
10373,2575.5940650426955,2579.348103159814,7.814803401121702,2653.4890729398644
9858,2594.428862272862,2599.122201124013,6.902716950168963,2658.8850508008645
9703,2608.524512497512,2613.0736746679913,11.468146012604135,2664.948643530205
10067,2615.249539678119,2619.5440553632757,12.606010567069639,2666.6714530092086
9905,2623.923276958212,2628.2862383404085,7.380841469661631,2672.6503144436883
9828,2665.579038643027,2670.1364738310895,11.836617395817333,2678.788136331455
9789,2667.7672586868266,2672.301056320209,10.864335034018419,2723.3806054579595
9886,2692.253177447785,2696.1819737135993,13.12407109605094,2726.1440302289807
9791,2694.4151408807365,2698.3114115196286,12.483458213703322,2732.4573532306345
9708,2696.304174483662,2700.426035829416,11.662065061694516,2735.3289553855993
9892,2698.0956936473262,2702.3189906035655,11.891065714333648,2737.620039549409
10007,2700.6697386859,2705.351419617356,12.291052120993395,2739.732088827093
10083,2791.693462050498,2796.060566291674,12.764264731678105,2802.210066038359
9670,2861.5150765387025,2865.2521176255186,13.986976145768182,2870.653253559779
9677,2879.1421616419802,2883.316710839536,11.827204280350417,2925.571875084558
10160,2907.6484203945865,2911.4819328603467,12.941482847258222,2930.6609318217093
9699,2996.0096564627183,3000.1897491397954,13.353907695134978,3005.6455493624435
10746,3030.760230389953,3035.5016804916436,10.066287067313663,3062.5454432663764
10407,3032.8365911534192,3037.365159213735,11.449724952911874,3066.808065573338
9839,3041.9275793880465,3046.295527463276,11.20769144287422,3071.781260454186
9771,3075.252060005638,3078.1668581581976,17.75925783666664,3082.404199762477
10061,3077.278727774797,3081.0639150425172,13.056048207683524,3086.780212285612
10077,3079.544336930694,3083.0507672094527,12.849526038474606,3129.815109229675
9341,3097.8665929183494,3102.312556050825,13.053222383409537,3136.9139048474694
10728,3100.586342391231,3105.1563761495986,13.359764024683923,3139.58551812251
9338,3102.796488062239,3107.4609877481244,10.791223051063772,3142.347009298675
9926,3165.7076343705585,3170.0968263984646,11.651381962266658,3200.6165401490025
9762,3167.9165262955803,3172.138703979114,11.40252319296588,3202.9976681949893
9899,3204.9347095049106,3209.4382138573196,12.454825943958495,3215.473509376141
10036,3210.439517075808,3214.484627512117,12.026975056462376,3220.568141519224
9750,3212.4758105532255,3216.3392418181056,12.208483315269847,3222.323858300663
10153,3231.5788287963915,3235.5053682288126,12.965575489454075,3270.270455623845
10063,3288.6158851805003,3292.535718002443,13.668748531590786,3335.0929029437416
9781,3440.977521256315,3445.4156767876684,12.661296785742307,3469.3145942604397
10078,3487.2283948763843,3491.556388281652,11.831652348113685,3537.391768714521
9852,3489.081451443375,3493.319648723015,11.399948903358235,3540.36950661435
10017,3490.9481730830967,3495.1446286138507,11.672133412358416,3542.4631594580683
9842,3521.1287894787642,3526.1690960548963,7.161665434989589,3555.1173299345983
10093,3640.678460453867,3645.1185775899235,14.963431192543785,3680.5565083458705
9368,3649.3097046716293,3653.4569073016332,14.489408691708524,3693.850169305999
10791,3660.7179954071835,3665.1238773923483,13.785979298224818,3743.008718213162
10032,3667.303644889584,3672.3237511402617,10.020225696079102,3748.1827192115275
10124,3708.681715028163,3713.3372905677743,12.241896181501655,3750.359788670133
9910,3728.0502041214936,3733.07144930528,9.449507557325871,3760.6160832014116
9782,3733.732963793279,3738.38091940739,8.72165330424808,3762.5148869458058
15592,3761.352403693699,3765.3060311684108,12.98303948834274,3809.5247578358685
10812,3780.427203055956,3785.169944325273,11.406670956494082,3817.5146511640073
9928,3782.5833680769015,3787.0229781957305,11.244713990770098,3821.409113162128
9470,3788.6953992980175,3793.192039788535,12.910979225352484,3828.1945832680835
15301,3794.54543429664,3799.5345784529554,11.044290677188805,3830.7027853388163
15427,3796.970948732572,3801.4844590988796,10.838720412749666,3832.935589069049
10049,3847.711221215873,3852.0266648390316,12.971782117135952,3889.365017852786
15244,3957.4178886463324,3961.4121640879234,13.183931364150785,3967.1866449045638
15253,4129.633108033503,4134.121560493715,10.683762655822981,4149.77538135992
15579,4161.655167527799,4166.4260054064425,10.671439666439765,4173.474696957649
15214,4163.483111856774,4168.339699648036,9.942853665090642,4175.372102452305
15644,4195.250755400211,4199.207785753868,11.858734066270628,4220.683340895554
14922,4203.192622975677,4207.138711045913,12.967890203692734,4225.453699123094
15553,4237.00259220537,4241.430232928185,13.035255363660289,4287.751932740373
15238,4242.018182180109,4246.306130714523,12.364580669345782,4294.159557181824
15433,4247.96323452609,4252.54710474231,13.509749359671796,4296.65961541661
15867,4252.974141299028,4257.469455530715,12.121917336922953,4299.07272280313
15353,4255.510105238429,4260.242181953012,11.766651146463118,4301.557788586707
15331,4257.572460271786,4262.09976340742,11.629088539185584,4303.410134147527
14931,4305.5761227636185,4312.046616717243,8.272689501186672,4362.1465386238515
15604,4307.318403037308,4314.0698401159325,9.805357550056774,4364.043520577651
14958,4323.7115643641255,4328.051232363792,6.7706082216518455,4370.124597518198
15283,4341.330606082439,4373.20091542278,9.78131771522293,4421.213970679219
15195,4343.77548128109,4375.199803789377,10.553972904339492,4424.028083999075
14946,4347.868860584924,4377.235628278931,11.241613905916068,4426.696152250152
15177,4373.723387650418,4379.125133400237,10.040337235865202,4428.754607309718
15278,4376.058538595623,4381.054709446041,9.826331106637031,4430.616915529223
15536,4407.248160634781,4411.2447800278915,12.20809732376058,4434.942845514875
15517,4424.075981168352,4428.513384052639,12.524793371371333,4436.686578294443
15363,4426.165086373154,4430.415257202519,9.359622330312437,4438.494455204566
15224,4493.840523233598,4498.468483955191,11.018589861042427,4505.150846154295
15237,4495.7291042861225,4500.338114121986,10.986515498538251,4506.996531099248
14302,4527.865826907287,4532.369644560622,13.1951118385729,4557.438630605926
15340,4533.617855634451,4538.166839873473,12.477316323017195,4559.7133706015975
14755,4539.35401080487,4544.129932753552,11.43550071830043,4562.214921750618
14763,4545.71752852947,4550.378762021456,11.39091048884842,4564.31400141329
15290,4549.390176526898,4553.4731743386465,12.19485595779737,4566.244862576043
15464,4559.873880995495,4564.13365317983,13.743322071078774,4569.549045124224
15314,4563.976495693667,4568.347808941501,11.104307929845401,4574.838157394554
15566,4584.412831785797,4588.549724473786,11.518981915937298,4625.608156217154
15286,4593.30619203788,4597.462800865343,13.266896944157647,4628.240310207669
15271,4627.6861865765895,4632.235875353216,12.046479897308007,4638.549911276709
15567,4668.161507736661,4671.581761598175,14.35086634405931,4693.461131935873
15547,4729.204825705839,4734.445794419189,9.606432435355698,4764.6497880508505
15522,4766.081132336223,4770.454140557588,12.14533464526164,4777.053724497513
15281,4770.3473583586465,4774.541552750238,11.864732667285011,4780.714896631655
15241,4772.212989617314,4776.405974806862,11.394242780034261,4782.556733915702
15628,4799.759257374636,4805.148716265731,9.00653320803515,4829.36912266205
14735,4812.741204331663,4816.06154281994,14.799615387967103,4831.755172434209
15273,4841.460191303385,4845.540251192515,12.296935854836194,4851.392035793073
15192,4846.958583934617,4851.48806800741,10.27167727198584,4897.855412165274
15269,4848.789190389157,4853.300543505345,10.632181157416824,4900.885639914218
15532,4850.65020717621,4855.214820644103,10.531802654874607,4903.247252706845
15187,4854.8411105266705,4859.137737659835,11.762739277075402,4905.311816824128
14979,4865.821773767793,4870.260643795231,11.686022050487777,4907.240837052758
15377,4870.99589289009,4875.1092972604965,13.327155214827165,4909.145025756069
15416,4877.207882423424,4881.561163034073,13.267159007212603,4911.013152583629
15935,4884.921738815452,4889.503152794376,11.906771148680031,4912.937121188907
15520,4899.4731807887365,4904.190881874292,7.580125515541602,4916.0894900289395
15179,4908.011049906376,4915.4019812633305,8.569135681646987,4965.507522217625
16130,4911.932026387681,4919.400699070314,9.058392364269348,4971.879532731881
15300,4914.471139251713,4921.415729693357,9.341527464685807,4976.2874637852565
15376,4943.487942783348,4947.472894434541,12.198520701757765,4981.023927538365
15272,4945.7064260681245,4950.140829327803,11.133029364725273,4982.877190213521
15285,4947.808089767816,4952.496037286349,10.389966860572702,4984.871106162549
15691,5023.476649174889,5027.535961331753,11.988091166321752,5038.971602153398
15645,5025.1902771942605,5029.313480111654,12.24204728303113,5042.636906961642
15593,5034.9108919103755,5039.390949669662,11.466495595811336,5045.621700067273
15582,5036.864475318066,5041.2180124226015,11.907918038872184,5047.480979432591
15370,5055.3886586936815,5059.129692663537,13.305199853028196,5101.393884512638
15430,5069.655201443329,5074.027964734726,12.317970622504829,5104.092366914319
15685,5072.389849102804,5077.101620077603,12.394516600858564,5107.8160593682605
15326,5076.9153798817615,5082.003912629543,9.276196641337599,5112.650504942148
15581,5080.250081261709,5085.39228333367,9.8479913236235,5114.583667706355
15588,5082.606869258017,5087.4050714245395,10.176716012342728,5116.511209416953
15586,5085.016907881134,5089.4657259778805,10.01666071292553,5118.492396952765
14959,5137.905279995829,5142.44080624945,11.481360119546038,5169.657448234716
15396,5175.0179215342905,5179.313192854119,14.333294632367934,5237.6601200091645
16203,5194.465352990581,5199.072166994184,10.43251240358318,5240.409061312812
15688,5213.0512794545175,5217.142743489387,11.781807338189504,5242.787858714561
15342,5228.172603619255,5232.524692273672,11.084205005162307,5247.000022277855
15583,5239.485925432123,5244.304411075958,10.89460632680692,5251.097038784111
15371,5241.912830113074,5246.304470649225,10.570708927016392,5252.954908683209
15200,5253.909567776213,5258.4689384854355,11.699990384663101,5305.778577559599
15534,5259.564404484213,5265.228302441828,8.722179992512737,5308.420718292199
15230,5318.545338613467,5323.0263501281,11.15437152870813,5329.7142069674055
15337,5348.48528626728,5353.3724946706125,11.246007972313507,5373.576345512982
15322,5386.853397511953,5391.404482135508,10.909976345371598,5399.067312944953
15262,5398.867286599946,5403.062999524224,11.384206109479049,5441.631171634253
14983,5423.769614107299,5428.219342504313,13.970184720938336,5446.623327871589
14326,5484.094040124528,5488.45918110867,13.870840589962276,5514.325506128855
15482,5522.246143125601,5526.385521592291,12.366310177375855,5532.508183873758
15382,5525.580600952998,5529.272234089935,14.052812528114988,5534.7594678815785
21056,5566.390104431645,5570.530770145153,11.52244602111898,5583.8030585458
20825,5619.254088283923,5623.534783466382,11.87314066507752,5653.691287863321
20780,5648.151824831765,5652.5508510386835,12.287801101150423,5658.820885814517
21081,5656.233681434739,5660.477856091136,11.887598886424417,5666.870051468774
21176,5696.8018102581045,5700.309126477092,14.491512118777312,5721.7173505329165
20819,5715.446122978014,5720.26671587572,10.28161079599052,5727.117239275471
20840,5728.939086740169,5733.098242334059,11.943383676008786,5739.287192230185
20669,5792.156043098753,5796.183316493558,14.58149953968734,5801.3408521859365
20869,5798.103154695732,5802.541707077637,12.466183970799413,5849.447005725605
21061,5853.69544904341,5857.596199619327,13.500439424332187,5863.434414633448
20811,5855.832261088447,5861.1478488293205,8.832524423659462,5869.140175623423
21054,5857.695782335461,5863.131631392729,9.15114625859947,5871.0669927799145
20700,5863.937127184213,5868.376097304489,12.804144725575608,5874.01438963045
21441,5930.716965512866,5935.322408378517,10.246102686872424,5942.1993100019245
21057,5934.642805322825,5938.471221462366,12.330843378010973,5944.216765792351
21105,5964.145447035274,5968.433696577131,11.843929989936946,5992.558644523557
21080,5968.599356717933,5972.489915938629,12.900697298556134,5996.582749095303
21134,5970.975452642856,5975.425043284131,11.645582357687623,6265.331542511537
21087,5987.976033885521,5993.108725629592,9.57975925104271,6267.965994404968
20724,5990.033775817333,5995.149458414005,10.971909407274058,6270.199958401036
20736,6008.146781082544,6011.641851894023,14.345253604715937,6272.234158749413
20716,6025.991793870442,6030.098957725863,11.23485500371894,6327.819987690912
21055,6028.160986656879,6032.375715076329,11.73326327582059,6330.105045179427
21820,6296.946620224422,6347.005402670739,10.627819590065751,6393.7671589722095
20370,6299.773259611603,6349.353972931241,11.436428439956051,6396.496059133781
20860,6344.74277611202,6351.072648127951,12.825632216321566,6398.5697972728485
20439,6361.940752317638,6366.130655862097,13.812043450805925,6403.192808365638
20799,6364.825139045626,6369.400228118172,11.74628862360063,6405.461537028777
20420,6367.571938774954,6372.057641618749,11.301223296153825,6407.289985231357
21717,6371.834276948104,6376.126527697104,9.865046637118288,6409.397954428868
20771,6385.477082386729,6390.263624502409,7.032065729282931,6411.512007146564
20757,6465.991950861928,6470.082018537147,11.57670220787411,6476.228095548605
20675,6603.908670075299,6608.0546849319135,14.451565266962302,6618.15559433316
20696,6614.425861264308,6619.268128676862,9.942975922155293,6679.9534822610585
20787,6616.320286100721,6621.1823973779,9.241786132015731,6682.284580826213
21060,6618.1765613194475,6623.107705007868,9.894089496408398,6684.96680391034
18856,6645.740847007766,6695.072106077349,6.845501135837458,6805.466704549022
20861,6960.328995489262,7021.2220502637565,7.191822901394389,7076.215215713752
20717,7027.496589553206,7040.027948791212,5.176440339644397,7088.271601846489
20789,7151.7922932012,7155.53307732412,13.735002170875559,7161.3895797742525
20722,7161.279851018212,7165.320820977972,12.791268977217754,7209.371715987146
21076,7163.149793630881,7167.049940586939,12.67298406656183,7212.090256037387
21405,7202.917800927518,7207.533194775749,12.856173637988428,7216.504799632395
20767,7211.836157760208,7216.197891812114,13.340336551243983,7221.661275889154
21079,7213.922390266382,7218.0689765836105,13.479160072491982,7223.684256719667
20760,7217.852899257178,7223.084585816552,9.739046753218704,7230.733303974989
21040,7256.932253852748,7261.3676543049005,11.25331095831417,7282.3359935032995
21925,7261.03263684332,7265.518660229998,11.113268689000662,7288.914048542355
20738,7271.136211943414,7275.264063624098,11.610148385276332,7294.215427112725
20734,7279.3033022864,7283.582348620917,12.579350648177671,7296.628490009551
20689,7281.277833593608,7285.346816250502,11.47741591613537,7298.938776702734
20455,7315.541466741558,7320.108645250755,10.695157730640615,7348.164785888291
20428,7317.654465138262,7322.090326108957,11.41454573275551,7350.379901042517
21023,7347.743989099276,7352.034557319634,13.744314480757307,7357.323334710984
20671,7349.800556869685,7354.010707916762,12.224342337997355,7359.863147879065
21772,7630.090615244975,7634.266961482346,12.188009399208855,7640.251041313306
18925,8129.325462658265,8133.62947454509,14.851716220206594,8161.411408609937
