291,38.0,44.133578946203286,15.531750186613365,94.36156497305831
155,74.0,81.3617592046411,11.914644279871581,98.74466598786191
359,93.0,99.61448603257604,14.163367339145049,103.25700811382121
153,111.0,118.52046413165482,11.755025587927175,122.30452360135395
334,112.0,120.27276693838438,10.521108739966296,124.15764548845145
86,221.0,228.2128528760275,12.267620422709697,271.7447257977931
132,277.0,284.0855869781004,12.318971481968607,287.59903183717495
32,281.0,288.4579471191766,12.114448265573474,292.0652296209821
41,288.0,296.0482211440181,10.748264138349457,300.0536939663327
274,297.0,304.55964318599666,11.9440516166646,308.3512883676044
63,311.0,317.5673956565442,14.01200448374141,361.1496576768864
429,337.0,344.5094238085715,12.354215009666627,366.4270038071127
409,355.0,363.0818246814933,11.45813602701242,368.49160747924515
288,360.0,367.1178150071746,13.099715316887426,370.67117447709455
233,432.0,439.0602486163132,12.578620853892902,451.1646038210728
362,440.0,446.0495407739866,15.129324119563437,453.84897515843556
263,462.0,468.42442101202937,14.72171166229143,471.47754590141426
224,463.0,470.1353668449878,13.710810881591987,473.4541240579369
61,487.0,494.1115855044117,12.679685853637915,541.1727435154355
265,516.0,522.1391755548864,12.847863709618386,546.1088282139544
76,537.0,544.2767388187856,11.60847896008976,548.5067512740766
332,540.0,547.1441401105618,11.923192285673899,550.6923638657129
169,665.0,672.3415817770597,12.192503830816495,721.1525241576346
103,722.0,730.3027467907528,10.360763068381603,734.4506347926224
188,730.0,737.0922106434167,12.577738707767189,740.6367325455299
84,732.0,739.5309503754062,11.859324491932346,743.3478636383197
210,764.0,770.4851909276538,14.090692801430553,811.2813927417991
94,766.0,772.5352373001552,14.319575290999358,813.9931340210726
69,782.0,789.1525312332734,12.660599639914919,816.6082752592907
158,836.0,843.1736673457898,13.074091529069971,846.6759699459609
262,865.0,871.3557846733562,14.597665516290943,901.7966527094438
312,876.0,883.3968473471216,11.705692032180563,906.1854477155682
292,1013.0,1019.6230164607932,14.1813791887182,1022.7851635450468
253,1021.0,1027.0909060000663,14.481137134244358,1081.4113718392823
125,1044.0,1051.3371155218167,11.969247889807177,1086.3387166805503
339,1145.0,1153.018858245163,11.666666927648325,1176.6931338419183
394,1194.0,1202.3811068388673,10.525744911370754,1206.5552040358457
52,1203.0,1209.074545873463,14.893331182329781,1261.1534976852638
256,1281.0,1288.214586445511,12.327152616655086,1291.8288570241987
218,1283.0,1290.0160978857589,12.401120110986422,1293.6141796318432
37,1323.0,1330.3682219035095,12.565599807079282,1351.391081776393
320,1336.0,1343.5433079618354,11.346789283368443,1354.3908957859624
261,1356.0,1363.0285787902953,12.696395265227144,1366.4938655987894
284,1358.0,1365.141494518086,12.231261776134973,1368.673117387515
342,1373.0,1379.530163822688,13.697502679226169,1382.6357898611534
427,1392.0,1400.116682299896,10.486402921522528,1441.118295639058
193,1426.0,1433.2332968554442,12.68640469849252,1443.796668772473
344,1440.0,1447.4129475907453,11.67797303635845,1451.2843916182314
410,1454.0,1462.0050790714367,11.278326122306238,1465.8959448251255
314,1506.0,1512.335260764173,13.836265894443455,1531.173010289164
0,1577.0,1584.5017533392822,11.539116490368658,1621.2034123166893
207,1641.0,1648.2653604649217,12.63858780921238,1651.895006017572
55,1723.0,1731.1062094394392,10.945903767548765,1735.1256592396344
183,1752.0,1759.2954568649075,12.912592480467481,1801.098313804096
5848,1813.0,1820.0914714419298,12.723389162823983,1823.4624319354318
5551,1832.0,1838.3810952549168,14.427098175272688,1891.428094261097
5522,1875.0,1881.37060375073,13.92584555174137,1894.1400158700696
5710,1889.0,1896.2146191009854,12.234467370274668,1899.7468360448422
5673,1892.0,1898.6449948595837,14.162325895189879,1901.8503340758734
5818,1898.0,1905.5677631953822,11.869856284331227,1909.2998867488645
5831,1928.0,1934.0840750357181,14.427420797639362,1981.267264442056
5567,1932.0,1939.2570524419666,12.493195775478828,1984.0592638517523
5554,1992.0,2000.2175357019285,9.90308564684947,2004.5622058630963
5622,2056.0,2064.0373973030555,8.75784293966477,2078.6189518713168
5794,2086.0,2092.381947243127,13.976402283840331,2095.42766661788
5733,2109.0,2116.2064050904137,12.105161730959637,2164.2179776593366
5932,2120.0,2127.0904984911012,12.58509088859969,2166.6457037297027
5813,2122.0,2129.128527414024,10.47622886570976,2168.7239585277102
5719,2218.0,2225.18429099074,12.718681079415372,2254.173552566689
5787,2241.0,2248.2980891106536,11.668236794727997,2256.4899149868465
5904,2252.0,2261.072564159324,10.020127413342557,2265.6475469048733
5771,2357.0,2364.1106221661753,13.242837362136017,2367.4551548680383
5662,2384.0,2391.3593254530074,11.457494040093016,2436.1599344636684
5775,2386.0,2393.2107400344416,8.417674197612762,2438.3118863959867
5869,2396.0,2403.3838590920313,8.854547051400726,2440.1807186211295
5628,2442.0,2450.001686288329,11.192036303242958,2453.8531168402433
5917,2450.0,2456.214526370644,14.9212310538297,2459.188545355243
5547,2500.0,2507.1346162162854,13.000593706111626,2521.539234273177
5661,2509.0,2518.379336581122,8.732826191586073,2526.6512021174394
5730,2536.0,2543.4897062508567,11.892827705578254,2547.121212575933
5868,2570.0,2578.017650743353,10.961008369698964,2611.3076638558223
5633,2621.0,2628.2599719625205,12.097132700683918,2631.8854551552286
5925,2622.0,2630.1536894670976,11.53595281699846,2634.11231265266
5648,2647.0,2656.2540338861586,9.592959005660367,2701.1478758549197
5552,2716.0,2724.2447072203668,10.97656488223291,2728.393061727186
5888,2836.0,2843.3560877066925,12.32170428753715,2884.597561178546
5880,2900.0,2907.004996469039,12.322468684372453,2910.4287297939495
5915,2935.0,2941.169335884203,15.018069028536564,2971.476570599564
5680,3040.0,3047.0824751884493,9.773738306386905,3071.1843567036294
5596,3064.0,3071.0793976666982,12.19158280870001,3074.5678109793025
5581,3093.0,3099.0299758629385,15.320407206520354,3151.4132126288596
5916,3142.0,3148.592215491501,13.463045336293026,3154.0362350588016
5894,3158.0,3165.219748729008,11.896769509019245,3168.8808399430254
5927,3189.0,3197.1758052054997,10.688609231377738,3246.4288150685243
5687,3205.0,3211.105554716706,10.155712475975802,3248.4999347939283
5652,3233.0,3240.3018589324797,7.620395216123998,3250.47118420695
5540,3276.0,3282.2673392205365,15.121969083056527,3331.5008068446
5561,3291.0,3297.437566002276,13.338370153180511,3334.2855127261228
5678,3355.0,3362.016691950254,12.675298137500842,3365.420112589565
5729,3398.0,3406.0801874959466,11.128811914140922,3421.3522991477707
5766,3418.0,3424.576150468504,14.16583016202875,3427.8168446769046
5884,3442.0,3449.2733045092928,12.104168705686837,3452.7438503298927
5517,3450.0,3458.147585657533,10.55033452402869,3513.8074279123903
5688,3534.0,3541.1445279971617,12.40833027879216,3544.693336436417
5564,3560.0,3566.3871517062967,14.926267532899764,3601.1187023714656
5882,3596.0,3603.431890795468,11.602915321328567,3607.126980022277
11318,3636.0,3643.292940912691,12.580597532531328,3691.278852685641
11349,3710.0,3717.5134223341006,12.701722275146397,3721.4771413210597
11376,3735.0,3742.309701110489,12.342037618691847,3781.2138869217147
11391,3755.0,3762.286435758227,12.809624401799205,3786.093098235238
11192,3820.0,3827.1233446404167,12.008079796929964,3871.3071221340933
11258,3830.0,3837.4690940626156,12.27479781013458,3874.1571072341003
11383,3890.0,3897.5389852103954,11.423675789069485,3901.272815382572
11229,3970.0,3978.144576879304,11.16483335065707,3982.314340393401
11071,3971.0,3982.096089997108,8.048568445484351,3987.4934884488084
11241,4043.0,4050.033403265283,13.041516297886558,4054.130183307235
11365,4159.0,4166.283255395627,12.858254395261362,4169.795834901833
11132,4208.0,4215.21876782624,11.814743782187904,4238.580639839523
11237,4217.0,4223.242985074411,11.19847178485373,4241.233432234113
11018,4220.0,4227.165591849456,8.038616384744975,4243.442106112911
11375,4238.0,4244.431573581417,12.046861279674507,4248.4677518459575
11151,4240.0,4247.05174483617,12.563100084360798,4250.592385663972
11168,4283.0,4292.4693072171485,9.920112831859301,4324.665788753233
11348,4292.0,4298.283745431296,13.010421782226002,4328.66639563165
11228,4338.0,4344.516759329006,14.177014940801579,4347.827087734946
11382,4393.0,4401.389994588917,10.606596468141031,4414.093684805874
11030,4449.0,4456.542595372537,12.2944707348132,4501.328487478339
11129,4458.0,4465.277484300259,12.54783995800655,4504.108427469212
11043,4525.0,4531.574285775167,14.165650333469738,4534.796409253136
11260,4598.0,4604.480885899318,13.991627460184887,4607.620520490818
11252,4619.0,4625.565958517634,14.22178035813086,4628.737584689454
11418,4621.0,4627.388888730378,13.319552226306248,4686.693234665504
11273,4636.0,4643.194728347051,12.464706250853682,4690.019024747282
11100,4669.0,4676.034157841826,13.278852737000008,4692.246572528968
11405,4675.0,4681.572165973649,12.261830742934798,4694.587954719552
11369,4702.0,4708.540767204867,13.39138224429127,4711.673843361152
11087,4703.0,4711.327497655436,10.825996647863825,4715.455437904377
11373,4795.0,4803.334815257945,10.984719239857064,4807.284786159948
11271,4800.0,4808.161686915731,11.423655546391869,4861.104333840551
11094,4805.0,4813.169768726619,11.054934773336628,4863.482814005597
11210,4812.0,4818.198152850944,12.765305769653049,4866.066261856297
11426,4815.0,4821.567520012911,12.131528539777834,4868.005322760841
11058,4819.0,4826.085919862204,6.705892228527285,4869.983084194514
11012,4903.0,4910.447674465354,12.480353587944194,4951.160045352844
11147,4952.0,4958.505895813671,13.89867460947195,4961.722995344464
11073,5004.0,5011.453907841698,12.440298954208245,5046.509365723277
11037,5012.0,5019.546143023954,11.996535503165916,5048.8000100055415
11171,5216.0,5222.55080825824,14.495757420509133,5225.664507065465
11331,5276.0,5284.1612347330465,11.270789453284918,5311.083365129243
11173,5316.0,5322.141102745264,15.146622812821777,5325.057778538467
11217,5338.0,5344.612784655818,13.075314662156282,5347.887235639209
16508,5439.0,5447.04514298577,11.349641706463604,5495.634867949636
16575,5489.0,5496.248150943794,12.38048651009409,5499.8193888910955
16645,5573.0,5579.554521600749,13.317289181444472,5586.26185852215
16890,5630.0,5637.430996515956,12.531446999259543,5671.17903297754
16549,5765.0,5773.079435364693,10.660465369220177,5777.1820896735735
16610,5799.0,5806.383312221546,12.32382984989597,5851.1743717837
16631,5813.0,5819.228216122762,14.071767223065189,5853.971900407829
16738,5863.0,5870.068037788117,12.372734648952113,5873.649051578265
16770,5897.0,5903.548212723802,14.177038208668877,5941.117165558169
16695,5898.0,5906.114155228646,10.41037203669867,5943.82671006203
16533,5959.0,5967.462779499551,10.608107123335643,5971.264738464681
16831,6028.0,6034.451947505618,14.547338017574612,6038.133745754841
16548,6048.0,6055.094050978484,12.669566489807252,6059.584819435921
16819,6078.0,6085.425376804248,12.460665314179149,6121.241195999648
16510,6144.0,6150.50247837954,14.572063971991664,6153.613036141357
16658,6173.0,6179.624913440111,14.158567444162,6214.163908829783
16893,6234.0,6241.228572211331,12.896284877824392,6244.68539435944
16698,6280.0,6286.4878012037,14.307241248629882,6301.327745025447
16654,6302.0,6309.3952361167385,11.305882630768538,6313.1629597732035
16674,6313.0,6321.4786755792275,9.84288047732221,6325.751063707218
16919,6327.0,6333.5777752659715,13.929384573392955,6336.695824021634
16865,6333.0,6340.386360160166,11.64480923976767,6391.211327253777
16564,6411.0,6417.40613053347,14.955441593655088,6420.46397548413
16901,6434.0,6440.398209834786,14.783561868794065,6483.923402348655
16562,6438.0,6445.000653600559,12.473104686154349,6486.154671360471
16824,6455.0,6463.141286563268,7.945959159946265,6490.051804440702
16757,6525.0,6533.293993984726,10.678974779616595,6571.4954411015615
16745,6556.0,6563.573997962397,11.804003894873869,6574.372240458167
16719,6587.0,6593.611006144336,14.105615563229852,6596.788888057447
16536,6608.0,6615.029152989379,12.355722251147261,6661.254510903838
16629,6619.0,6626.2348671117425,11.926764174914984,6664.421185192976
16539,6647.0,6653.559891646289,12.712228700089838,6669.915951155778
16557,6717.0,6723.473689530693,14.14952028141114,6756.389228335734
16904,6746.0,6752.379661378337,11.000528049466908,6758.421578650356
16624,6796.0,6803.38511820776,12.113712688768722,6841.315727563991
16810,6855.0,6861.526568568425,13.898225122998515,6868.109349185467
16648,6856.0,6863.0865302069005,13.368297413974613,6871.026587224181
16804,6869.0,6876.418475891889,11.531382014123048,6931.307963646077
16672,6870.0,6878.195781826727,11.727270304397084,6934.105992746474
16534,6914.0,6921.572216305441,11.851605391106677,6938.9193645060495
16626,7042.0,7049.461428229219,11.810161616236657,7053.1805899716
16742,7055.0,7062.22880093234,12.852274603196637,7111.186131099366
16850,7136.0,7142.445429437918,14.541517069198903,7200.909123787675
16512,7163.0,7171.418633867941,11.007181228036305,7208.273297265928
