5093,183.17835531442265,188.04433685983787,10.516553985750281,194.57691743384578
5126,279.97024490633174,284.52895810991987,10.920327796456258,291.06943154823756
4959,282.0045493311894,286.3251466704988,11.61727194397907,292.950984066678
5029,309.6955883598421,314.3818396950027,11.004824525642071,361.2491579362769
4966,364.03936760725884,368.16844629038735,13.051857239674254,373.2296987377433
5054,366.46682424709707,371.4316799132844,10.662104126597253,377.8561186774047
5000,368.33415011170405,373.34035374435416,10.006595211837064,379.67407062886474
5117,370.386733474822,375.2697504887143,10.5080102818088,381.51147394559905
5028,454.03534090955236,458.386179354475,12.218106936050381,463.9673376398326
5005,456.17785643944285,461.08520978876066,10.455630520108395,467.3461627112813
5047,545.6808890358569,550.0467698403339,12.423293459440872,555.5042449950582
4967,576.9097658402198,581.1666120506677,11.256299981644961,631.2412535387106
5088,633.8159610343861,638.0565209234879,13.31866871701281,643.138905693625
5098,639.9570782747401,644.5124725742664,10.362620521642071,651.1028779848111
4955,641.8024254828565,646.3726036899425,10.511112538782688,653.3693040246711
5034,652.5457240391332,656.3660520431258,12.584006169511184,661.3489523137357
4856,723.7130995237483,728.0964725535737,13.254873403564481,733.1382643609007
5080,730.5600909187441,734.4406804626898,12.719494990645842,739.5221946621606
5063,732.3556759091682,736.1447124094223,12.698036006868795,741.5806425256741
5050,813.7979631948339,818.3922122998152,11.395075567175436,824.3283063502735
5040,815.8076143397858,820.2349512729854,10.986856887664638,826.1711762233537
5027,817.5981863308464,822.0418696150657,11.442442975095146,827.9923053366542
5081,824.3161048179473,828.0204680883444,13.292345358697792,833.1718869011111
4977,827.8360649358855,832.01128930423,11.973194670382213,839.7468289969573
4851,993.8862253796178,998.1699435894695,13.426687268649195,1003.2306283276583
4899,995.9102162147991,1000.159175259521,12.402403281061845,1005.5748288373835
4936,1084.0657797430126,1088.0756195518813,15.016304498682846,1092.404021468315
2773,1085.9970230998554,1090.337198639689,11.69288129804776,1095.8961571460286
2739,1088.2104987716518,1092.233541038326,11.722397124667864,1097.698769823344
4943,1090.035724050098,1094.108598649957,11.621403961291996,1099.635479042998
4960,1092.0545277021974,1096.2874280295582,11.135621675467181,1102.5131787315768
4924,1093.775797748692,1098.115333414718,10.752249319902592,1104.4611339210965
5018,1102.8269306357297,1107.017349855738,11.569035342214768,1112.603799309039
3919,1173.757350143244,1178.3666243648809,11.586553686665404,1184.0579397555668
4893,1175.7616215414453,1180.094588809367,11.093758344547059,1185.9481794589465
5036,1183.7803393344109,1188.1122482859648,11.887230325181287,1194.2954987571818
4287,1264.2078440695693,1268.457962927834,12.718290735250967,1273.5915265872673
5055,1266.102643112384,1270.218597332818,12.274768350661478,1275.339592126123
5016,1268.3807085324538,1272.4142753349809,12.770056914981282,1277.7151642272815
5013,1270.4210732718252,1274.3222952702827,12.438228615617577,1279.5172841680794
5059,1353.5816822090317,1357.5083819909462,14.488370758135366,1361.9919894565044
4964,1360.0992166598974,1364.5298191368488,10.961454397970702,1371.009782798792
4974,1364.0677645888463,1368.4812257963415,9.962500213266276,1374.8797699900379
5032,1370.0821364470976,1374.1923135143581,13.253525369430944,1378.9313123142288
4973,1448.2867502083902,1452.118996102903,13.051265194627822,1457.154754805308
5042,1533.958687553057,1538.533869184305,11.116577708670095,1544.2255532969739
5113,1536.2506167353797,1540.3901323000923,12.103298658444434,1546.0000706873461
5006,1538.4611571599596,1542.3273490487416,13.121927268280691,1547.85575638357
4984,1549.5283755720704,1554.001812826942,11.658170538897934,1567.2305943259153
4990,1623.647328415108,1628.0812573283583,11.767341760229876,1633.7055465370431
4949,1629.6665756006505,1634.4694569833837,10.871204491751794,1640.9248705318523
4932,1631.6343735286857,1636.4094324294813,10.631912234291944,1643.2915754092721
5224,1633.4718816906227,1638.2754763285961,10.434816090682045,1646.833142589193
5235,1635.5324218399892,1640.176015370936,11.04570860385565,1655.0009158704397
5061,1637.4295300219298,1642.0436912217197,8.261061144828236,1711.3248613768142
4867,1639.3912276259205,1644.0841107091026,9.247100791335725,1714.768842195944
5253,1713.8079975654982,1718.0301248317692,14.420185663728265,1722.5484975811864
4853,1716.157487495801,1720.2772378730003,11.79451886469727,1725.6574532841084
4992,1728.0156690799977,1732.3748489125173,11.263845196873104,1737.9722042281119
5049,1803.6876528041303,1808.2240537776756,11.963594562446936,1813.8409965828664
4980,1805.631667778692,1810.3483455906025,10.200370420340539,1816.7967517734446
4983,1807.6584019939946,1812.3556850617845,9.960258704803296,1818.8163170712917
5234,1809.6383110525505,1814.3421875574184,10.178593094557685,1820.7141508771163
5048,1984.0060986309181,1988.4126092679517,11.866457536831469,1993.9952258954306
2802,1986.1627147793374,1990.3408767639085,12.275835812549582,1995.7548273285872
10576,2165.848532403874,2170.078508983647,11.418072668457715,2175.653364618659
8342,2253.689969366848,2258.1107897577735,13.762727441917114,2262.7999129595755
4885,2255.7698431104773,2260.315996290066,10.655434006628026,2266.2394565239147
5007,2257.796846318626,2262.1852397378843,11.523607130114002,2268.171571669516
10462,2259.843013370147,2264.039076231567,10.906792827454263,2270.706766884095
10537,2274.049560362124,2278.294501050798,11.214371841670603,2283.795506673912
10405,2276.9339444274965,2281.3306551711476,11.565439607781887,2286.9580761899074
10491,2278.760086639162,2283.2501660142407,10.658842157938873,2341.227189803242
9821,2344.0577416181445,2348.5467517137313,11.464630539784359,2354.270832233536
8316,2346.1811388136957,2350.4906474308577,11.724784724564163,2356.044071284228
10474,2355.047843421272,2360.1903895695314,8.957419617349217,2367.2382444396367
10499,2364.2771907716788,2368.501450660902,11.517370744744975,2374.1277362158926
10449,2433.9427488655856,2438.1991156279087,13.898157850859036,2443.0902963449344
10558,2442.013109892066,2446.05364313663,11.30346439389598,2451.858884967491
9766,2443.8641572398656,2448.008330906114,11.644229621632082,2453.6744912049567
10599,2464.1235870776172,2468.0889177515965,11.899000700318812,2521.092686893584
9768,2469.926459272268,2473.086363504375,16.1192826885772,2523.5967381916053
10477,2620.6420444400896,2625.181521467103,10.586590756216973,2631.3047084101268
10596,2622.4635178581907,2627.107440407296,11.047655772297794,2633.5281306422585
10502,2628.487478500804,2633.0060230126655,11.15586075073761,2643.895046167576
9804,2647.1190920231406,2651.3137804978437,11.811181433200073,2701.193570485228
9829,2648.9011325374727,2653.103441239887,11.680026063765306,2703.9450916431047
10530,2708.709392853251,2712.5552573550185,13.451887908941972,2717.350326492464
10455,2710.4811554934145,2714.2843191197694,13.002754141504234,2719.0815623443523
10394,2793.617410105203,2798.0485780887425,12.290046234670346,2803.6328567960954
10493,2819.029758704241,2823.0986537128433,12.476020138223003,2880.851911911973
10419,2883.413651971799,2887.5855632374387,13.549874218180888,2892.536361073557
10741,2914.4268041529663,2918.557251522682,13.860400508880447,2971.3110281953022
10451,2916.598239807458,2920.5786587306798,14.111688020846353,2974.3970759931126
9799,2993.84533420627,2998.3529492301254,11.216898026190053,3004.0168667227917
10615,2996.018649055933,3000.337396257627,11.83660307771252,3005.792884956446
10352,3000.584890882175,3005.111651283242,10.833185360289411,3061.4741686121174
10516,3002.4664828385507,3007.016188554971,10.695944802416408,3064.3535738790156
9772,3066.063940749368,3070.5348238014594,11.23932975407394,3076.656989220806
9776,3068.2644713850427,3072.48337917271,11.935260181138274,3078.485897176291
9759,3070.0658279639315,3074.2632923256424,10.128931747619646,3080.359215492259
9846,3072.328352528159,3076.3672305882014,9.54990984562602,3082.2578469805408
10542,3076.1405629237615,3080.45798077865,11.710086870798936,3086.0421601099233
10535,3084.2324921527074,3088.2380786731787,12.061690060660268,3093.4496863287777
10492,3086.181879524566,3090.218265619181,12.467610262446549,3095.5338076863695
10461,3154.1419559012875,3158.292184190287,15.150137547317682,3162.5841328272313
10450,3243.960599982209,3248.147002833213,13.292887271828079,3253.1577832601765
10484,3246.1513061496057,3250.1417528271695,14.286356360016434,3254.894922843921
10509,3248.2670999474717,3252.0488423785555,14.387420516314545,3256.749856112719
10391,3431.701738460296,3436.352764682523,11.05062999502634,3442.969827313216
10358,3433.7452249611547,3438.293540777731,10.6747139535019,3445.0422768438207
10532,3435.5485251032314,3440.1608370536323,10.558227263448288,3447.0166492447206
10445,3437.4999836356988,3442.0969597610615,10.703653327828736,3448.917557731547
10383,3516.021731913882,3520.3344638218587,12.563162663483444,3525.767532759416
10360,3517.993735462871,3522.016886036999,11.379469059212337,3527.534804627252
10355,3520.0394138381653,3524.024175293582,11.776345234685838,3529.3542548804057
10582,3523.9779435929977,3528.531296793007,10.899225923316934,3534.552355326628
10588,3535.0484425477066,3539.4401273083354,11.274964834156254,3545.6859689477146
10520,3536.920748722312,3541.2261955043937,11.005101612673489,3548.0181682874013
9811,3604.119756002761,3608.3155638569933,14.28648654693218,3613.0430580932994
10458,3608.8079238204364,3613.0235636084853,11.37241645609597,3618.886502815562
10515,3613.441439848465,3617.1697294089663,14.273545355260032,3621.8759025543095
10476,3700.357192802012,3704.3488304733737,12.708975569265421,3709.470733660164
9797,3702.329636922952,3706.069317342649,12.771323847051274,3711.172512808095
10453,3784.1486820428363,3788.3354313400396,15.129508900380568,3792.8411476719684
10507,3786.450649144208,3790.2607108907905,14.049629855059125,3794.8874205937836
10472,3803.7359139206096,3807.5501710595754,14.2858438876243,3812.2302397446538
10431,3875.888583179079,3881.278027206809,8.8339400248127,3888.4753984236154
16058,3887.5680279136686,3892.1857940271343,11.307922842455307,3898.2448347409477
10517,3891.345115285227,3896.081470107407,10.774364050171762,3902.402545533968
9841,3963.4841527513227,3968.4270041045925,9.74539395215487,3975.0558223509483
10385,3965.913327021187,3970.500272939442,10.028196883155339,3977.1141121796645
16018,3972.490582594869,3976.0037688206503,14.823450953357982,3980.4602303945867
16015,4061.1786885895744,4065.394461827817,12.086866079142862,4070.602403889046
15973,4065.784189050169,4071.0299679602463,9.625082158660637,4077.7162911730143
16043,4069.3433830545837,4073.334488845054,10.114030965049405,4079.7764511900577
15989,4146.1296782975105,4150.096395499005,12.952097587057267,4155.098040617614
16032,4155.415257111037,4159.424587192977,12.702072723455071,4164.678003542079
16006,4157.4030164960495,4161.46029389439,12.022919058486083,4166.711642075878
9784,4174.7094766766395,4178.540253842211,13.044032861289002,4231.429565981284
16033,4234.007781107699,4238.54125731833,11.59686976024585,4244.133767498834
15996,4325.575411086144,4330.389007073032,9.866513443543568,4336.820740609379
15902,4330.445756640023,4335.492862325323,10.337936413756971,4341.913561814881
16024,4343.005256937289,4347.017610294938,12.021514854523614,4352.390197863097
15965,4413.593227225268,4418.276636726533,11.00171362044622,4424.297011060219
15991,4415.712837063289,4420.0805056990475,11.01791215228515,4426.181932985933
15977,4439.338421748927,4443.535367634137,11.588658859060473,4501.364295259173
16027,4504.118428953521,4508.224367679522,13.172327985486062,4513.316795231452
16008,4613.65966213432,4618.16555400007,11.787671132673792,4623.610698771108
15384,4804.049464891326,4808.369169560167,12.315735206379598,4861.123159158471
16064,4808.38895303993,4812.49550488814,12.28124029949756,4866.343420500306
15962,4810.171270176117,4814.256416255085,12.184081261371027,4868.507004821723
13760,4828.322826334826,4831.533849399973,15.711767176867898,4870.928328441985
13017,4834.1828797076105,4838.10628608002,13.051637235963774,4872.621915047369
15394,4871.661550680197,4880.07214880471,10.492552189377449,4886.367850997341
16052,5046.630321907167,5071.234167709817,7.363352185213887,5077.583251048595
14474,5048.6569023186,5073.309907587258,8.379581096583362,5131.3914114075815
16055,5051.085970318672,5075.383881953819,9.827002560571577,5134.343687340098
15978,5071.17379047916,5077.347856578951,10.407249944652774,5136.546747555134
15986,5073.518779828443,5079.164867798821,10.742770272581176,5138.525858249703
15955,5075.825933659871,5081.113944049749,11.819639340672962,5140.4321135789805
16049,5133.62926197548,5138.141771141505,8.053578575911843,5145.982168980334
16056,5432.474802459324,5436.129797676908,12.985789685222414,5491.197974731046
16023,5493.709404615691,5498.177595735378,12.55743369876933,5503.505500105801
16010,5495.893807130413,5500.040445883467,13.182040941115028,5505.240324353869
15913,5511.978880877049,5516.116180737428,12.471849548461591,5521.46587128394
16062,5514.056827026791,5518.256609651748,11.221403006489938,5524.001916537875
16013,5516.227823356789,5520.140428289044,11.058727692317408,5525.890746028836
16025,5583.926151707196,5588.405547669339,12.636166555953066,5593.617380033836
16031,5588.65798500538,5593.109485036025,11.485303309363871,5598.878360390835
16020,5673.73678837442,5678.289767887262,10.752383144414043,5684.239006455539
15919,5675.785195117902,5680.184026530232,12.403166545720751,5686.076426742968
15310,5683.710520555084,5687.4348816154,12.748360405272305,5692.455196850426
15319,5686.027582226896,5689.4073968893,13.970775876878772,5694.2140644664705
15357,5763.887824769678,5768.395219703208,11.572660039444147,5773.754416310344
15988,5765.841114428334,5770.138443752641,11.709531218196302,5775.560061575348
14894,5768.096418044992,5772.295135255518,11.27008203776029,5778.07956412135
16115,5770.13281511904,5774.099399578002,11.297141727161055,5779.91324891048
15361,5782.358917252817,5786.137131859892,13.064400900531172,5791.077606926995
14908,5790.2960155604205,5795.207685583316,9.738345205928871,5853.371748552771
14473,5792.203190333858,5797.153070640362,9.702602884007602,5856.545084106227
14858,5794.083253595158,5799.1381160079845,9.619352002486949,5859.179591555144
14929,5796.038737929339,5801.106452219552,10.233608477375565,5861.23135958168
15316,5798.035699180425,5803.083414838893,8.475268269033617,5863.214304185373
14930,5799.964994981986,5805.137363150066,11.253964310659464,5865.008930088894
14895,5854.022587382315,5858.223730481227,10.695014989192641,5867.091593319309
21483,6128.205693309826,6133.015785256227,9.664231295422095,6139.790851131588
21533,6130.03810258421,6135.011851366115,9.474219580104494,6141.776440860134
20853,6151.849286131644,6155.420415891582,13.817495497919765,6211.550941258729
21466,6213.680023461862,6218.0548709414925,11.61226224645042,6223.4285141989185
21551,6215.81522600608,6220.399264871147,11.216698742226406,6226.24496269652
21537,6217.637765100743,6222.35167899674,10.598733960920828,6228.538546782864
21465,6219.551850722516,6224.220922179868,11.75799226048293,6230.446448415886
21542,6221.443825253609,6226.064939083002,10.99844809892596,6232.355555829707
21451,6232.278068907664,6236.0790551315185,13.156589278980439,6241.008694011912
21505,6321.253793957261,6325.223595009068,9.859508831965694,6331.976201611059
21490,6409.892121842204,6414.505571468253,10.435018019334485,6420.823406058662
21482,6414.596085591949,6418.529926245087,12.950166826780064,6423.722013606591
21540,6584.283363048974,6588.062844651826,14.522470679313725,6592.514515931785
21456,6593.570870541975,6597.381723693676,13.51969486948634,6602.27680070491
21592,6606.015640050487,6610.530587949974,10.830500313821245,6666.627516675953
21512,6607.873090273029,6612.3795809062885,10.13462443577792,6668.852103292838
21358,6609.853531399198,6614.377916592905,10.06700654498565,6670.804873266765
20898,6693.550997229917,6704.28121594921,7.590764467748485,6773.184236991774
21374,7023.712108018689,7028.064074242994,11.691000637037353,7033.557385595144
21420,7034.627195721758,7039.529640177168,10.663388838874654,7046.06966366126
21749,7054.420703101305,7059.240216404146,10.087380500693362,7111.85369972725
21474,7056.388734796725,7061.283634629253,10.859397024010686,7118.520497843641
21778,7058.352478192529,7063.126269650184,10.329398573081704,7124.060745522988
20928,7133.551441323544,7137.215572952458,15.5703499335986,7142.4067824958765
13960,7210.656593345599,7215.475263096957,10.1028799565883,7221.695744721098
13783,7212.907668252297,7217.415931377545,11.206091016978743,7223.559342341161
21460,7214.806233879347,7219.298277902372,10.55549437207603,7225.359166641457
21546,7216.646397267741,7221.141483334638,11.755400771583405,7227.113789215623
21573,7218.521658414892,7223.045348538139,11.0552628246121,7229.08822924821
20374,7229.90091198014,7234.50423780038,11.25664804606316,7294.281590375849
20820,7407.265897371672,7413.259036746134,8.037715334376689,7482.97884805999
21469,7473.884685424466,7479.3859134371905,9.38770516915538,7487.39718461155
20893,7476.025902648714,7481.368721047978,8.980954639159851,7489.381484627785
20363,7477.954114087454,7483.315754592695,7.9808982748564254,7491.314651547686
20796,7480.091498626376,7485.329531957078,8.73958512822357,7493.134717485272
20892,7491.8782839926935,7496.40258202661,9.158994932212751,7502.219314106863
20882,7496.116192400187,7500.260056306753,11.982088356082121,7505.915462862925
21417,7563.726388829296,7568.050116265935,12.816541100719768,7573.204433649514
21555,7567.566375998446,7572.122323611301,10.90235426790393,7578.034240121383
21497,7656.152600216838,7660.514690937526,11.85792590386736,7666.5605101614365
20810,7742.990060983384,7746.17054972157,15.57906233089478,7750.459535111386
19291,7923.765681041455,7928.068596341954,11.863208398419376,7933.386410662132
