4441,23.333848129716863,33.412870035849195,12.351921457001861,91.85595823778478
3999,49.20458198643302,60.040983268168745,10.88398473973345,94.58793708544005
4508,106.18214181217638,115.21123872438066,13.396987913356663,124.51146361771444
4506,109.88224649540824,119.55537901573464,12.294316450889792,181.9559934495602
3925,139.4393109516457,150.0796151972688,11.399015236158501,187.36679568114766
4414,183.00155474903252,193.29050283225612,12.408636312426609,203.65522975998667
3737,185.54690168911674,195.29040442998598,12.437129151061036,205.49164659155912
4442,198.13245784891453,206.21391838589835,15.185789628447818,214.54621713945562
4378,210.78188697575374,219.22142834032573,13.572812211606195,271.43271932687156
3952,228.85771219325375,237.07090028995114,14.9688025925194,276.6665472504315
3980,230.88314051275006,242.1652484480208,10.290952732461824,280.9454919943297
3965,236.80629261282076,246.17087587406397,14.257519673085,283.99513970764764
4788,288.86761944046026,298.2673110728509,12.381362621928657,308.04816809393657
3674,290.8670921394388,300.05357801632414,12.819582745291328,365.001117802454
4469,295.20535246100945,304.4369459623602,14.07307489209608,367.95352599655166
4110,318.9960071516969,329.461852232014,11.098570654824906,374.3788610854977
3989,321.2493797645675,331.3037035558799,12.060420691719147,377.08296918010853
4480,367.3830209549233,377.0502996722765,12.27069647875257,386.9098212177758
3708,369.2307169269481,379.2444684899241,13.254641044606231,388.9178791778438
4095,382.2947329529289,392.0303787537853,12.197728270932103,451.43402598973034
4452,387.68379892890715,396.30236575483116,13.25671370234538,453.85436481385665
4159,466.82404136336817,477.0582261298051,11.599525848391412,487.73500534754413
4370,472.57995595401104,483.50855667724954,11.326548286713708,544.3665102120138
4407,478.07076868061637,487.3082052578125,13.380287491145586,546.8959992153501
3704,498.8194066474049,508.19725736882265,13.1322357610119,548.9192232446318
3905,501.205210387689,510.4910130364618,12.823055669579826,550.8754296577987
3759,503.05619651681855,512.4891532771644,12.160328124962126,553.1576029495202
3739,552.3516624923313,561.0776044724853,13.434235790273252,570.4388792365187
4116,562.7453914008261,574.0524573142981,11.374167300474156,634.3445770054841
4087,589.0794762177792,597.6282573154008,14.99696774600803,636.4719624136693
3699,638.7662984415242,649.182574282923,11.810004015980466,659.7628896495689
4147,646.2571682757869,656.2058162847204,12.041062481506414,666.9049960143727
3976,686.9727106053139,697.3510342140863,11.83905046136216,726.3847427494634
4109,771.5450125066019,781.4939487415975,12.03115681667129,813.7900349035776
4121,773.6961354895793,783.2951036193609,10.891906664500286,815.9856495324168
4117,775.6061252196338,785.1430782203317,12.184882214190282,822.2969850177088
3661,816.1388721284802,826.1599575875273,12.51543683594262,835.9410439988723
4106,821.4658905516593,831.5587874484265,12.265512228029424,841.7611799675615
4068,834.3808767420074,846.2598405096021,9.772887673416035,901.5119306091532
4431,843.7073096825432,852.2890896333314,14.221618451777761,906.0157292416965
4448,847.3372216444363,856.1806309674193,13.063195767555694,910.9999656644894
3990,858.7659303669335,868.0911649712442,13.324817798414783,916.2084915125697
3753,861.2563587281224,871.2931885247393,11.731167009906173,918.7893405506744
3767,907.8738715811882,917.4852652274005,12.997120123695634,927.2122191168149
4781,917.787817919998,927.5592981393493,12.180314622902763,937.6076950041261
4797,928.8041496783328,939.2009547252668,11.082805326482298,991.8441460001924
3705,948.873972502369,959.0944521034579,11.464341888832845,994.3138839502705
4455,1020.0992895107144,1030.0162519724167,12.43015279581884,1084.105757442557
3763,1039.4216531745308,1048.51234352299,13.73663561789322,1086.2592083564648
4113,1047.183021054092,1057.30570991952,11.214143479978699,1090.2061103312205
4153,1085.0288745075472,1097.524425364981,10.605658850568465,1110.3033963720304
4415,1093.3499445528792,1103.3710628496965,11.941281577553951,1114.0859640781973
4160,1097.1676530562174,1108.1920202301717,10.181472347124416,1171.3839630485743
3757,1127.4529322718001,1137.2335573401674,12.253976943658472,1174.078077059993
4475,1262.8899305195596,1272.323140304944,14.231144119286762,1281.2903882981514
3706,1311.2799733504858,1320.5615175536689,12.61855679945883,1356.0650875738916
3927,1313.2049562460325,1325.1264204902257,10.637758440024141,1359.0959134479103
4499,1359.4887683801753,1368.3091941449857,14.100143063970794,1377.4201915385104
4001,1399.060209546389,1407.4750404664032,15.028602610367852,1441.4608296962072
4090,1461.4389755212633,1471.3297707577053,12.484524531258414,1531.7309330311014
4107,1463.5265546207177,1473.0643292880611,12.809085544842405,1535.9383019847578
4477,1533.1601301779492,1543.5102991383612,12.07351864612826,1553.8164536200786
4146,1535.5811678020025,1545.491024017866,13.212711130511638,1555.622265369329
3765,1541.3439220799771,1551.4369412220688,12.64725372393652,1561.0226619686337
4802,1544.1015779680824,1553.1403745022703,13.001705464859151,1562.6851028773665
3761,1582.4627952544265,1592.3429576045157,12.541630493214479,1625.994271622684
3740,1588.499686414573,1598.3716284263728,12.505639290444655,1633.3668757150772
4082,1608.4971135248686,1619.1668494522182,11.43138026921239,1637.1281561548158
4401,1651.265226122382,1660.143318826862,13.797427379248697,1711.3771292933193
3744,1669.3956321180065,1679.1875753208667,12.431548260759177,1713.8967306897148
3926,1673.1386085800962,1682.566274272078,11.929626019633234,1716.0803269775777
4417,1717.259162453448,1728.2758067286172,10.679599451153772,1739.813449968043
4093,1718.9471896116886,1730.1156344962046,10.797957415560523,1741.6150227231424
4141,1725.5478300547622,1734.1595625994107,13.527933484969575,1743.690678112391
9216,1896.1988156885989,1908.448598728341,10.280409271311612,1921.0369394049042
9638,1901.8072888544398,1911.0431247695624,11.986015123875504,1922.8769264901973
9906,1903.870631670956,1914.2650319372378,10.767283294224868,1925.2554414724168
10278,1905.7885438241826,1916.172019640522,11.401508740593828,1927.1829971054929
9624,1917.6647846879482,1928.3914407384473,11.265571166198106,1986.017374996901
9897,1927.6723911858026,1937.2041305804858,12.70290815390964,1988.1715274076466
9234,1941.3372160941412,1951.1067314905245,13.115826980144504,1989.9501906846738
9254,1983.7071894999056,1993.4528545536398,12.915840318392526,2003.0403857695014
9614,2016.3930440474694,2026.0852906679258,13.050812686748225,2071.6341345732453
9559,2029.5505546950017,2038.2473985658978,14.89992523395777,2074.0888556556342
9427,2209.4026677648176,2218.0921892164697,14.565582698598346,2251.344146738841
9251,2254.0196877812946,2263.1575883767937,14.105546774052705,2271.950988926368
9194,2259.5620718260675,2269.2915991679415,13.353649027173946,2278.5107966167193
10290,2349.404110395079,2359.0186391906827,12.552085649303914,2368.9559307635773
9882,2368.2153067444196,2378.1312534543176,12.19206171867798,2431.4145020159904
9213,2442.1936922898476,2453.138476195555,10.890142781469892,2463.9649187570935
9248,2444.366099786622,2455.050400503545,11.81825001946208,2465.878287597431
9609,2479.2427581485776,2489.482216161927,11.356063523550448,2532.020680904178
9560,2484.102547802773,2494.0911858441827,12.453008977617001,2539.1213754717105
9558,2507.014933848393,2517.227539727828,11.950303413841137,2541.8176155291876
9566,2523.961611762771,2533.5686248652737,12.792150327766375,2546.363784987858
9177,2599.312517757963,2609.0648316481065,12.659403408022202,2620.712145162566
9140,2604.4926743056535,2615.252630675969,10.932162439714071,2626.3617196160476
9137,2606.3481603160253,2617.0969549285924,11.587520345773086,2628.130422980151
9573,2616.1927005257294,2624.003331457616,16.418106713534783,2631.633955679796
9189,2621.5599556425204,2635.246696361283,8.764477873124783,2701.4371445499087
9653,2624.6007865026113,2637.315332637837,8.601554533275426,2703.965977601499
9453,2663.085848329255,2672.2808928290615,13.367739971370398,2710.3243838641138
9600,2709.853237260073,2719.5225142552995,13.315028294410917,2729.1847965769184
9986,2727.9428380695863,2737.342689736109,12.611421900630335,2791.459580327094
9576,2749.397850734264,2761.0424231746374,9.671960325100926,2794.0509208524477
9554,2759.67080248316,2769.4004571007017,12.051802035658751,2804.291261406205
9241,2793.9353747203368,2803.324304183666,13.739920638105728,2812.6979989922233
9593,2799.4635727131063,2810.009285950768,12.076786395017006,2820.750513118438
9231,2805.1905724062863,2814.3440974018695,13.685336562192692,2823.2262775026393
10283,2819.226142661781,2827.1658071058905,14.882332190343844,2881.5787994022403
9978,2821.538698459084,2831.5269249906314,11.324263294589723,2884.219894790207
9414,2845.1477982619017,2855.0629003312047,12.32977908844056,2886.2885882758983
9203,2883.55095864069,2894.147282700789,10.574378344959285,2905.2176773605024
10280,2891.4963805307752,2901.5073737539306,11.470621330133714,2911.636878329081
9959,2899.9029319618576,2909.16858098417,13.408006506419717,2971.417180687097
9245,2931.630140260805,2942.266149542197,11.581834154464454,2980.0429028714084
9598,2933.529373817273,2944.1964439943304,11.681156412830223,2981.934063113163
9421,2935.372840688808,2946.037966903241,11.279555379663341,2983.8144175070615
9652,2973.1077164752505,2984.3401149964184,10.747312947547105,2995.8527332517115
9581,2980.1801678506263,2989.3959798869505,13.986469506588833,2998.5869124584674
9577,2986.669867706963,2996.132519305937,13.809755709463067,3005.365322395556
9989,2996.771110243462,3005.065049415991,14.034834412145177,3064.2707041618096
9599,3021.715847928587,3031.488600699137,13.114747211561085,3066.52945098151
9488,3023.8410965601543,3033.15490852676,12.045746282808743,3068.637564484094
9567,3025.629405834394,3035.5632367492112,11.902437874316538,3070.55003620886
9125,3099.6725240675914,3110.0232393297706,11.347582128609078,3151.5246402602575
7239,3163.7696117502037,3172.4946157387817,12.514308862013928,3183.3409951824824
9236,3199.2417149335024,3209.3064213023954,12.242564483500217,3244.732032348121
9480,3201.3910566542468,3212.1718762019464,11.057233432360253,3247.107787550074
9224,3252.1708944310094,3262.457241648304,12.192952079504623,3272.43993282903
9617,3257.1395017322047,3266.189825044237,13.24727564065395,3274.97456001841
9943,3259.8727192308907,3269.2636356242683,13.97263592853511,3332.3224779395437
9169,3266.3615657815817,3275.397637489294,13.678986630542989,3337.086643099909
9181,3268.305110477417,3277.156540716163,13.951490136160793,3339.416202030925
9976,3280.929690130768,3291.2844711417347,11.819211104647808,3341.8450984844703
8695,3281.7834575165443,3293.0774066903846,11.706494349123478,3343.7436765866078
8701,3333.933624215888,3342.377872056381,14.299381225601321,3353.769799287901
8023,3340.628738746037,3349.0475911137846,15.31415594584254,3358.1621431095177
9222,3347.362632193522,3357.3498454767846,13.156623841072758,3366.8974599531716
9958,3367.569494024091,3378.2219274094628,10.930202100186872,3426.9001718569302
9616,3386.1809762377443,3396.381106540155,11.612090301487033,3428.8864907116645
9654,3427.1380456505603,3436.370737705586,13.689382940744963,3445.7412693802908
9864,3429.316894153752,3438.419816607194,12.818648569036233,3447.8763030260475
9939,3431.1279296526295,3440.177086059063,13.533940220997307,3449.5893968898777
9232,3435.2867178644397,3444.224030158729,13.91256710339255,3453.459317381035
9458,3471.0767360943382,3481.1482342270347,12.30011295120664,3511.5512506078812
9608,3477.3375465540075,3487.1246315434846,13.0067394601951,3516.497763694454
9918,3517.442303583826,3526.087348345573,14.0870254352693,3534.699373458579
10282,3535.143803558038,3545.4019378536223,11.600301405998277,3601.6284591593776
9606,3651.4644448257473,3661.50197582226,11.434041969877061,3691.8457455662365
14972,3747.1675893753327,3757.023833334186,12.260291151606218,3788.58206696654
14990,3753.3060949832097,3763.047068713412,12.33124614252313,3795.0714508391216
15148,3789.076910208265,3799.195283651707,12.408707065365755,3809.4604660732475
15513,3794.309118416631,3802.1437447592366,15.556689540243132,3811.30371100354
15445,3799.3520955971376,3807.4941124182483,15.011013361179435,3815.99453376981
14991,3837.8873509510167,3847.2979399599144,13.512056276485604,3874.0889462280647
14673,3873.717336911029,3884.235960503075,11.735418192307296,3895.19774136259
15468,3877.027353652316,3888.3658862893562,11.205000787922486,3900.1019575090736
15515,3890.2402878827515,3899.313314913449,13.986000690046504,3961.5050006547717
14722,3921.2488393977756,3931.4420382559647,11.196563934251952,3966.075406219908
15092,3964.053907428661,3974.5494826111258,11.42346316095453,3985.2903069211175
15068,3975.093461146525,3985.5141023761275,11.328208358970135,3995.9371328467987
15087,3980.313644772426,3991.5069954010323,10.93676846889933,4051.3138622028628
15081,3989.683662223216,4000.0305014324263,11.572541597907698,4058.5589501146756
15444,3994.751543523572,4004.4304549561857,13.142292755741067,4061.192580987039
14982,4009.25977926751,4019.0981282656658,11.859147528833097,4065.9287914917913
15141,4059.8243784269516,4069.348795441553,12.22612374751222,4079.3697096384694
15082,4062.0435701098477,4072.0677922898717,12.180169835884216,4082.281184000637
15137,4071.2379481888925,4081.1477446216522,12.612924721781377,4141.665158182952
5898,4089.053461291042,4097.634902492311,14.074281702448285,4144.357773683838
14966,4098.9795281424,4109.208481896944,11.374599098924099,4146.7086530380475
15125,4100.822739751357,4111.084558780166,11.340698170402796,4148.753555919315
15154,4154.9925230564,4167.205055533665,9.780081881390709,4231.5271294057375
14760,4191.115294880992,4201.197917471658,11.699848505161924,4241.311364370601
14723,4241.043826291028,4251.542225508335,11.756625204819745,4262.784269594757
15477,4242.993573397557,4257.221988333113,8.568250546525203,4321.669048431261
15446,4245.122824137198,4259.316245948234,9.403326253252683,4324.1327520609475
15412,4248.802509583492,4261.373312447934,8.375538998411244,4326.615406510719
15458,4256.172731104589,4264.197817856054,11.406949814125767,4328.582478191989
15079,4326.070928380645,4335.275716535937,12.792622815564526,4344.473624118217
14715,4461.662856678405,4471.390261764887,12.249812906777443,4501.609701857327
14910,4463.995895724667,4473.306365246436,12.582041290719298,4504.192213810461
14746,4465.842691612487,4475.120318045775,13.17596080702999,4506.519462032115
14742,4518.0402986586805,4527.462208425792,13.473792270387122,4536.794291756862
15121,4553.642860552913,4564.090522016866,11.84717508503099,4594.1207267689015
15480,4595.285409923783,4607.222662262121,10.338318693728038,4619.168443048104
15093,4598.225158311859,4609.164768689169,10.953164809487616,4620.873759066608
15133,4606.44835104504,4616.484153074787,11.091997681910755,4627.125147292523
14724,4638.991700154569,4648.14915814211,13.961470873445702,4681.505590831806
14947,4641.160570007227,4650.289150049972,12.910365977843233,4684.1782030723325
15084,4685.968195927832,4696.320885843511,11.874922558460218,4707.100461306719
15129,4692.7732151805,4702.028600796702,13.31786351380327,4711.14398783707
14747,4698.786932654702,4708.299247731011,13.114842375513915,4717.666609105988
15143,4702.013270645598,4712.282682801204,13.063061972376543,4771.45092210584
15462,4704.280054043191,4714.0423708707185,12.84553947562255,4774.207661542923
15128,4731.029478213489,4743.001860325161,10.412596441654294,4780.621719176718
14729,4773.859950701176,4782.347339720418,16.133661119367265,4790.143235363221
14648,4790.91907761469,4800.089050341433,12.867114096033076,4861.718320100466
15807,4805.173389810328,4814.270214839665,13.36481229157149,4864.6525368718485
15066,4809.433652135251,4819.074460110414,12.590162227260372,4867.011871592806
14751,4911.704045814926,4921.055043569931,13.649310694092275,4951.330918211515
14710,4917.968357292607,4929.00100671426,11.375552035368456,4953.924185950407
15476,4958.239368554713,4967.469443847882,13.418031847741501,4976.70492164083
15131,4970.054781707098,4978.526031287082,13.692341623439575,4987.473853920437
14736,4998.8879731662355,5012.342967901896,8.769826026232982,5041.726904055831
14764,5046.861011464089,5057.07849224635,12.228955038624916,5067.387954601341
14709,5052.631920568765,5062.252747690393,12.668751602773572,5071.707955267777
14629,5056.756762781952,5067.012712235983,11.732128346426556,5077.9131305790015
15164,5059.897190271115,5069.258301507174,12.162686651861415,5131.3866812769875
14997,5089.415286599994,5098.385808122249,13.695102284798322,5138.416241361742
14714,5091.50630950414,5101.385554039065,11.757300285081083,5140.766308996969
14995,5093.369728766695,5103.168398738036,12.1355246008445,5142.563494253477
14702,5134.014640428381,5144.429743067148,12.13190081191204,5154.948772512753
15470,5137.095550857977,5147.106775548629,12.336299936596195,5156.796393491369
15503,5139.17517653793,5150.18634419852,11.026200868084203,5161.8580115925415
15448,5141.308341756926,5152.006285958223,11.10445590396858,5163.827237183602
15070,5206.4879731764295,5215.357386842885,12.859828549106608,5224.7809245733215
15420,5223.0499320497265,5233.006204682455,12.310492551319845,5242.577238737182
14739,5227.808991294481,5237.3216907882925,12.370195775389453,5247.100036980733
11418,5301.337918216553,5309.095362059956,15.45348585913141,5319.429661096049
14645,5305.564123061113,5315.125702003644,11.908825861830739,5325.16005971377
14720,5313.783439902591,5323.238039893584,13.39629260940542,5332.7882572269245
14743,5327.95653938196,5339.039659934096,11.687194140858582,5401.468247198287
15073,5350.006019523833,5359.397773060845,13.022510877430758,5404.248952039719
14745,5403.914801928003,5415.31237201469,10.517506550302407,5427.076652062376
15482,5412.815944752947,5422.515039206238,11.861483868210849,5432.67349480346
15382,5414.653256442884,5424.3575602065785,12.075551405687929,5434.390257693648
20883,5422.339727112544,5432.306949283228,11.821834084462804,5496.368474925147
20453,5452.215894869775,5464.424133757154,9.897499437235128,5503.110766559777
20599,5494.322802725011,5505.0792060890235,11.035987642843487,5516.028671903451
20925,5496.546468007045,5507.01142356183,10.829529991611984,5517.82997784206
20933,5520.120406124107,5529.205932195671,13.737610611383447,5581.65618797543
20929,5531.232715538125,5540.288919943609,13.502959932005151,5584.346589076204
20565,5543.414431764529,5553.092412500284,12.942090319902368,5586.545034790201
20901,5583.1192895231125,5592.237114095301,14.093501016094363,5600.88352961392
20572,5585.921190176302,5595.044245608162,13.463742993977677,5603.959181538562
20238,5591.0566185132275,5601.337940912368,12.010229755172437,5612.211123243134
20614,5613.534560727796,5624.156130859001,10.604767905441474,5671.5968385866745
20576,5615.327904097741,5626.041610634206,11.062066896406119,5677.140711272347
20637,5691.605600002617,5701.287672401938,12.829848869542158,5761.644067202348
20982,5693.4223531552325,5703.112124176265,12.532926312768467,5767.04495034853
20960,5765.502778799044,5776.313717626373,11.459764200544416,5787.127595503215
20936,5767.681717843378,5778.1922847001415,11.298799295256602,5788.864189074469
20229,5809.264062228674,5819.46801488211,11.827971904294536,5856.580411310147
20249,5811.323706455429,5822.257638828519,10.963163513785437,5858.893701060961
20616,5813.283474724413,5824.074227490119,11.230255128224119,5871.388990346312
20983,5861.053457924002,5871.084852027115,12.649168776261924,5886.151995180886
20130,5871.731073269865,5881.089238796436,12.37646760130448,5941.3078283065115
20990,5955.577660067165,5965.049924138932,12.765844362944872,5974.7275901891835
21297,5959.469053469615,5970.439180777847,11.356992537191262,6031.359641321918
20491,5989.140131214367,5999.264428554264,12.582659507191504,6036.146427820895
20948,6051.27809641101,6061.064093513093,13.526448341175568,6124.06436972689
20997,6058.686039330872,6067.349782095954,13.620815067046223,6126.238257210576
20594,6125.376274461284,6135.398260056097,11.674297879812439,6146.706692507449
20972,6214.841730991912,6225.546854170817,11.588231743238905,6236.461113909812
20162,6219.38894140107,6228.545168877195,12.962049932424225,6238.227635935081
20591,6225.823335924377,6237.061058540415,11.414914968167125,6301.564799552804
20950,6229.3905253081875,6239.173724607812,11.873982756800606,6305.654177143851
21301,6231.603500075743,6241.557859038397,12.748307800425428,6308.319357263312
20164,6236.853837371086,6246.565556026265,12.515933370966753,6310.416494645183
20563,6259.0266968213555,6268.154142990415,13.135807453165512,6314.540114198853
20621,6261.05190882739,6270.192972606047,12.945739597645067,6316.304461536289
20462,6267.100303828884,6276.28009234692,14.383683646891042,6318.0840854919325
20445,6269.21217727484,6278.262528464957,14.276909371789895,6320.717154906759
20590,6273.0390821463025,6281.175623889928,15.058134434070388,6322.730412361892
20611,6326.072751160483,6335.468079624366,14.672549899380723,6394.530320220521
20910,6401.133203002857,6410.472456066312,13.179374120603788,6420.302640524758
20592,6438.6809388868905,6449.292765361059,11.588035002366567,6481.706427235172
20609,6443.150024151475,6454.513960981378,10.410709196291947,6488.3113153662325
20257,6445.438594176391,6456.477783003284,10.09566268365561,6491.407331444917
20631,6482.987044653566,6494.311735427263,11.146554813485814,6505.559391835381
20622,6485.518960750951,6496.192188772359,10.893671965714288,6507.325273635013
20262,6490.845287904599,6501.359027967605,11.587089483712578,6512.224316373993
20245,6539.447701294746,6549.405783136835,12.0314535519327,6576.314394717178
20202,6576.032361875045,6584.619491060668,14.805324497606847,6593.1941554987925
21293,6580.952680036512,6591.003497126714,12.387876161396008,6601.110529321249
21296,6585.06887777885,6595.097194499312,11.192889429509709,6605.739839523225
20558,6713.118934709686,6724.118500706646,10.658094565572839,6761.457477292333
20600,6802.372364428677,6813.020233003903,11.260978784964191,6843.745129592751
20964,6847.407365579658,6855.390554832473,15.934685375249092,6863.236661688824
20234,6888.928900670239,6897.643657712914,15.150040444260522,6938.191668103842
20450,6890.937821065922,6900.0266367306285,13.884706333797286,6940.290934635956
20947,6936.882139396162,6946.514082530247,13.853091357782072,6955.558785127266
20893,6945.147038852069,6954.017016443038,13.711887158903414,6963.2676946002375
21280,7035.277327142874,7045.328366332914,11.811266980223099,7056.544375135554
20573,7070.945700267747,7081.140558415075,12.224850391480611,7136.176923133389
20564,7113.694722113431,7123.516940092913,12.289148363049476,7140.469615465895
20250,7125.646115894533,7135.594426694052,13.28904727187042,7145.683471712045
20219,7128.4378315754975,7137.635902390862,13.874192295222178,7149.46421794403
20866,7132.1442033779695,7141.547304734346,13.815652000544695,7230.2714849988615
20207,7159.3590750836975,7170.125597221283,10.937749866871563,7233.388629287837
20411,7161.573031015225,7175.127445659442,8.125518077564776,7235.813616323048
20214,7207.318793663766,7217.101088988589,12.367621779320542,7237.947728724774
20248,7220.243883295685,7229.295479216511,13.766458979647014,7314.696728308723
20131,7226.455266377672,7237.172619461737,10.912591975822425,7321.074249315847
20575,7228.398260527388,7239.112699173006,10.487732733509477,7327.288086945352
20585,7258.73216356373,7267.510880461912,13.14215565048704,7383.6567238178795
16533,7303.41543511448,7312.135039572339,13.475865351716093,7403.44167912564
20186,7320.599691337866,7332.255727387368,9.57157066943686,7411.699034728768
16893,7485.141520064063,7494.491133830318,12.09013547822228,7504.361759119793
16874,8026.019820678956,8036.501050366964,11.42840580865133,8047.471600846014
