1951,209.11939938841533,210.3697670037511,12.373761202844712,212.58960224106485
2170,211.14476072330558,212.36582969660336,12.826876386883802,214.54072766053793
1956,212.9525901231222,214.11751473947052,13.693926873583466,216.25532128013307
823,275.8517647905836,277.2812416045943,11.092860117317114,279.82934825042213
758,277.7456748203746,279.2061579737672,11.663847479962758,281.61989645365395
2187,298.1753631264109,299.35183027127255,12.739548791505342,301.55049111002836
2235,300.01524583919075,301.19116633607507,13.263189643238258,303.36628124456655
2222,379.21003341539273,380.48161652965166,12.102688494853727,382.9520890948764
1938,395.65161027062464,397.05073424453406,11.961907700613247,399.5181233667383
4855,460.8805257880393,462.3016010697978,11.160620551271307,464.7957677455806
1459,465.92437744100823,467.08175656600974,13.760760225086848,469.20154285048403
564,470.1983954796585,471.5292413168721,12.595107072664788,473.93714372536056
757,472.1208239853138,473.33937578717314,12.005631429709707,475.8181819277215
1243,476.1561213319939,477.53394241366374,11.313429774466526,480.0379985124631
2732,477.9781041042991,479.34575037129287,12.434694493928912,481.9152541924619
2701,480.1315007106089,481.53075701602006,10.819976958903274,484.09419652521217
2687,482.8714252236749,484.0933156849278,12.413730986319369,486.37351772591995
1930,488.09580523772814,489.3034584944406,12.321291998792804,491.5185765312087
4923,561.9788931607058,563.3035632392698,12.215013082333014,565.7339040587606
1251,633.6109671378381,635.3492951931269,9.131124808596857,638.2833874544567
824,635.7728032201661,637.3386729321512,10.852261055683922,640.1601956903531
4875,649.2711107318338,650.4105917840056,14.252548991759111,652.4137040735204
2655,655.2983219476171,656.3131114934313,15.300863081669357,658.2544935377565
4879,661.9191002817186,663.0275432581071,14.840048948206263,664.9784307252827
820,664.1310031391915,665.3064145704125,13.309478783627327,667.3789580494565
2209,741.6716682619291,743.1521678927426,10.237727179969529,745.8439496562063
4942,813.6522368585345,815.3153798652228,11.719023886555254,817.9075702796422
2666,816.0572583224003,817.4943095629211,11.775909450638755,819.9148503353324
1946,903.4175783230565,905.0529833489923,11.739745979617767,907.4054420289114
2009,906.1178077374522,907.5453317209376,11.270290382449483,910.0023092697862
893,907.872339034843,909.3143605779206,12.206200282584234,911.7450275277372
827,909.83450581571,911.1538071395045,11.563641238429957,913.6032474410429
821,918.926667602895,920.3635338262812,11.593287256029003,922.908956943802
2219,933.7438735006821,935.0890677115173,11.045155094069743,937.6357127424218
1944,935.6158218273811,937.0262218936613,11.329221863829467,939.4995497329394
2709,948.8250232084605,950.3880536813267,11.413888588736127,952.6611886935109
4921,950.9401508582653,952.3745813432674,11.725083966839552,954.7398802405995
803,1002.4830418848886,1004.0028954404881,13.790522867651209,1006.0440716040805
1945,1004.6233661016701,1006.1078360432689,11.131744963696308,1008.7662956476784
1230,1006.5505797953622,1008.0867376618087,10.455474200956596,1010.7918809457473
4911,1021.4268548692852,1022.6030142327259,13.916655841062935,1024.7298414406766
2669,1046.2932456686535,1047.5504337503858,11.829326374932709,1049.8608491823027
1981,1050.66481804727,1052.171725398543,10.190408762960281,1054.8243538558138
4171,1055.2086155026266,1056.5266384260958,11.75044677365536,1058.9043602714191
4873,1128.6072908614242,1130.1879880415747,12.355519973697312,1132.4590733616958
765,1175.6918444523408,1177.1938650740583,12.38942904004767,1179.4310178738035
2663,1220.615946515437,1222.1475135477153,10.133516611923538,1224.814992111083
1915,1222.5251782351868,1224.0473593843938,9.95516418131652,1226.7719595287394
1989,1224.694314705438,1226.095573511513,11.834782293884501,1228.701714808275
1919,1282.927755048517,1284.212938235635,12.398085980165106,1286.5317463214217
4894,1353.6386982617148,1355.1697101645163,12.072738353000238,1357.4770512951816
793,1367.1296708096154,1368.5621292332344,11.750928652765555,1370.7237291407196
2671,1373.275216039863,1374.5095008584383,12.180029427465913,1376.859105478327
4929,1375.1733949325555,1376.3753003910017,12.535113768444424,1378.6920431139783
535,1376.967299185885,1378.2377958824693,11.962959465072315,1380.5039602820518
4924,1443.667830723898,1445.2745565069267,11.605925949293312,1447.4481215779722
771,1445.9511579868413,1447.4477985612352,10.47267793924498,1450.1231151997304
1917,1463.9922182352634,1465.4090126075312,12.639695037576598,1467.5882839803742
542,1466.260046143237,1467.5673509192488,12.889002849358963,1469.864939194635
2711,1475.2424714838241,1476.4981059074523,13.22157797583289,1478.7829126949173
4920,1477.083820955846,1478.3769014359373,12.63067940245446,1480.6575129375217
4893,1533.9567523390992,1535.5210390075028,11.636013330868419,1537.655657401979
1966,1536.4573819246032,1538.087813927526,12.47528626964498,1540.1732053227563
4214,1550.8532659395898,1552.4361055793918,10.467172612635785,1555.219704932574
4263,1579.2009343870081,1581.02512767149,11.710551015638154,1583.3076405352656
4177,1600.9958627602296,1602.4125960199171,10.854875388779448,1604.9594789332236
550,1623.7528216003334,1625.3250664635136,11.612050976029842,1627.8091701405926
769,1625.932063624024,1627.3168422067188,12.428994596336887,1629.7352849774322
5202,1631.9909812469261,1633.0771981737103,15.068436965999101,1634.9610298563616
5282,1637.117870097752,1638.4449366002673,11.947268473067675,1640.784426988706
1937,1639.070370743478,1640.310530426844,12.108849147356121,1642.6620582775583
2740,1668.869863804706,1670.47637247633,11.10796561592895,1672.740949452001
5255,1671.0758238053031,1672.5139231870285,12.262006641020646,1674.5911628655938
4526,1682.951035136675,1684.1609830892987,12.289330459116757,1686.431797385408
819,1713.4474033374863,1715.0172552976092,11.082802464560052,1717.6489062368787
788,1715.5791306855758,1717.0997129735854,11.45397393791522,1719.7045142371935
2220,1738.2093875612177,1739.549265660713,11.730301226401613,1741.9776404708277
2670,1758.6889723432905,1760.2233868731962,12.690245014799062,1762.2887515082218
4865,1761.026831985797,1762.489588971154,11.950227175638034,1764.8027932907194
4242,1762.9031565864605,1764.3020879081068,11.556564608672259,1766.6998105259568
4220,1764.7711603797297,1766.1064578994562,12.120085414769116,1768.5448609717196
816,1803.7309658387737,1805.4336482868487,10.709047451101737,1807.7105628104587
1964,1826.7302653124043,1828.0318844464452,11.696796431867062,1830.438639145302
1974,1832.8250608878893,1834.2802743266357,11.164298712590393,1836.9288772462291
1960,1834.6944242074032,1836.171485395312,11.287446033219336,1838.7511078803116
2002,1848.572818678913,1850.1844170399097,12.136933925709757,1852.578554333406
4212,1850.960299908322,1852.322558615802,13.37695569489445,1854.531667375493
4219,1957.0929409257267,1958.3171337136048,13.02644995504701,1960.5725661359597
1977,1959.7257784078051,1961.0368732675709,11.915967963011372,1963.422543460878
2673,1962.959895308071,1964.380728380845,10.319103049192188,1967.0540955435058
1244,1993.7868956972109,1995.0673278323975,11.927041648494988,1997.4888583431177
4915,2043.8165193920374,2045.1192917761477,11.80268953743072,2047.5501109290647
4189,2047.341897448172,2048.5927532078,12.383093282206064,2051.03047964648
2691,2049.9025203580486,2051.208275482011,11.687805121275595,2053.6910807970603
2000,2051.6831932748,2053.0275495173614,12.156366728874282,2055.5172303771064
4226,2056.9997142283855,2058.4816571623883,11.640661643101689,2060.914979502
1948,2079.5573596895656,2080.627644606292,14.912853339778804,2082.5774369021406
7675,2101.073116664294,2102.3066097838555,12.322316282462495,2104.529501344307
7694,2102.926293376626,2104.218501743963,12.99316745630677,2106.4479314288383
7478,2104.7943773601633,2106.0393213606467,12.996137275287614,2108.243237783868
6294,2267.8397636501586,2269.3749672796184,11.116064025932857,2271.9178164618324
7489,2270.1816391780476,2271.568127118509,12.322566048769886,2273.974542287465
6320,2272.805380606311,2274.098318218115,11.996959910086328,2276.4915871292264
7428,2280.671577434109,2282.0210547636693,11.708900784692009,2284.5635634815344
6751,2288.2339467026673,2289.548078902294,11.443834020262791,2292.274892568016
6039,2345.8574958163963,2347.2608753509476,11.275772710790822,2349.711847415894
6272,2347.792457337357,2349.260509442276,10.5647224478937,2351.98380659588
6284,2349.7382406187266,2351.1962630250623,11.10160925854862,2353.9607131762546
6731,2356.84654807726,2358.3359067639954,10.529748009697823,2360.986216494437
8144,2358.8523466811957,2360.3034060666487,11.010276551823539,2362.8649988631632
6329,2438.08433297247,2439.437810399397,11.69671972104069,2441.9301232490484
6417,2439.981358126601,2441.369958085282,11.311491457887335,2443.993786224272
6390,2441.7245348645915,2443.125703469312,10.476939080505831,2445.802349780866
6396,2443.6796543639016,2445.0385514088457,10.721807585988605,2447.7452502398046
2946,2481.070486560292,2482.435541265785,12.044797779895882,2484.7337112149244
2723,2482.8936402023996,2484.16271233662,12.129563735232665,2486.523907775952
7454,2484.9387127517048,2486.349284758724,11.611041399120765,2488.937345995383
10764,2486.7274431082733,2488.0783116481052,10.390363814721562,2490.831284676928
6317,2523.652779596217,2525.2137275831465,11.942484605201377,2527.575050159909
6059,2526.0335314929043,2527.3979303062933,13.215904339319247,2529.5061253801973
10740,2550.1322079693355,2551.3874377194948,12.122835174208525,2553.735820581383
7433,2552.2329828341317,2553.5351319700244,12.616322593875628,2555.812331771273
7429,2554.049560968642,2555.3185815533143,11.724496367509113,2557.6453629036027
9691,2572.9617869737585,2574.2926029732484,13.342232614965294,2576.433233456922
10737,2574.888961193324,2576.2903222913637,11.893978828538485,2578.775808450374
8155,2583.2638865798513,2585.0195716806343,9.273459933655756,2588.1285533197533
8240,2585.3958083184384,2587.0581130691185,9.05511227624886,2590.1769794131437
8200,2587.3236803766813,2589.0609381042236,9.606184765173326,2592.186276367219
8423,2589.3961247637567,2591.1019711477757,8.929552343337281,2594.2679489568445
7737,2591.4343428701936,2593.1539534368476,9.227670369917412,2596.1329395802973
10413,2594.8865272441326,2596.2157101456246,11.749121269929176,2598.7300957433836
6271,2613.6935877501946,2615.2277888292824,12.634242224338978,2617.3245765125703
6267,2632.079536407015,2633.204482643335,14.565853539914578,2635.1901747344787
6307,2634.115148677289,2635.5093069110453,11.671673802440859,2637.9854331854067
7481,2640.7323362203656,2642.003885651878,11.586831445504005,2644.4053358938404
7417,2729.869402924067,2731.371248894323,10.889595428457028,2734.1139785214546
7452,2731.7828579355205,2733.2807666248787,10.629643747736019,2736.0958916483714
7412,2733.7122963347674,2735.2216205290665,10.591204003441522,2738.011105619088
6300,2803.1671671520594,2804.3133998366284,12.89854731559068,2806.504468005487
6038,2805.067428319732,2806.319124212733,12.919683527648951,2808.5218139501885
6328,2899.096637861707,2900.267179687775,13.230755937715184,2902.3781808044973
7482,2914.2054431329884,2915.5031893774576,11.22200251451128,2917.8768399863443
7443,2916.062688522484,2917.3654112306117,12.809588016263978,2919.8231095700735
8232,2973.69116310829,2975.2935377971853,11.84814683103886,2977.44750955379
6311,2975.8037001402586,2977.256087470529,12.388999423300818,2979.6241409250547
6293,2989.6853205195325,2991.197392644132,10.900690329797419,2993.9215771866143
6052,3006.069344109969,3007.415478521889,11.467529093421469,3009.9354033699847
6306,3008.250421530894,3009.5887781224988,12.405365192187878,3011.8655637807396
7483,3063.4817850218787,3065.124250322569,9.150218312986723,3068.0836773641518
7449,3065.6912595779804,3067.298908777909,10.387102215095581,3070.046080154054
8187,3067.672791334536,3069.1374929207113,10.682631265950944,3071.964699227167
6069,3069.719108361766,3071.2300044859257,10.869216028827063,3074.04528473159
6050,3071.658034657327,3073.0517602521472,10.631885501953413,3076.063423153484
8139,3075.291881852772,3076.4280680583433,13.301784630237426,3078.5412356117113
10356,3077.2597936041593,3078.5254545246826,12.751284818475273,3080.809470393191
6332,3079.079296070602,3080.32925575896,12.460550189531945,3082.5638861081666
7511,3096.904051821924,3098.1102594427666,13.821437665970953,3100.265750644131
10428,3115.264280877551,3116.479663975658,13.184966420218192,3118.758369587902
8159,3119.4089016068187,3121.104990495857,9.561427527206806,3124.1353208864066
9728,3121.5207163940654,3123.1649635310805,9.421736362187412,3126.1689323122905
9689,3131.867717736938,3133.467094189197,9.581162683284532,3136.268291141584
6939,3153.702201311876,3155.19092643189,12.19092855388519,3157.638780390753
8443,3177.249544307382,3178.449168405768,12.875044665981838,3180.577392082991
7002,3183.2244597899517,3184.274062990372,14.999112247798667,3186.1539314238594
6063,3243.697381456685,3245.2719287724613,11.378425014354649,3247.6597958924017
8164,3245.609896224008,3247.1012269566204,11.830452006596063,3249.552931958086
6303,3247.7243665189167,3249.182633867785,10.953622375811788,3251.7947680986535
6282,3250.0347127483947,3251.303205122172,12.299745255862183,3253.8167990066895
6253,3251.7976682612884,3253.1346379894903,11.317777848549815,3255.7023161060774
10724,3253.7985370067977,3255.0937978145407,10.29796747507984,3257.5648269592925
6269,3260.8380907624028,3262.2027333998008,11.41371289245328,3264.844761309974
9742,3307.876880418482,3309.477224230344,9.819860636945808,3312.3146511224177
9670,3311.8526336160294,3313.476074298288,10.801620086033708,3316.154445917721
9677,3313.762594417499,3315.2915785384484,11.269539940481351,3317.9580235140998
10741,3333.4496192959127,3335.0482288661547,12.17231142317672,3337.234661158505
6060,3432.2209884797417,3433.3287823203323,14.76545502584597,3435.1757972267533
8175,3474.2092946500156,3475.5487379774313,11.370737268577358,3478.0358744938
7440,3513.5750153055187,3515.0429050179164,12.407663599548323,3517.392153791287
7501,3518.0729247444156,3519.465447939701,12.825113106724102,3521.805343912483
6257,3538.331114716756,3539.484145039335,13.657002620975668,3541.610799973366
6976,3603.7539931840683,3605.296187023775,11.91707102130626,3607.566082565946
7725,3605.866861191508,3607.2114384975134,13.960651214306665,3609.3187056698307
6393,3607.7857501772373,3609.1479163828435,11.989038700604816,3611.5815603932297
8471,3630.0143350336944,3631.3578452405577,12.376545498548287,3633.647627303313
6456,3651.043356261022,3652.430501040762,12.840429149192433,3654.703389057639
7707,3700.1252138829,3701.4916503761447,11.502704122404179,3703.8409415159135
7666,3704.195046286746,3705.5504761951925,12.379445895756003,3707.9548733228953
6756,3716.5280289720104,3717.553424175329,15.072827617303748,3719.3987487110253
10352,3724.1091987879026,3725.5243866185097,11.023723129613142,3728.1726543813434
7431,3726.0344401090633,3727.4220716545947,11.663850266464497,3729.9886529841883
7682,3798.0491997557183,3799.562524977046,11.57037649195125,3801.6982225088573
8451,3807.545122035131,3809.0432902373736,10.91893176493153,3811.7221977166623
11747,3873.524370661146,3875.1332099117694,12.762370134238227,3877.1944755015684
9656,3942.930816830116,3944.41065906538,10.371128086121923,3947.2359197638657
9659,3944.847234079613,3946.2914678621178,10.240008115975137,3949.0125339251013
9729,3946.629900852008,3948.183945754323,9.787253220065534,3950.974335803526
9701,3948.515960055493,3950.0855698597406,11.484099007380232,3952.809226911199
11902,3968.178067231106,3969.4713015990487,12.716514905448696,3971.6505256035525
11852,3974.1345683754544,3975.5111431157243,11.019962161005173,3978.2020103314276
11552,3977.9970715802187,3979.2742796619486,12.990506132599965,3981.5233448572003
11764,3979.798152902001,3981.030137684843,12.155193420312273,3983.297961795152
12924,3983.6224264199295,3985.202817155636,9.527657192426368,3988.0864550575743
12993,3990.9817016405154,3992.377958218642,11.500799432081788,3994.8913336867063
7695,4013.314656278841,4014.5305941487622,13.784789066656325,4016.5219792671287
10782,4019.362268058104,4020.561247402173,13.299057185042003,4022.7370879373325
8416,4053.456073526199,4055.0277287147364,11.560255606479188,4057.4081887901048
11804,4087.979028300915,4089.1002851807484,14.729230039344836,4091.030483705017
11548,4163.6439336794565,4165.215889828387,11.59875173857086,4167.451226246538
11787,4165.991029168263,4167.42519156854,12.681036317675387,4169.625249897417
10430,4170.005746252317,4171.452617289668,10.720034717650574,4174.387877605549
11757,4176.644714951629,4178.322952504816,9.825133352169898,4181.197852472862
10377,4178.6675151224,4180.288661958605,10.752702781747459,4183.185845320131
8225,4191.570971864239,4193.128157301973,11.943440357573506,4195.434021363556
15198,4197.206761648182,4198.418952820122,13.069806876978992,4200.7430548712755
13001,4199.170082170351,4200.352815334461,12.314079976639642,4202.61974055609
10374,4233.612074158355,4235.221147100196,11.885328399620846,4237.483668257146
12973,4235.639427271039,4237.126801560602,10.548003961863003,4239.729044797086
11567,4253.242569985178,4254.554038916332,13.296421727058453,4256.679357728962
12970,4255.71764147385,4257.123031735511,12.040989981953174,4259.478176287594
11755,4343.759670767352,4345.224041929901,11.834855312099206,4347.593650982599
12929,4345.897249740994,4347.128647627541,12.433032534564253,4349.460193926962
11751,4413.7442507065025,4415.285742221366,12.27778089092084,4417.3198964852345
12984,4537.10362674166,4538.409475127114,12.448256010320945,4540.7179141822
13217,4548.705841497743,4550.331561751979,11.25195174998128,4552.504251779974
13642,4567.819423802898,4569.123410629049,12.608102426549197,4571.387820209449
11798,4593.830312123886,4595.501912830503,10.72889800264229,4597.808488592459
12492,4606.099880052647,4607.417331375123,12.314121167259847,4609.860541221711
13181,4608.086244796904,4609.375215423337,11.918903008469357,4611.702809779261
13245,4609.748694983738,4611.1492867240595,11.415626209766389,4613.618782674906
12967,4627.373671809924,4628.599088709886,12.900511160700198,4630.837414759824
15254,4668.998669131176,4670.363605248954,11.275898130349493,4672.753592131043
13977,4683.7427192249515,4685.328302683163,11.810889347929368,4687.665866218562
13952,4700.449832331891,4702.0323333117485,12.754662778514167,4704.177855491419
15854,4702.432052235221,4704.036217073216,9.4680970799672,4706.956629119711
13654,4712.862343393153,4714.2464176127105,11.834292456116009,4716.654459929558
13166,4715.798707182851,4717.3034663065755,10.144684669496508,4720.06221817582
15238,4728.611514796751,4730.170268423742,12.295530110386048,4732.471186613188
15867,4730.887814401696,4732.381409969441,12.175871657431363,4734.704192759095
15218,4732.958092530947,4734.25149867694,12.270503067848635,4736.633871579585
15169,4734.894186486188,4736.165753916385,11.690640295985544,4738.549795729947
15907,4802.416947871428,4804.277809356066,7.824039801540905,4807.887860805347
15918,4821.1949226248835,4822.554235723725,12.98368617607807,4824.813723396727
15895,4823.172070922141,4824.53579981372,12.6503575654618,4826.683669158949
15228,4825.080463988414,4826.25983362127,13.470897765610747,4828.421038125348
12947,4863.480930847439,4865.1433746906905,9.851287420882844,4868.114967197111
13169,4865.663420407626,4867.255504069451,9.849381948416484,4870.126385363185
11825,4867.9109973780505,4869.337414783802,11.503012511894616,4872.1811886009755
11785,4870.0103702363485,4871.4320058755375,11.402204399629085,4874.1836575448815
16260,4878.445857818133,4880.2118901398135,9.352176881920133,4883.42536627156
12968,4889.652727948753,4891.068377607356,13.001536492061113,4893.198211407036
12495,4893.208770533922,4894.464304689633,13.012510074512532,4896.84575253007
13253,4898.164037223283,4899.443444033288,12.459775565563666,4901.782745628527
8400,4953.690311997294,4955.228667895624,11.89634565342313,4957.692760773558
11560,4955.58016449113,4957.031355492436,11.472559976258381,4959.547189046893
13246,4977.567741245271,4979.093746970386,9.913796766864237,4981.887156944276
13925,4985.99857587511,4987.477576520429,10.232770459066886,4990.2758438060955
13004,4987.836278825908,4989.333966904023,9.860709368451564,4992.219184816843
12983,5043.769547022449,5045.37062549291,11.625596102147368,5047.563665678374
13917,5046.038242334826,5047.391913539473,12.73944223429709,5049.6851133155515
13971,5047.963547411455,5049.23691058872,13.010887030265259,5051.421942138681
12931,5071.274888423334,5072.5769425689505,11.8842771559585,5074.988399017506
13671,5073.0786594251795,5074.391344302143,11.74888154768829,5076.830377539676
15917,5133.526658390835,5135.094505874147,11.876252851986678,5137.443444383847
16290,5135.9947312073145,5137.448785761868,12.0653128913655,5139.814526016821
15916,5163.261806691358,5164.433766416214,13.880105161155617,5166.575790734768
8393,5239.962958202128,5241.2174421138925,12.49009550602134,5243.4298991050655
12231,5328.0778382599265,5329.537222428145,12.277811085468004,5331.930738661404
13178,5329.981050504529,5331.3205597460965,12.491667430937389,5333.792576420662
13692,5331.740973592434,5333.242163309918,10.685498946613922,5335.943859940813
11539,5403.519284995203,5405.070380317147,9.772184593699645,5407.819932553642
11989,5405.646312126597,5407.188987786537,11.286648831136072,5409.73363774683
11791,5407.628675181195,5409.072970751709,10.788061935756286,5411.6458735900615
12059,5409.787175764013,5411.183540958274,10.667413844845465,5413.7967479681365
11795,5411.560252260333,5413.014450146471,10.245264663915846,5415.595637798456
12982,5413.777908908408,5415.4351652281875,9.196125585551075,5418.556023042042
12235,5419.91710207874,5421.1614942622255,11.798672277536129,5423.565328368891
13173,5431.264473448077,5432.536250921646,12.359266136589195,5434.830426002339
12487,5450.868960575302,5452.318462262901,12.347657516642883,5454.605437336753
12940,5452.680318856076,5454.189632748981,10.201946379633986,5456.890644078707
13248,5456.542556376084,5458.086106778644,10.066884770354234,5460.830075261709
15590,5471.958479527443,5473.377756611189,11.623660835313343,5475.861882994153
13210,5493.563041457579,5495.06177165978,11.481543452686722,5497.6839997712705
12945,5495.918150788562,5497.245682405021,12.279744847724553,5499.681701742646
11792,5497.881010345054,5499.246220365839,11.97555740330689,5501.639481395784
17256,5499.758194544396,5501.0231140591195,11.170695103362014,5503.480426841824
11915,5510.010310295485,5511.440491237999,12.497016941614907,5513.471636447967
13186,5547.7886279275945,5549.1420178011995,12.782452031711077,5551.493996230133
13699,5553.188797725269,5554.499771631856,12.335516475973224,5556.908199064831
12703,5592.6902084039675,5594.148143021334,10.880337490572831,5596.814438355578
12687,5595.734329856658,5597.320886061883,10.230261549050333,5600.249297593329
12581,5597.643894180188,5599.240690106542,9.29660535377719,5602.216454061461
13182,5633.703380589207,5635.044409084442,13.932316752807802,5637.098267406787
11910,5679.3478201949565,5680.444444852714,14.833054888923758,5682.448169824403
11986,5682.1735517466195,5683.513325491328,11.89809303073482,5685.910261180497
13243,5726.971059697457,5728.294895539403,11.810201093981593,5730.595344029754
13911,5736.041064715097,5737.369874585545,12.334622519715538,5739.699152749337
19238,5763.949083148283,5765.517514412048,11.539159554202602,5767.705180804492
19451,5795.049806904675,5796.51194716788,12.214275457448554,5798.851382869328
17051,5853.6325640359755,5855.340682269489,11.320851007324842,5857.605424965847
18674,5855.827197310158,5857.2501191093115,11.163506454210495,5859.790349668142
17995,5882.968050678078,5884.349739799555,11.444677405427559,5886.868904924407
18717,5885.24920363741,5886.523579670045,12.512175715639493,5888.785731587807
17249,5887.160013252871,5888.352073846596,13.445681013917536,5890.669628784625
17319,5888.976921288467,5890.250002841508,12.048989488739611,5892.569237009943
13906,5900.899410697863,5902.235936575104,13.661342991120353,5904.227140964909
13684,5902.881962572706,5904.177676107895,12.934835231397045,5906.363029187041
13957,5908.878274208584,5910.2195993026135,11.951206841310713,5912.6367569954
15950,5918.22404801727,5919.51757827048,11.869740041555822,5921.862535815765
17302,5948.335339944563,5949.581220400107,13.63115529743044,5951.655714093154
18698,5951.8948733426005,5953.1515134394285,12.390527938246631,5955.518969831978
15954,5953.758136848769,5955.012210471131,11.94356442101774,5957.382467369142
15953,5958.191075407647,5959.217529054283,14.88959779220497,5961.148514207702
18505,5976.09480033878,5977.2929961957,13.727498432539859,5979.390286688047
19235,6041.256528487975,6042.568984596263,12.496974004327475,6044.791749909589
12987,6043.161701719011,6044.394939590373,12.918713376181463,6046.523326318014
17265,6049.997027046842,6051.447468290468,10.83598066990866,6054.134852014304
15947,6078.576441003648,6080.197688442179,11.318745346337453,6082.3914666587125
14807,6106.760871278453,6108.3128913342025,9.999974807405836,6111.14109458196
17974,6123.7458107763005,6125.46111323511,10.579640968901645,6127.648676190104
18742,6125.82349110505,6127.328011732376,12.177785108851571,6129.623830279085
19470,6127.798000961006,6129.222277182057,10.842817287987305,6131.841639579104
19145,6130.190369461149,6131.434638770811,13.11687335381624,6133.812244375813
18489,6154.461259462507,6155.615829379205,13.474077669237909,6157.8434029502305
17275,6213.690796363088,6215.319439792315,11.06498591419805,6217.862162114179
17301,6215.805268363295,6217.214217502851,11.425328893047617,6219.7392655596095
17331,6217.804985110356,6219.1895799207505,11.198559373728166,6221.694201799672
19165,6219.661876664467,6221.025000589611,11.80989187240955,6223.44364361699
18428,6328.862767018691,6330.039409050373,12.856006686804012,6332.188316592589
18688,6331.141660713038,6332.481498779128,11.733279698216181,6334.922982815446
18075,6337.183864932408,6338.4142416284985,13.30961731317049,6340.667372538011
18091,6339.026533905416,6340.150878639075,13.05775282445029,6342.397044073017
18483,6351.092634611583,6352.524164939069,11.541173715928025,6355.150010114315
17042,6403.979668004377,6405.198346877718,13.140573555438209,6407.3513004505485
18691,6413.724132906961,6415.303924840706,10.793604981058566,6417.971591214743
18114,6516.15282509594,6517.458357554902,11.977860194122547,6519.857766049651
18191,6576.158436716087,6577.569727393731,12.255237544053452,6580.010131205764
18434,6590.553100276302,6592.211214859936,9.32611959210479,6595.306351556456
18477,6592.652670785111,6594.297227947906,8.658366179993495,6597.3116529333
18417,6594.560717894314,6596.297393891646,9.910613977522646,6599.283897281118
18693,6596.835577787996,6598.412205923814,9.939776833549251,6601.417187878856
18424,6598.739285234394,6600.353545254407,10.0045448072156,6603.361807554559
17963,6607.997020649152,6609.35946676647,13.076848949741365,6611.303928923631
18427,6665.76904883274,6667.150051905663,10.818676165951436,6669.723325047173
21362,6719.207928244495,6720.521243868694,11.330055418180045,6723.312869362323
19442,6731.762646537198,6733.22086176279,10.61302372433499,6735.942006028631
19237,6733.677618400758,6735.164947092284,11.42913781513697,6737.87285772297
17327,6767.840789972606,6769.229448645919,12.757467179789813,6771.480486203005
21403,6800.975871252748,6802.4406905035685,11.753980248777678,6805.041738602963
17955,6802.868609446976,6804.310690270569,10.443767750230398,6806.963795859833
17947,6804.8103577300835,6806.297985765839,11.077586527108565,6808.774512636867
18010,6809.018509793855,6810.5316463821455,10.723355109638876,6813.162721807202
19402,6811.059714499164,6812.417642788848,11.529700774025526,6815.115328725905
19461,6812.967235618049,6814.318911425991,10.790330472769371,6816.974504093354
17037,6843.9236021803135,6845.3975956778595,12.460379666872283,6847.823239313658
17255,6852.214305817684,6853.517146554794,12.0409003070618,6855.923608454279
17040,6933.946399713753,6935.450701813136,12.324126428434097,6937.569565503299
17724,6944.679693682927,6946.33750688244,9.852560948147135,6949.255798376948
21702,6996.716621586488,6998.116997154519,11.147360070253667,7000.749998058907
21447,7005.447788145657,7006.555495110025,13.938688544419122,7008.627809590998
19465,7052.920137990283,7054.386338609426,11.57178670972683,7056.873988626559
17067,7113.332447826354,7115.00429458274,12.303139566217357,7117.204020608072
17966,7115.61760238387,7117.119988056461,11.892596027179538,7119.551270163944
18423,7121.575387238242,7123.10841276637,9.746555366738251,7126.0473952075445
18442,7126.7053195431545,7128.125910725128,11.243963311816483,7130.6624948394465
21755,7129.190592392834,7130.357368980175,12.765467177521113,7132.701189566474
19186,7138.914815787597,7140.269055384001,11.112170649845634,7142.852136931715
18695,7205.589526624589,7207.056925642482,10.753575140286546,7209.667796094774
18476,7212.087403932023,7213.305160354579,13.027970616194002,7215.484322208897
17333,7214.828176702526,7216.156992456678,11.900232719936149,7218.63117573873
19191,7227.536068954304,7229.090271846185,10.51680273491156,7231.757571016729
19416,7305.325353317315,7306.424968124372,14.285063268806251,7308.506712556226
18460,7312.142058239314,7313.521431526957,11.588045709938298,7316.01128318431
20704,7360.626832654339,7361.640170491704,15.48470346883028,7363.513360845611
21786,7372.313028493389,7373.420513206056,14.333348609578682,7375.438747443441
18429,7390.9460285426285,7392.079085436441,16.291308581844202,7393.833211612084
18667,7495.837634199654,7497.10641223614,13.045382315057335,7499.352950728096
18670,7499.894075659231,7501.1547519225305,12.572866934638858,7503.389089178836
21430,7523.166606455778,7524.484017644367,13.118325582203385,7526.599862176359
21391,7525.055244925819,7526.290403569634,12.41966029036829,7528.608252278832
21364,7526.989230486933,7528.236892245049,12.74820105125359,7530.455273841071
19403,7530.759140444299,7532.117412552212,11.210177477305377,7534.67251750482
21352,7540.074552128123,7541.274327265043,12.876527567234312,7543.437464994594
21737,7545.486630351617,7546.625018939973,13.681729051534761,7548.643988417497
17409,7570.074879426422,7571.192457491752,13.344811670662711,7573.300152456159
21715,7611.017098345189,7612.457466869119,12.485871874805078,7614.627527740546
21419,7615.030724870953,7616.2042713149995,13.879734266352047,7618.251713663594
19188,7630.05575327571,7631.285502516367,12.692191416932245,7633.6167779762345
21416,7631.80367058919,7633.022476895586,11.509003614351306,7635.4433643051825
17472,7633.976656423131,7635.287580044164,12.233421769189057,7637.673589227966
20748,7635.780534631023,7637.097352167686,11.696002859707443,7639.512534543219
18458,7674.790468715497,7676.044131732356,11.637318707359523,7678.42766399127
18038,7682.103807184169,7683.371816190534,12.829545325547727,7685.602440458568
18100,7684.103739668016,7685.388098449134,11.87421202644345,7687.747363981363
19200,7698.484731241035,7700.047189445352,13.245275325999726,7702.2271844061515
18418,7704.405542626691,7706.045025782282,10.557092701975947,7708.882791825498
21712,7743.698180277397,7745.33300069758,10.828695507156059,7747.917953924636
21370,7752.832385698911,7754.03485269462,12.78362842370515,7756.20899579484
19171,7772.984119721421,7774.16613370569,13.37773911335789,7776.317624636789
18747,7778.167205590647,7779.370377892799,12.36314135917262,7781.6513498780705
13730,7788.56688363259,7790.240195519656,11.485898318132868,7792.611616429807
20709,7793.07634079767,7794.35706509916,13.214439226615829,7796.511957793676
21437,7846.2888657263775,7847.373005919069,14.716961380032338,7849.283579444217
21091,7855.465802366642,7856.602692352482,14.1109258075874,7858.615197218403
13732,7950.853924474215,7952.0339385746865,13.42476425732817,7954.1816664568405
13674,7968.57308951427,7970.06848738435,12.472732347294313,7972.219975456026
13706,7970.971927277114,7972.391938548369,11.67796117121509,7974.822826383289
13975,8161.269569167714,8162.401403169015,13.99770376676184,8164.462277041256
21392,8167.706888097394,8169.327510753858,9.831521662605414,8172.186512818124
19138,8199.951659084907,8201.088307978222,13.127700460649777,8203.2035114889
19156,8224.004302784984,8225.292830372278,12.270855476670992,8227.705584853125
19460,8291.611992060683,8293.044690245559,11.152825990675154,8295.607154132542
19233,8313.04026555873,8314.28653192371,12.706667712296182,8316.559420952719
19426,8394.380611675606,8396.252989949307,8.60436009669722,8399.611437939682
19215,8396.53308448213,8398.311820008168,8.942327574521173,8401.609415761926
19216,8479.097593297729,8480.421767221538,12.040043945931394,8482.83635895136
19139,8492.322601799706,8493.53902155356,12.89499974197478,8495.81579946887
19180,8559.964279701231,8561.207182289667,13.26884257017841,8563.428321010406
19161,8650.12785217333,8651.259959174708,14.065701013691003,8653.302408086163
19164,8651.99204770916,8653.084111873908,15.038281546535744,8655.073385895894
19397,8670.485824482328,8671.589275411645,14.458220539249465,8673.607785571034
19166,8763.140430582293,8764.429733499777,11.761653343215063,8766.778116730911
19179,8842.468346475831,8844.023869527844,9.280458416145235,8846.989779939497
19201,8846.700227926987,8848.239490556929,10.281755905434258,8851.127095432805
19189,8931.544198374466,8933.155153069436,9.795881473683203,8936.075472769371
19170,9009.99745562275,9011.175116132665,13.399974700964192,9013.345660031033
19203,9011.956909375998,9013.250726069295,12.915436776408606,9015.454364912333
19168,9032.301810173374,9033.509311379335,12.484881543991449,9035.730253668502
19221,9099.886899134031,9101.111456991199,12.65430193568789,9103.318234183293
19236,9392.297878892106,9393.472249936285,13.640635485180272,9395.618603700248
19421,9552.93398287048,9554.306446014814,11.773275435700628,9556.89205380823
19418,9559.717307463647,9561.04013013943,10.870987604756515,9563.601380308679
19229,9640.096923554764,9641.37106011462,11.698299751281223,9643.745237614918
19176,9641.86871827633,9643.148671010247,12.464321419547067,9645.468779379522
19144,9753.305264934019,9754.579238985767,12.079689667378968,9756.967615638774
19202,9755.140644241172,9756.424968812478,11.784548849384258,9758.7609214141
