1342,73.37489478713479,84.52207044478243,12.536207960477405,96.40558198907493
1296,157.07488061044768,171.1765925062213,10.898624376023973,186.71385396183715
1124,172.98726985842453,184.44982919834536,12.82278514615654,192.3032422163546
1203,194.53504860707451,206.10904813215245,12.933023613359497,214.00653670325244
1305,212.0537748246943,222.32901008300132,14.764995057639226,271.41315667352364
1333,215.59145604001316,226.4119686848765,13.029593832884444,274.0694346958815
1327,231.99023792414502,242.4668585009942,13.76074317115416,276.1293555186006
1144,239.08905017927754,249.13108851402308,14.625325947565544,278.00078352099763
1187,258.8821659250602,269.0319000353859,14.19216909697587,279.99877796797176
1353,273.6362776446646,285.50668685053745,11.910487259046144,293.61510292514777
1336,329.0988867559894,342.07654712951563,10.777595978298663,366.82550131365906
1167,334.0686914304017,346.26200829430195,11.659183422540215,370.75171278748394
1174,341.8036964927579,352.26723701386396,13.578670916609635,372.6655793507803
1172,417.88011793652925,429.08297417891123,13.06685289594786,454.6241594244136
1148,433.1676046246006,445.56932652268057,11.91435298654492,459.1345157864492
1314,466.40238471138883,476.2430650836199,14.431629718434191,483.01806244756716
1361,470.7558527076477,483.40975212289595,12.228471401438345,541.6287714852097
1140,541.2900650794259,553.4917511614028,12.690503824861874,561.6804121916389
1159,560.2519152751624,573.5000811490967,10.930944686205544,631.4323253449962
1219,741.1557638619478,754.0423404330951,10.805932687046674,811.7335593035131
1177,759.5395547907159,769.4037793843718,15.33948564452244,814.8216546635679
1163,767.8773307228078,780.3570742445937,11.665996404427204,817.1626929020728
1169,780.0660469205443,793.2460332249004,11.070861438282527,819.4252110386466
1128,782.0212077017702,795.0833476796438,11.141545850475923,821.4400093723821
1191,788.6987642204484,801.1912855661368,11.016775269490909,825.3892782786048
1198,798.0394821182824,808.2834021385727,14.906255834245774,827.6212561135922
1158,840.7263834843283,852.4587152390217,12.950123500962858,901.6974891926808
1414,876.578667675797,887.2841578719601,13.31950783778693,910.3655250304196
1391,889.737466417733,901.5148787677479,12.415431029586276,915.7072792355644
1360,934.4490268764886,947.37646505087,11.043423138419113,994.1884294964253
1393,988.1345899073752,1001.0104958555872,11.939461498161055,1009.8535877389786
1346,1044.502853898482,1056.5242140642254,11.630468557264885,1081.3842666212304
1322,1125.072432529441,1138.5226678079894,11.183998618614183,1174.3943953744897
1166,1202.2727195159666,1212.0217319280496,14.869512316822465,1261.4124250248524
1375,1213.5500113182945,1227.0366889562233,11.312596696652689,1264.0397470534472
1205,1281.61364856758,1297.2131696964225,9.933019936562424,1351.349039735167
1149,1326.864626104722,1339.3228715559396,11.641187962340059,1357.853352547166
1202,1334.2179108602736,1347.3270995100982,11.0889260356471,1359.9598770582497
1290,1368.8076799971068,1380.346113729687,12.059760840634604,1388.296708964928
1330,1373.6132101315407,1383.4357863473372,15.388967886227293,1390.2764728733719
1162,1404.3435402453422,1415.194833410798,13.349901851298545,1441.3578335431403
1212,1441.0290380958506,1451.43945593014,14.395556592292479,1458.653766988087
1355,1456.95377232158,1469.1128297893938,12.09660896397559,1477.576350507003
1150,1503.5411260255726,1514.1659977515599,13.847523712281001,1534.157957844851
1182,1546.8855181441495,1562.0006061430831,10.384770280092924,1621.522671961723
1323,1555.0356633473195,1567.334004731559,11.968571840739557,1624.3732252150862
1184,1587.9621569709784,1599.0367089982335,13.449706458378056,1626.7825796969921
1396,1634.80191643129,1646.0403337497528,12.71622081465929,1653.836184388273
1211,1659.3478597552264,1670.0851756561253,12.989167939309667,1711.5388783516048
1358,1710.5814588631965,1721.2915656422165,13.06839835665838,1728.7555956694523
1408,1730.432749938429,1741.37671962801,13.23107391541049,1748.8640356524138
1402,1739.6237630869175,1754.46598063013,9.92436813972468,1801.6503227565245
1217,1768.75252666792,1780.5464597026141,12.559998603826175,1804.3608186686176
6640,1887.797483319882,1901.140887203578,11.16974804681716,1910.4041232975717
6819,1920.580883252722,1934.0942062053502,11.242236343186955,1943.346415710356
6686,1926.0890872008183,1937.315613402414,13.256872320151224,1981.7365658812923
6922,1948.0194482560337,1959.108016514077,13.280923518818048,1984.5151575499601
6646,1950.0190526179335,1961.2041166699523,12.895319502304153,1986.70153514974
6642,1962.3284992666884,1974.1670589739813,12.65267843629558,1988.9046171286425
6697,2060.576642324723,2070.3738226642545,14.1033719576167,2080.1077963064345
6801,2103.572981692045,2115.483866547557,12.26188944470731,2123.6110275187875
6699,2119.90385068686,2131.0397153998333,12.112642520013932,2164.6587477205185
6857,2123.6367601015886,2137.004327225311,11.347290566966759,2168.8771111609
6623,2137.5877546121264,2149.2892476164247,12.668714533601985,2170.9437262283027
6894,2141.384932313553,2153.1273569754107,12.310724142129256,2173.142371136326
6877,2158.1950870851065,2169.51494122804,12.752637571874509,2177.475243717734
6673,2174.4520404661243,2186.1048571444635,11.75409696517143,2194.4510099181607
6653,2276.45748764132,2289.2543065539817,11.061675224367319,2344.3907449108706
6658,2284.371633156079,2297.0939354094194,12.054785700593522,2346.6200195333536
6820,2338.7255266018647,2350.0497574382493,13.45972223209764,2357.931056999562
6703,2392.455256443002,2406.1406460282374,10.324464804846752,2434.220863526689
6664,2400.4955915854703,2412.5303518494948,11.578599591822247,2436.383469690871
6677,2416.8218249897577,2427.5219132300927,13.235421385569689,2442.853050025048
6628,2421.3733867388646,2434.1489940831675,11.557731317603457,2444.6700536478197
6870,2549.153579454973,2560.544758986401,12.817190708820505,2611.5830939777575
6920,2580.797812512542,2594.1578860490617,10.962975532255115,2614.135132248244
6841,2606.701307726219,2619.175166936247,12.276608253810592,2627.741751481722
6641,2658.527612214534,2675.100843734909,9.3736514512772,2706.2202761754884
6645,2664.8932006736304,2677.283228950838,10.274839274826645,2708.4686858556083
6683,2766.931129260655,2778.4149406055726,13.02893874535024,2794.2346767703666
6866,2787.723407099261,2798.4082125150767,14.082031052884343,2805.7273148205245
6808,2805.582111800455,2815.2976850903733,15.555287851400152,2821.924294369629
6930,2810.5408140467453,2821.067335559608,13.889629108718072,2828.4479178560546
6649,2854.7602557802265,2865.357015826446,14.222262167803642,2881.9066219887877
6667,2910.3562584181423,2921.435605199849,12.061688219704033,2974.718166593836
6633,2961.343074530676,2972.0023903461015,13.585060975555123,2979.467313953569
6840,2990.4295012549574,3000.4759108882413,13.88516392218084,3007.4457308119117
6621,2993.975601138217,3006.2501551635796,12.064643498562218,3061.6281136668617
6711,3024.8357841139623,3035.5154853514673,13.228870922635696,3064.4737383541988
6690,3032.183837829933,3045.094753519448,10.806716333978178,3066.7356782209713
6867,3037.945162576844,3051.1136178009024,10.586949217206804,3068.6811530301384
6687,3045.7197397958307,3058.4961935798697,11.240642085803564,3070.5579873575093
6669,3047.4854345797585,3060.3040274392265,11.310101752113026,3072.453938387578
6710,3060.0504338923524,3074.1116240361234,10.471666779194416,3083.696977017446
6665,3088.6612329425857,3101.4464253066144,10.819402267166872,3153.7965454851415
6680,3102.4431141236582,3112.2646670347235,14.60628650755897,3156.1096437239953
6704,3125.4466799905963,3138.0203311970686,12.176516111882632,3159.9855149997848
6688,3234.437562680013,3246.0609866068335,12.98997236022165,3254.393672633143
6921,3263.997597152662,3276.0548544205235,11.774481938963515,3331.39726502271
6630,3299.440993303078,3313.149419688918,11.329589100942762,3334.386998803429
6659,3395.391590661993,3406.5012590096494,12.447733895949655,3424.21497938569
6905,3455.36590821072,3468.466050222696,10.57812497095266,3511.7039975223965
6712,3457.209416179663,3470.412415256464,10.528571493291862,3514.224936122494
6859,3462.801438384791,3475.1210979836533,11.733963259898083,3516.3416082067038
7146,3619.6938789368587,3629.576701088065,14.481335775554047,3636.437241778548
12435,3631.9634103493718,3644.358930976686,12.330233656003328,3691.3302331401896
6622,3749.0661539013972,3759.2592849047996,14.42486955954601,3781.7266581351387
12137,3762.240969338707,3773.574086637337,13.052019907260064,3786.5827120054214
12136,3829.060335918635,3842.109142052246,10.79159593162976,3876.6415615787478
12190,3848.9585961761304,3862.4848631798814,11.046544697216108,3880.7417187828482
12171,3906.8553796231413,3919.53505755464,11.4055627092796,3961.832870669751
12176,3911.3140703531294,3922.175966544046,13.698352751062393,3964.3055119829432
12167,3935.250281414569,3947.192272663535,12.779924120704422,3968.676920546868
12164,3952.4860872831155,3964.2566037825018,12.932476952052417,3972.793882436903
12148,3966.8318135722925,3980.497695891945,10.227870512144959,3989.902485974644
12210,3969.004483488295,3982.4311705777864,10.423754525926023,3991.866556628048
12143,4027.365835209897,4039.2425552396567,11.845750628728311,4053.8240625245703
12200,4072.8307855780276,4085.233466245747,12.255793164907857,4141.472124062492
12124,4087.426005966902,4100.360329034643,10.937717179504993,4144.260944077104
12321,4157.2185222313465,4171.105469622989,10.500021012830471,4231.795863846636
12415,4196.30042070553,4209.108523942064,11.684683750014633,4234.486365019697
12316,4203.461918128148,4214.6020505572205,13.101297398238872,4236.570805634009
12170,4218.3017205535025,4229.0655316938855,13.389389974234613,4238.54692282383
12319,4244.3088910157885,4255.6018054978,13.24650845768032,4263.628422613277
12410,4246.422316249386,4257.3423390282105,12.36575124750985,4265.360040567888
12311,4297.407769690044,4309.491533202112,11.373974564052288,4324.019457831489
12313,4305.3721476193705,4314.546538937595,16.51127981257722,4326.278715087084
12207,4386.34000484355,4397.213915235744,13.691667952631242,4416.445344410135
12737,4514.6570694317925,4526.525312833726,11.912816692626624,4534.867923839983
12526,4517.1165517105665,4528.3197852221865,12.221516700693678,4536.6631429126455
12141,4523.72665331275,4536.445166069135,10.976176180760302,4591.550080053781
12344,4567.971939433626,4580.344318340942,12.295141351980515,4600.989863660729
12217,4575.616999076647,4590.2447559837565,9.896208316048991,4603.221891678946
12174,4579.162584982331,4592.256965732636,9.62529256996411,4605.233923528681
12424,4586.445782226415,4597.385980310565,12.781690743719862,4607.224647017043
12127,4590.218851191174,4602.347190541004,11.373148097128448,4610.806782099063
12400,4606.004078739811,4615.180515804545,15.997003034429154,4621.474004961683
12172,4626.694697522121,4638.337052855165,12.750603415035725,4681.362327484789
12417,4637.9150432254755,4649.32936405379,12.600436986823617,4684.283297715404
12213,4648.127904966721,4660.180289766092,12.278597939129677,4686.7092984692645
12328,4665.532235731393,4676.271832809334,14.129363770881616,4688.795562113491
12201,4674.174766020181,4689.053956412664,9.79378008426884,4699.197388324121
12191,4676.09672808511,4691.0189452218565,10.47573543909779,4701.180153814546
12123,4708.406673144783,4720.237685000267,12.530675567958927,4771.424379000378
12134,4737.5719633078315,4748.49725385019,13.958809792806573,4773.970906379462
12151,4791.289769441751,4802.498992306865,13.112357255100825,4861.400578483707
12355,4804.6557214663235,4816.368640887224,12.599622187125313,4868.424027739519
12183,4831.641130605312,4843.209111165409,13.033852112803588,4870.430099710605
12215,4839.058515438178,4850.265196806192,13.257715127412565,4874.751927864636
12317,4841.483072546476,4852.629678287103,13.55845306193571,4876.421553869691
12405,4850.547074936832,4862.482568184289,12.314186862880034,4879.895945830726
12166,4853.664197926011,4864.528472807837,11.424204024736753,4881.655903744311
12150,4929.646808372276,4941.558025354013,12.436645785423266,4958.700869196504
12181,4934.554111755579,4945.477918082251,13.679574854987449,4962.914218100778
12411,4953.8228777817285,4966.2841693843675,12.10141032098792,4974.828879610626
12155,4967.593116514943,4978.280579376784,14.25995178558484,4985.647351032236
12135,5102.51468653023,5116.048044868687,10.766807195246813,5136.550154136625
12119,5144.1586587889,5155.059842609061,13.417200970137412,5162.543294839731
12130,5187.7372354062445,5199.340835255025,12.58972494610829,5224.314130880005
12326,5236.6369361265015,5250.126972338188,10.804662140956019,5259.564618471826
12203,5362.332552113653,5375.285113690008,11.876334838165436,5401.581209636786
12193,5380.76557192598,5393.231218451185,11.244530505972394,5404.192087956611
12165,5419.183519345327,5431.304151495993,12.257674717665,5439.720112758156
11665,5460.08218483092,5472.474366094789,11.174720646111608,5491.797048443809
12436,5464.143088177764,5478.473250256241,10.361299531145024,5494.445134024982
12399,5466.177103431222,5480.436955743281,9.001252093332436,5496.777808591061
17667,5494.728200766425,5505.561303178962,13.664664241785083,5513.014192911629
17643,5523.153954193422,5534.073023255303,12.948947168474168,5586.182889655212
17854,5525.442039905551,5538.5263272400325,11.806915737256348,5588.226726903246
17685,5579.02950273741,5590.490820975794,12.214379258388718,5598.4007373533905
17715,5604.5912317564425,5616.4303980150025,12.733859662491472,5671.475309401344
17699,5606.3013766523245,5618.178051461781,11.713846784296106,5674.2499128246245
18235,5721.490184627054,5733.257553083462,12.268328130767049,5764.401671527311
17909,5744.952174215271,5755.619229771434,14.21727746100326,5766.512217217279
17635,5812.463823216843,5823.482322513902,12.820843280017066,5851.510942170697
17894,5819.1147913121695,5830.1246298174,13.090444457242764,5854.148777787618
17888,5822.398360409437,5836.277382922631,10.469966688415434,5856.424459500208
17827,5827.3106323641905,5838.352994386246,11.619175329780902,5858.383584162625
17676,5837.834894989905,5850.487456012442,12.11276559278744,5860.345384994909
17658,5839.670846660776,5852.256305173816,10.491159095311914,5862.359719828631
17682,5843.158186230512,5854.180503424092,11.079068158074229,5864.232146100191
17833,5897.745642761761,5908.351245334316,14.971720592493352,5944.421073066059
17670,6017.295753033844,6029.466074046098,12.276810220756758,6037.830253968713
17652,6024.002078692222,6035.112463047317,13.087285918477457,6042.952173255394
17714,6047.032261708202,6058.2350249488345,12.700110881869124,6065.992630674043
17834,6096.166727197294,6108.451843354658,11.248881168134684,6121.401090033594
17856,6140.519311337258,6152.4441729780565,11.585029723123926,6166.709893310831
17895,6240.890559576112,6252.391863063278,13.103217430049387,6301.319377649613
17864,6261.144551605631,6275.073052034012,10.428130995422055,6306.407184929428
17918,6263.076776059615,6277.030889359042,9.840040171980645,6308.491618840109
17703,6265.703632541988,6279.044720861685,10.490260239067135,6310.7508020495015
17915,6287.0602207472575,6299.566686413085,11.75971981063206,6314.4875319998755
17638,6328.823277715416,6346.201846039713,8.14453801682366,6394.209423858784
17917,6331.023639278009,6348.27946335645,7.6478601966058415,6396.741019849168
17651,6357.770920108229,6368.509602408896,12.17753656557191,6407.070289194384
17656,6453.182152270505,6464.377108124898,13.59825289590418,6484.161956583124
17866,6456.790616387234,6469.115820348682,12.098563095611299,6486.246125082009
17709,6460.6027720851735,6473.313057870809,11.890190876577238,6488.192072761355
17619,6471.7310698679,6485.42211401254,10.936211217157096,6494.701545193001
17687,6537.884246156824,6548.450531584087,13.553792486172634,6571.426687579957
17636,6549.488340375087,6561.278486031421,12.596517903257574,6576.606932477755
17802,6586.562906573482,6596.456758387153,14.208298226824773,6603.349672468139
17696,6589.661822239013,6602.465813954474,10.931445554365915,6661.309880280626
17893,6591.468478555615,6604.316747948189,11.11412879136008,6663.8665274752775
18229,6617.302363330031,6627.471052677655,13.836760859202116,6667.982841282982
17701,6632.247227852723,6645.4199821548245,11.584643591325,6671.857430233049
17806,6649.09892198603,6660.131886039081,12.819603515151796,6679.706733049713
17923,6652.671807573767,6664.534726348599,12.65979880764675,6681.737582365925
17904,6677.9706219233885,6689.408048624967,12.492437354068427,6697.369351641452
17648,6721.21090252294,6732.474665002279,13.787223303850247,6751.457698376446
17712,6773.416760997416,6783.249359490465,14.577980653602706,6790.0883112344245
17694,6786.779627241099,6798.27207516803,13.38145578084181,6841.820626335796
17811,7015.475454585006,7029.506718154039,10.726189902867393,7039.047644374428
17695,7018.089693984733,7031.368556197223,9.388142698627968,7040.934186408775
17637,7039.481149360285,7050.473252410747,12.676362756139278,7058.612600041126
17633,7047.343642669765,7063.036037172457,8.7704577391187,7113.98821752919
17668,7049.401351949652,7065.016674367899,9.044935276943592,7116.318101386188
17664,7073.579554425908,7086.410562968883,10.439680843834875,7143.223811368046
17666,7075.365224889438,7088.323646660439,9.390018823358393,7145.269986894775
17625,7210.792899485134,7221.131631742372,14.317122563851914,7228.186895841907
17628,7265.885205284516,7278.16420598201,12.338764760357414,7298.9082710235425
18266,7268.319352057751,7280.464876877333,12.590326169252622,7300.767586545161
17865,7270.223916276616,7282.239066876256,12.270226002666128,7302.66465413903
18274,7275.961760367252,7288.11946097612,12.133378640766482,7304.719897628497
18228,7280.352237982632,7290.563816010923,13.860160394831539,7306.560483291525
17686,7282.207300046195,7293.419488012454,12.616225688980578,7308.323179424489
17809,7297.155254716324,7309.221723286294,12.381081125922128,7317.920466334175
17875,7312.24377879024,7322.110981953803,14.73016018255509,7328.966822153844
18284,7318.7485451704915,7331.049441140216,12.041800327631288,7381.436078970856
17796,7323.033841861903,7335.103989686218,11.57926148036275,7384.338364434256
17620,7332.95763437436,7346.504681133231,11.014357072074688,7386.590840047193
17644,7355.344367985679,7367.165478796613,11.905369508701543,7390.570429576092
