2481,66.03064133956727,70.24284979821947,14.334192292714949,74.40044234376526
2308,140.72151132276838,145.14123732072792,13.184795540981597,149.59748051038127
2528,143.08494483171282,147.47771335586214,14.323998497176406,151.887666724566
2529,147.4327869681424,152.5469035475157,11.15189321704368,157.64058185922642
2445,149.2325683073769,154.3469049818332,12.045120264052104,159.44752392014345
2273,319.07384286347207,324.5140154523199,10.91745736343957,329.9573515956225
2482,320.9733308818302,326.4058801060236,10.491233503043471,331.82139247170164
2504,408.8577390388185,414.1974127852101,13.103403834665512,419.0320224241515
2303,414.93288795198777,420.4254614803933,11.868186103430935,426.1600755607258
2524,416.8821430043194,422.2767466821144,10.114143337476186,428.00786020209785
2412,418.8826698198823,424.27986074021084,10.701940711887385,429.9135509806299
1170,420.8125229325,426.23456731571895,10.987059522410345,431.59144046965287
1528,422.59720836687114,428.05598965332405,9.855044750624844,433.34745233579815
1526,426.52555386882665,432.23101611970975,10.196120332415742,488.19782719063227
1539,428.3552580850324,434.1441011632907,9.971220223515385,490.3572454562006
1543,430.1539117293787,436.12337484361086,11.688573147774665,492.38110286563244
2384,436.1501170072311,442.01397280040084,5.553015299099076,498.32758395155844
2491,504.39231918577036,509.1700407240315,11.811648297260398,514.1073388624892
2366,527.0251363041223,532.2145805917987,10.99898792154138,575.9964832540594
1565,528.7594113988029,534.1073019356752,11.549982358965355,578.2966410021743
2400,589.1381085175628,595.2704131790772,10.220274447620122,601.4926480955911
2268,591.3246267621529,597.1493245809299,10.11434530033715,603.3959463437417
2534,593.1843349570884,599.0804306051181,10.234064961944776,605.261327938815
1165,598.907716780903,605.0322165905791,10.190707225275984,610.9167603461074
5204,636.0605163436601,641.3795183222801,11.099601840029576,661.2949692076605
5226,640.9476934692816,645.2214383026625,16.194006587750465,664.1704880359033
2331,679.0702454363748,684.4033798677932,11.912352480317947,689.4807798230264
2202,681.1303611393134,686.1572942796829,12.580682945204792,691.228066944862
2269,683.1849793208089,688.138770071883,12.151427825147639,693.10088685433
2490,775.4092485297062,780.4480305178361,12.282310630427776,785.50588872473
2410,788.392716828797,793.4483104528706,11.908047495906168,837.4140060588124
2459,790.4521384803005,795.2550153626999,12.12390529924153,840.1844697479443
2361,797.1797099337152,802.435850156873,11.928503511170625,845.1223937629875
2373,799.0169037973913,804.231224608171,11.102899636467182,847.0794677098421
2521,858.5928570426898,863.5893194728839,13.495470105619018,867.9435707152271
2425,862.7089690502816,867.4072116474621,12.203312022834785,872.1247808188715
2472,864.5177238521765,869.304338154216,12.634185798192794,874.0083184660721
2439,873.5676131837444,878.4692788891274,12.899897461335529,933.0946359143569
2932,907.6722725091595,913.3934490327177,11.351829963275513,943.905597417106
2457,964.8256569194313,969.5812116295502,12.786068165635974,1027.371190146249
2363,966.5306349417195,971.3706855529192,13.252988186088054,1029.4450353396583
2508,1041.037727309793,1046.4069923133438,12.034188312552377,1101.486123173412
1207,1042.9452185512298,1048.2463257037132,11.094335232527616,1104.274900151884
1200,1044.8309142295398,1050.094242173004,11.304844493235938,1106.6739679284462
1711,1046.700622078208,1052.011497260899,10.69839634843841,1108.799051126512
2350,1132.8115735980073,1137.5489609687766,12.865472062325466,1195.0065368764988
2258,1134.5944377649432,1139.278178247497,13.283712890116428,1198.4383777716043
1676,1136.4605498468222,1141.0295197232606,12.86208386289472,1205.284150609442
2527,1218.8684583735173,1224.1317244166817,11.92145649768446,1277.1782659189928
2480,1221.044133065738,1227.0349297570974,10.028156379894908,1280.7851961441158
2483,1308.2421345431171,1313.33162583039,13.239430130452051,1365.4086055709447
2347,1310.402961745985,1315.215661536637,13.137823177613921,1371.0071955667265
2348,1490.5499860958498,1496.0087544942064,10.82191070467062,1544.7807789093372
2464,1507.6392269261046,1512.3706329450472,12.857136561777207,1549.8373677394748
2427,1509.3861138452912,1514.0830140731612,12.81828990632664,1552.5319492199637
2438,1516.352863701255,1521.301611000354,11.999478655940935,1562.8929560745883
2312,1580.7291103158134,1585.5472909086282,13.616348740051219,1632.0849651917995
2511,1595.3138219227928,1600.4797672028712,11.849297298458099,1638.7970500671254
2526,1690.5234172304051,1696.1962895732013,10.411444549980311,1724.037225613085
2364,1878.1767300455144,1883.4696368987861,11.452592469667588,1898.0376300052594
2340,1880.0892397972702,1885.2969615597779,10.671200544950796,1901.2085597019895
2474,1882.4549562364068,1887.4435392763921,12.62669182672453,1903.4064581957664
2473,1884.2536193453127,1889.200942181581,11.611328200362914,1907.061230284095
2452,1897.2794593721983,1902.3826263988758,12.074948054920892,1909.8057697381932
1657,1939.2522690535077,1944.5105654120273,12.857524270074874,2005.203300567672
2451,1943.2409954115285,1948.483394689679,11.06640597456924,2012.53577507033
2391,1947.7566107297232,1953.4054883056092,11.757149189428683,2017.1820241673788
2254,1949.6525613095198,1955.3002409280239,10.818688847594785,2074.2007870114676
1652,2029.0050969006331,2034.2135719778394,12.113346331563069,2085.9475879893566
2351,2031.0636435768902,2036.3952702731524,9.509672271219381,2087.932617966172
2489,2042.3079390572566,2093.1448207441636,7.481484463381876,2160.1242590211073
2370,2044.4802963187178,2095.358823350228,8.652609084183847,2162.650563171999
2411,2046.8781160734811,2097.3748866966894,8.499306586281817,2167.279903134313
7807,2213.1775938404485,2218.334748383696,8.958902680210434,2340.4366787007243
7040,2225.570524054583,2346.0904169893956,6.432163237928775,2352.971091585651
1799,2391.1855510285513,2397.2654333907767,10.775514694311594,2424.061814437847
7823,2393.2208267390047,2399.197618531826,11.81542437697423,2426.3147983292133
7767,2588.254947607396,2593.2249018232815,12.475994963864444,2610.213464784878
7885,2594.077471906631,2599.5297445686188,11.212601258696482,2616.3338715592167
7965,2661.1835052042866,2666.0777709848294,12.093882453581694,2685.201408482618
7919,2665.516774318755,2670.558734594229,12.372688399474903,2693.973882421469
7923,2671.033639593847,2676.03426585488,11.667040397776695,2696.5764301156814
6657,2703.0507328793005,2708.4143511151055,12.365560385596385,2713.306506318392
6199,2705.338531426853,2710.331317290471,13.48832255969133,2715.131572411877
6231,2709.786387334471,2715.308482092888,11.631490806629508,2720.6697244740017
5548,2711.6795992357984,2717.0973200305334,12.044351254617494,2722.495528381251
8019,2723.5724753574727,2728.357788896116,13.211091012120638,2775.6257911778457
7408,2793.7015967547395,2798.5427547222407,13.582584809292714,2803.020850866106
7245,2796.2102413764596,2801.062207087797,13.953502023182502,2805.4599933707236
7205,2798.1141591436985,2803.190751424994,11.983625108723793,2808.206048820608
7249,2800.0017721745558,2805.027204022302,12.277570547376063,2809.9612888082715
5519,2811.683206807812,2817.53521815846,11.232635435990336,2872.840328981864
7977,2931.304838900698,2989.093958322487,7.7022215121232875,3057.999766411057
7252,2933.141571524709,2991.281425996304,8.351910065907726,3061.0385162138587
8014,3037.8732942398856,3079.2137073827907,7.432141718374097,3156.3102138411828
7913,3468.820693762495,3474.113485484245,12.253191013239206,3478.924604600757
7802,3470.7394539598868,3476.3458528264564,11.409224488450814,3482.7249236968164
7910,3472.585755303527,3478.13917850609,10.489564466113983,3487.5689281830064
7783,3558.9156864405245,3564.365846808384,11.566637940626094,3570.3513716150665
7758,3563.161840379894,3568.4342822017297,12.256776582571485,3574.3616198642158
7979,3565.0414055773663,3570.2827828383333,11.739247017825265,3576.255368485024
7983,3566.820653416152,3572.089527602689,11.336716203898042,3578.0236485902456
8396,3605.7685461286856,3610.562398321827,12.66779763019361,3653.4396452879396
7861,3649.211655241886,3656.03721431789,9.38374244142264,3662.785615938427
7812,3651.2578987118827,3658.0225010915474,8.506668150793933,3664.812277821231
7769,3653.248823919059,3660.091485930211,8.964463437960234,3666.8442410449434
7900,3655.3714212902582,3662.159890883218,8.285152452281372,3668.7619091117713
7874,3657.637351594052,3664.3459420864965,8.87669404028288,3670.7363935875846
10701,3659.691545755597,3666.388480295281,8.83547207931545,3672.9488401615135
8028,3661.698470273515,3668.3878869371188,10.106919424364765,3674.92872489304
13532,3670.293335842472,3675.1208981299797,12.379721196343064,3680.0338509583858
13397,3757.681398249693,3763.1258454507242,11.047536675827448,3768.5802206666676
7948,3762.8432374988893,3767.580028427775,12.582504642794545,3772.2032219421844
7853,3829.0926764814412,3834.4709201239893,11.692763298007126,3839.452166381862
13455,3833.844466374305,3838.4666423883195,13.983069784338726,3843.2350531453085
7972,3845.62550970473,3851.2840869433644,10.559553535524751,3856.916709896481
13383,3918.7423866087033,3924.020701972393,13.004089812433268,3928.7018378837224
13424,4008.938861015962,4014.4293367102327,11.837105691972553,4019.388418043745
13528,4013.1663965754265,4018.5453011406426,11.25756700518524,4025.098526352025
13522,4015.0135904783992,4020.4287854931467,9.464184823775922,4027.225843125002
13408,4016.7413236784987,4022.3834132979773,11.45673155028344,4029.101702562164
13352,4018.5150515896153,4024.161615725121,11.64506867736674,4030.951208190523
7819,4023.665606366463,4029.0624241540136,12.928577038698823,4033.92869250068
7970,4026.3706231890865,4031.1003749036236,13.258475587250187,4035.818490124632
7801,4028.3887773526703,4033.4455762917887,12.42524230492617,4038.4866163835027
8013,4030.3643344383718,4036.403926767185,10.217388578856076,4042.434477710429
7148,4032.239853351992,4038.370287012201,9.919026203002405,4093.113664356996
7066,4034.2890873297597,4040.286715502436,8.654465128007173,4096.057143526208
7286,4040.1289508398827,4045.314131001846,13.248332921324703,4098.354088924351
7842,4042.5735817358996,4047.487988956658,12.69894376444656,4201.189744353153
13334,4044.5539110664745,4049.343328776153,13.25283233361076,4204.135930994186
12907,4057.953104003304,4063.159707704072,11.194183455457074,4214.11358920166
12884,4119.902935350752,4296.1047028728,6.3411889769138385,4302.073207383642
13492,4222.035131240149,4303.066106386678,11.03110224187803,4360.799351530909
13416,4225.091968310862,4305.0184147762275,12.055863863039257,4365.9128008408625
13415,4381.892828565968,4396.037989855778,6.863094082586057,4458.865627858746
12660,4386.11174217511,4398.320932971004,8.262545414407816,4460.965271435304
13298,4405.369484289518,4468.063624816548,9.093735465999552,4473.966225150765
13289,4458.986274574957,4470.019446719367,9.369120219281104,4475.881148877849
13335,4460.941372115597,4472.044153915571,10.93002569350579,4477.804119246797
13518,4549.220641997983,4554.374773382993,13.314279683234508,4646.096204546381
12704,4563.064016939091,4568.311112785987,9.182753039908087,4658.096436877025
12773,4717.961001754316,4741.240416895501,6.649729538609722,4816.824756444459
12673,4913.521366338293,4918.4161989587865,14.091455689716705,4922.835385856795
13497,4915.734834875817,4920.573850995165,13.36974071153816,4973.413105694711
12533,4917.601305741737,4922.359254649549,12.593201689769566,4976.0577458316675
12535,4919.395114182915,4924.16527395291,12.88604148150812,4978.314925069957
13353,5098.314247718219,5104.238756211446,9.793924706015284,5250.4371724887
13969,5144.048828523548,5149.315751628168,9.529004775084724,5261.8980916904775
13488,5288.022169978525,5292.1833951192675,14.613312061420473,5325.2014119692285
13447,5358.553895999046,5364.220154237613,11.208783752657762,5413.082674785772
13374,5360.596792359735,5366.03852562285,10.397936533763064,5415.9942803389
13470,5426.039757476257,5431.011025704256,12.001865400134328,5435.988937728075
13381,5448.426807703196,5453.569954983016,13.063041004034758,5501.289710540767
13407,5467.811548926195,5472.443648518241,12.314260122216732,5508.740055614835
13458,5470.903090183569,5476.044534197466,11.679511199459757,5510.622160874244
13283,5495.538051101049,5516.129656308849,8.600042136543914,5523.507620440402
12867,5541.394487201258,5548.286516661585,8.555841804520803,5594.601584720332
13310,5543.35474284397,5550.416343200446,8.779375792433209,5598.422554186582
18829,5547.541531050884,5554.414323247516,9.705143056169321,5617.5484281065865
13457,5628.958430957905,5634.4022409986055,12.005551651581316,5713.858088266726
18965,5812.15665261779,5817.3956702148225,14.566748213869344,5854.37731309659
18903,5841.894113596469,5847.183445771433,11.346023134052388,5884.13384004338
18769,6000.4108519412075,6005.566046313192,12.669560998213324,6038.373383593545
19013,6004.225865587383,6010.0276792965915,6.838229678908197,6042.29197265524
11469,6035.150237114827,6041.445743163771,9.604734590426082,6047.718896184007
18880,6078.68928290788,6083.507204218009,14.125667960006771,6117.407573269499
18870,6085.244282008319,6090.167496237161,12.292786925578476,6145.159494871005
12640,6088.860824042588,6093.341905557322,13.853308956269274,6149.818046939899
19019,6091.20526882805,6096.084150255721,11.921739834167928,6153.07788702449
13260,6093.175200558284,6098.215614116055,10.99676192250779,6216.026450548924
18856,6095.232484308176,6100.208623020742,7.676706822464889,6218.981034598396
18824,6176.709027052244,6239.04496813795,8.822329590065634,6305.77796136146
19009,6178.811902405252,6241.1948866091025,6.7397711425191,6311.155754392257
19476,6328.033953832754,6332.18520775097,12.15409962746994,6389.5056202103315
18868,6330.067028628225,6335.137007638889,11.878084113733578,6391.539233090828
18954,6333.520002784449,6338.354299437129,10.583635119890225,6393.407633179873
18860,6355.182184196597,6401.228353710108,9.203069475570363,6406.626813914647
18939,6357.078387720191,6403.095170256749,10.634781480464897,6469.38683242101
18807,6403.274500235871,6410.431146194614,11.360206789015132,6501.382140544678
18330,6406.027038221404,6412.352481681222,8.237072111286247,6503.732042713464
11943,6442.74179153048,6511.12213068228,6.245406092174781,6574.319356410747
12721,6534.813784170957,6582.034299626824,6.036125194809695,6733.357134909196
19422,6673.000331917555,6678.349618401382,12.33985989779937,6909.263220017666
18835,6888.954842018072,6894.093544523142,13.199128320877024,6919.834830174211
18956,6893.193412764047,6898.019663763751,6.476528772979222,6925.244288286327
18972,6901.144252346749,6925.203321451717,7.5045116571155805,6936.110168710219
19006,6922.514543157202,6928.34420160913,8.864532997389254,6938.303062142718
18821,6924.891322525712,6932.236012339645,7.611406993270884,6941.740198028957
18974,6978.560900622208,6983.514727304229,12.984304522561555,6998.418022047501
18281,6984.888001477879,6990.520321750498,11.112417528646672,7116.437954866648
18259,7005.7168947922555,7011.015334566648,11.585329701796132,7181.364019995975
18813,7023.27877620173,7028.475748001297,12.50574068130517,7189.2436401377745
16777,7211.496106745602,7216.379335917201,11.523534756521775,7277.047008290801
18811,7277.464214829343,7282.045317003723,13.521409316871125,7460.37296423343
17863,7294.005890824108,7299.119222845963,13.420379194994265,7464.193485208115
18275,7338.778722972826,7344.104690145255,11.458778886458834,7466.627132976909
18155,7518.749969239091,7540.05541138842,9.030429695598935,7546.470831460146
18096,7520.850578010366,7542.304653499529,9.774617286751933,7548.414474204087
18295,7522.79915094932,7544.2706592238665,10.891701602606997,7550.432309741669
18204,7524.679548275456,7546.335991617327,9.00464077000153,7552.405687900421
18210,7526.694817994346,7548.425082776744,9.395589397761068,7554.248545044504
18282,7547.705397516835,7554.437041299787,10.357838677047694,7560.01407552186
18820,7563.925567389795,7569.0906453063835,11.97356606077129,7617.487177538643
18208,7566.671818135967,7572.481012995349,11.656162236115517,7620.920687348
18789,7569.063429854968,7574.365979554174,11.260132055410264,7701.398171169875
18279,7571.189918835827,7576.4961522130025,11.848658184458586,7704.327134949783
17585,7574.315319473257,7580.013798650551,11.687514767874966,7706.742029673536
18171,7576.748757128991,7582.2726559272705,11.151910948697168,7708.967328750739
18256,7578.943123187186,7584.189259143691,7.5782084522725555,7711.065676386323
18195,7700.815288843356,7716.255728449115,7.2048276384364325,7885.767291904131
18931,7728.771137180313,7733.352885930336,9.638384986413998,7891.578236050106
18123,7850.681877701228,7856.4422841339065,9.62131797004665,7894.097128967983
18983,7923.06808431165,7928.345675987794,12.695770803532923,7965.204779297592
17549,7925.5205325197185,7930.541891908732,12.022339734897972,7967.812050450359
18230,7927.3413866685905,7932.395511320471,13.037689926544417,7970.053931674805
18969,7929.177655613158,7934.164478253104,11.905554495668108,7972.13702638052
17611,7931.565855999045,7936.2142853124515,10.080237563247225,7974.189003091366
17572,7937.173230007415,7942.362904069538,8.303838034247427,7978.077919332678
16898,7950.510677516141,7980.080497047506,6.4772980332552885,7985.785723073136
18140,7972.491691637145,7986.485593893178,10.917323389839957,7991.584033142264
16895,8016.164274664199,8021.021424614758,14.437037002948882,8056.227336179076
16912,8018.219658342086,8023.392588400755,12.09465778033006,8058.895575137472
17523,8020.24841975723,8025.115988099829,12.544150833722624,8061.14106981763
18200,8085.860847441881,8090.532820838738,12.90372666629713,8141.606517626096
18202,8089.309886307907,8094.478915847852,12.005650488232874,8144.471551557921
19413,9009.496296236073,9014.428110204497,11.883384884109383,9023.902107240272
