1443,310.7954394737871,314.18157412375604,10.481908240516011,366.39845827159434
44,1203.0896506756396,1206.2984641590017,13.77631676546265,1210.0789381243824
1503,1273.8548054396383,1277.2442772675633,11.519846632093873,1280.9232642908196
1504,1280.730940044279,1283.5308835167145,11.476545011505062,1287.1914157786623
38,1536.6908861223856,1539.2115893240127,13.853728525262046,1543.1631717346947
755,1648.3762824773007,1651.0499204813837,11.693053016776732,1654.5897471588955
762,1651.527465153759,1654.338219027643,11.39504807076637,1658.1445202972961
5554,2102.997900150713,2106.3332168431357,11.057370108547211,2110.823213289386
5902,2105.16325071631,2108.211102694967,11.007686431573067,2161.5245009807013
6328,3003.43130704465,3006.0502847677008,12.915189217554515,3009.281335530049
5523,3067.376650230426,3070.0514457736535,12.293690866062095,3073.697863781001
6323,3074.0128256934004,3077.13232510884,13.855985451988284,3080.3051416591575
5915,3155.4145799360303,3158.358986077155,13.58643641261656,3161.33606205721
5894,3337.497301088278,3340.2762112320383,12.899754986768132,3344.516220984379
5541,3339.416249730931,3342.105480170519,12.926604725615924,3347.090053431664
5532,3347.66660591326,3350.521537192615,10.98438354986439,3423.8558620479566
5930,3349.492175386896,3352.479857009848,10.259608963257657,3426.445896063422
5911,3351.2891421070144,3354.4571059348764,9.526853930815493,3511.127628447028
7016,3520.6057791963526,3526.0360895425474,9.837891626435166,3530.144796956873
11376,3902.938951954574,3906.157077481618,12.47485090199917,3910.412565814716
11391,3905.208315467172,3908.209985356912,12.632745290127398,3961.7547662025454
11371,3909.3161873968133,3912.0463650902284,10.396986325754664,3967.0182078985454
7778,4511.80268300078,4515.009367899323,13.423548138732864,4518.905671843025
11950,4687.400946829561,4690.457178237551,10.544937664422251,4694.9459178622665
11272,4865.232834000665,4868.156005645611,13.94195805480024,4872.067011056472
11286,4867.220290415159,4870.032652582345,12.996122010446996,4874.142812100532
11273,4871.529741565978,4874.09711274111,11.561837151729872,4951.214720493678
12447,4959.441214569629,4962.380557396816,10.491483978326917,5052.236728642123
11289,5135.213025121783,5138.056236911409,12.968969602093555,5141.442048767182
11899,5148.602730801714,5152.046729481631,11.161876107827306,5155.9393742455795
12496,5155.561045787455,5158.439031303322,11.498962324002509,5162.106965928328
11909,5158.655132013835,5161.563230132738,13.481983066736383,5164.81333981369
12461,5172.401667800316,5175.097460457401,11.974984093493253,5221.355186703561
11836,5225.789986637478,5228.530911409011,12.280257081360096,5232.193995673223
11868,5228.4794111572655,5231.3390498397175,11.305026485036766,5235.435038784257
11897,5231.426769720371,5234.14727332981,12.654273453439869,5237.5837576099675
11847,5235.435367617846,5238.245590764503,11.745558552944207,5241.986381275257
11934,5237.4009748426,5240.156535226578,12.115891941041966,5243.861910628632
13188,5240.552719766532,5243.351876561332,13.288500416999032,5246.699403222344
12611,5323.220201477448,5326.455322726474,11.512117288811309,5330.615901747316
16524,5702.986966243822,5706.333211703811,11.451193009667838,5710.855410209304
12464,5772.002795787121,5775.248388516571,12.353504904930212,5778.737189228002
17294,5774.511684226666,5777.426378242625,12.850990280183339,5780.875386278662
17961,5783.539648699317,5786.409480525906,13.859776084467777,5789.588278612542
13243,5797.592235727782,5800.3920215908065,12.797906853142337,5851.6541941307805
16862,5855.326489640171,5858.338512840002,13.427641296242642,5862.553926334985
17312,5864.407886418588,5867.427109451561,11.095318531872476,5871.477592502463
18017,5870.608361263694,5873.371793169895,12.236578565407898,5877.030802737374
11768,5953.864082997298,5957.271102069313,12.722035120006872,5960.733589364611
17276,5956.053643187938,5959.204932580268,11.275205998293652,5963.028377206264
12485,6041.796817635058,6045.344972822413,11.087456645284956,6049.133244578375
17481,6043.958313935871,6047.194066794306,11.764561249141058,6050.9385371718845
17252,6059.449464201131,6062.113141302269,13.867690068649667,6065.343892070064
17265,6142.380087178805,6145.440127593071,10.453202786304665,6149.469463837962
13192,6148.585057296091,6151.307534714487,12.017498052147946,6154.909746318237
16548,6307.567279378202,6310.178994124453,13.491451945605048,6313.451874714663
16926,6309.5212025975725,6312.165238141374,12.459420306665356,6315.764902490318
12459,6316.8576028961015,6320.311352081582,11.405187554524897,6324.382472060578
17366,6324.50955502727,6327.275022490212,12.395895714937298,6330.8930314804065
17264,6326.42964136718,6329.108164646079,11.581079124324198,6332.706273880103
17275,6333.48485406644,6336.462642235418,11.496487407575618,6340.43659135493
17331,6337.6247622905685,6340.182016723214,13.302064835207128,6391.460470155814
17251,6607.433379017978,6610.472413266689,11.915221672335598,6661.366144196478
16931,6664.642495928039,6667.395177902681,14.025330194067823,6670.57193443299
16889,6666.791327294615,6669.295588923632,14.000274154638056,6672.564512301626
16932,6668.660650143616,6671.529923149015,11.441845282502427,6675.473897628437
17508,6678.105694677184,6681.118807847278,14.074178817774024,6684.152647326884
17507,6680.395167024499,6683.466989882836,10.53809175456162,6687.555654546202
17610,6683.536902162805,6686.327082666795,12.45065597724938,6689.792122296348
18056,6689.465131386619,6692.449365989742,10.716326920761688,6696.460257868739
18191,6692.587827120256,6695.3889948564365,12.446635511287738,6698.817151385802
18088,6763.991768555877,6767.503269415262,11.417350841670162,6771.469155172368
17307,6766.244682030082,6769.424442392549,11.77509252639184,6773.399644730557
18725,6783.444279575386,6786.122500161775,13.326169943320274,6789.498547589675
17281,6789.677437984626,6792.34658909036,14.751712348056042,6841.27317244935
17355,6851.887320241269,6855.224040950491,11.47426224729337,6859.055482306296
17969,6863.549172182833,6866.410918139636,13.067452464293325,6869.925280925553
18006,6867.542154104305,6870.344351922873,12.803080087287874,6873.742920840889
17985,6938.174743045167,6941.2751663414765,12.57405010282,6944.787584428609
18112,6940.756574834832,6943.62241360591,13.329022852857946,6947.72555223148
18738,7214.057689936117,7217.560573919336,11.83021198313397,7220.958546663824
17354,7303.0957973166105,7305.552119127469,13.047462523460085,7501.25533157914
16825,7412.6101533716455,7414.59693474407,16.155176427190884,7504.38533218011
17956,7803.071558119634,7806.176225427228,12.4273402320894,7831.751713106032
