2455,638.6099289583367,646.0902464639439,12.69653178360883,660.4318703938347
2349,685.493673236432,692.6518051926117,14.928200531281401,699.7106999739466
2145,688.7027069339977,696.4865394099628,13.464280604963912,706.432723136425
1427,691.6372833755169,699.3753321031458,12.641445539610356,709.420847378452
2147,694.789289721379,703.4603376166866,11.366131612055689,712.6399978455163
1955,1360.506567493677,1367.6249032798855,14.07372265422933,1375.637266150202
2314,1511.0033972481297,1518.5522021908757,12.957502362617962,1526.765091795702
729,1531.8121149130066,1541.511554204386,10.550681366111162,1576.6309572526593
522,1533.7413667008375,1543.3900721286097,11.20725845036186,1579.4492441054854
708,1535.643711243327,1545.2912432747157,8.81641754527456,1581.7436061422598
718,1669.6468166321906,1677.3768908066725,11.779169496351864,1707.4266521133943
679,1671.4123421288266,1679.1894762072332,12.90481727869311,1710.289491135989
458,1746.776527930292,1754.471588597486,12.33097751814863,1840.2778751583537
37,1755.8366196320592,1764.4224551502514,11.334005306641167,1864.133091763514
2691,1803.6659265184326,1812.2125915117438,11.169043832562979,1866.5715471017431
2452,1815.4174701666705,1823.485950542967,11.384942391140424,1868.6499703055429
7785,2143.6602359528483,2153.201914574526,10.141226829958455,2162.687247846986
8022,2442.4232765888664,2450.247090127408,12.229346241288725,2458.699165667346
7862,2461.0536843550644,2468.4965051786253,12.687298939531889,2516.253950192543
6708,2462.7091591859426,2470.219663762548,11.902864550401574,2519.1866731113787
7221,2464.420308368156,2472.0272906907862,12.670712100562,2521.664858567691
7307,2468.082964359946,2475.4933649489035,13.126251928315167,2590.2466018786763
7259,2471.5222381011667,2478.149481263179,13.87993953856884,2656.464983158635
8015,2476.476813496984,2484.1457935868307,12.171472958086447,2703.2857281942825
8019,2485.507365196342,2493.169578946012,12.821031116561748,2712.2238842711035
5773,2492.1178631053776,2499.151193075996,13.624642531765543,2714.9826754678506
7028,3014.168549777214,3021.3411550779742,13.143134101336294,3036.1311939128564
7821,3015.8445961119132,3023.07154783039,12.898067864932647,3049.315574491374
7292,3037.907821272769,3046.007742171153,11.785073273559455,3064.2692014397594
7888,3047.3144291425056,3054.058113615137,14.505712664108149,3066.7673481349457
7141,3051.9244639079184,3059.231332532174,12.461008708307588,3103.656985950308
7909,3108.4902965074934,3115.092513171506,15.064403809857822,3318.2199893240745
7062,3113.9194826708863,3122.4205466649328,12.01107158621911,3391.0240743076242
7168,3120.569126832959,3129.325702343988,10.986705820625248,3393.728360936914
7127,3122.661636227707,3131.128892217566,11.257613074956186,3395.789629194358
6933,3126.2167309951706,3134.3458971798855,13.61006943030642,3425.296683173687
7661,3128.5784688664517,3136.5413315042615,13.118778470936514,3427.8903373722624
5770,3195.9982420274837,3204.0069558222212,8.15020943571417,3491.2983385277303
10753,3647.7865975698123,3655.4371474744985,13.758838743706145,3663.6291917264293
11530,3904.7918860107948,3912.319160120711,12.802471816318652,3920.8314653784555
12129,3906.63534734332,3914.0990151958667,13.299622781053843,3923.541919537723
12418,3910.7875993467355,3918.5631467518697,12.617275358462452,3926.7053887181087
6189,3926.4325499231486,3936.160915826648,10.030735108148265,3945.801189227455
12372,3928.453235327781,3938.211326378684,9.817105349890703,3948.5178913481814
12907,3990.4184988387165,3998.482886908383,12.186524464694548,4006.7693293844964
12378,4018.644300242251,4026.093393081362,12.943296326499164,4035.8074963925055
6228,4020.566520800273,4028.435228484229,12.557278082006553,4042.418327351461
13341,4025.673728077628,4034.3333521371364,10.7208019435171,4047.710332619299
13452,4028.5694547993558,4037.2274738493425,12.011733972900643,4049.7426613966427
11743,4189.392308745547,4197.282870776645,12.284605909524167,4232.21954448968
13507,4244.164083587462,4251.074109912262,13.27291573498945,4304.44240388225
13537,4248.44914471589,4257.2979389729335,11.335716369509674,4364.813516294543
6025,4274.331320180587,4282.029169044724,12.641040821982783,4419.099982386646
12786,4626.4017906294475,4635.014994911744,11.650650704036552,4643.6632350050995
13427,4843.4888915204565,4849.593714954822,16.108773077144814,4863.131882890251
13449,4849.9373018935985,4858.552926502621,11.451789791019849,4867.663172964149
12579,4851.878049398452,4860.335296196371,11.421941659125421,4874.478723958862
12564,4918.28276322819,4926.527508149116,10.699153362060368,4935.745183975814
13327,4919.7275468918115,4928.3685641022685,12.782867418152392,4938.670740635802
13317,4924.948453015608,4934.030447516637,10.85458700820562,4943.934420134502
11697,4943.81532200208,4952.3905762666645,11.909040796357118,4982.24688967786
12782,5061.221059963364,5067.494739345844,15.144387030368035,5168.189323962718
13283,5456.495266569483,5466.216588059655,10.224804077612147,5475.840023449945
18689,5706.537103689132,5713.625105667639,14.665393851123843,5721.713441548342
12412,5728.643654376442,5735.591967429096,16.1690129029827,5754.44063844903
12416,5730.752819786696,5738.3933601117515,12.479914777879078,5757.164622159019
11267,5733.755059054853,5741.592812515173,12.531943040389256,5759.863602240476
12370,5736.848972812509,5744.506212710792,12.811789877295622,5762.6346284179335
13286,5747.737339735729,5754.531079186485,13.428792994899508,5809.56091245635
18514,6603.468594155996,6612.429079863081,10.51445075710156,6621.6201156621
19186,6605.4707841619065,6614.357289535967,10.858795177626435,6623.687754946987
19422,6607.577222615455,6616.260008703214,10.764543641647306,6626.537444076522
18453,6610.931169391743,6619.063708381308,12.128601352363312,6628.925804460123
18699,6613.7805502346055,6621.429588786871,14.00705414497226,6631.734577603536
18978,6637.67784077476,6645.492785917634,12.114824507675754,6658.402743996201
17581,6641.746692313653,6648.523104155705,14.696256756555691,6661.096744158949
18777,6675.463573028744,6683.281952397182,12.548171789741579,6743.33150028715
18865,6683.654989137874,6689.353092074013,17.180592573065045,6800.199789908822
18891,6688.264130911212,6697.01986398181,10.70944225342823,6881.447872707593
18803,6695.013542302832,6703.393816204731,11.593232473129806,7122.206795256713
18384,6697.726502267398,6705.374573522524,11.840700644059913,7125.0460622406135
19071,6704.681786193354,6712.15620973804,12.751592706687275,7131.820270795564
18189,6708.557425157464,6715.3476859612265,14.505447568068924,7201.537776969676
17717,6711.4811365491805,6719.554868955263,12.747326659776416,7204.28617480005
18048,6714.1134720411055,6721.445178639325,9.75145383647193,7206.805883240831
18303,7809.464607588591,7817.501641152824,12.550720025824589,7825.784586846941
17240,7827.932534633508,7835.277857805242,14.615754988331714,7852.401428249163
17194,7830.558287164418,7838.511248696196,12.509518811638957,7855.247304114252
18267,7885.49922387677,7893.395134795685,12.127438974899524,7901.788156390962
18214,7895.372878964883,7902.506739635829,13.337750551336748,7910.672937905177
18236,7933.849044661077,7942.27933278153,11.822483530646911,7975.434592666089
18980,8077.267377320367,8085.120136702575,11.90355846058629,8093.741318573898
