3220,35.0,41.29055664153612,13.928515998545056,45.87536626363577
3030,47.0,51.52177386514548,14.64178391551725,55.95535550225198
3224,83.0,88.28352341419759,12.586772597995084,93.55021916005484
2561,86.0,90.55568244847917,14.95943599539299,95.39071981386581
3103,236.0,241.4167980983276,11.440037433883715,247.0048700642951
3194,241.0,246.39260376472515,12.32565600880138,251.81812771018622
2984,252.0,257.191412967639,12.711293031105958,262.4964479714676
2892,262.0,267.09860237079346,12.740909730704653,272.1650007176393
3032,265.0,270.2659675780062,11.906506228503178,275.54576079569017
3158,290.0,294.6211906295055,14.03943725500886,299.0598246622633
3044,343.0,348.33522436839786,12.108610796816567,353.7080064681827
3234,411.0,415.59314030056476,14.81759075078703,420.0113497765865
2945,430.0,435.15787337731905,13.04527814972823,440.2943550961685
3133,463.0,468.5583115826089,11.73679393800783,474.0767994017595
3134,464.0,470.3745246224897,11.415896741907144,475.7591848830969
3076,487.0,493.41026528812563,9.804916354633429,499.8273424927867
3083,488.0,495.28013580380633,9.284896843546106,501.6590130643222
3232,520.0,524.5887434152339,13.809731618290309,529.1088139324189
2981,522.0,527.510994511421,11.889095287665468,533.1508733162804
3073,589.0,594.217554725374,14.334732799175198,598.7163532472417
2896,679.0,684.5978545248043,12.65700572858253,689.5165598755802
3150,681.0,686.2851482056308,12.530355657351668,691.3566606290574
3074,759.0,764.145629651438,11.848094238219838,769.3603683013492
3015,889.0,894.1529498629262,12.621921056129088,899.4446766544902
3075,938.0,942.1685659894373,16.65185769363703,946.0584086472549
3053,956.0,961.3290901845336,11.359390888473643,966.8244289850088
3210,1018.0,1022.1978044340939,16.47648399942357,1026.1520657857088
3256,1135.0,1141.044997766121,10.64385348884552,1147.300376189615
3262,1164.0,1169.2364906725452,11.929204452740176,1175.5423066978553
3097,1174.0,1178.091164444359,16.368670481239086,1182.018576592488
3169,1184.0,1189.144382198628,11.814105667820584,1194.5350847963616
3136,1199.0,1204.3882224194713,11.997420913095349,1209.959917333528
2884,1216.0,1220.445538404303,14.315395622995446,1224.757115643987
2599,1217.0,1223.0388437620309,10.082645548499672,1229.4498657108268
3106,1236.0,1241.3378475572013,11.577579286655151,1247.3846456665274
2581,1249.0,1254.470968423933,11.498521210745569,1260.2016805104233
3122,1282.0,1287.13527828056,12.35423199948634,1292.2866294100845
3082,1295.0,1300.0695318845014,12.294009997316559,1305.1448968657471
3144,1319.0,1324.387219645702,11.290085084121408,1329.6906230665065
3077,1430.0,1435.0567627128025,12.722984286641875,1440.1714048368829
3127,1437.0,1441.6367002004395,14.668173715848152,1446.1126900263284
3045,1460.0,1465.2123893607443,12.39552893328803,1470.3645773120722
3025,1465.0,1469.4882164274104,14.719371175094665,1473.8357537556656
3222,1486.0,1491.4083804599222,12.457301696919941,1496.7135824991967
2900,1536.0,1540.426506739229,14.709076728738117,1544.6040435450452
3185,1564.0,1569.0378914560213,12.722261742779027,1574.0116880461792
3051,1580.0,1585.4365369000925,11.650994057445905,1591.0627910884823
3017,1633.0,1638.1676215107975,12.723315295023818,1643.1698621270777
2583,1636.0,1640.6132013599029,14.036490137666222,1645.0180847410345
3244,1689.0,1693.223356235659,15.4971220311039,1697.3797437613139
2966,1716.0,1722.2284679338072,10.775323931349867,1727.85634294905
2991,1786.0,1791.0346057603763,12.91844606423656,1796.0659306608802
8557,1832.0,1837.0986458799478,13.129220449447478,1842.1207017575832
8378,1837.0,1842.3258418101982,12.22347559952844,1847.8391137245967
8570,1848.0,1853.3398878144694,11.838117773875737,1858.8006911584096
8642,1860.0,1865.2615985623686,12.232528718845337,1870.5923886822309
2878,1898.717474890233,1903.240798032763,12.24110258055907,1908.5590232600823
8495,1934.0,1939.2285771722973,12.179298850015268,1944.4350820289199
8618,1939.0,1945.0039736646768,9.927380934734881,1951.2660173851273
8523,1961.0,1965.5851470615487,14.632946299201146,1970.1010388233883
8662,2001.0,2006.1309469321263,12.630049669892392,2011.195207356376
8046,2020.0,2024.584231343124,14.699670124255057,2029.0620725175486
8519,2028.0,2033.445378766791,11.844251755642327,2039.0004137820758
8550,2045.0,2049.536245002242,14.67655277476554,2053.996680433169
8591,2092.0,2096.5739039890086,14.815976515685248,2101.0476745434516
8674,2119.0,2123.5810043251263,15.148318409454017,2127.995407451297
8374,2148.0,2152.544601297804,15.06667421820125,2156.882877150252
8676,2177.0,2182.240555170216,11.935750696685423,2187.4561680889947
8712,2263.0,2267.2732787237196,15.67447377290157,2271.3286876613574
8722,2350.0,2355.384083772291,11.607431176473618,2360.8867881445753
8593,2419.0,2424.0026112533055,12.512050709573073,2428.97936175482
8756,2454.0,2458.536480264611,14.859990246058832,2462.9798759544806
8706,2512.0,2517.399104525463,11.320283874369379,2522.825630644971
8693,2560.0,2565.0274548397106,12.875477612191583,2570.09428462993
8598,2577.0,2582.371338839636,12.27462273037877,2587.740067935355
8596,2578.0,2584.0597518328727,11.313889711547995,2589.4997831298547
8099,2581.0,2586.4804495395683,11.560018240206148,2591.963787754264
8740,2627.0,2632.1480282825823,12.959249558818719,2637.246341218843
8666,2645.0,2650.196937673661,12.569669834143815,2655.4070309630674
8055,2656.0,2660.5618437840844,13.914742563932048,2665.07100009335
8466,2670.0,2675.1876843278,12.68852858860686,2680.4667867163284
8602,2711.0,2716.2719946963202,11.351914405036961,2721.7042582375993
8665,2730.0,2735.335675380145,11.474089392206247,2740.9030928977836
8720,2731.0,2737.0554727523645,11.014093011958336,2742.6983824298377
8701,2770.0,2774.4688827122523,14.888789661106376,2778.7840177474764
8664,2947.0,2952.2815572054255,12.47748317495132,2957.5645589557616
8746,2965.0,2970.1971512782084,12.01995686567849,2975.6295086164946
8626,2969.0,2973.5032727777325,14.808459078798949,2977.9199944358743
8621,2998.0,3003.0871795464204,11.920159079620673,3008.2174625284974
8627,3020.0,3026.0371728281384,11.820187164394286,3031.5470487308753
8558,3123.0,3128.0489196067642,13.437703843792544,3132.8965348572997
6867,3131.523070959307,3136.499374063761,11.508392615282734,3142.279307817876
8553,3198.0,3202.603787186116,14.513119754554891,3206.9145151609823
8581,3220.0,3225.372104252043,12.362473016272386,3230.7341545175677
8587,3279.0,3284.3007556776124,12.055493798082423,3289.7149314909775
8703,3336.0,3341.3334795025844,12.185050344889106,3346.866499601866
8694,3365.0,3371.143082628156,9.81370003231269,3377.5844985621025
10841,3404.886043751821,3409.2854332532524,13.78062667093942,3413.7588081097692
8613,3441.0,3446.114950729458,11.842697109269066,3451.4033530871525
8056,3454.0,3459.235778178676,11.783668915005993,3464.5269868155656
8760,3489.0,3493.50683995495,15.212118866011874,3497.886357291773
8595,3499.0,3504.4164743447923,11.721706156279776,3509.9335445256306
8386,3545.0,3549.411803102933,15.442944572630257,3553.6437232525295
8396,3550.0,3555.160923152048,13.036296656660815,3560.0
8732,3557.0,3562.146798666328,12.677050845673653,3567.463740975245
6691,3631.340397674368,3635.3175184887796,14.900217511386629,3639.7361290266713
13628,3642.0,3646.612810709555,13.992293208586272,3651.125651524148
6696,3664.3188412944573,3669.33183367687,10.826177348011033,3674.997690283364
14164,3675.0,3680.3666943229878,11.17693689774928,3685.8962271463292
8385,3697.14931791019,3701.2075877114466,13.643939314034478,3705.900269045533
13988,3725.0,3730.5033308762913,11.61388378421094,3735.919672447455
14148,3832.0,3838.355903884971,9.904281404200638,3845.094966796235
14048,3839.0,3843.426094773823,14.41270598607386,3847.853886143853
13992,3842.0,3847.2386077596966,12.244961136174734,3852.552096330154
14119,3857.0,3862.498219570929,11.672286119966161,3868.1295507381233
14202,4014.0,4019.3439013321536,11.56779496513189,4024.6958634336265
14058,4072.0,4077.349346168831,12.073911605724742,4082.855626773712
14213,4074.0,4079.175488169506,11.08958456442646,4084.6788095436445
14134,4090.0,4095.3957402959422,12.030110641140839,4100.75748283174
14029,4092.0,4097.219764759862,12.936441700353134,4102.566764862026
14184,4095.0,4100.205224712877,12.775348174065007,4105.455450012815
14247,4100.0,4105.240557436739,11.545772428100118,4110.5220669946175
14130,4116.0,4120.374822776217,15.089295125965164,4124.932895984399
14107,4186.0,4191.308543392975,12.19833985978607,4196.662458903866
13629,4243.0,4248.124675646051,10.801800702287927,4253.9053339302955
13627,4282.0,4288.252891889869,9.494853427599791,4294.832963735782
14171,4378.0,4383.407186025836,12.538708767881962,4388.6647734108765
14092,4394.0,4398.423261361678,15.399049271403976,4402.798877325772
14006,4449.0,4454.202201460515,12.284066610122474,4459.341546607433
14008,4483.0,4487.604303192337,14.003975548396317,4491.996591369326
14264,4488.0,4493.474549510069,11.748363003932408,4499.165244090462
12889,4508.211800621262,4512.048428285364,14.918000762703114,4516.24309211798
12169,4573.295509020093,4578.264129658027,10.778461918977067,4584.047302432222
12599,4591.054232014867,4597.192556622389,12.166821103858005,4602.522910757481
13351,4601.647853399287,4606.174499061817,12.285827829630195,4611.583760392824
11719,4625.104948186928,4629.449534524462,12.616307802064352,4634.607316994891
11526,4628.184379122979,4633.276550508589,10.544999267545288,4639.295693228133
12737,4636.23128244542,4640.575461890395,12.499119130581144,4645.828584633329
14195,4644.0,4648.582108566586,14.179154542832284,4652.943672298181
12199,4653.21910422599,4657.298126953597,13.647631025613835,4661.8714202070905
14127,4657.0,4661.579456799125,14.331165358008352,4666.1659493986845
14141,4658.0,4664.017167983769,10.799866560140401,4670.0
12217,4717.57470577644,4723.164518687599,10.151144421173932,4729.7618385792
14105,4755.0,4761.107183878136,10.138627873340889,4767.523846393474
14085,4777.0,4782.548765624428,11.485662474068436,4788.174999811204
14017,4780.0,4785.541746478231,11.278042033562256,4790.954431689157
13584,4797.0,4801.60579189076,14.240073620981539,4808.041849715886
14046,4821.0,4826.05891321535,12.587177499221639,4831.343029967747
14257,4850.0,4855.317948679036,13.691219603258077,4861.150771010245
14098,4871.0,4875.461537091355,15.242828665069032,4879.734734043006
14241,4977.0,4982.2845126969,11.809108864999494,4987.535326023181
13893,5036.0,5040.571641397614,14.709538280356279,5044.986728380955
14221,5064.0,5074.183521579929,12.714827847179148,5078.749070749206
14231,5103.0,5109.008345621685,9.746547156314216,5115.303035973587
14126,5110.0,5115.148644392678,11.826735204233227,5120.407221073717
13876,5112.0,5117.032520956904,13.0806731613431,5122.131698432162
14168,5126.0,5130.589925832423,13.582190787767393,5135.163274041696
14103,5130.0,5136.136985788333,8.25468401087745,5142.129914843383
14093,5144.0,5148.266533842189,15.91450031549496,5152.395706548247
14142,5179.0,5184.007228356208,12.985414621222347,5188.97491215052
14068,5262.0,5266.505438755188,14.12550241249486,5270.929302024864
14007,5270.0,5274.630733404235,13.92582205920763,5279.106962746313
14139,5324.0,5329.398101270729,13.311917337745703,5334.220104018523
14178,5347.0,5352.102009110985,11.965193520523357,5357.329805915864
14073,5366.0,5371.177005089257,12.41145407470574,5376.258330872346
14174,5369.0,5374.002313732383,13.301711559421012,5378.9364528011965
13590,5398.0,5403.160831056956,11.909536748837308,5408.551917023734
19491,5419.0,5423.318450029517,15.316730476378392,5427.463133870573
19685,5427.0,5433.256869316285,10.344854182079679,5439.775425182641
19647,5458.0,5463.148905909239,13.003650938551987,5468.27878347486
19607,5544.0,5548.314229059343,15.201203367655687,5552.527997969968
19640,5546.0,5551.062862943609,12.793543462002654,5556.296011550896
19700,5592.0,5596.447886792114,15.417024351363645,5600.688843350334
19643,5689.0,5694.360897477441,12.196197221173877,5699.745148306952
19389,5709.0,5715.448683440205,11.341240321040049,5721.089340732885
19562,5756.0,5761.145961154663,12.074998017294707,5766.137786214105
19736,5771.0,5776.396830600045,11.425263418226157,5781.928234658818
19675,5827.0,5832.115073472959,12.475430563204393,5837.365961685516
19585,5894.0,5899.028591904881,11.925782829004978,5904.188593545686
19536,5904.0,5908.539497478662,14.000084774892112,5913.095979810084
19499,5942.0,5947.19406030931,11.587295630468361,5952.426935313032
19623,6096.0,6100.629857439895,14.818496851589803,6105.068509433669
19573,6102.0,6107.335676088673,12.292982868682135,6112.77762497596
19614,6153.0,6158.015022050649,13.069469767600543,6163.031841352909
19655,6200.0,6205.145163010206,12.421417399354942,6210.332091439936
19565,6221.0,6225.596693006789,14.087681730056737,6230.084073903508
19763,6355.0,6359.6008240498,14.611632063473067,6364.160270195487
19696,6356.0,6361.217393607579,12.859822357389566,6366.241197878163
19701,6394.0,6399.248703778804,11.977712376856514,6404.5469239221065
19137,6423.0,6427.1782036543855,16.35912429083594,6431.180564121533
19520,6496.0,6501.417571216654,11.433301905170831,6506.795063256726
19533,6556.0,6561.2201633944005,12.357049186916118,6566.8078866105525
19705,6573.0,6578.269979395315,11.968412795228955,6583.617023726624
19711,6613.0,6618.0341710165185,12.255021262579378,6623.099741270637
19689,6619.0,6624.414274049563,12.038474399066095,6629.96252654808
19508,6650.0,6655.408547844458,12.437449820981437,6660.272681787991
19740,6652.0,6657.16776104933,13.895344067996815,6662.010723415084
19682,6673.0,6678.376237591253,11.536801495417267,6683.853476566933
19510,6724.0,6729.210879274161,12.1100763655197,6734.484388998013
19122,6728.0,6733.056928031264,12.791649126170674,6738.374861881308
19641,6740.0,6744.581655310133,13.996577207864508,6748.943859694544
19612,6793.0,6798.246023264998,11.601055305986092,6803.488320057429
19512,6808.0,6812.508381159021,13.975604272949369,6816.957852751028
19112,6821.0,6826.066079670228,12.232679461416614,6831.114664649958
19593,6826.0,6831.47324001907,11.775792281060163,6837.135075338301
19603,6841.0,6846.1794929528405,12.39649771023955,6851.8863223188455
19546,6843.0,6848.010502944854,11.111137882661929,6853.721191254085
19681,6875.0,6879.616101394984,14.013091135895086,6884.093581256162
19668,6881.0,6886.489080529141,11.066193087590229,6892.215847549431
19648,6900.0,6905.098568475563,12.538010024223052,6910.28645374805
19626,6943.0,6948.508332440812,12.08286948381362,6954.102210517923
19503,6945.0,6950.324198437032,11.384740454891798,6955.908271949273
19582,6955.0,6960.55794796478,11.898493949842722,6965.972246425032
19475,6968.0,6972.537821305158,14.97121033832625,6976.87764519187
19658,7020.0,7024.475780811478,14.998756956247824,7028.812501412915
19615,7113.0,7118.498745451864,13.817024234922636,7122.957478253137
19545,7123.0,7127.58155273067,14.200288598317123,7132.097021270374
19517,7152.0,7157.375558846574,11.682438745910503,7162.750354904638
19707,7180.0,7185.003288368112,12.694362823938995,7190.109370520823
17644,7533.914375890507,7538.432603002441,12.534430820104294,7543.53228505311
16955,7543.269779765384,7547.07582960138,14.587293501553724,7551.366289453471
