4626,122.87699986380512,129.09211437753288,13.059699448314182,134.0
4620,211.9854348258025,218.05545674450093,12.983669224979309,223.0
2995,278.18426152951855,285.36179363082994,10.744235858550486,291.0
1554,323.04203051249556,329.2747541990152,12.80304841917748,334.25625129886544
4691,389.91718721875185,395.6026897330014,14.28486859447345,400.23701597196606
329,425.46390734748013,432.08362790657776,11.316706876836204,437.5549672379138
2319,460.7116959052346,467.3810313415285,12.255149078319807,472.6881968693757
1601,462.5702753763467,469.14990731096253,12.847016688029662,474.31732965085365
2305,468.2002188109142,475.5341124868861,11.32600254389749,481.0
5318,547.8106130817096,553.5571670926955,14.512116738956752,558.0
2273,550.1750824767718,557.1397048597918,10.980441215530107,562.8213552894871
4684,564.6927076493096,570.3941361172309,14.423135882128662,575.0
4645,570.339749512897,576.1094873779529,14.068723094849073,580.8080445881849
906,592.790197253156,599.157513678669,12.792907533980117,604.0
4627,635.6751353371941,642.4784305601771,12.066649669806987,648.0
3057,646.0563248923604,652.3772250557398,12.385324585422161,657.495381429775
857,680.6350007863374,687.5271824541875,11.983766599437448,693.0
1564,682.9341472276529,689.4246331169436,11.010147284482809,694.8800273776513
2263,813.7891898162768,821.0316414612735,11.932548315381961,826.719886735359
2322,875.4072985051788,882.2999932642481,11.345309211889955,888.0
1576,881.1681830976808,888.2388266118995,11.319763023288518,893.881400696273
1594,891.5144502395956,900.027577643932,9.84239454566377,906.5035840149606
2269,893.463021198201,902.0442941301416,9.919558497326069,908.0
894,953.0262612827484,959.3803600033499,12.829108507026323,964.3748952816745
336,966.9808623035334,973.4130277655701,12.397349463148652,978.7259407960257
4027,979.4700694143213,985.4688423365089,13.36992124321296,990.286852698509
1535,1038.3234468126677,1045.2132374669661,12.65610561307207,1050.2923917540293
3012,1043.7360870000073,1050.3304499731198,13.191626657912122,1055.2592141310565
1560,1052.133342982399,1059.1178290213354,11.792362564792045,1064.7082121713397
4634,1062.417423362283,1069.2771921465037,12.084234563290181,1074.5657900544995
2994,1128.1472968654873,1136.0264540127564,10.542037886366973,1142.4276163943612
3604,1144.2562277939023,1151.0818799972462,11.048935979017042,1156.7754093583933
2281,1149.9622807615915,1157.1314602557752,11.4434002575609,1162.494187178229
855,1156.0096862490523,1162.3150506313866,12.919025664957427,1167.4165445034607
2275,1173.6080630193458,1180.3498088823703,12.255006293156791,1185.5589583480407
4657,1185.2775962187923,1191.3681484618448,13.008907436069302,1196.0
3039,1230.8993366985121,1238.2861641556256,11.075381640937286,1244.0
5347,1233.3051932841151,1240.173683482432,10.70762432163761,1245.7192565887776
1541,1240.0555109475747,1247.366780288658,10.520320961753427,1253.0
2336,1263.9893623732605,1271.5347229548856,11.11269739090836,1277.570585212987
4609,1276.4122808646641,1283.2076468114944,10.909319611106238,1288.8740191879128
3601,1310.8511699685162,1318.1253565059928,10.72476764425782,1324.0
5377,1356.0385150646891,1362.3083594427892,12.176215413152256,1367.2472315233888
4630,1374.4221393016046,1380.076295364209,14.26246033432985,1384.8349441255657
854,1419.6401766973527,1427.2935179693227,9.752238220617066,1433.5277762150833
3603,1421.5470908831112,1429.2381542780515,10.54623417412919,1435.0
836,1444.1179752896262,1450.4967800720756,14.239482344743399,1455.0
1600,1446.2040791809102,1452.4077372638676,13.722488066308735,1457.0
5327,1448.084123180214,1454.195182538,13.122187924098045,1459.0
2988,1449.9525859677717,1456.1627890433738,12.39952011895245,1461.3388599875846
4646,1455.900062173455,1462.3651514603034,12.161481198869172,1467.624454949804
4653,1471.2144237246819,1476.5428394727917,14.791654463688495,1480.800319319881
868,1592.1649488259493,1597.386258248553,14.864745697881414,1601.60533737221
5311,1610.467175686074,1616.5108286166874,13.24771212931678,1621.3365366213088
5368,1627.6539276571189,1634.5165696752122,12.278248812065918,1640.0
2998,1668.6369848807753,1675.3359790797465,13.49884788502306,1680.0
2997,1673.6905472243318,1680.202535779093,13.530300832349909,1684.9127343864611
1544,1698.1470172850197,1704.4982681680344,13.1891455730138,1709.5053809347587
3045,1700.041358259841,1706.3409881000644,11.945233287613737,1711.67485747975
5313,1760.6258243675068,1766.0472988990182,16.30406048456869,1770.0
891,1787.422999233908,1793.2332239336204,13.321416005610656,1797.9736769732042
5323,1788.8455440994765,1795.1953554316456,12.134720132501869,1800.4329680523153
2335,1792.6210735120383,1799.0462977021652,12.319328432719583,1804.307745194362
5329,1848.4650380648495,1854.2737072178058,14.605224950449001,1858.6825595346259
5330,1854.7075504002185,1861.4184732735698,13.276843379775753,1866.0
4643,1872.2046801188703,1877.557263017422,14.318259715921174,1882.0
4690,1874.0245879934507,1880.5337003479128,12.210394202422718,1885.8492321193062
878,1875.4016997752292,1882.2825482328972,11.781079939383723,1887.721653900312
5340,1877.679427829561,1884.1319789879992,11.721962250649375,1889.369515266084
5292,1884.6792060310597,1892.0182848564,11.27325696610841,1897.4978358814978
3017,1893.841684536562,1900.5681418784523,12.311844527915307,1905.8723599529949
3010,1895.9859397980238,1903.0989680893485,11.614251779124181,1908.883882500213
3050,1899.9107602262054,1907.2751990644392,10.417304845303196,1913.3828357228504
3594,1945.0596927064566,1952.253554602723,10.859808238162229,1958.3732958730577
4615,1951.1994856331726,1957.5219574151868,12.218672228841559,1962.7558657680502
4680,1959.7008440077557,1966.1332625186255,12.089160147294804,1971.3783540587115
1552,1966.3577020392966,1973.1889523739144,11.258077632920477,1978.8313083145813
3052,1985.8106185651918,1992.531723182779,11.607075138832602,1997.8965686905249
910,2027.8460317723375,2034.5267871254712,12.93225085562246,2039.3568634811636
5832,2050.1467711070322,2057.411929077714,10.65399597224455,2063.381161950247
5337,2093.0082373481864,2099.415224908521,13.725860506989777,2104.0
5317,2095.020811336734,2101.5100817084704,12.661521260070728,2106.7157154312963
3021,2097.009863118828,2103.2649293423706,13.186299649247323,2108.4464005949994
8557,2099.1069726007304,2105.4291747779857,12.38343880410966,2110.6670889914785
4644,2123.7744804201534,2130.1444921834345,13.800648758067199,2134.668938972947
9095,2141.32907995253,2147.4836251820107,12.421088031793138,2152.405909336699
9529,2143.00292315642,2149.254890407052,13.021931479054478,2154.0
2306,2174.374295614904,2180.1086981766744,14.575972974242067,2184.496934601386
5358,2177.8321986956184,2184.507501489321,11.367749998990725,2189.8481141586794
10120,2185.113452287015,2191.2687638392704,12.679801620589158,2196.3377197172454
8497,2233.5958421539217,2240.408978806892,12.065490530075879,2246.0
8517,2238.524323792654,2244.490129503763,13.60136949056083,2249.382617245812
325,2263.006209478099,2269.480746796641,11.856742993128277,2274.7120753332238
10111,2287.9948709366604,2294.193752784187,12.834881271962555,2299.0
844,2331.5243890364727,2338.200831119663,12.279404098718235,2343.7324831259025
2254,2334.891334171245,2341.2187906540016,12.509925191628284,2346.429698736662
10863,2348.6002766613883,2355.065760047319,13.325070142973376,2359.865673610656
10842,2350.5599953659594,2357.2378538427483,11.928406292797927,2362.518690282774
3056,2368.140723886027,2374.0666044547866,13.072164954902481,2379.0
10872,2373.765421768784,2379.5484204587356,14.001041829492083,2384.2679245421914
852,2390.3116303730317,2397.4153396977654,10.776003138576195,2403.0
9525,2392.6177242440945,2400.0483756035846,10.088854197048162,2406.0
9514,2398.956390891422,2405.1632174350602,11.952839652886,2410.372011534145
1605,2433.659057646021,2440.3541327382914,12.298621346435848,2445.396898242596
1588,2435.780339256026,2442.284970159621,12.254359432498728,2447.436033011627
3002,2481.906016523047,2488.188711729618,13.974449159279944,2492.6193979202003
10823,2525.75329347762,2532.3587265525944,12.394239205067365,2537.414500107449
8564,2527.6494307069543,2534.195842199333,12.344755266966954,2539.292846048898
8546,2538.24630198431,2545.352100752959,11.885463017771631,2550.529694467051
6352,2568.3550619321773,2575.148400347752,12.390082025967358,2580.0
1583,2570.5073022601564,2577.21621033786,12.386690117749046,2582.4640651421732
10786,2583.9855349470035,2591.4913369058854,11.306255600955142,2597.301939902272
10796,2586.0795956183965,2593.309441016552,10.253916832813289,2599.0
9520,2588.34919503001,2595.240560838593,10.723917586360743,2600.623296076587
1542,2615.607113348549,2622.387841836474,11.267579899496074,2627.947258543524
10860,2622.0914423491276,2628.526017170268,14.634413535027731,2632.973238924161
8509,2624.156460329804,2630.473086364541,13.373432309599778,2635.0
8556,2630.0587413022395,2636.3618181261477,12.137050004259649,2641.4874799215677
6381,2658.19050695251,2664.5111174147196,14.58149165792067,2668.8768871947186
6387,2682.8702867312795,2688.5727465181753,13.842470383980952,2693.2460892433714
8555,2703.748687159436,2710.218349215264,12.305947503582424,2715.328945929918
7055,2705.809301092916,2712.0351552502884,12.784215239374433,2716.8248279639924
6365,2750.42614520702,2759.0632420068205,8.569782740841621,2766.0
10110,2753.097776736393,2761.121236324744,8.805855882572814,2767.687430120053
8514,2867.636828380666,2873.3188962282275,13.781663926024203,2877.995048049424
10799,2871.815284701788,2877.3575105046175,14.04314188984078,2881.859468429542
6348,2930.456390695113,2938.1993846613395,11.099660828042946,2944.0
10151,2939.5266405559278,2946.5537365791993,13.292644079737308,2951.459082225481
7040,2945.6970776273633,2954.2343499354442,9.165845261809073,2961.0
5830,2955.2544249434436,2961.0485754968176,13.698227993829658,2965.8371724874564
10137,2974.083186435392,2981.5115429426996,11.000581630552007,2987.3405244716614
8511,2976.172556507533,2983.311781562996,11.661830737430487,2989.0
8524,2978.3785419040396,2986.0298298282955,10.887851740255446,2992.0
8513,3018.3753673017177,3024.5708653987517,13.273135840622633,3029.2529169931054
7838,3028.0238800919187,3035.225937165535,12.129423503633987,3040.8167046021076
10784,3030.2753047521974,3037.0686552763905,12.694690137363995,3042.4174471785627
5836,3038.100770366932,3044.1579017445642,13.098603977369201,3048.9830670955257
7097,3040.424148679956,3047.254801081033,11.985533688458574,3052.792140169134
7048,3048.1999867976047,3054.001686095972,11.572277350366209,3059.510079400164
6361,3110.3470641288445,3116.6036929830443,13.448141611370701,3121.3508829872353
10105,3177.5320716011465,3184.159579365539,11.404232862155322,3189.598893090042
10853,3184.967967541087,3191.4062368450677,12.247059751206606,3196.784637912477
7101,3200.279865206677,3207.3729633668718,11.059860128217563,3212.9794531320763
8530,3202.457447845997,3209.250032935555,11.66112844822714,3214.5792526807895
8541,3243.527218374656,3250.417477945703,11.838153390369962,3255.823540330597
10826,3272.9893719928587,3279.0362945048387,12.887413051786462,3283.9578603054315
10165,3334.052983701759,3340.575371934633,13.059099016264545,3345.4105723143566
10181,3336.4632061815155,3343.008830858482,13.126626001512408,3348.0
10788,3378.7484083512677,3385.3869817635473,13.529214618623719,3390.0
10125,3395.593806805371,3401.1878670199467,14.151126220689678,3405.751453549327
10158,3475.0773339619245,3483.3473781464695,9.988281050659213,3490.0
10095,3493.1340022196746,3498.5156092625884,14.680462702892669,3502.8426617139276
7797,3517.714082150132,3524.441637481313,11.509583952527418,3530.0
6426,3558.5863633031154,3565.0823144594083,15.204599178395934,3569.0
5828,3563.1796818120406,3570.339907581704,11.425024437839527,3576.0
9522,3581.925482698147,3587.618887663464,13.785335502911906,3592.443460434522
7025,3603.4627533241246,3612.0198696440966,9.742445850467416,3618.964601202596
5844,3650.5964150092877,3658.403224183654,10.57448285436249,3664.541176240541
10829,3705.1945277343148,3711.510076828234,13.016896563653802,3716.4723283203057
10141,3752.4461172453284,3759.49532785708,13.343591453666486,3764.494986061163
10795,3783.400626650532,3789.516089941525,14.619956582817181,3794.0
15651,3819.610946486424,3826.3687769212215,12.009176037265389,3831.7428316576074
8560,3835.20004805454,3840.625772341779,14.788345612340992,3844.8977893217893
10129,3843.157420228441,3848.627971753001,14.627200182737381,3852.8967020861555
7758,3845.0196011273924,3851.322929222196,14.27839285519303,3856.0
6419,3849.374322926643,3856.4396268438622,11.538885525329617,3862.0
5842,3851.1286526629683,3858.2129214826714,11.384197600509367,3864.0
15675,3873.719418926887,3879.528684825149,16.698411605075762,3883.412262426577
5827,3920.0432109265903,3926.5160949995575,12.93773534514639,3931.671112970184
10840,3934.8360303386544,3941.228858213336,12.085144075333751,3946.2911075801762
10848,3936.8441444074397,3943.4525924903137,11.72034273413524,3948.9343999340144
15023,3952.1989976712202,3959.1815122682538,10.838792908627033,3964.9391999199065
10131,3954.0739058544877,3961.013119305354,11.576925502518044,3966.5883714260603
10815,4025.8475853211976,4032.3745698568637,11.913942603295528,4037.8653979942833
7795,4035.639116350931,4043.2131407690576,10.054186180897949,4049.516208515903
7034,4053.3662375020867,4059.491559590697,14.704725313398654,4064.0
7787,4055.5195306741575,4062.060080619923,12.299321350044591,4067.3974829365325
15684,4104.891618673365,4111.559644945265,12.06526148819888,4117.359316483934
15038,4117.068239230757,4123.229004372525,13.561523217261934,4128.0
7104,4150.106436181845,4156.391682548341,13.27894509266481,4161.334215194374
14039,4245.580147136838,4251.43370436738,13.384888961309395,4256.328913706321
7792,4251.7341832467255,4259.010274855457,11.331023951069835,4264.8706418839765
15636,4259.068016722727,4264.3549409708585,14.871261126392632,4268.65569535221
15034,4283.345176837451,4290.444091023824,11.43836624065231,4296.0
16360,4307.537511292542,4312.552395502338,16.260350781118877,4316.706150427053
7081,4351.912677900193,4358.072259343953,12.750117582173644,4363.0
16351,4383.755895082147,4390.130411195788,12.331028251181172,4395.491958596478
15612,4391.040082804229,4397.589543851951,12.35291212154821,4402.7683392468625
11882,4424.378644049443,4430.290565888415,14.614648540781625,4434.4913647992125
16373,4448.231972762282,4455.149268265861,12.47990013473874,4460.444194406196
15663,4470.552989392308,4478.064503315435,10.619484344179078,4484.0
14604,4473.816965881638,4480.128438036821,11.35216120981772,4485.7910450148265
16311,4477.363687599159,4484.056930682155,12.73600228800198,4489.278962314956
7801,4507.549372622452,4514.072560803756,12.293759382143593,4519.364757916712
11921,4527.729766651316,4534.4217355365,11.10373550746294,4539.5893930927705
13341,4532.947506432309,4540.0416272283765,11.474455330388,4545.684539262492
15652,4580.298265642646,4586.1025220614,13.38987080933091,4590.733660115843
13288,4637.996776489078,4644.311262232566,13.543850773510874,4649.0
7837,4648.773945779857,4654.160246211294,14.53595550110949,4658.632702721494
16366,4655.21546602123,4662.396634540807,11.188559325497813,4668.0
16338,4662.125484280854,4669.038126404364,13.254554701014227,4673.796833704173
14060,4667.9875341909765,4674.514104841626,13.028704384461806,4679.602564623679
15617,4728.623835075316,4735.484693751591,11.877519585436573,4740.759311697417
11325,4752.833751228647,4759.349954798372,11.555602408271179,4764.462011488818
12532,4754.774908747631,4761.207938505712,12.028979716017012,4766.228908276643
15655,4801.674397808476,4808.016244410769,12.160122093820165,4813.0
11881,4818.296945444669,4825.197690713211,12.53209478141336,4830.650104661789
7827,4892.0716400301035,4898.570236155115,12.854753520712919,4903.631046572909
6397,4913.838960365232,4921.06538510153,10.802960658852783,4927.0
6412,4928.226713065311,4934.32050481836,13.32219285000188,4939.305876429002
11846,4956.244300668841,4962.280102531063,13.431165978331794,4967.0
12593,4981.584488870486,4988.327646081549,11.824764537225596,4993.607468537305
7037,4983.7116764114235,4990.116508163595,12.453860196104378,4995.2637834279685
12595,5000.305738254991,5007.019590734211,11.56601789726745,5012.485702216188
11837,5065.581911527351,5071.453038646457,15.875077873192419,5075.700640844712
11843,5072.485261418964,5079.243809577038,10.990157318471299,5084.864347770045
11338,5140.568137492696,5146.452940267602,13.820581695786872,5151.0
8521,5142.333116090946,5148.497121303772,12.31860265077652,5153.598094418311
13311,5155.571340350744,5162.009655070388,11.733413965517313,5167.406868115482
11875,5159.087534717452,5165.597764778239,12.733881861802427,5170.657150345653
16324,5163.831768831101,5171.006579589273,10.87304085375161,5177.0
16378,5167.872038491774,5173.484325007568,12.467994978107361,5178.5305060728115
12546,5186.168577696692,5192.258009673672,13.116712842963402,5197.282371531993
15660,5194.666652985339,5202.2016023374445,10.162543030644379,5208.363781475496
15648,5196.574783136729,5204.12315196056,9.945736742687664,5210.0
16371,5204.480657779237,5210.081236452854,15.059498382239783,5214.453743474107
16352,5211.950914194105,5218.375809390954,12.429150541068264,5223.811083346413
13332,5232.000109535007,5238.532965051333,13.123688202306644,5243.58911511746
15662,5287.940199934682,5294.324298693754,12.470188137204012,5299.509619208593
12610,5295.856595760983,5303.124614705932,11.017742787141051,5308.715619633967
12598,5302.755424630023,5310.448938641861,10.65343535894656,5316.546809827495
15682,5372.536512495836,5379.4885147253335,12.469539885964297,5384.559634125439
15616,5379.535877670109,5386.393907404277,12.405812050600638,5391.337460336684
12543,5382.727644461099,5390.333855107984,10.414180471893578,5396.0
11872,5387.715395334295,5394.471672491448,12.592413884381797,5399.765130793432
16364,5458.5026824191555,5464.377947940923,13.488766998536697,5469.235682445465
16312,5460.546511679446,5467.182309209485,12.116747506604511,5472.617381411347
15664,5471.047379134627,5477.55386614388,11.689505697269018,5482.716599260722
14062,5472.8533279923895,5479.494622639359,12.067669125550767,5484.770931363781
16302,5476.731782544395,5483.077699816452,12.189948572102166,5488.367232309796
12547,5484.892433490566,5490.436936346799,14.035106610968482,5494.901408762117
12564,5493.851447390539,5500.026026447064,14.65101315970782,5504.553199892086
13327,5542.513001002456,5548.303088319733,14.517006026622443,5552.831474180152
11862,5546.056845545815,5552.424120385943,12.190214875150627,5557.777041193445
12570,5557.715025886307,5563.382369646051,13.879753807852413,5568.0
11838,5561.27853926329,5567.046527518229,13.622655812242494,5571.723845093031
15693,5569.459469133228,5576.265548125303,12.077632831040344,5581.417492863854
13309,5638.357713226627,5644.550367643165,12.270659125150365,5649.7418093279775
15643,5727.143164846269,5735.126430567085,10.19742982652643,5741.331967788598
13329,5752.232953028812,5758.32402539034,12.458363598245317,5763.411253003794
14034,5828.41381069852,5834.18789856937,13.593532039085792,5838.979422302635
11924,5856.273391420933,5862.480327202823,12.113279784420383,5867.459037957385
12578,5860.149115427137,5866.129888074561,13.84793865231948,5870.869577442713
21182,5862.186315453709,5868.499786921801,12.944933094415855,5873.631494520073
16327,5952.095042568496,5958.291209369894,13.485775002072574,5963.0
12612,5958.109705464116,5964.461912211539,13.236639635318154,5969.624624922608
16326,5964.123756678034,5969.569592237302,14.311534329605209,5973.980961258346
16355,5966.047257629305,5973.192213535525,11.40707618317393,5979.0
16362,5968.452676289828,5975.4167858858955,11.554672210592447,5981.0
20535,5976.028033976539,5981.638826682888,13.963305750541064,5986.259088889304
15650,5990.727149685269,5997.125818112436,11.92309749235679,6002.0
21160,6039.830640999769,6046.4317790451105,11.701985506918993,6051.817349304695
13315,6041.80489621742,6048.17884618868,12.477515230832424,6053.461130118917
13338,6061.7817048713205,6068.027502204555,12.78742476020522,6073.0
21141,6065.8600082016255,6073.08916408012,11.514466451199898,6078.990814812948
21123,6069.903231311468,6077.472613747246,10.907350874078604,6083.58652733249
17364,6082.12926037386,6087.543483250136,14.490017182743733,6092.0
12574,6092.698249966242,6098.415994211112,13.819500250495842,6103.0
11323,6107.4773564709285,6113.3419041390425,12.741958155631425,6118.0
11324,6123.5869059224515,6130.476481694059,12.156853643104354,6136.0
12539,6125.6283380362775,6132.232978874648,11.050495139184383,6137.625286846559
14024,6129.609197264866,6136.391119769007,10.959489570794311,6141.93540077323
13292,6168.069081467923,6175.320055844545,11.803969091802152,6180.873674597283
11329,6176.614233862964,6182.480234155051,14.298975324505822,6187.0
21143,6186.424958387199,6193.474830874254,11.599276671181954,6199.0
16314,6213.683903926231,6220.238090016105,13.574919381651265,6225.0
17338,6230.168019465823,6237.048382654994,10.700446634841308,6242.84500161436
11897,6273.730102135979,6280.1892039205695,13.452989970300122,6285.0
11836,6276.332018806466,6283.085975452815,11.966607192656019,6288.4076580091905
12553,6278.716723432215,6285.001356959618,12.137780532629739,6290.0
17361,6280.75989275002,6287.1092014102915,12.227745656370635,6292.0
17423,6348.132475460438,6354.406290871628,13.867378422255163,6359.0
17362,6356.69209317826,6363.559043178844,13.181915375202205,6368.572865611213
19562,6366.193621138435,6372.39093416815,12.959754727404537,6377.43065930901
13319,6370.568375160258,6376.293493339296,13.721539235108487,6380.971129408942
21838,6405.528283283867,6412.529687225505,11.824596804774034,6418.0
19499,6437.9671834163255,6445.043389454152,12.003752250648207,6450.3482869188765
17386,6446.213454538776,6452.593442545182,12.779317064956937,6457.870868035535
17346,6449.746891443943,6455.481342298031,13.245967587084204,6460.0
11919,6469.036931931414,6474.280190974996,14.545041592508822,6478.555678557597
13285,6470.792410039777,6476.041163381145,14.760944101625467,6480.22093214925
17347,6532.299764715873,6539.152424453303,11.17172907413953,6544.972389518007
16826,6556.009571938005,6561.6335175042395,14.059055157414896,6566.0
17365,6618.279611452992,6625.487603660314,11.054824549156692,6631.0
21823,6623.72623696875,6629.567135123814,16.643844948195895,6633.532823853394
17341,6626.698289352564,6633.434656170625,12.871961726256119,6638.310432259119
21830,6628.794109187507,6635.449756681094,13.15304448324136,6640.559242296364
21813,6633.676756276896,6640.014537445328,12.235704956033903,6645.0
21796,6639.712423473108,6647.150211421573,10.628864120040278,6653.0
14047,6646.068540279253,6653.268254874084,12.513504544027482,6658.61594705539
21110,6664.222170910874,6672.315793483121,9.530188111465584,6678.705182431664
21142,6670.533072984091,6677.257568235065,13.127025535719257,6682.312575111473
12566,6674.902481390653,6680.609575543938,13.275880191014215,6685.338213616198
20520,6686.339376226316,6693.096650539616,11.272987666318471,6698.683360285239
20100,6715.367299702812,6722.22554778603,12.581641858623259,6727.33367821116
21138,6717.41528590734,6724.329638955501,11.746049540650512,6729.779627969605
17410,6769.214521613753,6777.385202285846,10.274958640145769,6783.966561192781
18830,6771.200455550438,6779.230430917499,9.533201511614593,6785.453897496545
11867,6815.933819899899,6822.201875696065,12.648239973471942,6827.338792150097
21156,6845.609886100524,6851.613967368455,13.856454594460693,6856.27046752994
19566,6857.007101831611,6864.141100690832,11.070357069340789,6869.977304284999
12606,6860.455837895433,6866.252143770607,12.454862276066475,6871.532824108264
18794,6866.853247741419,6874.233401420355,10.89211064080592,6880.347703477098
14038,6868.752454347736,6876.05544928282,10.77150086325006,6882.0
17357,6873.470936796541,6879.502789410203,12.710241231119745,6884.4620896369015
17394,6875.250401809351,6881.1836629423915,13.50684778425623,6886.0
21148,6907.81050423929,6913.616180033208,13.282125984926221,6918.35344520692
20105,6914.162104909464,6920.317536331983,12.86819382922382,6925.308189687332
17422,6945.472726481242,6952.235182536249,11.56223624829294,6957.769112760663
20102,6999.284385252501,7005.054537040018,12.989282503577869,7009.8574824656625
17421,7086.699851924981,7093.056076536744,12.94446567450839,7098.0
20524,7187.404240577785,7195.100284867542,10.622597126533513,7201.0
21817,7229.168724556085,7235.265591523974,13.332075992104862,7240.0
21848,7258.712187827272,7265.557948072135,11.59082619119004,7271.0
18827,7344.308242139735,7351.03629562998,12.26499070798603,7356.51363557532
21159,7360.074671981699,7367.264729958312,11.828765782038408,7373.0
21177,7361.973000719977,7369.047398223139,10.821582792408057,7374.701668209485
21844,7394.071208362675,7399.477970969091,14.126795270129072,7403.90275533884
14030,7397.578559007727,7404.2855030207365,12.100445984526203,7409.641277806863
11910,7428.257755858495,7434.395961641415,13.86661056582085,7438.788238368511
18073,7430.554368658511,7437.107543684954,12.2438772030949,7442.2514511755335
18081,7432.633804732722,7441.219512221038,9.593231316639947,7448.0
14018,7436.574332382725,7443.376515182242,9.656606730043913,7449.794336548629
18760,7564.080743125658,7571.095786948521,12.38700173304661,7576.455823042459
17403,7617.788137738332,7624.384763594108,12.703441204003495,7629.328238539119
17353,7623.2441779954015,7629.411680988273,14.06699110306287,7633.84969522652
18060,7625.773565811354,7632.073469511736,14.284849139981025,7636.530175895878
17340,7698.360734207354,7705.533025565846,12.16818720040495,7710.771956680589
21863,7713.099139050497,7720.495645554655,10.36860933455377,7726.362226129239
18761,7720.039471789719,7727.305003292884,11.07303784432115,7733.0
19548,7721.990815425534,7729.161616042963,11.14842744303225,7734.760962807162
18756,7795.297742853392,7804.046391193987,9.19368987263936,7810.833142692915
14070,7801.625239156999,7808.006128466446,12.938569094651188,7812.924441224873
14000,7860.854915823144,7866.559657780759,14.186366268518922,7871.3492258507085
18788,7901.919295702792,7909.41290747102,9.944259108975796,7915.58637940694
18832,7903.74044064051,7911.29498921976,11.103034945759159,7917.0
18094,7923.4517477321415,7930.430228967128,11.473805558253302,7936.0
19533,7925.906102552046,7932.401444293303,12.19821958815989,7937.868268047021
18828,7927.861266349743,7934.227309493418,13.007511786045391,7939.508364076587
18768,7929.9543277791545,7936.376089897506,12.026100845443922,7941.524398795567
19545,7931.874664001155,7938.169881695561,13.09110601105849,7943.0
19494,7933.6151512001,7940.028288822555,12.2371327088246,7945.351063166893
18037,7977.867576793058,7983.084802434543,15.279567640170395,7987.385558788636
14042,7990.084048486582,7995.441582774989,14.948957532828429,7999.843643991248
18076,8019.653088924595,8026.025433141912,12.553023405187378,8031.0
17377,8038.920126259515,8044.364565488,13.394543860214256,8049.229144916874
21875,8075.668212326266,8081.480289417333,12.687894966487718,8086.0
18096,8114.396751061429,8120.495295558154,12.924938329736905,8125.454386482342
18038,8116.285455461525,8122.490729220757,12.347555169493448,8127.500132584621
18093,8118.084374394812,8124.232033230987,12.848917196115794,8129.29500127848
18804,8238.198711823736,8245.350904789684,12.28561504442076,8250.682296015255
18077,8265.818210555586,8272.54796536132,11.656831872228416,8278.0
17354,8328.542934738667,8335.465457731396,13.91895970396863,8340.0
18042,8422.938007243365,8430.506893732181,10.339932178992866,8436.649836442208
18795,8424.777712138222,8432.441055216885,10.496251094300039,8438.27606740435
19518,8553.906455681758,8560.23643453185,13.838898832259256,8564.914639515086
19564,9363.967671224258,9370.334330452983,13.761968701994983,9375.0
19524,9723.534655209693,9730.258297881683,12.280945156324085,9735.633524615843
19549,9725.761225809922,9732.088066434117,11.410203169878807,9737.287076170462
