3992,169.5231324161884,176.5566032743773,12.162160514498398,181.98416277802792
4000,173.62025977856695,180.09773197073545,14.216320597886014,185.00456527546078
3747,203.49453155149254,210.24616329229244,13.383449006030958,239.9842490215874
4164,241.98331441426959,249.49360067389208,11.619164180636599,255.33448154965922
3718,298.1299097436562,305.4243383838219,12.474739620467759,310.9148445143089
4319,329.87017614084766,336.0536163542133,15.052585263945009,375.41550135698236
3727,370.4091793553552,377.59471817156015,13.314222277696656,385.974295280663
3751,387.08217467421656,394.22004041570125,12.526237068341397,399.8850874786515
3756,389.2610061579221,396.45307434177494,12.449048360746415,402.072591462503
3721,390.9827073114755,398.2310526680348,11.218389051616422,443.59536659010257
4247,421.2078151043798,428.06801725573547,12.856413619364279,446.4130920652389
4313,423.15167941036776,430.41420656146306,12.818643277201604,448.74571021937027
3652,440.8280247059732,448.0412196722969,12.161464003211195,453.5368474024648
3719,476.97788560034746,484.11417957525066,13.106776743761934,511.77105907351034
3701,575.4356340995968,583.4387348679309,11.327965722717035,589.4161695651566
3724,578.7503131608154,585.35802965618,13.115349005171451,591.2466964868333
3948,587.9037209511064,595.383086688084,13.076103783762289,600.7706663802322
3760,637.3767213698214,645.0843487861309,12.220229502342054,650.6178663461862
3642,639.9317243495796,647.0085504775404,13.38479681067879,652.3787186728047
3666,642.0090737043018,650.1878636099859,11.734391219957717,656.1831839851111
3648,683.2608686280582,691.2443967563725,12.35668647930454,718.6219239718844
1034,698.7894464539027,706.0604473717674,13.671963997659727,720.9349910454449
1043,704.8021578320272,712.0622851211351,13.5340314290895,722.827200774094
3726,754.3770354752232,761.433942274324,13.226057143075447,783.8233692518739
4366,774.4225654559675,782.0680828881311,11.853933577455088,794.0868191555074
3908,783.6542547193966,790.1736628931963,11.711011073794516,805.7247296701678
3702,785.502229296999,792.4427282063557,13.278567678189075,809.4450900121251
408,786.9774835513994,794.5525958524412,12.321865942978084,855.1569098468541
32,790.3463130505912,799.1487490097419,7.437437647933493,860.3684776853305
4265,874.1970517483272,882.4434601188646,11.215388749098759,924.0819603109717
4438,885.1469288694497,893.4301225447134,10.381224040009403,926.2457249289075
22,887.2688686637933,895.2499209986429,11.52081101524475,928.2136260742506
3985,947.9884178010115,956.3667724413347,11.956345186274236,987.755325888703
3977,949.9500035121388,958.2086510926748,11.891156600305944,991.4633448090453
3969,994.0335217498355,1001.2573262684197,14.534768959258217,1006.2885093600091
3971,996.2026153530071,1003.5058021203168,13.21449115941082,1009.254177234996
3735,1048.7692151634815,1055.141463844783,14.122962782023519,1060.012165471187
3280,1050.5832248697452,1057.379311777989,12.999022144095012,1062.7066955736368
4308,1054.2303522485408,1060.478933704761,13.595872278004984,1065.3236286381211
3959,1068.8389896615174,1075.2114528769523,14.24234759615993,1080.067691239325
3960,1128.2743820500634,1137.0372971210215,11.226472451066892,1143.5382269939475
4439,1144.2398792922074,1153.2358900682784,9.935319963252859,1191.7889391233805
4368,1146.2382138364385,1155.2709252529235,9.220399776094778,1194.3438461260605
3703,1194.8863434582245,1202.0023551025301,12.588125023301204,1207.4491988804486
3854,1207.7467515179574,1214.276028775444,14.009308637982022,1259.96568483382
3707,1299.546134311365,1307.3741392283857,12.016377219745532,1330.4245065254486
4429,1323.819957473642,1330.0688210259484,13.736316133330359,1334.988094684174
3635,1325.2598032308574,1332.1212133707459,12.577744571262357,1337.3801971674916
3972,1338.733779520434,1345.3472173104876,13.839682022520691,1350.5766929086462
3921,1354.1426814556553,1361.4605915151512,12.411528364799914,1395.327100734053
3940,1356.1510375230466,1363.2772405625333,13.211784198531502,1398.2706223797572
1725,1421.4238961365377,1429.4628937412979,11.320510281587145,1469.1292942762636
366,1497.706086034754,1504.4746322354586,17.025369460685642,1540.2537354237136
374,1499.948954029934,1507.1098836568779,13.134070573173936,1542.7230750617714
4333,1681.1948705074701,1688.2097529012399,12.062370395606939,1694.0304718616085
3958,1758.066597031602,1765.3629631237823,12.820166864182319,1803.573919222391
4282,1778.0239101452742,1784.0728153844434,15.603101738511006,1810.1897269898627
3914,1790.262357727964,1797.333077740638,12.700511992941088,1821.1412987759306
4085,1835.9588238047525,1842.24753365933,13.496284075772877,1874.26541196817
3730,1848.9759618008452,1856.3933289521167,12.747870493978812,1876.373099160488
3299,1862.7161741879977,1870.383011005479,13.250060352095687,1880.3386926469768
4079,1938.6928395573786,1946.3620254676264,11.880265357938987,1952.0708859510344
4512,1945.7706043893181,1952.191897778039,14.430991755924543,1956.9996854228546
9872,1961.74091986121,1969.3029795747682,12.15991536538201,2007.5139678388366
9819,1963.9731125977448,1971.1191214641576,12.943498209407226,2010.7748317618546
9871,1965.8511026416866,1973.050687105365,12.673746705572285,2014.961046538298
9666,1967.851029570765,1975.2565626867802,12.63166512823912,2019.9379447531612
391,2031.6347358994583,2039.0502461324284,13.327048054386553,2078.986420496382
3676,2042.7984236215284,2050.0392429574076,12.799251784552245,2086.611619173363
9207,2095.9896886785987,2103.1770488381103,13.210607599195576,2143.5352541753623
9574,2101.7895946971935,2109.545962399697,11.938863417783198,2148.548239915202
9242,2103.6338081114723,2111.3807328299476,11.3729998627677,2150.884556606032
9237,2106.9906811237897,2115.1608900098563,11.136813588268431,2152.678849764744
9551,2163.857396274394,2171.465789001771,12.497360874849626,2211.451324026332
9595,2198.1044854725683,2206.051233490062,11.720923795884827,2214.2094084598953
9483,2242.283443674485,2249.465810500666,12.950491723917054,2279.543982465503
9252,2287.0339661229027,2295.4825192522812,11.607365307708942,2301.6844756077544
9221,2379.550193688929,2387.237711583997,11.231823450814991,2415.458453711952
9310,2437.2350026199456,2444.4793387817595,13.441823252582466,2483.5417205810513
9464,2477.720622035393,2485.163455039786,13.407778820323456,2499.5907884832536
9903,2500.3367559065746,2508.376725464554,10.986806386753392,2553.1017502036584
9444,2513.654774040016,2521.253010097306,12.169496721443405,2556.0445747718863
9204,2545.32939632954,2552.502459330026,12.894519749169925,2558.728914219547
9815,2589.675848415334,2596.2587337134537,14.043771915987419,2624.7591846736304
9218,2635.2791572681203,2641.5126434212148,14.634240986841395,2687.3624800453167
9886,2673.8758668726887,2680.513969794466,13.831648808394375,2690.549903454021
9791,2675.597368473016,2682.362528119661,12.649949889716698,2693.0256194086564
9708,2677.613608358903,2685.2119538964903,12.213079090210053,2695.089777116402
9892,2681.7043794414485,2689.519641993442,11.250371122238269,2696.9329126870084
8830,2748.8373452418555,2757.1680869943934,10.73293485047945,2763.424295260872
8789,2760.881483514553,2769.2283297607196,11.642739061159865,2775.2914479946007
8782,2766.3583307369813,2773.543240169088,13.723266385986554,2778.6262460603166
9596,2803.176315937325,2809.4778702406356,14.601273432050524,2831.5181972103233
9578,2805.0354494373787,2811.3413261432415,14.496447632429847,2833.9751572162977
6011,2865.0298096242173,2873.422691130489,11.830152071269916,2891.353532799966
6036,2928.7655041278167,2936.308383688318,12.921093444047951,2959.9152461266217
6587,2936.4319120072646,2944.10184597646,11.05321397076786,2962.5050721767693
9240,3000.841238722576,3008.4664360082515,12.827998823040543,3029.6683361877167
9422,3009.658043010708,3017.12603275337,12.913201187065065,3035.5858283079674
9839,3026.1244452392257,3034.428876287087,10.890231878941599,3040.7675646507155
9825,3036.8701824118602,3043.5826269429485,13.194871564471573,3048.7491843267135
9762,3132.7186303068665,3140.161418278591,12.52829937467191,3166.235643927705
9460,3135.5875884354864,3142.042564884123,12.805598420547604,3168.4104555348904
9199,3180.717854249827,3188.081046754363,12.401766063743361,3231.4425581481896
8811,3350.24925098447,3359.278319536236,9.606216907945848,3366.9006962120134
8803,3352.535068692051,3361.217285194507,10.007523783370676,3368.935269398824
9553,3354.5037437587507,3363.184334569851,11.12689857693197,3370.8155922210944
9584,3356.7228992805017,3365.065807210724,10.53251409791961,3372.735051776476
8818,3358.557700443261,3367.031596156292,11.156204651233638,3374.6805690629535
9781,3409.1153288657674,3416.008943003043,13.468263279843452,3436.577396059147
9208,3430.8945214059804,3437.3181638471433,14.188295831185071,3443.68016730378
9202,3432.870060223977,3439.4112040868254,13.740504712655866,3447.1185336149374
9193,3451.908221143789,3458.439584766475,13.207336168526957,3503.6696905548665
9136,3513.557506717928,3520.4861078373447,14.40963577598207,3525.2740101907248
9200,3537.9927306745944,3546.522126946149,10.536544531355343,3571.4660736282494
9225,3542.6180646659004,3549.4743947030865,13.550925312756561,3574.15159092912
9695,3559.983863610608,3567.419547904538,13.992638632539453,3578.9970738521615
9809,3592.984936229604,3600.1787121985108,13.643216597234579,3641.1813276888192
9368,3603.7249588916898,3610.6267579161226,13.669145902502889,3646.6473897431097
9401,3605.7140048028205,3614.386007852911,10.027043536930867,3651.897529516311
9910,3662.8897950019345,3671.45154639629,10.499417722048223,3722.6465275612545
9782,3664.7641840349206,3673.403764714941,9.900653020212534,3730.815082215548
9462,3738.126253269547,3747.020589635534,10.905314846034644,3775.765613804409
9470,3752.9563891198222,3759.5976837995586,13.051208112886947,3784.789121818183
14998,3772.8747475153377,3779.140770412515,13.65944832757078,3797.4873827662946
14700,3806.3011461111655,3812.52162987655,14.508425352579826,3843.760076496263
15406,3841.7668388325474,3849.4600292836835,11.618424589320623,3855.4621370951063
15288,3843.6607816031533,3851.2357183258678,10.477264377503085,3857.279061435588
7983,3856.426230958344,3863.004390431729,13.603245610911747,3868.1046481763055
14740,3895.315483317446,3902.4523841484383,12.65981901192765,3911.6702638682514
5897,3918.5055559438247,3927.067222197943,10.09920061435457,3933.713270284657
5920,3926.9518598721847,3935.1517093122366,11.240630279144755,3979.3514153657225
5901,3928.9011354120844,3937.0218114610807,11.476862350861527,3985.4642561316273
7212,3938.281612934904,3945.140776670613,13.530780663118655,3988.190790183381
15090,3965.862854301961,3973.4142742835497,12.692890028032325,3995.7878884803326
14737,3988.5963202106714,3996.2519226806567,12.002418782602902,4002.183008194462
15075,3993.382182952301,4000.295493675391,13.13768009234795,4005.725539930976
15080,3998.979358450443,4006.012843333275,13.319211343890238,4047.83072193647
15414,4022.2200229148098,4030.0133891691116,11.514711989975446,4050.699348065768
9180,4058.3583222847155,4066.5214614392166,11.20524108034659,4072.8093531294594
14274,4067.6575391249094,4075.1253868127264,11.9257145879765,4118.166007242789
5541,4074.2012837125803,4081.0439514907703,13.368868477296903,4120.5580168793895
15253,4113.85961683109,4122.018973393255,11.3466180459879,4128.412814363888
14711,4154.279322898966,4161.57301079052,13.10455009546896,4183.753869666517
14725,4161.0202509491855,4169.113917096256,12.097416033911294,4186.475153778243
14988,4190.770596479334,4198.379035705124,12.487359143661987,4203.908652534264
15353,4206.352576388004,4214.137495229624,12.036103286208327,4253.0452256318995
15331,4208.153553139953,4216.040179965467,11.239475923743202,4255.814573444565
14738,4236.290764182754,4244.5186388303255,11.87503088187386,4263.811934077329
15112,4238.369088666056,4246.479276798886,11.583013965648647,4265.8454462437085
14876,4240.2298161524795,4248.277589003746,11.520153771295604,4268.592738867768
14750,4242.063382388281,4250.1434211627175,9.569806865678895,4271.317636292752
15067,4264.859629244781,4272.209769286683,11.947196523049659,4278.006734088785
14708,4266.775695733767,4274.021028489025,12.248226771912728,4319.408301926456
15154,4295.085560990981,4304.055896073335,9.79762053863118,4324.2993454749285
14928,4298.525641043067,4306.067119103072,10.768193572320698,4326.432129547179
15364,4303.646478835798,4310.340737144973,13.633793022201802,4330.6790163929245
15283,4306.138834268481,4314.283370563109,11.388662817397034,4334.777227432645
6536,4307.882463360533,4316.00061152779,7.687372202337036,4343.311268306907
14762,4349.973953903871,4358.114462971344,10.533749878353076,4390.423027515089
14748,4353.874627939142,4361.165799573175,11.738616039811596,4392.626931536363
14952,4367.676792940742,4376.31349379518,10.983583331265184,4396.760058443422
14299,4376.689605384405,4383.480143313038,13.756220361694455,4398.850543184658
14302,4380.4969056363525,4387.493378434823,11.570027873041782,4525.004780057772
7262,4403.666033505084,4410.396310268594,13.463196809352635,4539.443932706492
14763,4436.558101769939,4444.308124818717,11.386864911616485,4542.447000904974
14655,4468.554414033081,4475.341987148045,12.807814894718417,4545.795169520687
15290,4476.683352907994,4484.152267347485,11.422318824556207,4547.960854021035
15369,4727.939321742789,4735.183454410343,14.53806084540366,4739.810405019793
14987,4730.362381284003,4738.384212680424,11.512319068350978,4744.279620170786
14973,4763.771216024857,4771.500114797762,11.678888988343532,4795.604119399597
14733,4786.254917567718,4794.030232090574,11.558123532013926,4799.995408587785
14735,4801.340468922881,4807.263874893827,15.327929759271912,4811.830642593435
14717,4803.8718123548115,4810.133311837557,13.489047450166021,4815.162255418428
14979,4818.156905195884,4826.1388186403365,11.881321667088072,4863.562574398209
15377,4840.526908273004,4847.199591405226,13.332483314923946,4869.118451657596
14721,4918.540320896677,4926.379853451556,11.770091833517073,4932.272780514144
15072,4920.901964143277,4930.229676937939,9.686947645739497,4937.28578050841
15272,4930.504614467772,4938.437175361081,10.98752211979886,4944.549584655448
15299,4932.305979728541,4940.267965270503,10.784793415445368,4947.5740105744
14761,4978.4270147007,4986.08447299175,11.437949494315635,5002.189791912298
14646,5006.153236318907,5014.347833240695,11.754057131436968,5020.464348733713
15368,5021.310661876654,5030.117776147159,10.27852568283629,5072.454329182463
14698,5071.369049321214,5079.345044508395,11.622450782738488,5085.547010371125
15294,5099.340460251741,5106.566335843945,12.179371811656123,5138.506464473253
14945,5133.541244552256,5141.214337621212,11.956953723693585,5146.9641969211625
15119,5151.566977679097,5157.451204428302,15.302044515001029,5162.016630674423
14703,5159.479462821262,5167.363986952901,10.673379771882441,5203.684618060877
14716,5161.3329033156415,5169.22902000159,10.548076065488887,5206.261266986089
14712,5165.892461720535,5173.098368596625,12.228821142706975,5208.3249768147325
14976,5177.970535273714,5186.236924094749,11.791849210641164,5210.701393142016
14634,5185.776527943979,5193.283328526582,13.121559385137758,5214.442221474691
14290,5191.893952600292,5199.192342012346,10.803358437801581,5216.253167979441
14705,5197.205842308646,5204.488612825125,10.151418325593637,5218.191052165924
15304,5211.200620163712,5219.108369680157,10.90009552625119,5225.104271166739
15342,5213.1772033263,5221.022451062318,10.689009381574584,5226.99797249033
11400,5216.653405092502,5226.285307651288,9.516943090440327,5271.775166229897
14927,5225.304627959959,5232.457358784157,12.18037478405066,5274.331285666449
14753,5233.02796639324,5240.411665646681,12.261718179043404,5276.922956920402
15327,5268.147780297172,5275.524071127732,13.90722599663111,5281.17247093116
15503,5289.617944149811,5298.079581142689,10.342694886061235,5339.796055418093
14983,5385.498943309014,5393.075122975786,14.307332488628015,5420.921817127947
14304,5418.849639671053,5428.381053384172,9.451995065759382,5475.515006944028
14326,5420.918885900208,5430.344987991404,9.240710688323977,5479.34535582112
11365,5450.762765669717,5458.30465798414,11.651876383343442,5484.288808272935
20838,5560.933467384235,5567.025961888089,14.082303017833546,5611.6016616744455
20242,5608.092056993051,5616.198083815283,11.383792995013934,5622.726494244354
20221,5609.991502073664,5618.067023076875,9.913902253804794,5624.561380647673
20237,5613.754777934999,5620.377097663824,11.05453367050885,5626.477181724475
20806,5660.44153389852,5672.024920281787,7.204838081181136,5682.008407184263
20863,5662.59436170463,5674.1837103688795,7.797453904046479,5684.201363212932
20224,5710.773262173015,5718.523236952936,12.098657286097628,5751.986323447249
20481,5718.107485151534,5727.256935982069,10.112044428574086,5756.664668373493
20474,5720.328974891031,5729.291514023714,9.739406539600491,5759.252850980126
20183,5794.932806958151,5803.120335371009,10.729382938100924,5818.280530905912
20981,5827.373082953832,5834.324731102485,14.113263009556297,5839.339460534173
20637,5831.996811702901,5839.328235720699,12.771248605717282,5883.323483492038
20495,5842.515406325094,5849.607489713789,13.653955901867663,5886.117491831834
20225,5865.132458309493,5872.41459815055,12.642514737410055,5892.760387778644
20227,5866.889109887938,5874.153556050547,12.82783654878565,5894.807445876049
20865,5898.107233213338,5906.440721030258,11.703812507508061,5951.354954623581
11004,5900.90825992749,5908.343273245297,11.18147390026571,5953.9806842896505
13515,5918.995606637138,5926.223725638473,13.944789135183758,5959.491946261997
21289,6022.428729497226,6030.437689009124,11.767286770148319,6036.343400679917
19808,6038.715882061763,6046.414634504282,11.473626878858143,6087.594258095807
20421,6040.845685712473,6048.538591324213,12.258833913169651,6291.370624221024
20370,6042.745927678455,6050.345537630493,11.572146982106768,6297.125972432692
19776,6044.9952397262605,6054.285178783968,9.670441611424128,6299.843578346526
19832,6046.843637430066,6056.265025252494,9.937833713987576,6302.379795642618
20191,6048.860783594521,6058.262321053,9.53857335650599,6304.511829675977
20330,6050.8974343148,6060.265918918116,10.468873752024775,6306.526578108624
19774,6064.455076933617,6311.116089663675,7.063403365448626,6373.972926787065
20143,6303.916879406862,6378.065774020234,5.832060477889118,6427.696500086023
20479,6348.206414109168,6384.4517750917785,11.791609334571053,6435.134126441284
20950,6356.401048919439,6386.35946421261,9.051377008229805,6437.017897555171
20220,6417.640213321425,6425.0183467417955,7.707524610824628,6443.033261564807
20460,6437.9823677064805,6445.310440210364,14.164330347473665,6450.361315282033
20475,6473.829830810013,6482.070092009692,10.82210967757246,6498.049909341838
20357,6603.41499294903,6612.249234457721,10.573434844612049,6633.358320736689
20236,6605.599574861925,6614.154360053325,9.952352111852637,6636.263319152969
20451,6620.84268967809,6629.159187240165,11.07437243770345,6641.362056716162
20483,6645.080410386499,6652.035997273695,12.8431097297696,6701.205036317239
20239,6669.9681876868735,6677.049649914307,12.209179934663194,6704.246280494703
20612,6678.361514058484,6687.12731012909,9.77445171218185,6711.939827945826
20344,6680.206474404292,6689.327515827309,9.725472595980277,6769.065096998294
20583,6682.149134397885,6691.292976770532,9.445622483252613,6771.653597486319
20971,6793.969909610245,6922.097465789028,9.78141836561103,6927.6675667534455
16936,6801.376369210138,6924.039842458048,11.54149322625075,6929.7663459169835
20954,6806.925687249463,6928.111808716748,13.765482539006227,6974.603462481074
16519,6819.542829114075,6938.430642312415,9.26011580816871,6988.521823090042
20470,6950.601513298425,6988.207225002757,7.310781249190246,7042.156650263432
20211,7132.658759131213,7139.09177669472,15.368895077067421,7175.335976790172
20378,7205.951102000666,7215.127127289557,9.280122216713366,7245.558744484881
20194,7208.191687282833,7217.175911716577,9.121384488683551,7254.209816102704
20833,7254.731618863675,7262.122386190681,14.244174255754107,7267.246283075904
20738,7256.941994668832,7264.478568545878,12.669285234790063,7269.992319176818
19785,7342.918676337091,7350.212976674213,12.223402076392716,7379.326520147865
19793,7351.923475332533,7358.555700995394,13.066273563301378,7387.860511208061
19772,7359.874406445695,7366.224379028721,13.875004863277217,7392.024598968806
20148,7362.484097539062,7370.22259295822,10.996633056003542,7393.956398534917
19819,7364.226680993321,7372.083954056085,9.969673479072858,7395.7087775446025
20169,7428.553440023869,7436.308668709824,11.904832950202623,7447.36463947915
20129,7430.849224427177,7438.188499367416,11.704232727215055,7449.897150684648
19764,7433.119258734515,7440.084130892394,13.42911630881679,7452.1834565265035
19830,7441.80776293012,7450.338363236417,9.99020665098121,7457.0590649979185
16530,7444.002669620146,7452.449065890095,10.951813306145487,7459.0644461131415
16875,7447.4049095608625,7454.52825625971,11.442248872578654,7460.971277429963
19824,7518.277702255026,7525.52239941873,12.72467021362214,7530.897367370424
16548,7524.3124842529605,7531.060817220758,13.237272573711337,7536.432893377221
19820,7653.729805349294,7660.0983815269465,15.05760543044853,7664.865540413221
19831,7747.262466020727,7755.469056487008,11.450122670396508,7787.3732928483105
