3030,142.18911975737564,149.06086768567107,13.836733773734254,181.9022351570963
3014,162.92567781370138,170.11028114721964,12.309393319753974,186.70865086314285
3027,178.77879764459504,185.20678479165053,12.984219306988116,191.98401413018684
3018,229.2645384728758,235.56800108506047,14.019776197433005,271.5370698412455
5309,230.77520484672823,237.59642452720078,13.196185455182317,274.105082126387
3040,287.68020824468056,295.5142911026669,11.640775484672842,303.9801299828767
3032,369.40675401697445,376.5599877803621,11.785243227761972,384.06471556260954
5299,373.49541541479414,381.187387045775,11.132064328631097,389.34800243855324
2325,418.27229240796447,426.2302125360125,10.56533099033213,451.54895698592276
3009,439.9002639827081,447.39176441518646,11.815845372881673,455.0539786547555
2301,452.74078856358545,459.0925839265043,12.51796251832526,466.24165721705697
3059,489.0012844283379,497.3386392063298,10.40005980856899,541.3326237421982
3066,629.578284855525,639.1641826688261,9.784877531272477,648.9490185586479
2255,648.6663333389225,655.4841420499082,12.794699147670054,662.9591844296469
3062,763.3063537411527,771.5117185763813,10.886975946928441,811.382659660889
3033,782.6012745157182,789.3078651564423,12.858056852606532,814.0228580749994
2338,858.348865734087,866.4968021278276,11.123814369412434,906.2667838460402
2996,924.2580991983156,932.5305789352801,10.696657226048996,991.9853447858073
3015,991.4707279775064,998.4558724931461,11.780899112569626,1005.7953555630929
2994,1001.5254055635428,1010.0200570962642,10.759634809650679,1018.8301083563014
3053,1064.7509735085105,1072.1263556999945,12.200556374313516,1084.0858591759588
2328,1068.6906613255458,1076.1679430516704,11.51792337525319,1088.553626064464
2950,1108.1148632192721,1115.0791378642891,12.38644289947613,1171.52572819852
5362,1140.2445723173255,1146.3238336590134,14.760689572333098,1175.7159198520553
2985,1278.659898332363,1286.015912154853,11.415143299417613,1293.6756943351843
3037,1315.2228718474507,1322.5842988911922,12.253640556465285,1357.976870882066
2986,1478.0283774577083,1485.208794177115,12.22642350934678,1536.4719005499373
3005,1541.0599208372876,1547.4075260447896,13.914915919589198,1554.2486816414341
3016,1591.209563413648,1598.0105943564204,13.39195780024769,1621.3702420565462
3003,1595.083720853692,1601.497831108336,13.003986748063646,1626.403309198914
2944,1607.531388239304,1613.048816110947,15.044113822007546,1628.437864844304
2387,1612.7045007234524,1620.3643080321772,11.287988684452786,1630.4504878121843
1534,1648.9262138714225,1656.0294750277567,11.206427834832994,1666.0
5363,1681.5368467542553,1688.0845204258617,13.112973307613492,1714.7478553106325
2272,1683.4762012062881,1690.3101159067307,12.444742980857695,1711.4673739535208
2271,1716.3543156184292,1723.3834702218985,12.605842989922152,1731.8563652816931
3055,1728.9003657811706,1736.027110200273,12.198360219699612,1743.407491049337
3069,1747.2535472006593,1754.1720678452566,13.057582557640258,1801.3930879270645
5364,1845.3876514805113,1851.3312085379112,15.52315193332502,1891.5261552374593
2341,1911.9478831372487,1919.455737143334,12.015910799981944,1927.0557053916475
1603,1945.2113333146249,1952.3457886729425,12.710379775901831,1981.3659258381833
8508,2150.75804375224,2159.458615057135,9.967560307969558,2178.7804947881787
5221,2153.028750571805,2161.4351710512196,10.945548001690751,2180.8047441646177
5222,2154.9555771944338,2163.272541307816,10.180317044443274,2182.636190302595
1569,2193.8074462712148,2201.1817662223834,12.137939632947775,2261.4830677198624
2352,2203.2745359685277,2210.3935441061426,11.866301065066153,2264.3379137695697
1548,2224.847170406871,2233.1445181469103,9.90781329768291,2270.3759771689183
2279,2257.0738411244106,2263.5559489631787,14.371854055534662,2276.56018196226
1589,2259.5641029348653,2268.3707677102498,9.554155427188242,2279.4486587551073
8483,2305.57192881348,2313.2268648372988,11.535300793122572,2350.5276823811864
3058,2370.3783394116826,2377.235732286373,12.726917536243606,2431.7041286711346
7755,2386.119059771652,2394.047939845131,10.35164554909596,2440.8626379554285
3047,2419.1578829545792,2426.060617702577,12.532224362021891,2444.5391779149604
2992,2421.4616673830365,2428.101203420999,13.362891048498655,2446.2659362491568
7076,2440.5894227837716,2448.1292313472723,11.55254977339456,2457.5420675964397
7814,2477.6713867975827,2485.0613522176695,11.406722872594674,2521.603896288026
8525,2508.2868978907386,2515.2085842331003,12.914628965086195,2530.742187238382
7841,2561.348199177622,2570.0585670217406,9.643134811481701,2611.4582303760376
10793,2576.407529971242,2582.462057109913,15.211564592799913,2614.1834366159105
7818,2581.959736905695,2589.4818042506777,11.2270329274707,2618.452076823512
8526,2584.0496606815846,2591.3280786562173,11.304217421270952,2620.295320360604
8565,2630.249887141016,2637.2194116618575,12.523766552711614,2644.2199065020864
8518,2634.6492144083973,2642.2097319531244,12.593808248309537,2649.509756935715
8568,2644.4021416375635,2650.4850672387747,13.959297604250466,2701.4244955128597
10822,2656.6783568526616,2664.313306291079,11.607173913885646,2708.410411193907
10838,2704.1531627396735,2711.4436003994547,11.714856433460513,2718.9347767781937
7098,2714.4679538989703,2721.144066775602,12.894346432014261,2728.031302781629
7820,2730.9508696910875,2737.4057200283173,12.831332253786814,2793.4064843837295
7793,2845.110291667567,2852.4265641301618,11.763238889793051,2884.230144072199
8551,2859.9245642656692,2869.1789806703964,8.851162842745302,2886.3406555512775
8504,2861.9349441703534,2871.202804909205,9.496661656354288,2888.829790003406
8532,2921.790881175174,2928.5776910348427,13.119286183590834,2974.968175282096
8459,2971.107569050129,2979.3213981604035,9.905149123642612,2988.2692056513024
7822,2990.1577764401977,2996.5955931762346,13.29243310667505,3003.4701642926734
8456,2992.5616878438955,2999.3292762920587,12.869905432069084,3006.4512767151327
8481,3061.602304807177,3069.1104581813574,11.899010334230015,3076.9897556018263
8516,3066.45753824462,3073.479124576325,11.91829211359051,3081.0420215284557
7832,3108.7658772592345,3115.0343949773815,14.349191839605329,3158.5650040758374
7041,3110.6985941780044,3118.001135471113,12.39722650536754,3154.069699499689
7032,3112.593625097743,3120.0233581621724,11.420407384973368,3156.429305538301
7761,3131.680113893593,3139.033700614823,11.92221186632007,3160.4686990640107
7026,3155.9185562630114,3162.113679206906,14.327903886037449,3168.390891512452
7779,3167.575437885003,3175.247133367003,10.707171258187017,3183.316841371773
7817,3178.180399432809,3184.541805966005,15.123182625902805,3241.4631300420547
7776,3185.9961952189296,3195.183160966155,9.910145445785238,3244.233154928651
7070,3191.147402658675,3198.1437432622547,12.965096955897996,3246.600603051247
7821,3198.490514332273,3204.6364327896085,14.212719497958377,3248.645870279955
8542,3200.8377381907653,3207.064814400649,14.236822771896675,3250.7768199267207
8558,3247.425114381785,3254.595285950617,12.515282464458169,3261.676411030525
7810,3253.153514290874,3260.0128191353274,13.146241823937666,3266.9629931248414
7768,3268.0238838905043,3275.457929307076,11.430053562278173,3333.75239737281
8553,3277.6033590226384,3283.6258013916968,14.79390518721666,3339.6665745902433
8527,3417.9197912711033,3425.279640656947,12.418736829510062,3432.8744840865015
8394,3611.349189048782,3617.4347882779994,14.223690228989387,3623.8496923461526
8172,3617.1371970888995,3624.541026880541,11.44668951534684,3632.354336409456
10744,3618.9089404916667,3626.3555173120358,11.585156112608312,3634.1201285357192
8405,3620.963635927048,3629.017850500147,10.81372810263603,3637.451776873816
8510,3661.1470899394667,3668.1969115166053,13.027560315562122,3696.4945440380043
8421,3683.4055028028984,3691.0920643825493,10.692301217779303,3699.359146618742
8169,3685.2474908287554,3693.049419672689,11.945225785658177,3701.106057468695
7062,3688.870216765207,3695.3644890789587,12.924729073400673,3705.6174046866213
7708,3694.448093487717,3701.5317848445156,12.214506155572835,3709.3800507784313
7039,3718.062952656635,3725.3596521507557,10.973082937774256,3781.3673914724313
7702,3749.416509569963,3756.01912438321,13.745724957590562,3787.518687310531
7795,3753.985736648198,3762.1947895002877,10.884427747118044,3792.7184797010727
7782,3782.213563506566,3789.3748496655726,11.93617462283796,3796.851729888525
10839,3828.9345014107516,3836.069485239032,11.576321880362043,3881.4267481003044
7769,3843.6385559178916,3851.0366478805918,11.72983033703802,3883.790860720513
6367,3855.3590121353996,3861.126269278073,14.345092758834886,3888.1949411449773
8241,3888.395088933662,3895.5533619875355,12.963384447007586,3902.925659218824
8427,3890.0912181568915,3897.2826569461163,13.21919434548053,3904.6557610669934
8215,3943.6723498708134,3951.272149674985,11.810649711450193,3966.640391792049
8474,3957.4933258767633,3964.436290974712,12.367162102646923,3971.8766684903976
10711,3959.249389353902,3966.452801060343,11.684268842235603,3974.021628582987
13992,3966.179803484361,3973.15189949215,12.010462972475326,3980.4988197193375
14055,3971.030062909002,3977.5611334106006,13.16592521355775,3984.515515424104
7813,4032.0300985744793,4040.280181281521,10.681197746108692,4058.556048950705
10739,4034.0065070951396,4042.095982209456,9.816833079483128,4060.297643681553
13983,4042.156294700675,4050.4537384731775,10.72218665254171,4064.2056429039717
7072,4062.628693746972,4069.325601197765,13.082694651894286,4076.3562203335464
7085,4121.661475319544,4128.04491134744,14.557428073341397,4144.4325374718965
13312,4134.500478772117,4140.443558933648,13.835439261959383,4147.261107268662
8477,4164.420936822416,4171.497873128615,12.137105790336737,4178.941512764947
14057,4166.146378598767,4173.2809428701,12.2260674805806,4231.497121745394
8485,4213.017306227066,4220.033681272769,12.26565532339845,4253.669184939467
13333,4232.195579799794,4239.011034736057,12.640140716431867,4257.686038431717
13313,4239.975627618262,4246.333867237005,14.151927740923846,4261.624280253124
8528,4247.967195015902,4254.096478032317,14.578924522926629,4263.486134389548
7066,4286.984385598579,4294.289488872551,10.995519366880687,4325.760582433045
8552,4302.187578667861,4309.033090589023,12.647148181448843,4332.108491576576
13264,4372.051671202138,4378.530687423182,13.139209234694059,4411.36804298955
16333,4373.8057303849955,4380.220119054291,13.95225717857855,4414.92366167164
13321,4375.862700984675,4382.336913501729,12.718135181417233,4422.170595575696
13284,4444.982615358325,4452.04421502057,12.07328312537878,4505.570638628581
8512,4449.841048660208,4456.588548925354,12.993798432676652,4519.055625890286
13271,4507.974700455854,4514.593194065936,12.834324742970832,4522.233725930979
14010,4510.686444112962,4517.461677700698,12.566842903425384,4524.707938690823
13984,4520.454045996834,4530.139598441306,9.160599761182866,4591.470365554014
16226,4523.712829728617,4532.096365259093,9.334699938433376,4602.3758037185125
12554,4650.097947962659,4658.186014754576,11.204760351153299,4689.929031913604
13305,4653.21853783824,4660.113555744317,11.299046139292326,4693.125587589953
7046,4658.3106214694235,4665.212305448456,12.196128041565919,4695.538946365172
16208,4695.755659189155,4702.152900826208,14.697813322713577,4708.675248748211
14023,4698.375163336345,4706.44481743622,10.556531273791139,4715.006671806592
16330,4716.972405690561,4724.126657207,12.153257029926785,4771.855587996759
12526,4770.913915823141,4779.151412367097,7.467706313082959,4866.685082676902
13272,4812.50730303188,4819.053020696331,14.20031704193146,4872.664732375675
13263,4814.515837672174,4821.486869362935,12.816206288854298,4874.7530563557275
13298,4819.916753548788,4827.242516418775,11.451841613794596,4876.597141735704
16242,4906.764241397655,4913.436080274339,13.740823983726589,4951.998536366393
16227,4932.250793246023,4939.242089838987,12.78392493498664,4958.943088910358
14050,4993.200647877078,5001.382942956464,10.113201771515108,5044.061936906483
13990,5006.553810046667,5014.505988893161,12.291554024037447,5048.089969753537
12579,5069.530401228233,5076.474110055759,13.874007148527655,5131.438626587925
13913,5133.613656180574,5140.55716382528,13.284862078323323,5147.801588291729
13980,5248.158706339922,5254.5801755936245,14.73654557598413,5321.7603099047865
12533,5277.0,5285.5515531280935,12.90957206153105,5401.734935744584
14015,5327.117374209073,5333.60962920355,13.49309978111466,5411.0940381260825
13697,5333.266935722535,5340.1213777196845,10.220200387833657,5415.1438601786895
13926,5335.122582252811,5342.169992498275,10.245459276917588,5417.093271680572
13303,5350.883926971947,5419.243344844946,7.043134931651878,5428.693521000768
13275,5388.191871696385,5427.569626820325,11.857966958310024,5435.338947091312
14022,5390.194532175429,5429.43985949258,11.689866928109582,5437.164994973758
15878,5391.921968912519,5431.3911585746255,11.689598049345847,5438.964131061485
13329,5394.070838163376,5433.348630409694,12.805285969962872,5491.439126281368
13257,5422.6439691129335,5435.157294357805,13.717369922205572,5494.805699675422
16291,5799.895454934607,5807.501441467984,10.878685524961442,5855.0336377715985
14021,5802.152737973229,5809.3010168595365,10.974540589199368,5858.713151844561
18049,5804.122170586249,5811.127435769834,9.99324884840906,5863.539990424636
15874,5869.526637046972,5877.044115322296,12.267216100233881,5945.187944988728
14016,5938.146305964867,5946.116467454804,10.686242029396288,6060.559438215751
18085,5943.432228894803,5949.092907433038,13.160589231403025,6063.189997958474
19523,5959.849956131096,5966.494969722246,12.949989822051181,6067.446871033963
13677,5964.111744722276,5970.218147237147,10.886825757744719,6069.389887372012
17402,6056.70750867878,6078.078850454528,6.862827865107169,6151.034876136977
21718,6628.878384252278,6638.152421962878,9.992709265114051,6671.837128744796
18819,6631.606326124271,6640.16716957231,11.903523326264903,6679.280285908609
18053,6633.798020625765,6642.089425170863,11.356014489574273,6751.413931276289
18774,7097.466600442393,6646.288384207166,9.483167356309622,7201.414908753339
19558,6766.086978538957,6773.089938162631,12.862614320326092,6946.287825473129
19540,6796.264604542987,6803.019892853648,12.816798646373254,6958.890115010603
19510,6799.391506909367,6806.5244485685125,12.328198108676057,6963.494069649444
18755,6868.052385957504,6875.158784719103,11.849204684116927,7026.078398769878
18699,7009.94800900062,7064.011278349771,9.854218728283383,7122.936365998404
21187,7021.967259149722,7068.057575129681,11.454238415773247,7126.653264018251
18840,7077.493914691289,7132.179388912134,7.339053074186049,7139.3212720888805
18090,7116.844454069068,7147.045236865273,13.566315060222049,7300.1102421532105
13994,7269.031945553861,7336.412317265994,11.227645652889992,7407.739127714711
18814,7278.181979869851,7338.195522557581,13.40437831107499,7418.162865937286
13996,7395.552293748042,7425.041677228803,6.264223768113268,7498.715978543144
13991,7398.974898691348,7427.2012702013435,8.452712227535265,7507.879216081743
19515,8025.543288051987,8031.455555272169,15.373441168995612,8037.655929225716
19497,8035.137289277195,8042.032311576859,12.128981601146439,8049.395442860226
18179,8144.820141693136,8151.5466648108395,12.65928737428112,8191.414963471823
18147,8166.460516382359,8173.330010104438,12.292820907220001,8198.21813092482
19440,8284.64594579919,8291.513697754288,12.53407181734581,8298.473944135207
19539,8372.377331934062,8379.099712705087,13.11276935608468,8386.242056978195
19513,8373.0,8381.203383463358,11.554806945210402,8388.82317111773
19506,8440.096853449475,8446.260975567355,13.67414639955912,8461.530327405728
19560,8728.11909959387,8734.365643019353,13.132400813291849,8741.1422775105
19484,8836.285714631747,8844.024533509806,11.111309328602017,8851.961684732056
19488,9043.064733329857,9050.418078877125,11.781037787014782,9091.431168885645
19550,9267.702826330087,9273.58614654742,15.03052026960644,9279.87658319377
19525,9272.291500570507,9279.285142354158,12.489563511461359,9286.726440909984
19489,9278.087286339392,9286.082986630507,10.296919897106818,9294.505152723706
19568,9349.807608189667,9357.429442154766,11.425499683486091,9365.508255869789
19534,9481.46091862307,9490.1297748039,9.897275366999036,9541.750357910323
19570,9544.24445726421,9550.49456525918,14.014855768959398,9556.986830493073
19486,9682.983190092691,9689.365887266418,13.015961209458697,9721.419274854561
