2195,59.755644375021845,69.3515398673009,12.858431137558071,76.11088669862961
1969,121.63280756693015,131.31054786920734,12.207783770251298,138.13376723249232
1911,127.83636399222071,136.59333518857082,14.590099554807761,142.70887637094108
2170,148.98226204652264,158.51739581869998,13.092913582851033,165.11872054541695
2235,234.48319409060053,244.14120992689524,13.14898117602686,250.98485779565183
2003,246.0352744608863,255.20941862091243,13.401963896759096,261.54375130648884
2006,290.30442769415123,298.48967101524926,14.887567878556276,304.19888672978084
2011,320.47365632001464,330.4812820495085,12.949482807825472,337.3400321402851
1938,322.93239261881666,333.5233957597293,11.213242235593864,341.0778737176621
1940,325.1207666010588,335.3353678591835,11.70701931910808,342.93767354970674
1963,339.2018318084909,352.1717025872203,9.277918465928899,360.9379381701815
1930,343.9478501098708,354.2663001284053,9.842669692516576,362.89821559064205
1251,478.821610216334,491.4247444171211,10.030106918332637,500.40899847953534
1936,505.41467085805454,516.4101502334204,11.741597045769305,523.9088527647792
1952,507.19249529142706,518.2194295319537,11.189954016680126,525.7176843244522
2209,523.3912643140325,534.5223361859889,10.580614345786294,542.5362982957628
1968,525.3135540279694,536.4122965041878,10.802560028198922,544.3849471362025
2769,646.1187198318869,656.3269399617687,12.388475079231133,663.3614352102551
2048,656.0014015186495,666.1651961874929,11.888275195080263,673.3044176395813
1954,699.1659427111668,714.201880582503,7.989360791131331,724.8359217049439
2001,724.6116043974845,734.5908851176254,12.609995017309952,741.3830182771342
1227,727.872433782483,737.5216031059673,12.798858973619044,744.1295516170503
5009,732.2044563205551,743.2845380802794,11.57918515044554,750.827601457108
2730,736.8865066167708,749.1590613060903,9.986241582864764,757.7375990428355
2018,770.6909993586163,782.3160644424,10.559493499181999,790.3005487322224
2827,772.599971989726,784.2238873809428,11.010568172057885,792.1519193883505
2797,774.4839264125428,786.075086386067,11.708998426721944,794.0797257016194
1944,795.096397328462,804.2828745415625,13.305907944770265,810.715680996792
2789,801.2340100345175,812.3764593350998,11.374692415115971,820.1265222779292
2700,803.1337551042034,814.176868405543,11.762232026484307,822.0386201159226
1945,814.7670254393729,826.2929271030736,10.579674026529549,834.4249191458964
4339,835.7000228863164,846.1470721684235,10.885978567942214,853.9099341163927
4856,860.6707444102424,870.0549180761066,12.841528487401922,876.6061131368781
5021,870.0031375451329,880.4823196631528,11.310870620560388,887.8183877816332
2675,876.2529206465837,887.0748263948657,10.766923572624977,894.7410732051204
2686,879.6872279066861,889.11105512977,11.586481724200198,896.5208850132759
2728,881.8020398471486,891.2450493961021,11.738887902043224,898.422853219349
1959,883.5457292151252,893.0278651368045,13.218759621409461,900.1968823897303
2248,904.7545543653567,916.2311059140346,11.097999883964441,924.3426150491478
4349,906.5702440674695,918.0956469369263,10.815569202513794,926.2578106416072
2234,911.469928856931,922.1888922172685,11.92864273694357,930.010932375431
5010,914.5210284813336,924.1021090895534,12.487443180302108,931.6295636752283
1993,929.300718137408,938.5801272457468,13.44976650274195,945.246061847003
2226,950.4083531363468,960.1702914084168,13.491489004691898,966.794360595736
1995,957.0368821222378,966.5183856433957,12.71834840809676,973.2629296406062
1957,958.8386098294342,968.2856375175267,12.784020502542665,975.0201287807851
1914,1045.4194805565364,1055.4895372337626,13.000577591222,1062.4227645801657
1929,1047.304818398706,1058.453124584577,10.854676897711304,1066.233936133515
4851,1130.606980051141,1140.0299095043451,13.341759594223188,1146.6091467658912
4899,1135.6716335461654,1146.137493859936,12.13126729008936,1153.3394201553062
1935,1148.6691883881379,1157.5706788377202,13.654384161799989,1163.6858329297256
1925,1220.6400811245435,1234.0418642184552,9.041439116612228,1243.4462852738545
4936,1224.0743184236942,1236.0637163290255,9.461550918460402,1245.4860861163177
4924,1228.6180061910911,1240.0542931505177,9.024848266321609,1249.5979167494406
2166,1230.851855865726,1242.1305391051933,8.557074866604328,1251.5650951444752
4858,1236.5601886931818,1246.2550730680186,13.277394609103709,1253.5458833547896
1978,1292.9455397953013,1301.196677814861,15.366085281957016,1307.0509268270296
1917,1310.8077709611116,1320.3945325626066,13.15763260873675,1326.980759510189
4893,1312.6518527483024,1322.1565331325614,13.54285723004252,1328.7146577702292
1988,1321.5457668011773,1331.3330313089814,13.166747987278702,1338.1902368873325
4868,1357.4477567410897,1366.4060925228823,14.413970031177767,1372.1737902628688
5202,1366.0999012260481,1375.1224709998708,15.233230040292785,1380.9979240003831
4871,1375.0049334028001,1386.0276609407701,11.465792806797186,1393.6885753457632
5282,1379.3941679044854,1390.091608604671,11.762619948962037,1403.8563820669053
1990,1410.1285945757822,1419.1181707402957,13.61097103539153,1425.4028759284258
1933,1422.8375672959278,1432.4232344093255,13.144317510669834,1439.0712826637596
1975,1424.5583080803974,1434.2448720554357,12.515099342031068,1440.943707247756
1937,1428.448040804703,1438.4910599440998,12.1231690729936,1445.535241220733
1252,1445.1432970420963,1456.3379474276912,10.764001968195728,1493.4685960486624
1928,1495.747074234402,1505.1404041152862,12.555331669029894,1511.6938302298688
2190,1505.3031075866093,1517.2585386508485,10.314155827734517,1525.6068534065796
1757,1535.2462031248117,1545.2207928985426,12.171659509765833,1552.07574819938
1645,1537.1722555115834,1547.148011932628,12.557490295410688,1554.0642080895884
2478,1542.9275854557693,1552.4447563545407,12.079793887970371,1558.972305253998
1517,1549.413998512113,1559.2750393650801,12.51971668287342,1566.1984998643482
2183,1551.1632324024254,1561.0291056510164,12.437131030881014,1567.9206973738828
2799,1553.1236863297106,1563.5767840696847,11.909610257601411,1570.7079369125056
2320,1556.082976282146,1565.5101421057473,13.455186220839998,1572.4295297864155
1967,1558.453909713358,1567.390291972426,13.171423558027847,1574.1714807240232
2775,1627.397332912939,1639.255576546594,10.588904416501633,1647.772138193791
2220,1630.4892291250665,1641.3977972401124,11.234419558537784,1649.6710821851316
2210,1651.3046160538672,1663.056131438776,10.89145838427036,1671.3616706109199
2649,1675.048732878558,1686.0450436747612,11.49067103329917,1693.4748449973406
1964,1681.284905468013,1691.440641178715,11.895272890370824,1698.6900298730422
1971,1686.8939671445883,1696.1465929244962,13.641229214003298,1702.6435511191382
2205,1696.1656928053744,1705.5877208495797,12.444215332264077,1713.005042239873
1934,1742.5744027577273,1752.4785925052379,12.095215906412761,1759.544365141755
1997,1762.9979382679162,1773.360047920443,11.515927122946433,1780.5502415945393
1962,1772.205398239578,1783.171772917322,10.809323869488663,1790.8064715051125
5212,1896.7373887584802,1906.19293256668,13.386082595367107,1912.7717416267815
4919,1902.2594499717159,1913.1184940690684,11.674247581064995,1920.6483865848168
4938,1913.927708663534,1924.2250581073001,12.669926539827362,1931.1309296054142
2095,1916.6561901932164,1926.2864311149613,13.715402700961429,1932.9630728039233
4948,1940.8046586388546,1951.145302386212,11.642276876280697,1958.6051325157127
1948,1943.0720947316427,1953.001486162597,11.510575758416168,1960.2867906689937
7675,1958.4283877991995,1968.138518189245,12.50543074646327,1975.0505733448683
2748,1967.2760352404348,1979.2387251675423,10.613713024248561,1987.484600044107
2803,1969.234744138107,1981.0768531892134,10.022259423487787,1989.3510543223508
2771,1974.1207152505788,1983.2399548368712,11.438717083539544,1991.3385426236134
7694,1976.6953349952344,1986.4980484241241,11.992717230010907,1993.4831286235112
2916,1987.0823576853045,1998.5416847636643,11.508130163219693,2006.283965471458
7478,1996.780289849773,2006.4988567966598,12.63097424221455,2033.3043890288018
5015,2015.1225977726658,2026.068935832541,11.844417579484027,2040.7311855017258
2667,2030.7769876408302,2040.5550455004293,12.249995650291892,2047.2720015967252
7495,2036.2028570023926,2047.1066201170374,11.526849265365696,2054.702210669449
7494,2042.8590798144653,2051.5561479043654,12.915584551260036,2058.602436398655
7503,2082.9758524814497,2094.3427132425554,10.51964740140191,2102.194926702663
4998,2085.837365077255,2097.1007106497595,11.111754681150416,2104.876062966868
4956,2092.248242784214,2101.1852962202415,15.587582688302419,2107.1559026749783
4987,2108.46585730425,2119.049225663195,12.051893183976912,2126.4933011080975
7711,2122.6364997128085,2132.070104304275,12.678292260021582,2138.632836818387
6950,2165.101893851244,2175.0151534759852,11.827903017308156,2182.0150209199073
6751,2188.4504950461333,2198.5177438022865,11.452821704751523,2205.4771315619014
2719,2210.5169866074743,2222.3680991096653,10.72634810825537,2230.6602495538273
7427,2212.6860305078703,2224.208349851417,9.259451019615705,2232.596836733715
4993,2226.6625679140916,2235.634656256042,13.981616294980691,2241.892829530178
5052,2228.526342342456,2237.503410630152,13.577727890198702,2243.8329000358303
4947,2232.5035835705,2243.3107011326165,11.219065277290875,2250.852687629194
7446,2240.074336756984,2253.020279278145,8.803795436275907,2262.1277510650348
7415,2242.538799005006,2255.092501947499,9.194855407131852,2264.2126274033417
6741,2245.6838500704766,2257.1767804923747,9.78692728376939,2266.1743787326272
4885,2395.440665925833,2406.2435125240545,11.217027614383849,2413.8463776501403
10537,2398.8023510802795,2409.0359844648333,11.377888402189484,2416.285929432641
7465,2405.6569015143314,2414.5875185603,14.54977636598489,2420.7810845626755
7429,2465.469475310327,2475.5114349230707,12.112561731578028,2482.6134815784562
10748,2483.440827616287,2492.1611917119376,15.081427752654522,2498.187769193584
7558,2487.650717381307,2498.5034009347023,11.386552676971128,2506.064602359013
7481,2495.640705330788,2505.575994884757,11.86006224367922,2512.65228857576
7472,2509.2998858586066,2519.467366125256,11.86833001374193,2526.7033806565964
10474,2570.2546662652735,2583.3053972895,8.931216122338828,2592.455792291713
10399,2580.0689701523597,2590.19858023637,12.196774727888698,2598.3811079739303
7417,2582.567449846808,2594.2801944715993,10.178687522367152,2602.3965915676044
7452,2586.1603689974713,2597.317042462884,10.872917684280013,2604.9563801057247
7466,2600.6369690738943,2609.476222880892,14.148098180562828,2615.6858075313166
7705,2669.105156967908,2678.3834873677224,13.3933430890716,2685.1529688774235
7414,2673.0116474472356,2682.355961681573,12.878546817242007,2689.0127514959217
7479,2682.4113270681096,2692.0845513334884,12.06394424886313,2698.889262418206
7467,2685.8907961849345,2697.1014888902964,11.221137196555006,2704.852863692469
7439,2709.2889894700775,2718.3937824997583,13.804513190614998,2724.5762937099566
6971,2718.20513712599,2727.4490834769645,12.769056377392104,2733.844212274963
7456,2720.5628832394355,2730.4353327083145,12.664584449852262,2737.436301920254
7692,2722.4320507894877,2732.2681039964014,12.927462750691115,2739.287694983003
7485,2724.144207826776,2734.037933984213,11.820984919085571,2741.0295137716407
7507,2817.0633448231374,2827.2505181437045,11.458338768501374,2834.576805745626
7471,2840.704159422091,2851.069764389753,11.502451920679578,2858.3908118843715
7477,2846.538757248422,2857.1108930467117,11.1154056939993,2864.616860530678
10369,2855.8942366149126,2866.383854293702,11.350631550121772,2873.7369975757438
7470,2857.684481655748,2868.1775839040565,11.8431831250243,2875.4502884812373
7483,2865.4036367131507,2878.368581858414,10.109316409382684,2887.487724221736
7449,2906.4399247803317,2917.381741633855,11.646914172672217,2924.9682222720776
7492,2958.801412418722,2969.4716777267563,10.97172859732671,2977.1227603127722
7455,2974.9554961212275,2984.1040820558983,13.201377565202705,2990.3266881868585
7112,3003.6497965263848,3014.1947961612746,11.367532789310081,3021.505597335936
7511,3005.509816745326,3016.046187537033,10.73930211321163,3023.33708645065
6978,3007.3860173487406,3018.2629867778883,11.606454701969177,3025.8987659732597
10451,3034.7797135513606,3046.436040565428,11.549542164749328,3055.1450860932955
7685,3064.840228131754,3075.2795327819063,11.390510029034889,3113.7159684711014
7788,3066.698483243793,3077.1606037745114,12.312339140708103,3116.5803907595073
7496,3102.7543903272117,3111.5942319822507,14.842352971016403,3121.150301210131
10741,3110.5165695454643,3119.346655269067,13.4925157348022,3125.5018280671597
7490,3137.146292611376,3147.2664502277453,12.262647069820598,3154.3631440764743
10503,3200.8590993097455,3209.479434907177,14.220741177700432,3215.3825416159116
10539,3252.4924259930626,3262.588694315555,12.948291237523714,3269.1292110025756
7437,3315.3830100805303,3324.5707800564364,13.36071243630138,3330.913268110167
7501,3317.8163068558297,3327.5847642326494,12.362948308861696,3334.387263387204
9370,3334.4241289661973,3344.4847358531365,12.492461245330125,3351.312391778065
7058,3337.1649849700334,3347.0701319091886,12.607844710486473,3353.9961323221314
7828,3342.6300526325986,3351.4836376100307,13.200535194234632,3358.076199002571
7174,3344.4160893238063,3354.533891448292,12.678569520284663,3361.5492123964705
7493,3350.5308177739553,3362.46753623716,10.255026869425613,3387.4685887870787
7000,3352.445629180703,3364.400539412963,10.406833792818542,3390.145478383182
7282,3354.3063454727176,3366.2539152775717,10.808347053718345,3392.317396782601
7733,3357.488404321946,3368.2401531938094,9.711365373668198,3394.183123832959
6730,3362.4515580253496,3373.47495593097,11.260433641013135,3398.5613191789953
7736,3364.4884040494494,3376.0397327348883,9.86459598085686,3401.8217015547734
7122,3367.4787765323103,3378.1042825368954,10.024585354304909,3404.8739229592265
7559,3384.5156536431327,3405.1217738602763,8.154539946398277,3476.5203987533664
7191,3388.914206796053,3407.2676725493593,7.916479151755673,3479.0116589585305
7150,3433.7169592905752,3492.1785204124153,7.541622252836885,3563.363292388241
8183,3458.2013444325257,3502.519469686592,10.764265849773112,3578.4313251886656
7418,3463.2355745500286,3504.5268873279174,11.110642380408695,3580.635801162364
10391,3580.097328335491,3601.2090691885396,6.812769525525657,3610.6981139166373
7484,3586.7867376215145,3603.3250930593467,8.260837628695288,3612.682989988689
7464,3604.4883402375394,3613.5662708590194,13.557262297912892,3619.8464885294793
8434,3624.4791084217836,3634.0464171696326,13.73294846428675,3640.58638800298
7670,3627.5214546510842,3638.0052397430186,12.06357056319653,3645.1475933361153
7693,3642.1387496118728,3652.5765434853865,12.23789271811583,3660.2108905475397
10360,3659.560289252748,3669.5046578875817,12.569293557313875,3704.473361737672
10446,3694.273253756562,3705.216220349359,11.438374722373585,3712.708131694899
7839,3697.456724394692,3708.0125994339974,11.958724880395968,3715.4530849841367
12993,3784.6816833545276,3795.469434738032,11.10545489155942,3802.878562062847
13259,3985.0357442092836,4000.152122273194,8.21110163991545,4010.015724343328
13197,3987.190616696646,4002.1641720080174,8.455477199103228,4012.05414316326
12992,3998.3861628964237,4011.048166081804,9.347469915373464,4019.9865151355925
13002,4012.598896789854,4022.2432988776823,12.955799926319761,4029.0965116848047
12966,4014.489582172093,4024.3182288807216,12.167855647114473,4031.2266839493323
12981,4022.4967344534775,4033.0719569899807,11.656184854385133,4040.5259211126086
13345,4024.5088121283347,4035.0373424929476,11.476386841335085,4042.9521888566715
13109,4026.327223329809,4037.2125473041338,11.99670401035888,4045.583651795564
10374,4028.014607896354,4039.031230891381,10.990367248917638,4048.079992685578
12923,4031.069354778805,4043.207908343536,9.468332907777333,4103.642890304247
10353,4034.0292227549508,4045.1670381036356,10.645208872475429,4106.289105059512
12973,4047.0900622584327,4058.3953070885677,11.372396245687648,4108.717725162436
12977,4103.496926673809,4111.418526733069,16.757430072689242,4116.901272251911
10414,4117.644137883741,4130.332421523542,9.754384565357839,4139.197898925673
12943,4126.809480057572,4137.302387217838,11.648223134860997,4144.6288285304145
12939,4160.949848123349,4170.491292610934,12.617507150073108,4177.113401382653
12929,4203.414301159354,4213.559018491389,12.633518148215352,4220.568875074002
13404,4205.1948231448305,4215.341293282425,12.505635466701078,4222.339994891707
12925,4208.739200391153,4218.049540927243,13.098503911327908,4224.504288667749
12481,4235.0320840474105,4244.438825657875,13.104584205136579,4250.897442459766
13715,4299.110601410977,4310.22925156989,11.529749477517726,4317.850193290544
13217,4300.989588254172,4312.0347974799815,11.21205021217838,4319.63858028191
13759,4324.87936612074,4335.393074538323,11.347505901288004,4342.709353359873
13675,4329.379274257382,4339.464731708813,11.607269226614548,4346.496308290065
13723,4337.880939523494,4348.294910808533,12.573095767934115,4355.258956278238
12979,4340.336646719658,4350.066278276263,13.197614551578061,4356.904647501925
13796,4345.633922868069,4355.140453654119,12.866862555151608,4361.61784749708
13817,4353.0933888465215,4363.071305611785,12.145122258298825,4370.0124583406505
15902,4400.658548432664,4413.338078208709,9.955985114580626,4422.106175632116
12935,4402.688309188603,4415.3162885081965,10.980733313457533,4424.174434263188
10365,4414.331471397737,4426.255468859006,10.863651028090667,4434.674731905176
12984,4417.283240524926,4428.221853039974,9.783313950464962,4436.597897183161
10417,4422.005584355898,4433.469336875231,10.654289291474635,4441.749788052241
12244,4444.839433366433,4455.415534508919,12.025688953873555,4462.859669606196
12994,4504.58091917692,4517.345125129457,10.005277921895342,4526.397078282013
13166,4511.315185465051,4523.372123750418,9.791824480324154,4531.799249379346
12946,4550.668803728027,4561.164349099645,11.926801607685839,4568.415736185941
12445,4566.6115367689745,4576.10370570817,13.188477571905112,4582.6873337974885
12557,4568.74510474971,4579.117985788043,12.026764897006153,4586.34057520727
13185,4640.926310745947,4653.082737667547,10.354736986094778,4661.524073500704
13112,4642.842943098372,4655.041229243267,10.107200437192628,4663.496471403613
12978,4746.241052448301,4756.4758397783335,11.732303876751352,4763.917410849892
12968,4748.045732086145,4758.185740376103,11.109950806209405,4765.68204363248
12980,4796.303556923458,4807.4713566200635,11.410444172378249,4815.24373993431
13229,4821.251633095661,4831.572226285916,11.694320187155135,4838.875570013995
13253,4830.620441443527,4840.519183552719,11.64088375907414,4847.657500728011
13004,4882.612714306285,4891.2833764701645,15.986275364277688,4896.7665326975
13658,4892.18967003338,4901.289541567895,14.853383224597756,4907.270058484113
12983,4894.573080395884,4904.25776581568,13.793981212944626,4910.706577572598
12917,4954.56500257392,4964.487530693841,13.07082119780261,4971.552420027683
8202,4959.579200741459,4968.321236474026,15.685013473605016,4974.036781090242
15289,4965.121163221811,4975.1984122690155,13.212641917431771,4982.037554836941
15314,4972.039326967629,4983.054258031913,11.05936457482856,4990.685842265099
8252,4982.473920246006,4992.034062462729,14.139036751881024,4998.250671429632
13769,4993.9897339171175,5003.447555745395,13.38838753713571,5009.750417062041
13643,5055.114724187058,5065.047983269793,12.733066147937974,5071.783624375263
15949,5072.498154769532,5082.325938228995,12.909740881832246,5088.760521622149
13689,5077.489834977539,5088.450972280191,11.935076877873069,5095.829306646436
12696,5134.600917998909,5143.432023687605,14.377128278289153,5149.468730074638
15292,5144.4484927064395,5153.395983050026,13.44035065585163,5159.67209920015
12975,5150.271563439369,5162.2076400117585,10.042919841204911,5170.485179339304
15884,5153.5929027503535,5164.176372067148,10.86266723198083,5172.340775198345
13097,5161.17203166955,5173.3594879594375,10.165343785569238,5181.596835107392
12961,5180.655043025923,5191.104461428652,12.33383151683505,5198.424603885867
15853,5190.995738522363,5201.419805143471,12.601117480833661,5208.617209736214
13788,5241.735024544655,5252.426019327878,11.516887412900621,5259.647782360128
12918,5255.369185442821,5266.159275412898,11.86479359955342,5273.693711330436
13196,5270.348282614292,5281.543267911834,11.440818274752688,5289.323256406499
12932,5319.820291523694,5330.264869900017,12.201896907808903,5337.421696280754
13173,5349.648750080876,5359.534898090515,13.11445813435487,5366.125500680594
13714,5360.93216659393,5370.346671125836,12.98676042267703,5377.01548734927
12919,5370.317976741687,5379.110607650131,14.0214590037988,5385.756087460682
13815,5380.468520441473,5390.270909832596,12.691205480080955,5397.221657493148
12928,5382.220494108224,5392.042791399718,12.519771589471235,5398.957761890298
15974,5424.678392099364,5435.432408268426,11.980977431126352,5442.913018692434
12625,5435.213924236229,5447.328170915283,10.34881596758958,5455.885074698443
13648,5476.377207422722,5485.528495263239,13.1626856307281,5492.031133099131
16057,5499.312432319224,5509.500362603515,12.004935977636535,5516.4261606949585
13830,5503.6585477363005,5513.5749069560425,12.54193815388243,5520.256428408256
12938,5567.107443430461,5576.131543175126,13.833077458953873,5582.440454432907
16005,5641.892140218786,5653.362737251848,10.716989403944343,5661.331471991717
13661,5644.047742679736,5655.230710253028,10.498989721381895,5663.250120572211
18441,5650.541465647932,5663.272832070344,9.599738589411047,5672.363448085496
18717,5720.756186685363,5729.332393303451,14.239032429018321,5735.295809698445
18462,5722.609262478759,5733.3651650235715,11.006386016722772,5740.989689071254
18698,5724.503124014321,5735.30164653623,11.011082821062837,5742.721500642035
18492,5726.659072148704,5737.089583167431,11.076926512465384,5744.528557000872
18742,5764.528090794971,5774.4770288201935,12.898472088299792,5781.4688222806635
18499,5869.440867559421,5878.079741583287,14.552775123872511,5884.248919252037
18763,6005.213754346745,6016.416768393433,10.951456511901176,6024.2547894724285
18431,6015.905013990139,6027.453593616179,10.882182841126935,6035.6126299984235
18773,6017.785243938367,6029.3121221547235,10.191977656894672,6037.461159920245
18464,6019.7623074852345,6031.46260039036,10.969166648602528,6039.468132974931
18663,6021.556276499223,6033.4698686841075,9.979027384457662,6041.741138320734
18920,6023.428422330525,6035.41572448196,9.633418687070638,6043.512757688348
18767,6027.762595352725,6040.523096593206,10.538768626188503,6049.418974346044
18073,6034.501211144509,6044.180385930126,13.486947561582122,6051.393458587693
18315,6037.531870077219,6046.583937268234,14.16571650051005,6083.525777438454
18508,6039.47848302102,6049.125445416488,12.070053062304172,6086.360838927947
18221,6050.324129255208,6061.13497883717,9.970096739440086,6095.795167091871
18463,6053.316852266179,6063.230098256321,11.315242927947327,6099.384134192168
18479,6055.2762786039575,6065.133983434854,9.245527072331589,6102.1733499358525
18009,6057.202345312545,6069.131118038969,10.230859861752045,6104.46606846958
18501,6059.080666426929,6071.0216517256795,8.415252842233052,6106.603911250553
17738,6064.913998671991,6099.050890038555,5.762708878447186,6112.461236907754
18817,6128.486002793842,6138.560744303592,13.053659172929502,6185.30068640013
18412,6130.3007177260115,6140.261479003549,13.075259888354324,6187.252838130862
18498,6172.476948294782,6198.189505967283,6.63519702156913,6266.548248407868
18428,6214.629881221699,6224.17739686028,12.634857757210677,6273.749557862907
18421,6217.574144106774,6228.005820913149,11.430631052659477,6278.3658464652735
18496,6245.909912945759,6257.230584807668,10.754459680036426,6283.566923974394
18434,6281.193574407426,6294.240001998009,9.107299996036593,6303.3787048314825
18417,6355.132168752462,6364.231835084561,13.327222549046729,6370.5101269481775
18693,6356.946626660614,6367.521363742439,11.457248034022138,6374.941145001124
18424,6361.055772690069,6370.333163633269,13.816650835637775,6376.8374950294055
18737,6363.134812660522,6374.069224449844,11.109870653593815,6381.729081906215
18725,6385.846184807172,6395.30534942721,13.309928175079428,6402.25939581587
18500,6465.976779604867,6476.370677232312,11.359432923042094,6483.593512916603
17950,6605.4282682091,6616.011248806189,11.505090913981697,6623.430031775259
18451,6634.535067870751,6647.187542718681,9.945852653298846,6656.062605835409
21445,6652.5449007513025,6661.417724114307,13.85588243473772,6667.70697050878
18550,6656.085301534585,6665.35455268864,13.875019400240998,6671.774249877134
18749,6664.8234841249305,6677.011191453657,10.565376391069968,6685.574626393056
19217,6669.704805759353,6679.323610874819,11.334959797326107,6687.499840036043
19287,6675.058120643917,6686.109852397676,11.688697832485616,6693.870401402394
18695,7003.009822819255,7014.090441193551,10.556918128114951,7021.852414207963
18476,7008.945922711556,7019.570488032332,12.163384286181989,7027.4652118639515
18977,7012.888341986701,7022.288465717526,12.971296141666857,7029.400793716511
21739,7014.639443822016,7024.072482390577,12.969322563078357,7031.327395262191
18002,7024.405899024322,7033.165736163276,13.805370279474063,7039.255691752769
18751,7036.329073835954,7046.263748499079,12.437970630744285,7078.821184781918
18016,7046.133496230409,7055.539371409883,13.436704296348509,7080.981087014722
18983,7054.628800115664,7064.159726717532,13.191164164272326,7082.985818020572
19443,7070.984129837181,7082.313068528755,11.913235701247274,7163.5700410815025
18480,7073.094411930688,7084.148760573338,10.938920581084039,7166.303991641034
18448,7075.1353090122275,7086.233130199002,11.565006957745213,7168.3545608553895
21358,7089.173958978117,7098.404332038845,13.768620875578765,7178.5951876468325
18263,7110.273094745291,7184.190045238918,8.438675730472092,7253.362409161694
19173,7114.4345104611275,7186.209125776608,9.289276844598206,7256.011232355772
20856,7121.063859050108,7188.237194682076,9.474093784080413,7258.259656605102
21436,7161.896373368332,7221.0660139409665,8.071591962944384,7269.492953306143
18436,7163.7780107760345,7223.279523761991,7.098238036295603,7271.300961981208
13813,7216.18409130004,7279.483604692453,11.387717920612912,7313.111911797549
18416,7221.116876430475,7281.316620662289,10.63670831285299,7315.044357785485
21400,7226.865718662072,7283.119078266935,10.251636374296954,7316.955237926969
18461,7269.253192387646,7289.165084312761,7.148894112783161,7324.27798956873
18484,7345.529328094587,7354.319565018013,13.732556135142156,7360.633336047057
18414,7350.462930822213,7359.298464212624,13.54610874387964,7365.286280237426
18667,7384.984184343815,7395.002886575786,12.781002054796158,7401.921151221057
18503,7388.588291907929,7397.386839985839,13.259308852740132,7403.820772497025
18670,7393.122730528854,7403.055359752755,13.03734951694067,7409.944994577235
18697,7395.111283551386,7406.065811224682,10.546224732103152,7413.762397947003
18509,7398.7921711533,7409.0598626027795,11.711611480895677,7416.393255539394
18504,7475.001688949776,7485.386940795034,11.641722484913581,7492.562923920045
18468,7477.690621111433,7487.255551910257,13.016483740943256,7494.358356856835
18458,7485.312139319579,7495.490803349285,12.150857130192106,7502.636520576286
20768,7688.762656340694,7699.062067059539,11.32553506053936,7706.328411524167
18747,7701.147873746626,7710.36435228472,13.974158729750888,7716.7489107578485
18419,7855.023106034589,7867.054270070659,9.78099459471386,7875.494518243299
13716,7857.254033519718,7869.027912468602,9.956357602152444,7877.4222487316265
21355,7925.112275649405,7936.126120573019,11.182318210749255,7943.859683827328
21454,7930.900847055848,7942.374870396619,11.954630760409609,7950.460520571148
21383,7932.70536891504,7944.372173332298,9.711105711797126,7952.347839937517
13656,8016.933697446493,8027.540478923836,11.683283705339576,8034.994633018073
20362,8018.849751126858,8029.371000804941,11.905730754079217,8036.849445069277
21520,8020.712271534953,8031.165798622818,11.259872820444253,8038.549555859301
