81,171.54275141027657,175.29898240344113,12.478318237951786,181.06724594926135
128,323.2375276858938,327.5062915845098,12.643584430485438,361.6783116759485
80,409.03774640540564,413.4985201434008,11.552759713007287,451.4597256533663
3768,411.18058916755217,415.29474115118944,12.529992000279064,454.12630659819393
74,422.5152575874278,426.27389789917197,12.99289799308558,463.41414416245885
3365,498.978081973341,503.2101540309811,12.584046123042366,541.3492982057367
107,604.8158442052685,608.4788699238034,13.202269688908256,631.8462511773524
3772,623.7561802828064,627.2242073713675,13.55431618272814,634.6065221198256
3354,679.0859008721364,683.4950295775053,12.597918231454829,721.6014943981571
77,905.2152998446671,909.4215724074298,11.719415312287856,915.2391832796885
114,974.1815826743385,978.4220278723507,11.122696950909539,991.5255506678154
125,1089.0526196906221,1093.089135753011,12.521574686781161,1098.8399523931776
3825,1142.917706251908,1147.2375707109686,11.853574682146107,1171.6246860349997
3813,1221.1550600983394,1226.1338465380538,9.763536746557469,1261.3662239733267
73,1233.5313086095837,1237.2862489498386,12.280227894853882,1266.4372196109027
175,1243.07883579027,1247.195105600496,12.0113050432665,1271.7079252132203
87,1265.0172987763638,1269.1590901997538,12.731768528975937,1274.788144796704
3399,1355.2726320834845,1359.4301235034793,13.151932150800427,1364.6931881868363
4943,1461.2542661860118,1465.0308940477641,12.943567891982148,1470.7110153754759
314,1534.9667007579367,1538.5472298462148,13.930484295593656,1543.5731804461982
2681,1549.3354065315875,1553.269347424957,12.716499359839073,1559.0032749525794
129,1596.7901960621846,1600.0844297032738,14.691347292532713,1621.5918015513541
3818,1668.530379625097,1672.507775281108,14.138411697393263,1711.3796502872513
85,1764.694181391093,1769.1475085803804,12.411785729276572,1805.660791729773
3771,1773.0772437379017,1777.506891585554,11.349917628330996,1811.7102340760487
2690,1775.290778834294,1779.4437301188464,11.804782323662774,1814.5934138234559
180,1810.272496461901,1815.1314021400608,9.676534435541768,1822.3029352954607
4188,1848.9962020589146,1853.4856166013287,10.563053959958376,1894.5222442394547
4207,1938.7945814657696,1943.0860045187198,11.953227730379101,1981.7783265618366
5598,1982.7688165218299,1987.075570861614,13.451866682399992,1993.0113643470072
4173,2063.0339787264297,2066.5124052079937,13.366408261458455,2071.542626541132
5593,2073.530269808603,2078.4002378823257,11.704494153602887,2084.436079220575
5623,2076.9828923079854,2080.4728466492766,12.975592616234557,2086.2946507443057
2721,2118.532050183922,2123.0483174471437,11.647896685539058,2161.302012113107
3811,2133.073336257549,2137.4190201040915,12.238174749692524,2168.5284881920143
75,2209.0280468416327,2213.43141464935,11.32934045620338,2251.7796089627345
5630,2211.1597293266445,2215.238602282522,11.52293365840238,2254.5798462163043
5637,2311.105900751308,2315.386210957807,13.707641883454945,2350.8506981791243
5641,2313.4649991370693,2317.508447225205,13.701230108975375,2353.254575618856
5628,2456.1943749510965,2460.449876195719,11.654374668858123,2466.6910281439905
8845,2478.966847780872,2483.0141237865673,15.05724079323432,2521.322061146498
5633,2634.0814570493853,2638.0111872338134,12.563358610452696,2643.771916238526
5648,2704.768419698839,2710.008435459775,8.762386454192175,2719.921886657063
5610,2748.985137713125,2753.3661296802234,11.588586944368892,2759.548802517353
4260,2779.237635715809,2783.0590254121653,12.68528349379497,2790.9731721780277
9281,2838.73364785998,2843.165539243402,12.220858584533227,2881.513999566052
5588,2948.8109358112215,2952.5845141366217,12.502340574014267,2980.6214241057246
10357,2960.672786669766,2965.038573447498,11.508869539985135,2988.5760080358527
8871,3018.9690744385734,3023.1942807597843,13.90083773715617,3061.8029400374235
5590,3033.6074891959342,3038.032856429654,11.135327273719078,3067.4994847274047
8232,3073.721740338861,3077.343859383636,13.498310480683955,3082.5140331126913
9290,3114.593225887832,3120.0144619683842,9.131100117516691,3164.0646449666297
8832,3116.827950827473,3122.047273849394,9.068376547780023,3174.138785689956
10350,3152.6807306149876,3157.0177565198987,11.868134295196452,3179.250443957317
9709,3157.5762606333033,3162.2391676252005,9.406659049416145,3183.134173040454
7483,3174.913513009735,3180.025359136448,6.309514435252686,3241.343889331891
5575,3203.7182127532037,3208.0605322870415,13.59270831671021,3248.6090494152418
8891,3212.7216159457944,3217.4998281812136,10.752024989028882,3251.6600450497176
8841,3245.5462227064118,3250.3220406041,9.401475861551926,3257.3615761669607
5595,3293.7996473873036,3298.40008203861,11.39050391066287,3338.7454036581344
8864,3298.4119171324096,3302.161512158093,12.475427576518884,3345.542804452169
7509,3335.6643628763964,3340.0070769999043,12.087655136695119,3351.1077472205243
5656,3384.170657376315,3388.192221900688,14.789960293016453,3421.398408108035
8165,3423.0620230147942,3427.5122121025242,12.384735474874054,3433.029470377625
5608,3648.7708103946934,3653.048519800016,11.39208878654117,3658.894273774487
5602,3738.451825606167,3742.4210281289065,15.574364519734381,3781.55702883044
9710,3828.8116875811847,3833.0243787462555,11.851775891446602,3871.4529953454125
10407,3830.999565039698,3835.048936536068,13.553648447453691,3873.8992460208356
8836,3836.1022795762037,3840.2956868210244,14.274700208936999,3876.1012801289653
9321,3849.2640895849104,3853.1504952659247,12.879570350047675,3878.2992539546854
10402,3851.189866518248,3855.11625172587,11.832265603471582,3880.4246399704743
7512,3894.125129551539,3898.254644998608,12.062747527561484,3904.095121303541
8203,3895.921810850972,3900.0356625773697,11.243437439546774,3905.913535481461
10411,3918.8533646379733,3923.4258232359834,10.890415912637453,3961.6649585787686
9696,3925.2023705919582,3929.377685039527,14.198363672295498,3968.209468528269
9298,3932.7819705094325,3937.004313853465,10.78068386352237,3970.6892887163513
11089,3973.4586660216983,3977.1030340559487,13.318413318451634,3982.5482333540176
9719,4014.240566572114,4018.4149814130856,13.986629812707905,4055.86728724764
11096,4019.0882797395716,4023.4647491056635,12.76052263621618,4059.23111778663
8872,4027.344893527198,4032.1303278640057,11.438570748990402,4061.6889965060714
8171,4029.5322813850576,4034.00732257064,11.288391659169141,4063.737131623072
9671,4035.4586358005527,4039.23350249265,13.17528822691121,4065.8631851041546
11126,4055.007601454863,4059.1385692222198,11.373840683080756,4067.7937210706154
8858,4057.756220625157,4063.3070584448124,10.653272723719287,4069.8697800200543
11104,4118.114722768698,4121.519064606245,14.615527309519841,4141.500560155648
11165,4235.260611101489,4239.108098784458,13.348136213924244,4244.39449367394
11174,4239.867391751103,4243.392150836885,15.43249263290417,4247.919755901342
11127,4249.191228539954,4254.424863079384,9.452239698016577,4262.141311481547
8241,4368.8437190659315,4373.047717397628,11.810131306906811,4411.762653553868
14829,4370.963845238363,4375.196103117469,11.245772399423847,4414.337505338565
14774,4376.776669506226,4381.111477424718,13.530503991451468,4416.508670746529
11549,4417.308317549622,4421.340200666176,12.448584563912025,4426.94895865002
9753,4460.551330591004,4464.362842807397,13.286715337987001,4501.512638541691
15211,4466.926592597927,4470.497603924984,13.033084094953038,4506.528051787842
15168,4469.082453581762,4473.38041395861,11.163797232996416,4512.631563801771
15166,4735.197256281608,4739.323197337905,13.624363784165292,4775.864516554385
14816,4828.718627389928,4833.279793196334,10.87577957291404,4866.562554254277
15175,4862.797981213788,4867.122295196743,12.414660475032218,4872.530358269222
15195,4893.149384359025,4897.248776443581,11.154561044369418,4951.753136352692
11143,4928.04585862422,4932.333467932256,11.227347792525658,4956.509204916821
14803,4930.007438528761,4934.228774059216,12.619883533991207,4958.990247579749
14363,4932.187396516171,4936.13022965891,12.430013136660675,4961.219737011678
11121,4937.425797163924,4942.066003569969,10.06998274741951,4967.040286099544
14335,4999.202928491594,5003.222618374663,14.205378698060098,5041.5090861216395
11070,5006.114623995544,5010.315227992953,13.509412424944841,5044.185061381274
14827,5013.131824045464,5017.322665395567,12.393457641730905,5048.660905764024
15260,5043.03598626876,5047.486080526898,11.86377050817818,5053.481992813104
14818,5090.683664920132,5094.390668055318,13.757030903234796,5135.568134799044
11166,5111.154449323202,5115.4032323161855,11.393752568440107,5141.492356392601
11082,5363.721858350072,5368.477608974544,12.305648180268394,5401.518089707886
14805,5369.764871389745,5374.21762104397,12.517589665672064,5406.5950440150355
14834,5448.850020580522,5453.195529449344,12.141288265695394,5491.74746039912
14791,5453.023692299261,5457.211766416412,11.41412712579058,5496.585961507453
16632,5640.160111172825,5644.506912705269,12.2520011951651,5675.537871927512
16640,5904.204372712002,5908.509468443447,12.182072048597957,5941.72946517384
15945,5910.781920531359,5915.009666300189,12.100436783997981,5946.361629742672
15215,5996.700256964611,6001.256375070505,10.944543347901547,6036.538504322065
15875,6044.942630359843,6049.0944009171935,12.178262905136522,6054.9544843492
13680,6046.871001430669,6051.062164738449,11.915372415428568,6057.1407487692595
17070,6302.966841832092,6307.582702563767,12.059269173283699,6313.919026037106
16698,6305.230917235594,6309.335945041276,11.437792089902034,6315.646425729481
15870,6307.4686068934,6312.116033942993,11.226434213870242,6318.291440427724
16691,6353.096081758414,6357.480229587365,10.733682171649,6399.265052339615
16602,6355.109955379693,6359.407569637725,10.393608179160337,6402.89420181468
16623,6430.5255290281775,6434.241459206456,12.284718797213124,6439.795586222462
16628,6467.121335723417,6471.144136629229,11.747607611513455,6485.550683206505
16630,6495.89928390366,6499.5205659964095,13.160200088534578,6504.8221631207
20287,6533.059477635639,6537.312421806757,11.55079439233007,6571.444518824221
13677,6535.114186746598,6539.155318448052,12.220221980739076,6574.141513461862
19887,6556.215857170924,6559.573217908427,14.366765293397863,6576.639508255413
14804,6624.170412396858,6628.5695665020685,14.895740979458832,6661.332550342048
16663,6637.071903518656,6640.510131577703,14.200360306623757,6663.827475552031
16597,6641.997586640744,6646.476223137769,11.120383186829208,6665.977141990979
19842,6646.942982614888,6651.486981034943,10.914110151053437,6669.331872040693
16629,6668.960754787661,6673.002941173458,12.206841458754054,6678.788989435081
19845,6709.336190105192,6713.536122341659,13.805229216248694,6751.428902871519
19891,6711.401764359304,6715.32798730137,13.106091643887723,6753.887662318415
20761,6717.210020109749,6721.210450775343,16.480387869524154,6758.338489882748
19838,6721.725474594273,6725.643133810544,14.240672869080068,6763.485169644175
16639,6757.32226417244,6762.240910958679,10.064362729270318,6769.580716112068
18417,6767.713129355861,6771.150394107462,13.95455917590667,6776.216115160793
18427,6776.78995024711,6781.012756552071,11.586143702579612,6787.082803548161
20719,6842.912249336633,6847.363914295715,13.916919404097175,6852.517080328464
20329,6888.313776406014,6892.4052529705095,12.40978595716975,6931.512608905931
16688,6906.853547969237,6911.080221959937,11.916722842161404,6934.258871334944
16672,6937.2966974437295,6941.16334047527,12.100068174958905,6946.793365092487
16707,6979.031496674584,6983.323326023972,11.311626456974253,7021.478905711934
19863,6981.190699325021,6985.215481021103,11.38469874533497,7024.434211299284
16604,7117.137600680284,7122.2850637394395,9.351450699220662,7129.698395099255
20762,7160.955529672194,7165.148427986331,12.165162939627916,7211.557535765819
19858,7163.049566832511,7167.141881983207,12.046296716851293,7214.360424111075
18005,7205.2905513475525,7209.364175575001,12.469823029009449,7220.583200664852
20280,7253.711138961172,7258.5010614818075,10.690371900921551,7291.513939827822
20298,7593.20006900073,7597.098598004562,11.647688023954643,7651.508035250229
20286,7608.490348668035,7613.365382446559,10.514096326133457,7654.407005058236
19850,7702.8917932211425,7707.384922055747,11.777481953331188,7713.784198085654
20282,7792.610307836592,7797.121586054423,10.389073583144809,7834.103957614375
20264,7794.692642937536,7799.0527928713245,10.429062740660639,7836.428094805825
20265,7796.998867337314,7801.019947755174,10.01279629625599,7838.364615755921
20672,7878.817783564549,7883.00994131861,12.278596698613942,7921.318175511559
21350,7888.908938209751,7892.381743970366,14.124217166397132,7925.913309278819
20743,7890.957416573882,7895.164132230558,11.737841945010768,7928.01429395953
20709,7945.483438511138,7949.231256244965,12.512002557302667,7954.680436819422
13718,8195.494863542528,8200.20057445867,10.8540253665168,8206.800867203972
19138,8293.731477522559,8297.236592987669,13.561652847720024,8302.423700618507
21422,8304.716366449014,8309.003494442568,10.668401415846906,8315.190580374046
19147,8307.07113527278,8311.01504942209,12.820234923483431,8316.985065142171
19168,9108.263829740223,9112.006813754757,13.365271818327795,9117.372943340999
19197,9272.706344252234,9277.307861330833,11.180284060894627,9283.25045902166
