161,142.0488050620588,148.38577220317222,13.631281462212765,152.64910636790185
3389,236.10214179085406,243.47707475508705,11.2959265863768,248.51537883604877
128,276.1748893618981,283.23657246583275,12.273468268278336,320.2825174225055
152,332.92636940798457,339.3930294745352,13.775100400982415,343.8644247307153
80,370.8638094977464,378.51857194552764,11.843507308864517,406.567658371461
3768,382.1028931702554,389.1082547378703,13.749327048798381,409.32487559329076
3584,391.3148291576668,399.2022898777866,11.763425685412887,411.5529073542859
121,393.38100359919866,401.17783994381585,11.145747762959276,413.4758654138459
74,409.7241324978814,416.6054401807873,13.296772339768982,421.37870884003394
3577,458.5927659508426,465.4304488139648,13.251186642645338,499.29628619505
107,592.19557129786,599.0636766987262,12.83901970983346,603.7279536025659
242,596.2032184181821,603.4544910335289,11.86049614654514,608.4808169847679
2960,599.5624980727492,607.3870337185172,12.370977679041388,612.154520649265
3772,612.0962962100036,618.4239304020005,13.840255822882957,622.7550220717256
3354,613.9856460465363,621.1781986582686,12.44279829805714,676.6907076883538
102,679.9430707466603,687.0339218910465,12.48037080493185,691.9220765420433
109,772.3651045781619,779.4215714496099,12.716755153557516,784.9894120866513
178,797.000518097012,803.4353242189788,13.836276171256854,856.3850224182429
122,862.4417612305377,870.4730292777592,10.79518959834941,876.010597258123
100,956.2127377027682,963.0246204605007,11.395834102856144,968.6271801489455
88,980.7116738265747,987.0886895837032,13.460831647259168,1039.0864459451518
115,1040.8086035440606,1048.3539422840327,11.917115837907842,1053.4428739121765
206,1042.7203359423652,1050.170956551377,11.766204739224536,1055.2740302261357
304,1048.698968998616,1055.6091746727911,12.827044368660632,1060.2385136514768
225,1075.5505847145005,1083.0323368541442,12.17065825237715,1132.1598810519258
4566,1087.95899231211,1094.2453179484535,14.569414965411902,1135.2296234556086
5243,1089.9247435131986,1096.044858002911,14.23239763862319,1137.5710825869044
3825,1093.94983101121,1101.5141032461827,11.382811524744996,1141.7400512339996
200,1129.8468937918055,1136.3047079626808,11.848603312167109,1143.461349636441
3813,1184.3393991614203,1193.2222823783234,9.332667670925302,1219.4312859700212
73,1220.4035737098948,1227.5318213648534,12.82138544082006,1232.3933157797137
3374,1225.7247105510944,1232.494157181384,13.6150257457864,1237.0658224670683
106,1235.504515201565,1243.495807824865,10.832879020695126,1248.9782800395135
4901,1279.532905226453,1286.333108323885,12.229426506017655,1324.6638656125033
219,1310.3620491412642,1317.1701219421625,13.376793557095569,1327.3231817561107
82,1312.2875961414632,1319.3365422689428,12.448498200029515,1329.3369854262774
215,1314.266889916115,1321.1426169063025,10.296558624544097,1331.5541509069146
4521,1369.878800428363,1376.5114908559844,13.169565330448501,1406.7363606843367
4264,1373.7940336677461,1380.2411749730957,12.937830345582858,1414.249844641845
95,1489.2775739506328,1496.2224055928561,12.356404559731775,1500.9683898002556
129,1585.2473992917767,1591.600469096564,14.642426867021634,1595.847378219726
3818,1623.3513240638301,1630.2088901161142,13.844718731602377,1666.377001967804
4554,1684.2708758090312,1691.1796131650397,12.158102685066671,1695.8864023287967
2690,1728.515032212381,1735.3722065834556,14.219868592496303,1773.4556868021111
5206,1778.2094831470513,1785.1103483547588,13.17360402204571,1789.9268428371297
4572,1811.1460434056519,1819.209780614693,10.749800226554166,1849.2215877427886
3579,1817.0775361083367,1823.59866789187,12.968218556618316,1851.762236889846
23,1850.1434699500628,1857.4400053655352,11.446211924268008,1862.4049390485072
5672,1852.307338289077,1859.4849546044627,12.423342976051519,1864.3940434389274
5689,1854.1625404994775,1862.1947385210715,11.036117388467462,1867.6313520985364
5638,1856.1184927687004,1864.0761248611363,11.29902814631909,1869.528317842982
3802,1956.3256288676941,1963.2305521635024,12.191173384566545,1967.9278111431308
3342,2079.5125083989014,2087.262256925636,12.054816981179256,2123.3081558062913
3811,2081.6562483755515,2089.1293614135807,12.263493184649963,2130.2611388853857
75,2148.4084240600273,2156.2635984617195,11.657390858155466,2206.7666274922403
5630,2163.5754161036666,2171.0955119801683,12.43449681498113,2209.5529062329624
2953,2172.8514745083326,2179.276714838146,12.924787069244797,2213.5743671643954
4235,2174.6097347814257,2181.0383470008255,11.868009716255184,2218.254626324498
5651,2227.4519558792463,2234.547987713534,12.090311198023116,2239.3888395727054
5224,2232.6675300190354,2239.2496737871843,13.9192681655798,2243.5108259668123
4167,2271.1479687117776,2279.270086091267,10.559849619266851,2301.3568273365086
5637,2273.0467179642756,2281.202830334031,11.498759332611328,2308.2720326822387
5641,2276.7101827237566,2283.2254730740415,12.642184192278407,2311.55279081314
5696,2324.43143236247,2331.138413376921,12.294930141813746,2386.7902626984865
8838,2345.706496208133,2356.0112336247703,8.90550592453267,2389.5093686781315
8863,2350.011307234611,2358.075325931136,9.366519693539484,2391.7550971171036
4946,2351.905061850427,2360.1018373204915,9.396526295888417,2397.371489457332
9295,2353.759331442062,2362.091600507856,7.751758638099593,2404.385062086881
5699,2394.0504529261716,2402.1611423084205,10.118710618661234,2410.3528419954
5634,2398.8668548662154,2407.221599436716,10.367339254312247,2412.917299733005
9074,2411.8930392626025,2418.4579129185854,13.145962538434434,2422.8816856519616
8845,2445.075774843219,2451.625284998827,15.377537863211941,2476.5417655739107
5644,2503.032496904659,2509.422052138911,13.528596375998612,2513.813476757796
5592,2672.0364067659325,2680.174059102313,10.280326399479861,2685.772817720978
5610,2705.6060256088144,2713.153232214882,11.104046087136457,2746.534143448573
4260,2766.2322577100617,2773.186097282648,12.362875799199042,2778.105374468909
9281,2776.9201810736167,2784.092066435754,12.5707535600979,2836.5098815332817
4528,2837.708626936091,2845.1434309388706,12.82242072893929,2849.969020085633
5693,2842.3462331876535,2849.565333638433,12.293598738872902,2854.2963219548524
5692,2862.1377491312796,2869.0885876281727,14.06734796230672,2873.3915464009397
5239,2889.9931035274058,2896.182269419115,12.520933632948672,2935.3937780023102
5588,2936.264627226666,2943.162117788018,13.061881885948145,2947.778933961783
10357,2946.218915696812,2954.0518729774467,10.80997011350046,2959.409398813519
10021,3063.9310733779557,3072.2543195335957,10.238604776710435,3106.4563815507904
9735,3068.2656964677585,3078.0252673234036,9.465876362431061,3110.9925093118563
9290,3070.3639969731894,3080.0117650971215,8.959403698927355,3113.1380911924834
8832,3072.4572718588333,3082.143715454649,8.900817000606205,3115.306881405627
8897,3074.596961128843,3084.079638116634,8.780858776910243,3120.303940878734
5575,3156.2805496359256,3163.1209170465963,13.925895990631547,3200.3902344963967
8891,3182.103078882175,3190.26934700714,10.190128305549,3209.465798027472
10065,3185.375029486812,3192.5469465128617,12.109545404614044,3213.2194583119754
8864,3267.732989145474,3274.5110360926633,12.636019949077136,3296.9097762981974
5784,3304.7472665130013,3311.056271116169,14.944475520831869,3315.144361435521
5536,3312.0057056755177,3319.099723345176,12.312239104527569,3323.984976183841
10774,3459.984159856964,3466.3681553311735,13.937480943905951,3470.8489809827347
5658,3473.810959704083,3482.0164868267902,10.622991296763633,3487.608723871328
10092,3476.579871999009,3484.2853154231407,11.197138617473493,3489.4640659023025
5715,3560.1403475073466,3568.3217862866386,10.334754646536506,3574.0101601229453
10064,3576.4031200154886,3582.33047856834,14.178762786338723,3586.4705244426655
5602,3680.2522276096583,3685.68662534566,16.21171578689779,3736.4173739697717
11214,3744.4482837013843,3752.0581545354703,11.658767595151824,3757.234093125304
9743,3759.95044065481,3767.348138680041,11.258636681478498,3772.5288827487384
9710,3761.6987656101837,3769.175095165245,12.230483865364363,3826.5686530949793
10407,3765.944699206117,3772.5127879900756,12.837453042746167,3829.2042827703503
8836,3774.182078574476,3780.523845393419,13.10424583455262,3833.3766227908623
10058,3783.3737777233882,3790.2470403152956,13.58588906349003,3836.37012832764
10698,3785.72597301991,3795.0339180827436,8.851242039486463,3838.781866577031
11141,3834.5392211543276,3841.4402485138544,13.060822898829175,3846.0311687888334
9321,3836.5106968158725,3843.436557744365,13.126388590424483,3848.211037099965
10402,3838.3643365255302,3845.3596073547587,12.755257463744284,3850.109002834438
9712,3840.1652976824903,3847.2639485677787,12.725155403324749,3852.0506503140978
9696,3858.4764107445776,3866.3633150844107,10.602464484746443,3922.3060763792673
9508,3877.6553002382757,3884.111153891602,13.582412263461233,3925.4568916537864
9298,3918.1792519362457,3926.2935500690487,11.075801818437869,3931.606028260457
11088,3923.7689726938975,3930.5413661926154,12.996658422344693,3935.2535715388117
11247,3951.2610017833904,3957.3366771396636,14.692912424533278,4006.550012510252
9719,3965.8466021801732,3972.635545526366,13.759945109853083,4011.3089645486407
8171,3971.596387555385,3979.4358595801973,10.95926577038094,4027.46369028211
10085,3973.6603847487827,3981.4256220044276,8.85128116446752,4029.850338020497
11095,4102.441719768674,4110.118309467126,11.644569195553697,4115.337658179794
11199,4197.9229911798275,4206.181572802141,10.484625849444157,4211.981066974037
11153,4280.009342313696,4286.264300834175,14.645035958151352,4293.23851119798
10057,4299.923204974424,4307.577385679429,11.848068295711535,4312.820574905849
8241,4326.262115636631,4333.47619664118,11.812484632958672,4366.603452534783
11109,4374.547213884651,4381.381083689074,13.395349461080414,4390.120484746956
9753,4413.610956955484,4420.598222300616,13.354316488055725,4459.031427379682
10775,4415.8966635864335,4423.460469195455,11.14945800098654,4461.451228606222
10725,4417.768202086358,4425.320646609513,11.357238119556785,4463.768398281677
15211,4419.732945274403,4427.155175022994,10.817779670045926,4465.804030147683
15168,4421.542725230332,4429.3129554421985,9.893936606789268,4467.893173925694
11310,4459.460557578823,4466.47136472898,10.78891503889909,4472.073040037095
11203,4463.931738817457,4472.077946217319,11.686954912801655,4477.36298114627
11179,4471.470107057737,4479.086505549216,11.956523367068922,4484.323350879119
11164,4503.432504124457,4511.450147849953,11.247324306809846,4546.802634003506
11148,4554.446533982902,4561.16992470885,12.78249812348594,4565.693257852528
11190,4558.34092185082,4565.512055728899,12.9192375676522,4570.387249054235
10087,4560.586460645647,4567.32370387903,12.4647307252228,4572.093518547517
11160,4584.627886807195,4591.477884018959,13.010082741897277,4641.13949374217
14577,4599.494173529192,4608.466080282741,9.983867177494698,4643.775333151518
14799,4601.701855537533,4610.445957836089,10.24368015495329,4646.42620172331
15578,4684.060253976609,4691.315609514844,13.139582862672782,4726.63067977263
11123,4764.980333625855,4772.04262380248,12.721719926316794,4816.330543383162
14771,4781.026850420972,4788.008801293515,14.563798839943631,4821.316830896194
16229,4787.178348036629,4795.397924365474,11.085638006081806,4824.446717882623
14816,4791.103931060129,4799.250275132978,10.478752597104876,4827.121866611386
11232,4820.358127112937,4827.010901599728,13.62971910824745,4831.435379821386
11249,4822.153432580518,4830.359771176193,11.067214428740899,4836.102241326706
11207,4824.034543454401,4832.213420579385,10.823777627025011,4837.998409112013
11317,4843.592054322152,4850.450077920623,12.407464218275878,4906.67418621717
11081,4848.074306727454,4855.32366045789,12.085953999261974,4909.544745413516
15227,4867.532698707267,4875.232536311913,11.48948169645366,4913.887652509047
11098,4869.842958086777,4877.099406422199,12.017248304613641,4923.296245645327
11143,4871.824591328041,4879.3935303025655,10.41071210683727,4926.200778179107
11121,4922.367900321166,4930.4182541030605,10.069993289463616,4936.061187439572
14582,4956.115410803229,4963.121216713925,12.863038455007931,4999.548153437457
14827,4974.136343834509,4981.483783185834,12.173661770006877,5010.263522013305
15015,4980.853823243626,4988.3527561089395,11.390056725109828,5013.405611663397
11182,5006.457670365693,5013.104129506713,13.381341920378809,5017.562883230722
11120,5034.311304825015,5040.393359497352,14.670522088552612,5086.585793629721
14818,5077.040006057695,5083.48990946233,14.003739896491247,5089.307739087609
15006,5078.765622075105,5085.230947637482,13.195694680196642,5091.228658599433
11125,5092.363687013909,5099.369778120414,12.08629181921405,5104.123999293161
11184,5100.795222168369,5107.15171788572,12.763503269239614,5111.751201475257
11188,5102.766340935765,5109.443876983236,12.952557539270927,5113.920606042181
11111,5115.068665372035,5122.139193034856,12.556071158809297,5181.254612333775
11312,5197.070088199856,5204.557174112139,11.453741092317781,5209.580091111973
14390,5227.931685170663,5236.475033900221,9.690190953681384,5266.455862226732
14588,5233.197688192886,5242.44181990223,9.664457830892475,5269.222604214749
15555,5235.355407836922,5244.366426116515,9.632115502905396,5271.82905411482
11082,5299.260437127735,5306.545115563,12.21833325754563,5360.368408516826
15531,5313.431772302756,5320.489590460314,13.366103837177919,5363.75644712215
14805,5319.202506131815,5326.240636453746,12.141815526219368,5367.36506804427
11301,5451.810545792871,5458.297030669527,13.474101123177432,5462.725992350137
11299,5453.665119957922,5460.221002576496,13.019240059069814,5464.791189845169
16621,5456.231163676805,5462.3808635572095,14.579822900186263,5466.697900728622
16589,5544.538275507132,5550.2039965777885,15.254027872941533,5554.686613572155
16606,5570.508665500413,5577.402291630668,13.341105049736843,5632.481053536336
16632,5585.866189842394,5593.123626343502,12.802222659833234,5637.268206465646
16651,5632.080723920127,5639.10870877827,12.168380724594583,5643.888061471081
16608,5646.604326146962,5654.444263038807,11.16479135513662,5659.888935319714
16593,5812.006099401244,5820.167776831887,10.930967365666394,5825.729842837377
15945,5858.024708223163,5865.366164760005,11.66687251998783,5909.072799888571
15951,5859.849970122364,5867.174756443677,11.638381894808907,5911.43471745417
21046,5863.473545922856,5870.400698350692,9.561880798327621,5913.469683683923
16660,5910.65056467256,5917.489297153784,14.844096104519663,5921.646293372724
16659,5915.049395488904,5922.472552586677,11.669203731387169,5927.574416168347
8433,5917.606360253693,5925.363276182107,12.402912125504203,5930.070930137456
15602,5945.436138933235,5952.341081755247,11.959670799284265,5988.868009955511
13972,5951.770914213379,5959.1477258877,11.898238835016699,5991.40806010961
15215,5965.191972531768,5973.432710963174,10.696610054661534,5995.382060087852
16678,6037.764734726452,6044.44252874062,13.250636061734005,6079.014628629059
16748,6081.923736833809,6088.554633675093,13.10722122844063,6092.926256524667
16735,6187.0991447335,6193.147495491553,14.897105789866918,6197.141374911169
16203,6221.78524322776,6229.516917893906,11.450749585965703,6256.934788731836
16708,6281.712744467315,6289.298975778501,11.376676107323417,6346.341840869984
16686,6283.570469836524,6291.174949117749,11.887043675255077,6348.932889058886
16253,6393.5804966784,6401.419525489212,11.723119814355277,6436.553473214291
16218,6444.253311551048,6451.165449410325,11.991611231212078,6455.969119755168
16628,6453.757831421441,6461.094051592934,11.795728106292247,6466.0158840402155
16580,6464.162155424246,6470.474427342639,14.358214097653033,6526.595053147767
16617,6466.056736175535,6472.390111700146,15.08292294786967,6529.231457894699
20287,6488.584737524845,6496.341732383832,11.341772060139004,6531.710046837582
13677,6492.773438640984,6499.002167172361,14.091924184262963,6533.898037082448
21050,6533.174748297409,6541.27048191629,11.477922610209445,6546.912070519571
19887,6545.038998507535,6551.084747090462,14.008554567649048,6555.268105401287
14804,6573.882421562693,6580.555082010326,14.107399422114359,6621.250462767052
16728,6620.017723480199,6626.0661513608275,15.381300791421891,6629.998838224889
16597,6627.64607552798,6635.473964908168,11.501008880293917,6640.727126846784
19842,6631.788832184853,6640.057291813804,11.235293493927793,6645.642157832213
19845,6663.65290390802,6670.342423097078,14.040308100016805,6706.793721768894
19891,6665.72860809508,6672.2791752252715,13.994530861121124,6709.579436678118
20761,6667.700893383774,6674.077331856428,15.05657483557242,6714.27311657927
16641,6712.436123277455,6720.0733095663645,11.04284437769923,6725.355123051726
21089,6853.488731594863,6861.085477280639,10.793208726168599,6888.785473482095
16688,6889.966009849804,6897.359349561385,12.18035160922987,6904.353915719888
20070,6942.648566793469,6950.14367325391,11.429841516320064,6981.674014403547
16727,7023.999623836465,7032.276985994998,10.494165347379543,7066.648540709696
21049,7027.297383335563,7034.3280388040575,11.889061058606208,7069.43023782173
16228,7047.229101269417,7054.404708414849,11.833536193882102,7074.036582337248
20762,7116.027619757309,7123.5632554661925,12.486650956982531,7159.100486695271
19858,7119.976078901053,7127.154079101872,11.767962441211017,7161.4601350758285
19833,7122.081134098905,7129.039974224399,12.55297374295984,7163.604064619837
19469,7124.196165483046,7131.102536833782,11.475562825963745,7165.624593550611
16664,7164.571706493558,7171.5629082299365,12.75259929467236,7176.280459504945
20701,7254.345541674778,7261.16034449707,12.20525344875122,7270.3574799453745
19844,7301.823939966587,7308.005634402712,14.423800135739503,7336.6457217890775
19869,7653.686167008603,7660.458517745172,13.996660816744008,7696.583602731688
21764,7675.964804200262,7683.046409404037,12.729072735041369,7703.562510778659
19876,7682.460653243262,7689.473860203579,12.019501219228408,7705.852226975885
20297,7684.29138594753,7691.306559527402,10.399333350831816,7707.718564599429
19864,7746.233130655762,7754.134841643568,10.865601959482088,7786.305135492966
20282,7751.99401634001,7760.163678203145,10.629493607322866,7791.168847997359
20264,7754.0201641824715,7762.078985090259,11.153822798744358,7793.430644683173
16577,7761.958556062007,7769.178257904625,10.17932753076986,7797.568027007625
20672,7824.446506870941,7831.431671939277,12.486147610918728,7876.480700357166
21097,7836.223275967251,7844.190622503872,11.122184272593616,7879.172742005554
21711,7841.970984580653,7850.49615835112,10.588981912358257,7886.078272565744
21350,7844.110527541749,7852.461877540506,10.137184006432655,7887.839903720817
20731,7892.182215659393,7901.365528987128,10.20404523208972,7907.628262328973
21365,7989.535224374926,7995.526894945373,14.00735670608205,7999.62981316669
21073,7995.101165748361,8002.068113902496,12.686144169820512,8056.593564627553
21720,8068.24416231537,8074.400430101652,14.157835051901404,8078.544919038857
19472,8147.770387496949,8155.133133574461,14.079338791753752,8159.388528635053
19192,8150.221833792795,8157.318686478403,12.935755762184714,8161.874971285439
