684,183.13205001021151,193.4873633387334,13.09213116973077,237.77174779420292
735,185.11910667128578,195.26981956760986,13.226346334437006,243.84262049081644
1412,228.82541257549036,238.05169757629062,14.526333894722786,247.23193500045937
2886,283.9714244164926,294.01471444675826,12.593205745275933,306.52166347231133
2889,376.1489045482446,387.4264430429478,10.801806792873407,433.45122045008833
703,455.6963714654274,466.17119677243744,12.535734039431368,501.82156412711413
1424,508.48878437179593,520.4371120266229,10.944463066648925,572.9839937404968
1374,511.05728547606407,522.2888602908268,10.371081536213236,582.7739303005276
1404,513.1279964802266,524.3175267133781,11.828015536390131,630.8558641219387
1192,549.8680710076821,560.1194283397846,12.786511906944492,637.1978466188904
1417,689.2946147828814,700.4490531074571,11.769476210785006,709.0635346500413
1385,769.0384319956802,778.2234290077187,15.101707882198468,785.5520496581458
2160,771.352178207533,782.2296118362633,12.340671087149646,829.1210883885373
2149,859.3198939203235,869.5736462278594,12.879224298411962,895.1903932279549
709,903.453151574082,913.2846844353833,14.649384957854277,961.868952489038
1390,907.4276615490354,919.1783482712959,10.731580592676762,977.3755332595877
1377,949.0721393659813,959.0638786627237,13.520467686325553,1026.9152379171464
1421,951.1153733256189,962.500955210202,10.868744576553336,1035.017528047244
1397,953.1047290298967,964.4160148086954,10.855068034453792,1041.45109754707
1399,955.18881293182,966.2475253214584,11.346995765484987,1048.0417796049637
491,1083.866981927541,1094.3744125747876,13.197051348896599,1113.2815157575737
1409,1111.465477643332,1125.2983815819218,8.513062264398426,1164.8028282453645
1411,1114.8316098711812,1127.2840930282948,8.167390595269296,1168.6748634053315
528,1118.6554175682427,1130.0122583295629,10.63491885958135,1173.3772253060615
2476,1314.0278144342603,1325.371137826618,11.974402654238915,1358.3291711312177
2307,1315.9742492097655,1327.0758190378997,11.002844175897504,1363.1690627180012
2533,1319.8291638746284,1331.5250786800111,10.658434334207204,1368.2748440069718
1431,1321.685187004492,1333.3381710542862,11.071612434991208,1370.3443401631612
2369,1373.5101705832105,1384.3211316518286,11.981552862297661,1424.8095228466473
1375,1399.232804723958,1411.0662477580252,10.995137461426141,1429.021358325698
2873,1545.9168704463586,1557.1426325331915,11.399593703211696,1564.7913264211015
1721,1549.711541940391,1561.2783216315445,11.838262149485228,1569.100754976321
2447,1561.5135355786558,1571.5072281835712,12.581310003663702,1621.8137532419642
2162,1581.35377635152,1591.5890534650378,12.943726532717703,1636.1491428751917
2484,1583.3906987798605,1593.3809088120865,12.149288952941143,1646.1344913403218
1856,1585.1586110874177,1595.246602095938,12.989433961613123,1688.8177717824317
1394,1589.2612130452328,1601.4064565971285,11.219474329377546,1694.455036207769
1384,1591.3670776742558,1604.441885841989,9.269712181287296,1696.69228840915
1837,1623.9431706107268,1636.4148163553107,10.717738344420955,1708.0288714083622
2519,1627.164161452012,1638.3658680445383,11.60848255489076,1753.2536010292686
2404,1629.873143366053,1640.4012212675282,10.388976840025691,1757.9301400700797
1381,1669.1057185906855,1678.444024992842,11.77836844400472,1771.2189531338624
2345,1761.9139175688183,1772.2717711187083,12.570835072358607,1887.01444931856
64,1823.7409717013165,1833.1502283573689,13.87975540661775,1903.2682679479558
20,1828.9947397674694,1839.0699576974241,12.992490763566838,1951.8606497452863
2362,1851.2501531371847,1861.1681192035987,13.185256396140234,1964.5680864804358
6895,2119.085819750984,2129.274380371783,12.863976798324304,2149.2860289408773
6193,2163.74463130398,2175.071028601187,12.160723113469023,2218.6139471292977
6619,2190.4932693810324,2200.342422153238,13.134006073703944,2222.4335354305745
7043,2220.6392528716146,2231.450725432202,11.887517903691368,2239.885660635148
7260,2301.4553015171423,2312.487917736621,12.402193503028293,2361.713643141372
6869,2303.8576396174276,2314.237832302447,13.040327109478865,2365.3119557843684
7076,2305.780373450605,2317.0365239849466,10.73952207259374,2371.502841734758
720,2350.270279154472,2360.5228831666036,12.23597615862228,2479.1742315429838
6884,2389.05456997391,2401.0030222570012,11.255820332015078,2485.2748309130766
6888,2393.45900770569,2407.051257941634,9.600388714014931,2494.0610067358134
7657,2395.698921050645,2409.058825261963,9.441315284245915,2497.9907999620173
6916,2496.139977596233,2506.2334281174067,12.872294338365563,2545.1860234094534
7899,2568.795218523676,2579.138280476635,12.69935035905728,2611.505783452053
6666,2658.692629569802,2669.540574204283,11.722700306541135,2676.9490619883213
6676,2660.727509312812,2671.267216112669,12.209340917234112,2679.424098693838
8387,2710.998130207121,2719.4638634169355,14.787152503155976,2748.99715770162
5551,2726.5693531609363,2735.556002432405,14.156323775939649,2751.7439777680665
5522,2735.7676495917362,2744.5781136720725,14.34241101256217,2762.3331358273913
5997,2793.3933060143518,2803.464535670281,13.060558743495557,2834.3392134659175
5797,2799.5880909063417,2809.3642328889746,12.954573059565575,2881.717680840518
6883,2801.5992329372175,2811.176928245872,12.30903320374898,2895.4078036140377
6701,2803.4802033371957,2813.4417094030628,12.211957792138698,2942.220746618376
9053,2820.317750323221,2831.168461431733,12.197668104046135,2962.1595377759436
6917,2848.8194315565443,2859.238007923968,10.643096233027004,3012.099115722609
6679,2972.0828703975258,2982.2318455991153,7.123052694256324,3139.327101495232
6682,3198.983418803135,3210.245654385587,12.017191871930217,3222.9796742209687
6654,3201.300059389782,3212.2612693890483,11.861733874515895,3271.10475234
6655,3246.7945060502193,3257.432683870782,12.41934647721516,3273.877200416179
5779,3257.143700327928,3270.0002162181677,10.073037261365078,3279.240733344512
6935,3261.5714281813134,3272.0625816191064,10.04741791921493,3282.742360538161
7997,3333.570598664341,3343.6108600344855,13.195674115085973,3350.5992350387296
6209,3366.50374621101,3375.2135576541336,15.216573579553238,3405.7584599431807
7894,3384.991034939122,3396.0168610742658,11.757909726142726,3417.400372178218
6713,3390.446670407698,3401.4813590225203,11.463066419736387,3491.391311943445
7986,3392.4778443864743,3403.341032844466,9.620616818249843,3539.6555798365507
7367,3432.0170798145664,3441.3268431135116,14.275514611474238,3563.6951324072024
7341,3433.980444251914,3443.5716054143863,12.94585953406865,3604.716583987959
7397,3435.676952233876,3445.4106761270746,13.251372032207989,3611.0167213938807
6928,3653.9435624607363,3882.0088060626813,5.2373280787712,4000.6794706852033
12365,4098.960731519467,4111.4531926614445,11.13031295910156,4138.272613389364
13885,4148.984553671195,4160.2962322434305,11.381853927822887,4195.12575824278
12376,4190.636288816773,4201.55731841698,11.550291765738782,4219.535439976324
13376,4243.886865995188,4253.175426540059,13.515429940053073,4265.328731579893
13342,4248.882579112159,4259.191783693607,12.073508616242702,4268.220478320545
13400,4252.221612076833,4262.454944593274,12.441358824830164,4276.986604303175
12777,4325.663437822073,4336.210065250349,11.738751867045952,4344.246899684564
5517,4329.620779036934,4341.405683504806,11.197637861281198,4396.549775815079
11443,4331.472898157516,4343.326773585845,11.102163799926917,4412.323808368859
11049,4418.028750991387,4427.102974007067,13.241274359389028,4476.28872763239
7154,4423.235719573113,4432.441249867942,13.256968576127544,4525.5616441343245
7932,4425.257643829372,4435.242068184778,12.978087931695585,4533.980557234927
11485,4683.780971698546,4694.31782858335,9.136919919593517,4808.069696858292
13956,4870.855025311389,4881.015261963256,13.565419199169288,4922.486967884317
13913,4882.168806599428,4892.0245566718895,13.178681396806644,4928.2660730447315
13323,4915.18786228025,4925.321138532423,12.955240254797697,4932.472161577755
12684,4917.069688407434,4927.017095748273,12.404144325681175,4935.405015786926
13444,5133.426349827538,5143.528228091345,13.002126773836437,5185.368364718798
13255,5145.053341148541,5157.179468081372,11.279746826894865,5188.5591818220755
13475,5151.232033641929,5163.292957001674,10.297596575282629,5201.695835573736
13357,5153.035965924064,5165.474421139979,10.339506050814087,5204.689412176938
13524,5183.335035428417,5193.50242662451,10.909766718590264,5268.484307860498
11723,5437.380147526026,5666.145227457389,6.68774101194442,5735.613658802182
18914,6036.101159960685,6046.5321621467865,12.602980001525456,6110.542921617161
18823,6040.112814331407,6049.506000988909,14.221503968000754,6176.662001233751
18235,6050.895077892984,6061.384974254021,11.880011344802604,6183.901585425612
18898,6130.990850219174,6141.037133727292,12.163496560805665,6192.871044277045
17910,6276.174705032589,6286.574315437829,12.882871999934013,6307.353047954095
18376,6319.088392975371,6328.373704053898,13.366633598689088,6378.949016971117
19028,6332.691930974178,6342.22689749767,13.750835380547006,6389.010475058874
18915,6349.169780111218,6359.033778445452,13.749366512997028,6391.719213209091
17900,6351.141651344709,6361.083874714642,13.295991660085397,6395.294045402061
17887,6353.253712393054,6364.524611432057,11.036591835215058,6439.389984611453
18806,6355.30244244588,6366.330975787315,11.712627072196268,6442.352326765178
18896,6357.321638674255,6369.040257726651,10.597797381729944,6444.807919996308
17007,6408.018958982417,6420.152876958066,10.619334417844202,6446.85137794671
18270,6410.120971750054,6422.079834015556,10.576968732876843,6449.075800720877
19004,6446.218825012449,6457.171729779793,12.381112205257478,6505.4853911548935
19015,6452.043601064693,6463.561284549891,11.403005568217395,6512.908570985297
13439,6483.673110797107,6495.208233084304,11.403103241980428,6516.734073539664
18243,6485.724480276917,6497.059735024053,12.083312866953682,6518.5874361629385
18888,6509.088846683514,6521.033918245643,8.515761851386378,6580.517708645649
18119,6513.172166230672,6526.1581949879555,9.602962691471378,6585.435304826627
16984,6515.038455481637,6528.074393072537,10.125339522473665,6588.665275768212
18984,6517.083738728892,6530.095897310677,9.951681545132464,6592.535085269302
18249,6571.740168487942,6582.4337590747555,12.093839560593283,6637.126013013299
18287,6573.578759997904,6584.262193875029,11.528917623272426,6640.240088477437
18967,6575.486339457118,6586.094704114353,12.388061924333293,6642.792985922033
19380,6580.51977483318,6591.283621100424,12.189049950631974,6655.622497387882
18919,6583.191771433822,6593.048551547802,11.383040577898987,6658.145550322861
18872,6618.328769524096,6629.4399024115,11.578290388458225,6725.537695548593
19010,6665.889410372626,6678.072643031902,11.09454542305196,6780.970938661339
18665,6673.042038995476,6684.514061568702,11.828276397035527,6788.698363635552
18894,6675.203267268229,6686.347643097044,10.919946195932786,6790.979788045836
18973,6677.24902468583,6688.147055247291,11.98516034460441,6836.784381810001
17687,6691.7784588092145,6701.005665857323,9.420792115430702,6853.622057143351
18853,6708.863719061553,6719.531801890217,12.26427682289147,6856.745792252234
18785,6718.780925300083,6730.289352583839,11.41230686964016,6902.210324240552
18825,6720.6950497636035,6732.227237109805,9.288715391991563,6905.8782605465485
18922,6776.208734212315,6792.113580386677,8.505021519848274,6918.78422716139
18875,6781.388349400004,6794.138239989728,7.680990589528999,6966.994825150027
18909,6798.749503175183,6808.2122234046365,10.8608920537044,6979.810429158819
17697,7567.557789381217,7578.2895280597795,12.507381131996217,7627.257878798857
18239,7584.021849051209,7595.141904784103,11.007075899579798,7630.247060856317
16545,7593.520495988453,7604.471708323404,12.682856635996908,7638.574985576175
16760,7595.341054540828,7606.159539727278,11.643393602314351,7640.41247588438
17911,7613.067618122174,7624.127469232497,10.19244633646594,7646.352424234775
18960,7620.566218346837,7646.2216493534215,6.877458523146219,7696.438195502154
16944,7656.657687298228,7667.4474606344065,12.385969249045264,7704.5885011967275
18213,7677.895528326238,7716.079167663548,9.204409803206675,7766.435512656688
18292,7679.728589684025,7718.059855178894,10.926257168207307,7768.525585273008
16950,7795.138018566988,7846.281762649804,8.493556315854232,7972.546827213311
18938,7923.3431813079405,7937.363814529753,9.244595036615957,8046.859416530115
