2308,277.2146063062872,283.04602753230745,13.620127721913441,287.806529979519
4681,335.18414854287334,341.0907230874509,13.219291627034677,346.0
856,367.9789270367413,373.21030401794576,14.381514487909103,378.0
4039,424.848927367809,430.2661631687892,12.617177070975195,435.43933860119483
3006,433.73837895403454,441.0631722143243,10.204005401437843,448.0
3599,463.8611512973306,470.1776784955202,11.317768508626603,476.0
1585,484.6631245297425,491.0259077239064,11.608285880608392,497.0
2253,490.34190177190055,497.29416665053236,10.971964163827552,503.63924780234413
3001,506.66746777733,512.3385802107506,12.335025971590033,517.7331204289441
3044,508.68299318052584,514.4438239286408,12.507501186831204,520.0
4621,614.6598493397987,619.5903332811894,14.500737998025413,624.0
1527,677.8023136835117,684.36967850821,11.254052240098858,690.0
4654,680.3112834946899,687.3286174745283,10.688473496890108,693.6786798104666
4633,682.3566759113555,689.2241126582933,10.987286229392492,695.3081910173397
1546,693.952717855914,699.3758686275557,12.367547053064907,704.607961023807
5375,706.7281624902052,712.4894047028605,12.04587981135957,717.9177299882157
2268,771.8747071806547,778.3998301765616,11.73085945687322,783.810076978896
1543,779.8311814508878,785.3486852384308,14.720965708372393,789.9421762507866
3068,783.8730493309673,789.255919039618,13.917835101341995,794.0
1557,859.6542778615537,865.3931542045084,13.718303572820313,870.3656404538855
1530,881.1120303153793,886.5358102631722,12.317589138473753,891.7929751628429
863,889.4611877735618,895.4275013759216,11.463249160697426,900.9490117055462
3033,952.5620856535459,958.1965050672841,12.316219712924747,963.4688555457096
3000,954.4172212085485,960.5528329891831,11.554767701456393,966.0
2292,975.9462034991584,981.3153599981595,12.795717919651137,986.479283380387
1559,980.9158885181866,986.3961829828515,12.8150808433347,991.6802284772389
2264,1038.2092855481112,1044.226307473157,12.936317087401582,1049.3002664598914
5335,1054.5389838551912,1060.1155204221823,12.566497876567645,1065.2974685204154
1567,1089.7850055600254,1095.1982099949148,13.94293747579759,1100.0
4652,1163.0688123770906,1168.3752341115521,12.564677264314994,1173.4908217671475
862,1166.3043586191234,1172.6185231538943,13.528060699133386,1177.4863315235605
3605,1217.867456092859,1223.6160619927991,14.9179302465513,1228.2161577353731
3019,1308.2356601463048,1315.0301388658163,10.576810307393215,1320.9980244535996
1593,1310.3098717062617,1317.165619623716,11.039933068497499,1323.388451253366
4662,1317.260074696423,1323.0395986159217,11.161098014203667,1328.7276789084663
883,1353.7021571969417,1359.4838391977873,13.14408789170419,1364.6019953518323
2274,1492.0027834034618,1497.604388071629,12.765463820032505,1502.694178204959
5312,1507.7564104241103,1514.0925977957074,10.738258247581538,1520.0
4636,1512.9752718105622,1518.4016478674137,13.419259609420576,1523.5953908044758
909,1517.0362816748273,1522.0217754324567,13.830311064260131,1526.7564203123975
4667,1520.9644122060433,1527.456549247477,11.705989141167734,1533.4017449194885
4036,1522.7958717240758,1529.2915419149704,11.044725178710491,1535.0
2258,1540.1862934252897,1546.0755314690261,13.657801980896656,1551.0
5295,1577.9737053561619,1584.1065022893906,12.842599572656004,1589.0
5344,1584.1525051630417,1589.520243014325,13.237970394681648,1594.5123160662909
4687,1596.5344386626348,1602.414638478461,12.209966606392085,1608.0
3061,1597.6390698014054,1604.2349822501035,12.209996885694238,1609.6230069935427
4659,1599.853932319922,1606.547766842128,11.19066418449937,1612.8643035375999
1586,1601.815095950936,1608.490493790699,11.101134726371738,1614.3633430058724
917,1603.8108920423967,1610.3891197934909,11.001004059130963,1616.0
2314,1687.568234919009,1693.2982174569515,12.520439731705203,1698.7502662616705
3007,1689.4164277156783,1695.0423829401252,12.504788914262255,1700.3891760910915
5307,1760.6081033200303,1766.1636486929644,12.940697083421062,1771.4890095414794
5332,1782.4457466291842,1789.0071623475014,11.446555165639039,1795.0
5306,1851.9143421113415,1858.1639048445359,12.461649469603794,1863.5553435095112
4640,1867.1303842273476,1872.4803903206364,11.612959143862911,1877.9874634386344
867,1937.9119492689342,1944.4950391359416,12.229525438170253,1950.0
1534,1942.4907990481393,1948.5676790939076,11.972466594903615,1954.0
5363,1944.734644672967,1950.4048482650762,12.65679904121129,1955.7730096895061
3046,1951.3474465310762,1956.5224106278508,13.808762322419321,1961.4584313896003
1561,2002.015925860192,2008.1740544189647,11.865219836290075,2013.7565291871813
8495,2122.712303164587,2128.5733035407984,12.250565251019127,2133.938793041908
869,2148.3980298713664,2153.385539902573,14.348250611397313,2158.236332441206
5338,2210.793280915182,2216.5730846718775,11.874257102331029,2221.8619620061686
913,2213.9256111553027,2221.1345143149074,10.089362936192451,2227.8840220395723
6373,2218.3528045140756,2224.089756995518,13.44274038200055,2229.6725736078997
2266,2237.014754093444,2243.224322192087,11.367993375936662,2249.0
2317,2267.848686471404,2274.4568519334935,11.089663339561739,2280.0
5835,2300.541525260096,2306.4213205382302,13.588847254700555,2311.0
5831,2302.8443891049624,2308.2331195044676,15.176114924083194,2312.712708150002
3042,2311.389362244068,2318.4254624722917,11.265059424161345,2324.448182699828
2323,2317.5591003793666,2324.1461407116362,10.89664830860192,2330.0
846,2330.821210793227,2337.344106348394,10.806942665320335,2343.496004891293
2987,2350.0574969892896,2357.052373507877,10.941461970019319,2363.4785001225832
5348,2397.2068898353136,2403.449745503632,12.76318691526879,2408.7631924764296
4685,2408.824959017454,2415.4736948478812,10.74987838285019,2421.679185350886
9096,2410.7924435491154,2418.1747547101263,9.311426311498787,2425.0
6347,2413.8277015356666,2420.401425467444,9.47245098136756,2426.8678406843505
5336,2416.2648565638538,2422.3891419868933,10.136688925499465,2428.535087537157
8533,2489.8562078012383,2496.1067033911645,12.63790793549128,2501.29594161274
8488,2493.956819105224,2499.0083737904156,14.644737651360751,2503.668897437402
1589,2498.7273038552717,2506.2282008764864,9.376530020564454,2513.0
3035,2500.7066233853175,2508.229653279674,9.469541034962747,2514.825576103581
7805,2502.7018845015623,2510.206806250521,8.650721448500205,2516.4852600012428
10116,2504.6920415549516,2512.2507438171488,10.269806764581311,2518.525329035026
10094,2506.636891537568,2514.1253288575645,9.486809035308347,2520.344634677686
8554,2508.6113670900727,2516.0922625620738,8.370908935049114,2522.0
8503,2510.7587195645083,2518.2897982038776,9.031041713277766,2524.619893575005
7755,2512.817154689609,2520.2047077924894,10.844515724547929,2526.3467566202958
6421,2527.961744366145,2534.076041089577,11.161781708824886,2539.954657695528
7076,2570.5063053732165,2577.095181123388,10.791090101905151,2583.0
6343,2666.722032589999,2671.5268765644228,14.37306948763889,2676.0
2339,2674.816569556594,2679.429010539067,15.671357780939195,2683.7230561846454
6366,2705.616525255824,2711.4406523708208,12.504813324997478,2716.9323314042117
8520,2755.6753505921542,2762.2937347874845,11.790769328402337,2767.967102399166
9518,2757.9420587511795,2764.161822915397,12.687667395753175,2769.605214982787
10130,2760.40672287479,2767.353799433314,9.98812629634337,2773.7401955605296
8505,2781.797637361114,2788.139774807066,10.612457154095964,2794.0
8531,2783.7337270732232,2790.053517348291,11.701329262623048,2795.6137002301907
10838,2837.9996798834127,2844.504666664684,12.37626847819474,2850.0
7836,2840.071049938331,2846.3008759100167,11.653684356397719,2851.770878983885
10801,2842.1851807294615,2848.0558217840558,12.65191224809613,2853.32561107208
5826,2893.781405884031,2899.2191742130517,13.235305871301069,2904.487358557571
1529,2895.7475828072434,2901.4698947155534,12.530411079968086,2907.0
7809,2928.0625530168327,2934.296069870124,12.936457463075355,2939.434623150982
10172,2936.9274853292795,2943.367950097383,10.677314309427599,2949.5224646743773
10861,2938.8678525840674,2945.230859710858,10.81506099827858,2951.2950982505486
10150,2954.5590547308016,2960.490284051082,14.442330245711284,2965.0
10142,2959.7758908718406,2965.5426782501972,12.516240704477271,2970.5264990540263
10112,2966.156605822507,2972.245640784957,13.843535100850893,2977.0
7759,2996.8977606875637,3002.5987340234005,13.112035893244878,3007.6378748017796
10180,3026.1589456243246,3031.5400127764738,13.638057688732014,3036.5318576387635
10867,3034.6348509048134,3040.2909764081583,15.401653876443053,3044.5823455987993
10849,3041.3560534945755,3047.5199857347557,13.34631947092879,3052.684035317181
6359,3044.1868808457007,3051.0382245529822,11.050814042010574,3057.0
8482,3108.050842251647,3114.227900152648,12.461203413214578,3119.461930271314
7796,3110.2005241374063,3117.3287355016814,10.451731409008227,3123.8666680254914
10134,3112.508136111871,3119.258705404787,9.821572709958073,3125.4840377019527
10132,3117.9886911680237,3124.133567514783,12.621767279604187,3129.592265755386
8561,3142.3448314594743,3148.1592138550427,11.989646171951454,3153.782517658337
7050,3198.1406676060697,3204.5913201962294,12.887893590800163,3209.835758825363
10869,3206.266212774901,3211.4604830659873,13.784621275504009,3216.441266186022
7110,3209.0914523135193,3214.3378467133825,13.812744329240948,3219.239263786373
7832,3210.89305890199,3216.012927282009,14.521092543462673,3220.8785894888647
7026,3218.894645930703,3224.341569928959,12.897994699745253,3229.401710933962
10836,3305.103461164639,3312.392751696116,9.554342591461012,3319.0
10149,3309.890779353596,3315.3669431611747,13.913990794152449,3320.6841288472256
7821,3380.1207899881897,3386.0196721238567,14.171185590652986,3390.715586826506
7028,3382.619950259619,3388.0370800113083,13.89351587028402,3393.0
7804,3384.8758770452014,3392.2157701691667,9.199119905121394,3399.0
8543,3397.537725030848,3403.2627455196534,12.134901187161452,3408.836038488105
7059,3427.4446557523393,3433.3472145651363,12.433150271786875,3438.798753268241
7834,3440.268064707318,3445.3695986118255,13.64829247847974,3450.0
6346,3456.2547258633044,3463.214790940857,9.985468363943436,3469.7975083726737
7087,3472.589143810306,3478.3353367738077,12.030651079715557,3484.3219454965238
8527,3476.6320911381617,3482.5337003588534,12.272917443568,3488.0
7100,3503.015004016195,3508.2806656328803,12.936359000834228,3513.290589793159
6394,3515.748051438957,3521.4479915515894,12.477326828862743,3526.856980396851
7102,3558.250087352797,3564.3639453819605,13.033622553674293,3569.480220082814
10871,3583.416985102843,3589.50354271048,12.057645998084617,3595.0
9513,3585.495499851364,3591.294055045259,11.333670560974989,3596.92252132468
6391,3609.2140567507495,3615.1561902206245,12.39529761537041,3620.573698186011
10098,3667.1263842406015,3673.4669234301005,12.558443846336651,3678.9489360677467
10108,3673.2220435800136,3679.3006898810263,13.671341722234388,3684.0
9521,3738.3724765381553,3745.0446284729264,11.215705171447297,3751.0
8559,3747.771774894732,3755.097508452784,9.451830607001142,3761.965449873408
7062,3838.325191136863,3843.0458812587012,15.359094962124903,3847.5214319673096
9523,3860.4377531805408,3866.606439825197,12.745843676106453,3872.0
10114,3866.2096554408995,3872.005377100903,14.264037340213251,3876.525996305928
14592,3927.31970842053,3933.393833872955,12.149820030117532,3938.9344204173985
10138,3944.43492884629,3950.376087947082,13.31902763384235,3955.36618203735
10870,4014.090849927939,4019.3521625654253,13.667276256617328,4024.413231754448
13304,4022.4052515972926,4029.399463514166,10.392060343889634,4036.0
7782,4028.4081925095866,4034.1744296239294,12.126779110666561,4039.671167661367
7833,4030.5108541043774,4036.006125792895,12.192511386475822,4041.2658774588836
13997,4037.641469442831,4044.234736547599,11.119716901904527,4050.390976024155
10785,4039.5702709363773,4046.0845469773403,9.891693984488102,4052.0
10821,4041.473770980949,4048.0174783301254,11.029299271179829,4053.8699176851587
11330,4053.6627066404717,4060.08310172754,11.527583063786958,4065.924173643769
7760,4100.505990409377,4106.48980308326,11.516597371096116,4112.0
7811,4110.908785926091,4117.369372609725,10.457638630199591,4123.408584624695
8562,4112.713748449001,4119.278400537849,10.993032243353683,4125.0
14048,4114.624368198614,4121.172352230476,12.11603119378335,4126.62442483745
7108,4192.224745220363,4197.515274837592,14.422028976559954,4202.270631375666
14589,4194.352604055998,4201.464101081146,9.424097800085361,4208.431253498636
7813,4278.235813782904,4285.417134018778,10.409693531186976,4291.745282455048
14036,4280.359418420207,4287.279730454963,10.535750707705743,4293.4133398603935
8515,4289.877030785001,4296.332159374826,10.523860354351381,4302.46376401447
14029,4297.564306771958,4303.37357071218,12.207659179177622,4308.995849162652
7063,4299.385206284701,4305.223963313708,11.86193352726064,4310.86381012525
8545,4305.9925428975275,4312.370749174701,11.52364387270482,4318.4453948150785
13313,4308.093812141434,4314.234528133426,11.127235372426227,4320.0
11893,4339.647898551992,4345.412022758679,14.92878833676958,4350.0
6392,4370.126685033766,4376.179513320257,12.746804948854427,4381.507013252513
15646,4376.602060739082,4381.60435028344,13.862276989664016,4386.502499695475
8522,4381.986796611921,4387.536103500323,12.33389328520497,4392.735623036258
7066,4384.167045676307,4390.271880440531,11.260409662315631,4395.981954284791
15683,4485.694976812562,4491.537799994583,12.781776459803236,4496.773152116279
15607,4489.609479698804,4494.611381841219,13.49850250603199,4499.351913934554
10850,4491.730813564624,4497.363080144792,12.341214844361394,4502.626926229665
15679,4493.5756340235475,4499.195929090747,12.509446408281548,4504.516747684622
7842,4553.8926471335535,4560.289912027896,13.4262946288859,4565.426692808779
13334,4556.090947501666,4562.034629522854,13.824640802034182,4567.0
6379,4622.06711432443,4628.034526927003,14.219099178620842,4632.872184387513
11341,4624.368109577097,4630.405911667079,12.158735468246139,4635.797497931099
12538,4649.141043355555,4655.1812004290005,10.923424063800345,4661.0
12527,4651.044946487026,4657.05035076049,12.278107428039876,4662.771264107921
13259,4654.526294005499,4659.232355049785,12.34949543264992,4664.491729724288
11902,4662.744654552446,4668.171304355024,12.512846339993205,4673.405777667278
14597,4738.528424565832,4744.269346706749,11.923665524239977,4749.895044789628
11920,4822.126762276301,4828.277065775697,11.376046521713565,4834.0
6414,4824.298905105675,4830.1344193634295,12.6300243562901,4835.70079652604
16377,4836.174631365107,4842.14293246892,12.733518806182339,4847.5809153845275
16322,4844.849818702207,4852.137232759038,9.835007356842512,4858.841974306174
11850,4852.44311595999,4858.149371407344,12.66082884468237,4863.493972810331
14593,4908.36143850589,4914.021530708805,13.368395223570209,4918.848420313318
16303,4915.910380919874,4922.249592134046,12.288915641197619,4927.798512634518
14023,4927.8049333400195,4934.414160556088,10.836184037322703,4940.596418934689
12537,4929.646491693871,4936.242646733637,11.704464426112738,4942.240220153326
12599,4935.110587644257,4941.071359916692,11.594566603465111,4946.894148969494
12526,4940.255972244254,4945.478990830534,12.774244939673979,4950.532445558376
13989,4941.9991053345975,4947.218300354982,12.618847680833548,4952.290266302485
8566,4943.712616917829,4949.043727586488,12.940522014186842,4954.0
11923,4974.2571800597125,4981.449569910668,10.199999235675895,4987.855000273147
13289,5007.137904606299,5013.002796990157,11.546521263597738,5018.585690683466
15028,5113.836498182334,5119.495750183125,12.239930067134862,5124.808782714865
11334,5133.695340840029,5139.18697879877,14.825971186841688,5143.727124505795
11871,5164.9881708864195,5170.318614123868,13.316045089866694,5175.233263050854
14596,5177.6810534633205,5183.629105214944,13.503365217670968,5188.43595822148
11901,5224.061199495875,5230.162246703058,11.492536749916425,5235.786850209102
11889,5270.106126411782,5277.007852500004,10.876479302529193,5283.461521891069
13308,5278.367113309036,5283.252649086703,14.622826782488584,5287.905245909978
15694,5301.195123966376,5307.515470081789,11.556766615655627,5313.341896997277
16367,5302.9420427797,5309.3165686155335,11.986612131075264,5314.939799290777
16350,5370.973583946408,5378.154105141782,10.418034560322116,5384.828223860567
15656,5372.857783475603,5380.099697002013,10.265462920776628,5386.428306877468
15032,5381.210109818668,5386.615449329371,14.398819232252466,5391.475392403266
15025,5387.470389620294,5393.305218058969,12.219708072147272,5398.511764580094
16368,5455.707494365752,5462.038258088123,12.11013262100092,5467.501309728464
16297,5464.239882647186,5470.488376888782,11.0026125737538,5476.290712523623
13274,5466.997387606622,5473.355758682216,13.119746044492318,5478.471490384354
12533,5469.187753605064,5475.155150819767,12.364771845458305,5480.447518136408
13295,5478.956125232657,5484.039184371591,14.308440593141263,5488.668275461453
15033,5657.793938472705,5664.130461949145,11.956904055718754,5669.900068666717
14007,5724.491646383489,5729.61172986659,14.748832533264453,5734.34626379451
11905,5763.729003986871,5770.168802347445,11.06034150963496,5775.961172455162
13999,5863.730975154649,5869.352121710855,12.20288966266208,5874.55377711845
19491,5906.574590968899,5911.223647725611,15.084483565670379,5915.608515923515
14021,5912.054305715238,5917.339092053109,13.481529175144596,5922.372499787664
15629,5922.37947222416,5928.135661832861,12.928076180777897,5933.346922713078
11906,5943.832722459366,5951.112960449277,9.447527231344653,5958.0
11912,5946.077976524477,5953.153533223966,9.881329225833978,5959.75614392099
12611,5947.88715462254,5955.066009493059,9.187604268160076,5961.476765443593
20098,5990.297386414474,5996.004235417319,12.188043042248882,6001.352723092274
16304,5993.656787930522,6000.2866074552185,11.35209663298145,6005.797317907136
20092,6083.754057644999,6090.2357566312785,12.13828594448898,6095.612898658557
15631,6089.740850183387,6096.065909501114,12.343013549279153,6101.344726221523
15621,6094.980656095401,6101.466557503013,10.840262758119547,6107.606461220293
16313,6096.925346722446,6103.327398731998,11.56746837893187,6109.28116977731
15654,6098.943040008279,6105.165230992888,11.173022534371546,6110.877696033851
19483,6109.558017052957,6116.20546544095,13.404406242161087,6121.435657533862
16296,6111.891520298356,6118.163611572537,11.482090751528172,6123.857289621513
21127,6117.575350598319,6124.463010475377,10.767227597374312,6130.696532570296
12585,6131.829517381552,6137.2776618048565,13.391847175592796,6142.315827369175
21169,6169.097267397525,6175.125066599381,12.324386151521887,6180.422313244525
21824,6171.478132038678,6177.590162364226,15.644980693048726,6182.2475677416805
14065,6181.167455477307,6187.0614397863,15.22256621149801,6191.486853232181
14009,6187.68978538583,6194.198512639066,11.067047674370404,6200.362697869738
12588,6194.0144675172605,6199.448768236728,12.876862439944832,6204.674438438467
21135,6197.97817242132,6205.46030062708,9.521852817566186,6212.645131708074
13269,6199.674767179678,6207.419774794283,9.955451748794568,6214.392162228198
11880,6219.904052693971,6226.157491939344,11.2485457706901,6232.0
12565,6223.839657663967,6229.446012706642,12.644558638462055,6234.667054185921
17404,6264.524821004167,6270.074983543866,12.805336266348744,6275.0
21868,6292.222099754038,6297.4008447056995,13.851839317666963,6302.395054086416
16370,6352.880903766036,6359.042411903287,11.290894206722266,6364.978245022283
13310,6358.021269507353,6364.4700902714385,11.928815702356507,6369.740431458597
20523,6360.1597305094865,6366.362532418872,11.839100101176824,6371.9429483054355
18754,6363.0932689603915,6368.319829545204,12.57431083424719,6373.523891046037
12594,6364.953792330967,6370.099409906803,12.332724987046817,6375.0
19509,6368.558118394808,6374.509290966937,11.842650369064682,6380.0
12607,6373.074326772298,6379.205878299267,11.227672262103162,6385.0
19485,6374.954664827433,6381.053954273023,11.505257506937548,6386.748343083154
18779,6382.280901049232,6390.222430667035,8.800848960544617,6397.93300087218
17383,6407.474812716763,6413.286310743769,12.333069717262635,6418.829189214669
17342,6416.209269794585,6422.1753231568655,11.556942567042375,6427.770020543728
17344,6442.052567408773,6448.226190836788,11.100463531061525,6454.0
21174,6451.349195169244,6457.073061571658,12.552750765014277,6462.566082971069
21108,6456.910012927041,6462.168255320228,12.695671033828754,6467.401049075973
17411,6472.329233630128,6478.132151252373,12.37499588843112,6483.656364141832
17350,6534.741331892693,6540.174187457406,13.94592496867355,6545.0
12561,6540.463325584788,6545.144023411364,15.252602069636819,6549.683362258126
17358,6545.1209249453805,6551.514432358894,10.591673140782795,6557.777892286688
17385,6546.912201499769,6553.344023654688,10.09957299694174,6559.26725459361
16834,6583.504075657514,6588.617734165842,13.632405119901032,6593.594304070431
12552,6620.692903310229,6627.042366993504,11.42010284489244,6632.931692969201
19516,6633.608699946151,6639.324375215344,12.115634439878278,6644.725916562598
18824,6663.283977648421,6669.075502800402,12.424541971781682,6674.0
18831,6758.757372779213,6765.2539333130235,10.421560961530792,6771.397463700599
20518,6834.280171763061,6840.457612672952,11.83652401840961,6846.355816488875
21136,6902.811386249718,6908.327595130567,13.632069812619987,6913.327112143302
16354,6921.962151684707,6928.400255808251,10.111888650436338,6934.752896544264
18091,6933.540496169005,6939.054007742608,13.99582501675398,6943.874002110163
12529,6935.978102128127,6941.548561682479,12.700792082084691,6946.624355716502
21789,7007.045351236207,7014.12966599797,9.223249103695684,7021.0
16835,7023.9188990056355,7030.087953500176,11.791966920026754,7035.566342904603
16844,7026.002453936714,7032.203572152512,11.651368216384984,7038.0
19558,7078.652435957427,7084.171098516727,12.237302560710184,7089.538183867277
21168,7096.777984708288,7102.474048831292,12.129502927649629,7108.0
20091,7100.466620463381,7106.198758178191,12.097881753302827,7111.58526738108
21815,7166.782106522351,7173.297806012851,12.642068558299167,7178.713528513133
21800,7172.324226714393,7178.042803851864,13.114748594574428,7183.0
14002,7174.620559005881,7180.29321300129,13.887159600377988,7185.2464814131035
21122,7178.750277182404,7184.498326492028,11.705477413740864,7189.950918499142
17360,7234.10507119566,7240.549609270593,12.797077761675059,7246.0
20533,7250.442895722885,7256.127087583669,12.864398195640756,7261.414868455888
19510,7264.081612673414,7270.081210811132,11.59868462498919,7275.701241081233
18782,7277.859667980779,7283.52007931186,13.00597780628015,7288.63741065784
18759,7293.938094582618,7299.405096894408,14.284546706055462,7304.0
18801,7296.537963779254,7303.268553700385,10.822645222545628,7309.597034422989
16831,7321.1121782862265,7327.0551797970265,13.652973730072926,7331.81692419123
12568,7323.405284328607,7329.119395981486,13.689959318355964,7334.0
17413,7325.5091422112755,7331.322098893205,12.359770171307206,7336.847942950745
12587,7340.708057938736,7346.393008437171,13.169473839758073,7351.2950687756365
12542,7342.722070846167,7349.191777006579,10.904783649836038,7355.0
18807,7346.664494587495,7352.457367909233,12.333386489171897,7358.0
18752,7348.724713186191,7354.219044873908,12.001271963664813,7359.457282228676
21158,7350.4815343793125,7356.084104082275,13.111497013160553,7361.0
17349,7367.35273020573,7373.059169552807,11.555647050197173,7378.668298731407
21843,7458.198172873615,7464.472008725396,10.922802514167842,7470.302960333861
18098,7473.585039940317,7479.2675310305685,12.851417757336698,7484.381103545916
19538,7537.385955718522,7544.0926289181025,9.992629832797647,7550.672835374842
18065,7539.319724973034,7546.053946082983,10.961118807987896,7552.45131148131
19512,7544.531170445784,7549.426268982085,13.935458242901538,7554.338721704488
18068,7552.107564262179,7557.430818739329,12.688058779505868,7562.522496557
17407,7592.0951202389815,7597.549549420441,12.91460068593894,7602.650768755633
13337,7622.714175195347,7628.4785785305185,12.284838624399221,7633.931138213294
13993,7630.974831333551,7636.116350315797,13.247359410466473,7640.972014636594
18044,7729.981831129014,7736.274722730499,11.791296584036695,7741.807992740585
21821,7732.299027296504,7738.178309550438,12.731732453522323,7743.542910191242
21818,7734.345569413509,7740.028976580192,12.84176106353261,7745.281339291895
21794,7788.715665634236,7794.258306147255,13.985903712126856,7798.877356662768
18083,7793.704916576962,7799.568251238935,14.204057813297512,7804.390222928137
14040,7795.893369095632,7802.238358343892,11.384226975003086,7808.0
18062,7808.440058885704,7814.4701555665615,11.837978768519692,7820.0
18055,7810.480913788256,7816.273531621216,10.140031560359288,7821.834127525645
18765,7815.770308292548,7823.165763813102,10.171618559493075,7830.0
18024,7858.250435293482,7864.036701429793,12.823419442478473,7869.365322503323
17352,7864.789698368914,7869.434763404295,14.489050146803693,7873.949268852665
18071,7878.28402728831,7886.219589865338,8.9609410997902,7893.577483812191
21842,7880.709114746481,7888.219803026679,8.736774295070205,7895.0
21793,7883.3517572034,7890.302174644369,8.696236696670496,7897.0
21860,7902.194946692841,7907.380003858074,13.961970461191786,7912.0
18089,8131.677075843063,8137.061814285859,13.497511678121823,8142.0
17400,8150.316696587495,8156.02183428321,12.482139570848759,8161.0
18097,8239.824141006538,8245.168051425444,14.051444071170422,8249.830933534216
18799,8264.180772682992,8270.293174510956,11.43230756341303,8276.0
18035,8269.764541243334,8275.04330467711,13.671127697920358,8279.930120872727
19555,8334.35739817031,8340.23788868013,11.40660477708699,8345.816008297666
18784,8417.847826421674,8424.371559309828,11.947208586531495,8429.940419944278
18789,8420.265888795597,8426.195128396796,12.334077693518386,8431.539006447703
19551,8424.251651541259,8430.105732904283,12.476164153478715,8435.455005229736
19505,8782.793675052813,8788.290224526756,12.831855821243607,8793.53208225725
19488,9140.182938924769,9146.300783592991,11.892424739654224,9151.828978504222
19489,9334.729682911737,9341.171171714443,11.34070915964429,9347.299256281807
