1601,40.23199375949022,41.08179967270249,11.871379893289113,42.24254794261826
1661,50.140622009392764,51.001748074401085,11.430261906392982,52.19397913051907
1127,54.265694643252516,55.10068095894803,12.306951789301309,56.22845342457264
1342,62.09927917299771,63.01326966333418,11.616926780514017,64.17875014644962
1509,65.36936502332082,66.23643003652904,11.13593675353431,67.48491269866645
1137,100.4494911763264,101.33357885466172,10.985162184977677,102.53997532635579
1344,103.28585228217132,104.26772536599857,9.143438928513392,105.84723976821415
1662,113.66976176351935,114.35217041434488,13.083363823880246,115.39183900881112
1305,201.85655937536154,202.58324072325973,12.178232523951708,203.64780977545
1327,221.68700007701426,222.3719121727245,13.388037385857348,223.39607271479898
1565,238.7181119911541,239.41041325127733,12.91958201109365,240.4118634783575
1187,248.48113308180712,249.4322314626971,10.21158196117971,250.646632751694
1597,345.3121958237665,346.1511955707638,11.538764658800144,347.36233796450625
1334,367.72295976862085,368.39186055891116,13.422211030209239,369.45938613884886
1537,388.1299571346139,389.0426473271866,11.022667415699296,390.2609079062742
1417,475.7722345837454,476.5052979072794,11.769378894374881,477.67448786816414
1581,515.1644644678477,516.0869289294263,10.643580506188963,517.3246671575505
1765,522.2044799234915,523.0176991891011,12.108967385870912,524.0
1623,575.0815461129499,576.0735584285218,10.902352745557426,577.2916740778131
1570,587.2848853529856,588.2314886885454,10.531761726197718,589.4975743261822
1541,589.2816242069882,590.1280325037188,10.427780130915554,591.4618936300212
1615,596.0045101992969,597.3451871432535,8.218009032937246,598.8320967824211
1764,616.2693397366236,617.3052662759892,9.51449915993619,618.6678318992833
1377,727.6914000496308,728.3523108532446,13.865004336182897,729.3568915127604
1285,780.872580567346,781.5846385320758,12.168557364653456,782.7205311488896
1247,827.2294868983977,828.1090539542384,11.331095639159082,829.30753018535
1444,869.3887987365666,870.2854844722824,10.311425053166863,871.6573997443788
1173,871.5802123442012,872.4113546017282,11.051304225368193,873.6769152759568
1324,873.8222852648775,874.5442263766572,12.249485435768422,875.7639233152712
1445,883.6304910124287,884.2833565007986,13.255835926235305,885.3513475775347
1579,906.7804718195524,907.463683336993,12.643637908733487,908.5730727956247
1647,948.8441545470432,949.4918003873008,13.725862447704523,950.5215553368539
1181,967.6877156533882,968.3584431288203,13.20415281651461,969.4090401177331
1755,996.8967908884059,997.5917537503651,12.483454918600106,998.7031154959363
1346,1032.7972075652383,1033.5050064620318,12.721665282924251,1034.6044831937804
1273,1050.7826183448053,1051.4882510778432,12.600446893582934,1052.5694212027572
1551,1062.7573123167876,1063.515238282295,11.180508292744504,1064.7125441463922
1777,1086.2342088275122,1087.1651345131827,8.887593490722397,1088.6987571103932
1685,1156.2928768711356,1157.2606089627666,10.364265926986246,1158.5471815228498
1291,1162.047255755953,1163.0447044123548,10.96717871796424,1164.3155121364862
1561,1188.7801504385357,1189.5114057417295,12.161258009250052,1190.7455892526564
5018,1204.3645782719962,1205.06916964708,12.126756998965812,1206.2292807952927
1748,1270.236483883191,1271.05754343688,12.239737212285592,1272.188255752891
1545,1272.2002808905213,1273.0152944282372,10.35291078374725,1274.3613413461107
5016,1323.7142346437274,1324.3826588705185,12.414958859098174,1325.498746863259
1619,1366.7558591383493,1367.4501719574914,13.111320214881403,1368.5036680126207
1267,1410.0722819040006,1411.0352339705792,9.03133615028777,1412.5744006624684
5033,1423.878687657981,1424.5607395751942,12.344168746574091,1425.6429887551626
1216,1446.7351946574825,1447.3958046231312,13.674061101369368,1448.394454674554
1282,1472.8212507001356,1473.5393534609539,12.378733220261212,1474.6608413601991
4973,1500.396462184078,1501.029724613091,13.6724481470072,1502.0539805880396
1180,1502.7603794222441,1503.4958765097897,11.912956657268278,1504.679935369452
1629,1540.0365376746586,1541.0237283504678,10.835927420968206,1542.3304196161992
1323,1542.4125585520019,1543.274644746622,10.920175450655353,1544.5090813380198
1500,1548.8250336329647,1549.526435220674,12.712178518653621,1550.6296173276464
1657,1593.8873081145812,1594.5854690630754,12.521763844489412,1595.7533067513161
1211,1648.7109927105514,1649.3813743219052,13.546563841264051,1650.42596406258
1328,1729.0915568531154,1730.1126266965282,10.400951493903436,1731.4035773690343
6895,1841.0401919793574,1842.026020203837,10.348273324506586,1843.307463603806
7012,1898.0,1899.5193021578693,12.186379899371484,1900.6362595288233
7239,1900.4307210579661,1901.3695609584631,9.895254255059369,1902.675427245294
7128,1912.2714135037536,1913.2394600049956,10.249258061361335,1914.495185000021
3440,2035.3614414520255,2036.0442147490535,8.2255971306897,2038.0
7077,2039.170572937584,2040.1655978967096,10.36954278059023,2041.4204192180812
6752,2041.3864838831016,2042.2925580233264,10.599722249120575,2043.5576223259989
7043,2056.413449456245,2057.415908821484,9.89140144863685,2058.6545127423924
6862,2058.5219195210543,2059.3342881561416,11.779962876406534,2060.4962037203354
7298,2144.103928159741,2145.1050694986757,10.147892336647931,2146.45553436289
6877,2146.221530086884,2147.0268641492985,12.798249107165732,2148.113579450147
7264,2201.831378170564,2202.5292847577607,12.693563712464615,2203.5669203190423
7210,2227.733775473868,2228.454762148405,12.550022041833401,2229.5689615377833
7101,2383.2012262078183,2384.059580642414,11.299598926335163,2385.2991238627155
7297,2393.7728214710855,2394.557086162888,11.291817422618857,2395.766592626986
7110,2398.0,2399.5111934178394,11.695331412916067,2400.6598289437834
6832,2419.255564589368,2420.2089224981437,10.089758191516577,2421.4819419330865
7141,2512.472445283071,2513.418457342612,10.173521488820032,2514.6803994056413
7130,2542.74214578209,2543.4556294636604,12.538144005262602,2544.503905329478
7206,2661.6804862915187,2662.357436644745,13.230132700074439,2663.3843982762373
7028,2687.1620445553667,2688.1512524970485,10.531761163154856,2689.3937919004175
6707,2699.4624171629657,2700.4461777054025,9.44706721794451,2701.746448772894
7561,2706.3940725219845,2707.182299849694,7.311415990237549,2709.0
6624,2709.289555429623,2710.3508650545564,9.516847624574309,2711.6706223394426
9847,2737.3853162869036,2738.132372081885,7.661616265273558,2740.0
9826,2742.4021740043568,2743.189216191761,7.368746747323583,2748.0
7248,2759.199886582652,2760.086359897703,10.81850595241546,2761.3099595466933
7223,2761.0823324290454,2762.12647082006,10.264039187362737,2763.4239474677056
7244,2766.1353970817545,2767.0871903583907,9.824232941533356,2768.5407159122888
6808,2795.0,2796.526464478515,12.090546826004076,2797.577358099597
6807,2797.257896811103,2798.111696573431,11.356815070615763,2799.331799807192
7278,2802.1243269967235,2803.0101256684225,10.056494947093153,2804.370666664253
6799,2819.1980801570735,2820.1325750393617,10.350607811024725,2821.471415912945
6947,2837.6919265279503,2838.4016876594587,12.314204495095824,2839.5561142218007
6667,2899.782965527164,2900.449863826829,13.541865730878847,2901.4875047754863
7034,2920.213098083044,2921.064000485846,11.275200390089728,2922.2609020535647
7234,2932.1229009070116,2933.0282020965283,10.463301058361843,2934.3734277896747
6840,2980.1785505090425,2981.0349164469353,12.205370584868358,2982.1506306739443
7045,3008.853974814442,3009.5483024352397,12.641400593211936,3010.608556573675
7152,3045.1805940125005,3046.1169637215226,11.313010624908637,3047.2929151271055
6991,3085.8147844882487,3086.5091589507606,12.730438925522117,3087.5530549536643
7212,3101.8221685931258,3102.5185985865824,12.771161384103923,3103.552352993098
10452,3115.753580427944,3116.3219744955586,14.702990276817873,3117.297982162501
6810,3143.2770680766494,3144.3051173660047,9.276166471282432,3145.7056787511174
7052,3145.420512109288,3146.3226861139697,10.79170846069951,3147.5742994234483
7091,3199.35244901652,3200.3850265184356,9.611025342868729,3201.7106828446254
7293,3223.826444046533,3224.5638774321865,11.967936322099064,3225.615467401399
6921,3252.053198500931,3253.019451374548,10.483064771771476,3254.2941463197008
6890,3404.2623570709147,3405.1135176920257,11.570362459958279,3406.28284679426
6712,3443.364395067624,3444.3360130199076,9.767171414565832,3445.616147653142
7287,3445.6113255932496,3446.4608839526663,10.90980658533941,3447.732110417934
6859,3449.7339924557527,3450.4614200370183,12.004656298595714,3451.642330261291
7014,3553.9957848471436,3555.0488182191666,9.761475908793626,3556.412989613957
8962,3604.2789549509594,3605.0518704036726,8.250816603434092,3607.0
12530,3616.194189534396,3617.009619910346,12.627899682861075,3618.106748051319
12444,3629.72381338504,3630.4206855802486,12.742589675681689,3631.4901541376676
12516,3651.782283549518,3652.5443989037376,11.674132677413578,3653.6226113327803
12389,3763.3753544559136,3764.2214151477046,11.645701324134565,3765.3722751320915
12441,3875.0,3876.40456239531,13.705843661564518,3877.386644685734
12171,3894.7802519501756,3895.497568805673,12.290422951017499,3896.671784287479
12176,3900.7170685383044,3901.3860288032065,13.548408974011766,3902.4041879306205
12723,3943.320259385041,3944.314174847784,9.525036407994994,3945.6745582951626
10507,3949.7638961821153,3950.3662380470873,14.355549398062223,3951.3783358150654
10447,3961.4336684201116,3962.0217460355834,14.551324712754832,3962.977872598053
10546,3969.4331313577604,3970.1056947210554,12.776997070633335,3971.2129699459597
12532,3994.2711322430873,3995.1690541167995,11.536828899403831,3996.324130997935
12643,4018.708164717825,4019.3862470891468,13.267847242719906,4020.4267769059416
14411,4026.6852113341083,4027.253282098021,14.918232352329175,4028.2197023639837
9785,4038.8844854108856,4039.533896740508,13.224308975654143,4040.590940593476
12454,4057.1332674311443,4058.036386365925,9.589559463816624,4059.4482229434802
12601,4068.751537507995,4069.493015847908,11.729730989118409,4070.6241465179355
11159,4087.407064191528,4088.0874832099366,12.238262061856055,4089.2332428339055
16018,4090.577025296981,4091.173361045837,13.578014054412286,4092.265914966461
12157,4098.334959993568,4099.282888213775,9.365501981320525,4101.17991572589
12706,4158.709606423908,4159.3923845510435,13.324924902269618,4160.409254033651
12599,4166.634537991184,4167.3528600393565,11.452171189979707,4168.566344714766
16041,4201.737433680975,4202.3720749997065,13.480797369847439,4203.403577055672
12170,4207.2293821859685,4208.164483790525,10.646478178953712,4209.413255670688
12543,4274.297631764354,4275.308715007231,9.851152889341547,4276.610571355239
12541,4276.547183085995,4277.386144617931,11.482425155858344,4278.584186272767
12179,4368.24908233054,4369.243955924396,9.981093106782609,4370.523686498938
12686,4379.190539543612,4380.077437651895,11.651169354245768,4381.263025338966
12658,4386.678485100703,4387.344042808995,13.151480499766132,4388.3816934044535
12556,4431.796214868682,4432.507997500675,12.490880459076363,4433.635929274209
12634,4530.70255877809,4531.370182178105,13.256794336366546,4532.41285296541
12395,4548.814741668298,4549.523130707053,12.483447678637118,4550.570090814608
15975,4600.8081751055415,4601.534685840426,11.482201660034654,4602.711192864956
12413,4607.321345728945,4608.290780264746,9.692568037063555,4609.60935489973
12609,4609.257140771628,4610.177512837841,10.69499610559359,4611.432283104728
12661,4631.734936287103,4632.403078097552,13.290738875677134,4633.466227291748
12328,4654.681659584274,4655.34408045944,14.037143464197944,4656.350828099916
12191,4661.755560106053,4662.518894425906,11.700831588565274,4663.712425018473
13807,4785.655906408732,4786.295133340869,13.546074856062004,4787.327280112108
12355,4791.832293642077,4792.546204147783,12.41626778336079,4793.661083252274
12317,4830.720349988262,4831.377365536293,13.733135126901198,4832.423638266507
12631,4835.800307672962,4836.521175799317,12.10083953696523,4837.721397500443
12145,4867.231588571109,4868.071128359871,12.175224720830828,4869.188217991291
12440,4879.815373744644,4880.524963553705,12.624524439568258,4881.661995129377
12959,4892.975758669796,4894.262023387029,8.666574153498006,4895.696544348932
13782,4903.3839945775335,4904.022107912639,13.219651452730501,4905.082774005715
13833,4932.714183810209,4933.333179501207,13.464244154276303,4934.3971269201365
12502,4958.859763926084,4959.5505989361045,12.694612592657334,4960.635091385445
12279,5014.190218814523,5015.157404128772,10.622829165296398,5016.475351905053
15993,5020.83286774047,5021.526325040894,12.105770842819844,5022.701974660593
12216,5048.472967408653,5049.3968861051635,10.432634018540476,5050.677742592558
12334,5051.189096180824,5052.052946822781,11.864501190760054,5053.202815573268
12730,5054.363957769218,5055.265762364914,10.908162642007175,5056.545612604183
12439,5080.396840082228,5081.375376644286,9.550008671770344,5082.789373782205
13720,5083.220479330832,5084.055438844639,9.473429899255201,5085.588995053956
12135,5089.218582141223,5090.188379685926,10.653854400513596,5091.485851393325
12655,5091.065564913468,5092.0397792870235,10.212170594655484,5093.420504329825
12139,5120.0075932713435,5121.079422154533,9.357628014529807,5122.485339762418
12427,5138.0,5139.464477367516,10.580956744398854,5140.640683468516
12479,5140.3833373222005,5141.370251104785,10.18292781706035,5142.763404327452
12614,5142.507136237698,5143.352839715533,10.66312987808746,5144.653765741336
12392,5166.825829129259,5167.575190027519,11.856125367859642,5168.645555588167
16035,5201.518882793416,5202.092648827815,13.178257319849335,5203.158226606524
12407,5205.249674151065,5206.26730145168,9.572526966588116,5207.633957026537
12763,5217.108907785425,5218.13727528999,9.513280079712146,5219.506878399873
12434,5224.799298425304,5225.518771146644,11.99286102457709,5226.636335613941
12807,5273.592081728567,5274.476310998892,10.757744636109418,5275.666176014593
12517,5336.140663699203,5337.109160110861,10.20359503973765,5338.400143358311
12193,5368.791215095124,5369.536040761793,11.81809875943357,5370.69818383789
12230,5380.773631241652,5381.440435660038,13.373255109757174,5382.480285543797
17643,5506.775447330387,5507.471363332317,12.966075844396197,5508.557401069659
17854,5510.301830249659,5511.188588586197,11.034995398172349,5512.45830885685
13052,5528.842406452908,5529.447329973169,13.935268636647812,5530.476023661023
16010,5552.342066403762,5553.062566944433,7.673873985734171,5557.0
18181,5558.13620623081,5559.091902283733,10.993409715011365,5560.2982903905
11149,5561.311125760071,5562.051538277344,7.2794521073283995,5564.0
17699,5593.139995258886,5594.07670406273,11.282922181608104,5595.274365958442
18289,5605.7413453723675,5606.489393579734,11.830604890109262,5607.631607282123
17820,5657.152333774961,5658.0752843270075,11.299337172839783,5659.24936726983
17871,5680.1796751203365,5681.057940788382,11.688235638166928,5682.2145883883895
18068,5701.787813535292,5702.470074657515,13.073858484403022,5703.532203752212
15990,5736.603758495096,5737.247222026939,12.851774764730768,5738.328835504514
17985,5766.794804427042,5767.4816577024285,12.889082204111816,5768.5973828413225
17635,5800.812790400703,5801.48069047687,13.179474057580904,5802.5333413225335
17903,5804.769683643118,5805.493861154981,12.126026868627228,5806.637431025577
16026,5851.36987924537,5852.147328537221,7.2727420325074785,5855.0
18238,5854.228150557277,5855.273415898256,9.526212142941592,5856.6351386965935
18252,5882.255977796415,5883.1153002346655,11.824931455182533,5884.310562163591
17902,5946.822547289246,5947.567662406953,11.938661275077028,5948.726614702454
18106,5950.254857828634,5951.095093095715,11.808781253535084,5952.278395337768
14408,6009.543879493265,6010.263598098293,8.944036201867286,6013.0
18130,6124.718723103532,6125.3776294940635,13.469662280266524,6126.419284057522
17983,6168.332640097813,6169.265828866942,10.727271686630969,6170.484767725527
20825,6170.57044026614,6171.271593549525,13.583495614631486,6172.305492387946
20780,6173.372710099789,6174.052600652568,12.00981263631242,6175.272104485596
18006,6176.432331367107,6177.402865724193,9.972051997340522,6178.633269307885
17739,6199.129380677461,6200.081357484321,10.145928859384401,6201.440578495278
17895,6228.114906687045,6229.155077521248,9.78206211887114,6230.492585760108
18251,6230.643545876548,6231.488045109772,11.141177246108754,6232.922629786072
18554,6258.43019995967,6259.415261581783,10.07609946929748,6260.709256388781
18613,6260.427107082524,6261.275564629266,11.522046936285808,6262.471054519589
15297,6264.348214211376,6265.147142400502,11.348715002969422,6266.376631034735
14837,6269.381400594931,6270.0722249737555,13.184969653085899,6271.0
17835,6272.373528373222,6273.324210518178,10.047764012002213,6274.572886801274
17915,6274.384439920329,6275.241883908332,11.73406613569414,6276.534148549817
17917,6316.726210101402,6317.399929040782,12.822039729262205,6318.5669489020975
13823,6364.343934729026,6365.077858691316,11.0208793188019,6366.325642812304
18052,6400.356546141661,6401.266811796631,10.137399433475453,6402.605467681063
21539,6433.316478415626,6434.01291731996,7.773667403495603,6436.0
18213,6448.117578210801,6449.004610122596,11.309246653229158,6450.248188077674
18148,6492.349313268519,6493.352544341221,9.598132441344644,6494.6428626894485
17800,6556.053361650655,6557.001619063497,10.616597116003799,6558.307452276538
17696,6577.2797051366815,6578.12520874507,11.51259179074932,6579.353268387115
18093,6627.717964687108,6628.3832751353075,13.678358189494888,6629.400983741181
17959,6640.174134277311,6641.145620001038,10.614754455416806,6642.3959574405735
17904,6666.881699655806,6667.567058673739,12.65333118381312,6668.630022997888
18200,6669.31564073087,6670.130156732645,11.624091532618516,6671.288277305795
21512,6735.356530591306,6736.2354726823105,11.35549115417419,6737.401580203514
18166,6762.858647284743,6763.55978068972,12.37236261041589,6764.6946407622245
18170,6776.821379005845,6777.5508767080155,12.27226125554232,6778.639980396301
13814,6798.771569329776,6799.427369551175,12.789083337512595,6800.517369253706
17632,6807.059869561563,6808.020149363129,11.014166712384611,6809.234594133157
21510,6815.350559855903,6816.084621387554,11.258144545186468,6817.306739337814
17693,6818.1326801338755,6819.154056832941,10.395443321256591,6820.52875261406
17637,6846.7601967720275,6847.530220242949,11.017273753650146,6849.529257545122
17668,7030.208411051483,7032.039424165093,7.174044380490985,7033.8172347127065
17815,7040.82291836503,7041.551168760527,11.810084167885774,7042.731708789091
17817,7053.252708726534,7054.1614715367805,10.746405770329735,7055.384984545345
18267,7067.042957398479,7068.005688013312,10.850153703606674,7069.271761909275
17844,7079.847272890862,7080.572593364064,12.132496933266468,7081.752333151788
17801,7088.7044159529905,7089.43646444343,11.654109698094791,7090.628741027346
17628,7117.1715230758355,7118.045682625654,11.916449673768563,7119.222222475266
17865,7120.136697891123,7121.032345127335,11.279828425140133,7122.218355381554
20357,7560.649102981675,7561.443679195988,10.60325357937734,7562.780445293183
20390,7562.496544546079,7563.284445666307,11.656056778076156,7564.459191074038
21535,7565.761784516265,7566.474685450793,11.835363797819157,7567.792455154839
21495,7571.967275241888,7572.614443266187,13.1340326877994,7573.73000425989
20839,7621.76103701228,7622.399532091989,13.507222980146615,7623.450836944259
20816,7630.660494267807,7631.389872469494,12.555110693598037,7632.469286911739
20792,7685.943075665636,7686.554312333309,13.875616930187649,7687.560503469623
20829,7700.283341649358,7701.050747322614,10.506495525166157,7702.36475284569
