3801,278.54269764280167,288.5763635904742,12.250569833619211,298.26061749395654
3792,372.1914109743648,381.5442110115818,13.991443766894909,389.7942850836424
3366,377.28163544539143,386.43526478236663,14.271913582911303,394.84735398219357
3378,379.80518482735727,389.00937440680434,13.90016574719387,397.9860944873439
2734,382.8767028681173,393.04034380867455,12.254640803983293,403.0
2670,408.136042075005,418.2084361491428,12.769967053384658,427.8473858444054
4884,484.91705825521086,495.4575386091638,10.553539956285897,506.63667623982514
1969,580.3369597573856,590.3033147098503,13.356348959868344,599.4626082030569
131,583.1240739395654,592.4492242513088,13.73921643265675,601.3647948558804
4260,638.586574799169,650.1578080818557,10.542452477234777,662.363696954755
3809,645.7093712472408,655.260996503841,12.653234820383547,664.4067522600036
4231,655.1878407776347,665.4922356691958,11.006147186598552,676.318264003854
1243,657.3015482226166,667.3650436953346,11.319132397017434,678.0
2732,661.6430874973757,670.4898858964616,14.042384372806165,679.7221774795764
560,664.2792613966001,672.6045261439589,14.01697283551954,681.6159869186782
4253,726.1396880189675,736.4542754698381,11.554464724586204,747.0
4241,728.4259146693684,738.3282475657504,10.815813302977485,748.7452113330038
3779,730.3496984764188,740.2330355176872,12.503350179254939,750.6533336409832
4942,738.641712173472,747.0551155304219,13.228031954167081,755.8411292374084
1929,768.5472384002677,779.291714262643,11.494181251726747,789.7779609358635
4889,781.6788581513111,789.6254060618104,13.942875012984885,797.91662477141
552,784.4775722089374,793.2726945820555,12.612772212573638,802.5230815779888
4188,818.365922680803,831.1751315319567,9.129389734842997,844.4400593197109
84,820.3367581901813,833.2624292535384,8.413509191085225,846.0
4909,907.8545651216814,917.3146185445825,11.834662199684697,927.0
126,915.4390328451027,924.0594807101322,13.832277715067175,932.9085847718527
122,1000.7370774058911,1010.0362666702297,12.182301993368227,1019.6288008330674
4178,1007.1441968178696,1017.0027349523941,12.785013554462084,1026.717685656072
95,1018.7618786387201,1028.0757624163093,13.57745600246487,1037.0
541,1027.0079969457743,1036.5632726026904,13.44265622067108,1045.5299378225684
3390,1097.2662575382183,1108.1612408182782,11.53293426983649,1118.889588676385
4925,1102.717069263457,1112.0060596800638,13.546351773993495,1121.2595458006092
2662,1108.7023685247711,1120.0831668047383,9.79727605413352,1131.6899113178756
4184,1189.8385479103958,1200.273234006337,11.511458334382603,1210.874364548647
3823,1204.2575100014028,1215.4122962001873,10.294630714177678,1226.6278331028839
3342,1206.415937020082,1217.347677413443,11.476356567503839,1228.0
2738,1209.7943679204755,1219.5279782987702,12.229881071428773,1229.9935306782904
2011,1273.1473615916107,1281.4486976383964,13.485577720936067,1289.9323987346734
1976,1286.725504711967,1296.554784245486,11.886280256161115,1306.62460584629
1236,1308.056838433205,1319.096337585454,10.186439790697943,1330.0
3341,1353.5149275614688,1362.2714909118486,14.495126872206985,1370.669137680003
4903,1361.4486330204368,1371.330204555908,11.699512354181465,1381.560110214695
1952,1379.1295494860742,1387.5683532149612,13.377267455863612,1396.0
558,1384.0801604866235,1393.1329038657927,12.372278796339154,1402.4026283269727
1222,1397.9866332178894,1409.3272255066802,9.695624288288148,1420.9842785639585
3807,1449.3271896810343,1458.2476237137216,13.48050952686857,1467.2812679205065
4261,1457.5722553898167,1467.3717709892321,12.082285182550304,1477.2553687911025
1941,1459.376666934612,1469.2244978397594,11.952660846561482,1479.0
2665,1535.117761712306,1545.0204242926209,11.25495706995566,1555.3244549236158
2709,1542.6263056851978,1552.4872062787922,12.621093835275365,1562.380846514227
3814,1544.583124471001,1554.236065831648,11.072446503774623,1564.0
4209,1553.0986496927803,1562.5171898288756,12.490841418434531,1572.3378061033727
4199,1555.0820242291559,1564.2869222188174,11.770788222175668,1574.0
4913,1562.6717592165683,1573.056032723256,10.929564693449041,1583.9290489820878
1999,1577.820250022363,1587.077309975104,13.512634491312609,1595.8799430540334
4878,1580.2266794753377,1589.1372157458284,13.140829111981837,1597.8390968494468
4951,1582.1796137419017,1592.071563679292,11.406512365916793,1602.298792100839
2684,1584.2550764475327,1596.451398543121,9.654902370920611,1609.0
2730,1718.7414397480634,1728.5267543146424,13.32051235171693,1737.7971690629638
1997,1723.9950776908415,1734.1963399231156,11.569713167143634,1744.0
1968,1726.1502179401937,1736.057674540528,12.826619192750496,1745.425228343033
2701,1773.0835854881448,1782.4498565667639,11.999867662528306,1792.0
2689,1774.8389975208918,1784.234618627116,12.952111167633007,1793.6534714895802
1946,1778.9391386504162,1788.3018660219466,11.777039753767529,1798.0
3776,1813.9845470079408,1822.3630034127984,13.408560442208952,1831.0
1916,1820.4550572599958,1830.373175951495,11.772615592323108,1840.6919783798132
1235,1846.6040085488164,1856.3778602023135,12.484059032975729,1866.0
4204,1858.0059201460951,1866.5443295638722,13.760436490925356,1875.4362539002418
3815,1893.3641566281199,1901.3815300799752,15.089536024451562,1909.0
3362,1901.2108438092505,1910.454171142456,14.186506403594828,1919.0
123,1983.493185537359,1992.4432053915036,13.671042844375537,2001.471096881993
3827,1990.9454548691745,2000.3972742363792,13.038002471899791,2009.6042465481423
3399,1996.2072761258767,2006.3556343330708,11.16128819742269,2016.7045808168275
3347,2078.892715413621,2088.4772455323446,13.106269397733069,2098.0
9289,2180.6274918021045,2190.5260802767407,11.265847090577354,2200.6998869278473
5620,2348.9054682043243,2359.082078291129,12.822421701673587,2368.8967228209895
9678,2361.3864970933855,2370.3822079636066,15.220103642219284,2378.0
5692,2376.995459722526,2386.0274935082216,13.675795270962489,2395.6805103926504
5635,2437.63293544771,2447.2128241733703,11.983310594625259,2457.0
2714,2458.959543844864,2467.2977687517614,13.730707930943087,2475.8816420855833
2676,2477.36426497322,2486.144718091307,14.296554913191798,2494.5448254092194
4944,2490.5533725700916,2500.2108730480136,11.845209699438353,2510.0
4912,2509.414992700251,2518.2412541566646,13.505677249366506,2527.39193120437
5631,2529.698003988155,2538.3116004810245,13.330381151880287,2547.9428937002504
8863,2623.195035292568,2634.461737910422,9.588645041754344,2646.508655358048
5638,2625.1008932382347,2636.4584580148035,9.697450374742973,2648.0
9721,2631.1464313829415,2641.310559960699,12.111046541798588,2651.7958169853446
4166,2635.6001731478586,2645.1052773117294,12.534958604098431,2654.6140486391078
7427,2639.523242951064,2649.475734252862,12.248146376801165,2659.551946838032
8161,2641.888397710059,2652.510260752778,11.217830535426561,2663.0
6743,2644.0084107212683,2654.3673996849275,11.763713431864838,2664.8331016128413
10410,2679.3112545267422,2688.5075014707722,11.905525953665721,2698.580988928899
7475,2682.204401962333,2692.4430181266507,10.854393835285121,2702.9802623055352
9738,2702.681619563538,2712.505422178436,11.549148599763452,2722.2645384594284
8853,2798.8204431952236,2808.0679195277753,12.973236426596017,2816.8680128682468
7444,2816.1103136090414,2824.54469531542,14.155136045991709,2833.4031209085524
7500,2820.1821320087042,2830.5034699176576,10.899125035315475,2841.487440031383
8229,2900.5345794900845,2909.432139817351,13.699201984692275,2918.551716467104
10370,2902.717222637179,2912.1340837460657,12.616878431243173,2922.0
6063,2976.5932858358806,2985.5412716594133,14.625121022829479,2993.8647988561493
9281,2979.058586251085,2989.187985929333,11.606309987072029,2999.5996258039604
9270,2985.3992253715,2995.411606606663,11.645514772874458,3005.3165798810733
8858,2991.452610196291,3002.4291504060216,10.764699204157719,3013.3497179545743
7471,3020.615221654532,3030.532555871101,11.160173079700018,3040.7407413025194
8217,3075.6293254433913,3085.3689333320435,11.200308683571643,3095.4537991922252
9704,3077.4917880274756,3087.1725299935824,12.597565629364919,3097.3263934915212
5612,3081.1710542608757,3090.359207083381,13.462015877161084,3099.0
10414,3085.663820645491,3096.0417778817814,11.918504092513647,3106.6814861808652
10441,3096.553871232892,3106.5046060830077,11.755648779922058,3116.787839939863
9734,3156.3564958395837,3167.0705609605548,11.380421377637083,3177.8514026303933
10356,3159.1441156260166,3169.342598270471,12.54021130538309,3179.4101203218515
10350,3205.54745265994,3213.60170115198,14.938886153688204,3221.9126901221002
10352,3248.6005033210613,3258.596715780831,14.303478252576504,3267.360427338799
8897,3250.9114422165285,3260.2448575520043,13.930442749111073,3269.0
5628,3252.996844918103,3262.175275484194,13.434576211063266,3271.0
10400,3255.9130982525608,3266.39562404671,11.82266552859473,3276.935723433491
9299,3258.055293611096,3268.183320737087,11.163989363551956,3278.718019197826
9292,3260.037042013317,3271.049430160881,10.388763280839303,3282.6553065828493
8864,3264.680264191383,3276.1941709865187,9.844407907343694,3288.0
8149,3288.045486550283,3297.5272287681087,14.154997072591561,3306.2942554660076
7411,3297.2874762274096,3307.226358164307,11.405199590634377,3317.5073745564255
8148,3335.2162010905836,3343.318452428874,15.669720749534509,3351.0
7502,3365.096081156479,3374.526827000916,11.676918991830966,3384.0
8882,3427.916755089921,3437.234128754779,11.824256123080767,3447.0
9725,3452.951117255132,3462.080663539062,13.296672516358418,3471.4240215822297
9681,3454.7899343352115,3464.0424060886794,12.213397067456386,3473.76089920015
9751,3520.200028293373,3530.333623263952,11.020346628071104,3541.0
8839,3527.2237495236436,3537.289251250955,12.591535581007706,3547.3186159309107
8842,3534.295378079222,3543.5070496530907,13.506734507233892,3552.400742165929
8851,3608.106516384649,3618.419948269531,11.050576876831956,3629.0
9722,3615.149651031057,3626.2560077971857,10.507836944546636,3637.0
6047,3622.584735390745,3631.034217513428,13.838380364666286,3639.5805023202697
6057,3629.5213572707944,3640.092116300123,11.274772242252146,3650.9557384115506
8142,3633.7248235305747,3642.2826199911406,11.762363760123899,3652.5751554425938
5641,3696.0295678256703,3705.433107581238,12.677486437918304,3715.0
8168,3698.830444243421,3709.296957022975,12.101987036472902,3719.3886832246867
9264,3701.155367714037,3711.108382054425,12.465060519807697,3721.0
9319,3706.868133903514,3717.3009837941077,12.4370865282169,3727.414436195808
10351,3740.1856717495216,3750.0792170841714,11.77586494995264,3760.0
10449,3748.192329738693,3757.4423189681283,12.03805930423662,3767.0
11553,3758.4237307012327,3768.125769011663,11.465207127520847,3778.0
9750,3761.189889502076,3770.1374362873903,12.633331372643038,3779.8157170080203
10448,3782.9864073086055,3793.2154210513345,11.644872735885333,3803.3572858546017
12968,3800.7443347805097,3810.21824475428,12.329028412476415,3819.975907256548
8923,3879.9643886678846,3889.0954303010876,13.738259165946003,3898.873900119211
10373,3890.084037124028,3900.013132351517,12.239219137829739,3910.0
12965,3990.1169117621243,4000.237318905352,10.92438032680054,4010.741102868881
10428,3991.952521469262,4002.029274421596,10.660623115317648,4012.474217280402
9723,3996.975311903707,4006.367600424009,11.648330930300055,4016.0
11123,4056.21299338659,4065.1608113203374,13.294903064824604,4074.0
11546,4116.628967600408,4126.371940394289,11.191164441239092,4136.709552038084
11115,4160.761637244561,4169.4801819860395,12.884889209138157,4178.5889295456
11072,4162.793265336604,4172.4766638771835,12.438980573933744,4182.54823274597
12251,4170.416791153009,4179.415452233323,13.097981283946003,4188.762842715728
12252,4188.244942599258,4198.071960929301,12.080237369416311,4207.859656207908
8232,4190.31606775406,4201.136991736006,10.976329422537917,4212.479067340707
11565,4239.050702052864,4249.103667257037,12.695538585476202,4258.727578685096
11082,4244.162098900395,4254.49136705274,10.477020425556042,4264.734250656193
11127,4249.637360414426,4258.094162506942,15.823354845382616,4266.414819899526
11110,4257.949923308304,4267.136008143554,13.210804528748076,4275.906104834207
11118,4272.130802603931,4283.253171462394,10.964404912038717,4294.0
12980,4278.126969739989,4288.242266355074,12.633504378875346,4298.0
11138,4325.809878009127,4334.396201133685,13.955145166954289,4343.0
12939,4330.405542404794,4342.04213994254,10.434228424506594,4353.991910161402
11540,4333.481445074623,4344.042922379739,10.091156075122568,4355.673198973729
15213,4350.392257502472,4360.064344202741,11.415396212260921,4370.0
11554,4359.452006514504,4369.129072742357,11.732816316605806,4379.0
9265,4426.098376213475,4435.085185345,14.96408419324189,4443.242592344801
15163,4428.620749603739,4438.576464321163,11.96930149173881,4448.535220651613
14391,4430.692422873554,4440.389405168266,12.405161248447063,4450.0
15909,4448.545013888744,4459.141862901765,11.135434081725382,4470.0
14811,4514.881091221851,4525.031083569172,11.626084066164875,4535.361439607404
14367,4520.256764010296,4530.278193337314,12.14533816698466,4540.393418105863
11544,4522.582368419456,4532.5047489428825,13.185793814149298,4542.0
14364,4524.827909323574,4535.341942656002,11.361355436580437,4546.0
14376,4526.744162175168,4537.221259620057,11.163173746899416,4547.588253006988
14361,4528.788133264055,4539.07564150739,12.056827147921112,4549.690941399206
14821,4607.369495305502,4618.470225291965,9.635675147696277,4630.0
15234,4646.645331004545,4656.106238131617,12.40986223820137,4665.853915955996
13001,4657.24199214913,4667.445204181814,10.693398775344813,4678.0
15262,4775.0785106044505,4784.256593825676,12.927657136375533,4793.279304855919
14809,4781.760911750694,4792.547468360055,11.262282404659572,4803.26647328654
11134,4785.607002750696,4796.454823413923,10.878109183733281,4806.9187146528675
15217,4787.667811653237,4799.020647001124,10.131984059579153,4811.0
12993,4805.581716621133,4818.320464585597,9.034325163274035,4831.0
12934,4816.665838405457,4826.010690932084,12.091607929299588,4835.487460282955
13671,4827.953129597134,4836.429803271674,13.075301916096903,4845.0
13701,4829.870537084005,4838.25585870899,13.474145443588737,4846.884293247525
14351,4863.493541663804,4873.1644142766845,12.240666247884182,4882.747845956571
15855,4877.573395528375,4885.520000204404,14.805645993083937,4893.869939359732
14818,4956.99528757824,4969.009156838105,10.148534575479234,4980.787890653921
8191,4981.099126393887,4992.533453454691,10.928068904011415,5004.0
14787,5061.275744554197,5071.539713023927,12.29924540622864,5081.7669995644965
14826,5074.959921173623,5084.369727225068,12.73844085997889,5093.642405737379
11130,5146.9702619505915,5159.182624372436,10.099488350448913,5171.60507151643
14370,5153.141053767681,5162.351467303935,14.339512638452813,5173.0
12246,5162.043373922321,5170.031455290454,15.16206615547938,5178.0
12234,5178.295424136342,5189.227684394729,11.077019229614258,5200.391590473627
15221,5180.381953716589,5191.021182013504,10.38433677126707,5202.0
15165,5223.18786139536,5232.566854577015,13.074039896619047,5242.0
11542,5231.826839116805,5244.320446465282,8.741261482954151,5257.0
13682,5250.054715047485,5260.442954520187,11.898133315628161,5271.0
15214,5315.325716714592,5325.513294784451,12.055964602907597,5335.936407743683
12243,5334.744062267474,5343.452910671117,13.366444882327507,5353.726688381572
12249,5338.759074389179,5346.564229700152,14.042987590597614,5355.441052729538
15256,5344.22840810893,5353.071271016792,12.843697120946398,5362.378879012417
15946,5405.329272499941,5414.446187529721,13.771029349401644,5423.563002755806
13693,5409.1308778374205,5418.400414028185,12.186100105895033,5427.9499412230625
11074,5411.581122400832,5420.163557553658,12.620413826870891,5429.551731500792
11090,5495.633738503117,5506.09836509773,10.752698646349844,5516.901404322809
11564,5516.303402243869,5527.450385802064,10.960042400767927,5538.0
11552,5538.036458920474,5547.060996206749,14.518302527604225,5555.524593588886
17038,5589.122247877441,5598.19788212768,15.793065056449654,5606.0
11070,5591.690464321544,5601.499794705294,12.131641526207611,5611.0
13724,5604.493919701648,5614.420329143753,12.095539305605621,5624.802667507088
15938,5608.230327007511,5618.445124791723,11.319334319919,5629.0
18473,5616.151664041516,5625.378688209392,12.630652052599615,5635.0
11084,5675.691702297554,5685.469917986746,12.253654580741431,5695.686184453688
14357,5680.054478703865,5689.002912207066,13.349670605380417,5698.0
14395,5685.664135590967,5696.129702387269,10.972135341778937,5706.4655381324455
15207,5692.091824370727,5701.171260726453,13.73127688567358,5709.70146775
15893,5700.8925226921565,5709.625563170836,13.773608021315505,5718.772167868466
17058,5702.968326023156,5711.377582855734,13.547920298014402,5720.367273207012
15240,5707.3083220541175,5717.434984774426,11.668967959773678,5727.788517412486
14897,5765.832945178729,5775.227838273176,12.773835804287772,5785.540825498905
16692,5779.920894861311,5790.230627033928,11.237653134568253,5801.670635413504
16660,5787.776746431141,5796.323298394042,15.333138109261034,5805.776296548724
16675,5793.278429706823,5802.104630552014,14.52425892761099,5811.614066605651
19173,5871.073634149492,5880.232367309449,14.650650465771628,5890.665618661189
14382,5875.183529130898,5885.149393953084,11.234448062317124,5895.548206889969
12255,5883.128379762005,5893.436023788583,10.789552389584934,5904.0
15910,5885.017923481435,5895.257619237787,11.396351789809453,5905.725599561514
15949,5888.799296226631,5899.183172498788,10.369769672372646,5910.0
19205,5958.092174962132,5968.327921354152,12.370076076064162,5978.453997096484
14345,5960.365409661362,5971.288014318447,10.244161312953862,5982.598726963733
14349,5967.250104519053,5977.415368300302,12.145740821990222,5986.799982068399
18503,5987.953258026558,5997.188591799268,13.958893835319799,6006.0
15920,6039.508449310905,6047.388189384364,15.200522117056874,6055.252413039273
15849,6043.617413615525,6054.463027744236,10.210005973827272,6065.668740390482
17051,6051.257504815208,6060.537823325474,12.23192802953117,6070.0
16621,6125.978235055764,6134.391832133225,13.410449733357167,6143.0
19166,6129.127433952965,6138.357238745226,13.803731189513284,6147.0
21385,6131.572019216363,6141.294829099091,12.439300859349817,6150.673901462917
16633,6138.299005309867,6147.371166716382,13.746397368712168,6155.8792782365
14374,6151.146059707103,6161.439322196273,11.615878027358146,6171.828364518194
20288,6156.530364418935,6165.588670156889,13.652990929065153,6174.4799231881625
20728,6217.732670392617,6230.283304509992,9.743640962655403,6243.0
21433,6231.608625363623,6242.115250896243,12.286514261113442,6252.918281425999
17751,6238.7477123640765,6249.159828576181,11.56653017650174,6259.0
19839,6396.684999601383,6406.099433875142,12.814895990030402,6415.0
19908,6398.99199713935,6408.005520868695,13.092116008822668,6417.721904627709
14828,6401.037846733384,6411.12727311655,11.462585601691629,6421.391351509654
18420,6408.7346360300535,6418.013770287301,13.793556213944992,6427.0
17744,6413.487531818545,6422.234043584141,14.145011897328684,6430.845458111842
18432,6417.322184490907,6427.10009222969,11.576267596051531,6437.336376117827
18450,6419.108951150126,6429.10851405606,11.124191830306343,6439.444573266836
18458,6426.4817198511,6435.49368158407,12.762919041120803,6444.972730870861
17727,6438.118890548159,6447.415499417353,13.371696557495046,6456.3463576662
20737,6483.574902306728,6494.28057746743,11.04328408348787,6504.979197345048
14870,6490.486040659084,6500.3281575891015,12.848846724420392,6510.876424495712
20290,6496.663346360673,6506.043676493561,13.037070300984809,6514.983662560298
20698,6505.049697366665,6514.455241467893,12.41913384805909,6524.0
19897,6581.9284690232125,6591.303848100753,14.34106925664497,6599.885489100345
19893,6587.675651333391,6598.0565830346695,11.087561238872789,6608.620496250222
16630,6596.041940258362,6605.1258148322695,14.797072125446409,6613.361537279831
18456,6603.820855376681,6614.529113468101,10.820718536813981,6625.0
21371,6618.312312277641,6628.259855466754,12.21677747437124,6638.0
21423,6620.476416700178,6630.3804347004625,12.846039273106701,6640.0
20668,6665.906135362674,6676.303857369016,11.43501824993956,6687.0
16636,6667.788974830904,6678.259658325809,11.27051156009839,6689.0
16580,6670.019123118583,6680.471452131435,11.441985948944788,6691.320384992555
16581,6674.362419031321,6684.150314641785,12.440724551688705,6693.921814306753
16650,6681.747156221728,6690.392201981046,14.746429065878878,6699.691086405225
18482,6688.4863870235,6697.318270987346,12.576709782540366,6706.58888557618
18496,6690.369129439253,6699.117690175563,13.433622713614515,6708.28822357127
13697,6694.37172131385,6703.217709143326,12.930296353444085,6712.394470215233
20310,6758.993610196997,6770.448560089884,10.052017774515122,6781.817091003692
13717,6769.130315238019,6779.122734114448,12.984080084021898,6788.344594675613
19834,6772.213692701355,6783.010708579398,11.12089505304312,6793.864012531302
19890,6938.29023676557,6947.400642826105,12.336842543269945,6957.0
13663,7115.420312396263,7125.522333852745,11.672260590077942,7135.759560314382
20719,7126.825631587782,7135.627284898493,14.034734848828565,7143.879987608791
18413,7156.951442127415,7166.383577812322,12.729549127687118,7175.931141439427
20744,7205.169267385422,7214.283223090235,12.97451705813258,7223.429575433821
17745,7235.032044099901,7244.496647659211,12.289858722959679,7254.357024079232
19869,7301.619339052071,7311.009220313402,12.707322998339226,7320.0
18435,7310.984673152152,7319.443438414102,13.525851687719518,7328.3743047659855
16603,7316.3672795918865,7325.468589511011,12.599420419836992,7334.92663369211
20276,7384.073715953173,7395.355688506781,9.889569830961623,7406.975713604698
19929,7473.641614201134,7484.156643805243,11.353618894448852,7495.660950691875
20669,7573.542359500651,7584.201147830264,8.920746769316228,7598.505485173195
20273,7585.859891847956,7595.441335913143,12.307790693175129,7605.475713705897
20664,7588.600705813502,7599.417474808701,12.240403828930468,7609.681871104295
20701,7594.955412211341,7606.008497556111,9.772558253836438,7617.678979432599
19891,7656.236788210438,7667.4601800876635,10.311645857329392,7678.99419979749
20295,7668.288374716728,7677.26886297594,14.761899004081497,7685.682095394015
20299,7673.504978130817,7682.525485840094,14.463712053912007,7691.0
20328,7680.3024430508685,7689.35295046909,14.116521312234317,7697.900813952271
21421,7700.155953986094,7709.538994501487,12.459980756754746,7718.662613411606
21426,7702.069581753346,7711.451389085545,12.914007938527865,7720.854025467848
21414,7745.609337278778,7756.381854924103,10.31115403386063,7767.595993793049
19846,7834.06862027275,7844.074378813023,12.331258436471519,7854.0
19894,7836.631346312143,7846.334735122306,12.459616382976114,7856.291493814431
13669,7854.779797304763,7863.32050962149,13.427460307979713,7872.0
20706,7925.128219035367,7934.166004827425,12.898755992541872,7943.0
19200,8057.690205205675,8067.457047500338,12.559298064045391,8077.0
21358,8225.480484127269,8233.500972938362,14.046286660850942,8241.882685464978
19213,8303.189116088566,8311.187853334246,14.617633036905016,8319.573612893333
21378,8310.16368770076,8319.296664035595,12.841308718867976,8328.962962124871
21449,8377.620607520541,8386.403416127565,13.346766544660396,8395.465609993737
19201,8466.004418797364,8475.15473428311,13.738240621485334,8484.300808448854
19193,8483.31953193312,8491.16229920246,14.23745820406176,8499.373100803248
19165,9204.807792411215,9213.135926582125,13.382601865268718,9221.998772445173
19228,9365.358095111067,9374.189249269293,13.625053442055709,9382.945871665046
19208,9587.010448474135,9597.499599091261,11.304728218071594,9608.315148435702
