4008,411.9042016854271,414.6123315002128,13.388895285207637,451.67543668448917
3393,506.8886674274286,509.29397419496667,14.623236315683863,541.3496463539325
3795,596.9581918046406,600.2428894335327,11.291851718074394,634.4931973738685
3340,686.7865426069341,689.3148952412282,14.215177028511345,721.5246364112969
3349,781.6865690758743,784.5826752560057,12.229133180530237,816.5564100899404
3402,867.6441853205276,870.453961826889,12.50639536129264,901.4678160648615
3400,874.6503879628468,877.4047436906736,13.334914074673206,904.1554630126568
4015,911.2032622543464,913.5425123412291,14.797214540142818,916.2611736746446
3576,960.3005064688717,963.1303696705527,12.893723998044578,991.6102465087058
2902,969.3881180927466,972.3884998529851,11.856456542634136,994.2501290171845
4533,998.6472785677273,1001.0606255920263,15.061049633602742,1003.7900119631875
4540,1033.998746546562,1036.3866536466264,14.703243062728781,1083.858453478532
125,1048.07709975875,1051.2156630567958,11.831017828311436,1085.9097831061372
3788,1057.3068666621825,1060.3243970367473,8.952414515415459,1088.0595802100083
5230,1086.9840868315928,1090.0626620524883,11.763789505159593,1093.5725155808723
1509,1112.240506659078,1115.0158292140338,13.049554748484764,1118.244228103633
2916,1117.6937299841434,1120.5414170337572,12.354372956235608,1172.0075482099269
3573,1142.0620764987918,1144.3858412467848,15.393800034409415,1175.1026075790332
2950,1178.1458668409539,1180.593130930668,14.718534516563462,1183.2758095136903
4535,1192.9298521496,1196.3888759907074,10.951458002759102,1200.0809923711593
1449,1208.437670696762,1211.274320638243,12.715347205391142,1261.6863116742436
4600,1222.0091263239444,1224.4206771830216,14.786450886987145,1264.4309892163055
5208,1275.918772913001,1278.444465534409,14.014781995665032,1282.0651802499
3582,1313.9982622175066,1317.0246902432348,11.506398356626832,1351.5501159958746
4016,1416.416722936098,1419.115712833174,8.613680664960121,1448.6556362783977
3580,1494.9893338303573,1498.1037016102648,10.750161483012441,1531.4421207608632
4603,1500.1941402881364,1503.3156331548519,11.192763720457839,1534.1478381097368
4594,1550.947221421465,1554.0016822580928,12.491246000402684,1558.0499626488152
2933,1561.6718521563596,1565.078996707952,10.291699492262053,1569.150486944377
5267,1564.5982555278642,1567.3519612128268,11.083175431476922,1571.5864432818153
3571,1583.6980117797557,1586.3134361823334,13.617401090476783,1621.6731644771696
4565,1599.1515578462224,1602.1297641456554,11.127637042087269,1627.5465523478556
4602,1601.0293140471456,1604.0983688041895,7.880000704868993,1630.13394541731
2198,1630.8315796651025,1634.0972262408495,7.014900312269692,1640.159386012981
2178,1641.0423351671718,1644.2479843861306,10.534440778448019,1648.692186590104
2976,1651.9754863732776,1654.3051284521823,14.826144853105582,1658.3267765413957
2204,1655.680209494723,1658.4649281402098,10.723689411006708,1662.3488636723946
1446,1660.8689747432734,1663.4964373887078,12.790393183680633,1714.1957136311662
3355,1673.9189187927377,1677.2789053167298,9.97340888100911,1716.7385822261313
3391,1680.4747191742554,1683.314308605218,9.00978441256682,1719.0448583742914
4517,1708.4968532360976,1722.1685314779922,6.356498113770546,1726.4973313630012
2969,1723.9464222627382,1728.4672136015804,9.713139965358545,1733.3720473093704
2168,1733.5101084144103,1736.571405592583,12.21446120389772,1740.3667001664621
2967,1740.4555498563495,1743.3256647746875,12.667437165788549,1746.575188622563
2742,1752.0253258030573,1754.596843427054,13.940207789741747,1801.507040705621
3398,1761.66723666443,1764.482406827393,13.09223880456845,1804.0495632278619
3575,1768.8803853354198,1771.5821105552664,14.056070692920127,1806.1632489042909
4599,1919.4352063180195,1922.3865178974445,11.823176404475335,1925.845491951157
4012,1941.9866628157267,1945.2261320065406,10.448560588587398,1981.5813415936466
4005,1975.5981328541616,1978.353289917541,9.29505400845579,1988.7982218102227
4593,2187.5377047710963,2190.047587610039,14.074179696245857,2193.801257921034
5256,2192.004996406552,2195.379084535485,11.049274443099874,2199.1762421175863
4013,2216.3123910136037,2219.1226839671467,9.390496096113788,2258.808863685348
4543,2283.2196885107287,2286.305278189998,12.392381505230166,2289.682406199944
4588,2284.988991321024,2288.056044162002,12.440429868273707,2292.062996525244
9310,2301.492473867959,2304.0846409952055,13.987902937104232,2344.177203552336
9505,2313.860343312369,2317.018092477976,11.55947349477391,2346.6558756973327
2981,2361.7484993850585,2364.2511521217266,14.461915329416176,2367.188950339996
10027,2363.8262245553206,2366.4689420874547,13.8835217611712,2369.450591099376
10096,2365.859509670141,2368.517956543626,12.458098885046073,2372.383340072637
10089,2394.891926109666,2397.4499250947383,13.483620637228423,2431.684939059973
2904,2406.2903003827423,2409.499445480203,11.118590435983643,2436.505363220067
2954,2409.6363670507526,2412.3977620502737,9.925675278160714,2439.1353320544617
7006,2450.807760341657,2454.031910478303,11.196488691331759,2457.7024979989296
10039,2491.7897841100157,2495.0589984953044,10.459416865756094,2524.3360859385957
9515,2580.7764032051464,2583.42218033205,12.956208460343259,2611.4335178365354
10045,2710.446151059282,2713.3930375909795,11.319568907428446,2720.667696820631
10776,2715.197650380341,2718.5202594123402,10.91646571935668,2725.258187491616
5603,2751.59628208478,2754.254408482886,13.533486309415473,2791.444266023418
8873,2757.21487319679,2759.593140689454,15.014589274863628,2794.589455959649
8409,2816.1733605572467,2818.638442409542,14.269999419341799,2821.376111031146
8862,2858.84851653899,2861.4942357668306,12.468987433422962,2886.3010761299433
10048,2924.858176381092,2928.1283156063587,11.28406866131352,2971.3543836320764
10032,2933.336923072525,2936.3800597693817,11.905750870212728,2973.8247964173843
9313,3027.4040958002647,3030.2869361088183,12.242583616721038,3061.72901648372
5242,3048.4818327227094,3051.4546132120026,11.80312404229027,3067.0225704875393
10718,3156.3873446104767,3159.0256734089076,13.53614842849797,3162.913347418591
10072,3168.3188834980697,3171.365237078446,10.580364337694636,3177.3998882812857
10028,3175.8576502739506,3178.5969398049738,12.435161751837477,3182.131159693632
10733,3182.110846172493,3185.27369886455,10.91875109188181,3189.443360148886
10784,3190.712679410771,3193.543404629244,12.903629953482053,3241.551039021424
10087,3194.3965159223217,3197.025014910068,13.871680445182484,3244.8566346504535
10708,3255.9633651571853,3258.386069682742,14.47680357329558,3262.409711037587
9743,3260.268283188071,3263.5063798471,11.343755043612452,3267.729971461804
9085,3294.6753394835737,3298.001017325326,10.123450444836216,3331.669370452457
10084,3402.460245901911,3405.0238683794514,11.458493682160517,3426.6322928373256
10090,3426.762624261903,3429.427919326566,13.40038437784046,3433.07799263491
9272,3481.6272056838657,3484.1891308816807,13.062149309934338,3511.3816756462256
9290,3488.999214477,3491.5948950144434,13.611464978587428,3514.160927595268
10016,3572.184479376985,3575.226257797094,11.47358404962428,3604.053842010077
8465,3625.5153123137607,3628.3103982471903,12.547480026450094,3632.0456688619884
10012,3743.6806690036674,3746.5554976474514,11.93641832981787,3781.5600736413926
10091,3754.945022845142,3757.5868849873,12.801060331480155,3786.670400255213
9699,3837.185552843114,3840.041842052387,12.593523880235706,3871.5589662757698
9332,3841.057199060638,3844.2481718919257,11.123359742250491,3876.9950661360886
10098,3842.9679765861715,3846.1627717364413,8.657888272222413,3878.9866304142943
9074,3862.6898703024985,3885.2596240924877,9.186059520836453,3890.190813988845
8885,3869.3017278104153,3887.2690764040503,10.243798440842637,3892.1916907418445
9514,3921.7723185425593,3924.2439740099076,13.975730015573369,3961.8049607488942
10076,3928.4390309723676,3931.2494485761986,12.769421334099475,3964.8347539286174
10769,3967.2719346977765,3969.644293640725,15.792168211092926,3972.2896298608016
10783,3973.7790407334996,3976.5377944052925,11.221864508746167,3980.9116169269223
14400,4208.768385984236,4211.588233527672,12.515780051159483,4231.500702526732
14577,4292.984257478382,4296.180439626541,10.472987448054157,4321.483904357168
10774,4306.676826810309,4309.140889903716,11.245071161052664,4326.634270675058
10772,4344.350684301261,4347.093841823013,13.283878567041755,4350.300980316161
10068,4353.556324335898,4356.284227928268,12.705215947221879,4359.437760432419
9073,4356.211352459506,4359.281990172177,11.301524076887011,4362.86174257133
10698,4360.263357449204,4363.440255442374,11.38712223553508,4414.063329321886
8402,4393.458281240615,4396.1372521444,8.902203337140234,4418.939378668463
15010,4422.490367846081,4425.341580343699,12.505782634670828,4428.583109223339
15513,4478.4960198258195,4481.085404988962,13.97458243886841,4501.52551545225
15590,4565.002860884071,4568.127028860388,11.203399291611342,4594.370139473632
10354,4566.8108278855025,4570.062609484698,9.877310523278101,4596.68703384981
15557,4568.797865283084,4572.253865256131,7.261241076657234,4598.956456990557
16253,4596.506002359835,4599.539089931189,12.015472675461565,4603.060324927781
15565,4608.919652880256,4612.142847654635,10.777770798056782,4616.819037994605
15580,4610.790548356454,4614.006322655357,11.642745940865595,4619.112956828683
10737,4623.442319192604,4626.555517477369,11.849176389272293,4630.053773353825
10366,4625.238309311804,4628.388689096269,10.933945624070159,4631.968567728667
10064,4629.773533341282,4632.347150378233,13.032476037027807,4681.440456101983
15525,4641.517217509948,4644.371528896105,12.667898667631212,4686.401865361344
15550,4698.210840973343,4701.2976367653755,11.640317461614233,4704.873183173007
10721,4705.627391816589,4708.567929536831,12.740220454179688,4712.4854373617345
10058,4733.5841928311265,4736.162333925962,13.188457173445164,4771.569660375971
10427,4735.53767741109,4738.039725669096,13.443171507450757,4774.383981176579
10092,4737.565219875798,4740.358744513976,11.578111046021323,4776.922402098995
16228,4803.882153402094,4806.3997951008405,13.808662236652452,4809.299164244442
15930,4812.344043960277,4815.382649130711,11.43557653716263,4861.3781071478425
16251,4814.313729172512,4817.524835120594,10.959803295501198,4864.151208359179
15929,4870.275989821695,4873.012820257413,13.694709550569222,4876.7019409490495
10754,5003.775909901335,5006.303749264508,14.148553491280797,5041.734392035295
10728,5188.947009549056,5192.305974699305,10.914357893275595,5221.502138072887
15520,5195.099190394524,5198.016245782793,11.62528423887025,5223.954824037859
15018,5202.632462288986,5205.322905279765,12.068433340425402,5225.999877445014
16218,5237.562479832992,5240.549680131589,12.699721114286104,5243.830970871155
13952,5417.4480401351675,5420.507722090058,11.611419519164572,5424.515011900203
16246,5422.457212628466,5425.350716009121,12.305969874218844,5429.083998008739
15586,5424.220240560775,5427.1489857912875,12.187377258392,5431.501168445685
15239,5435.825419577865,5438.4815234807675,12.897653765247615,5441.490915969412
10710,5437.721440445327,5440.541374605122,12.56772044732082,5491.413676496544
16216,5505.6267787517345,5508.281452037597,13.889935605475479,5511.262327807863
16245,5513.397050349748,5517.143493565055,9.880184983611205,5521.190184570647
15544,5520.749650804547,5523.573660517521,12.485832977796337,5581.423250231014
13906,5531.072438405223,5534.394461681572,11.180387355200223,5583.826091868387
15551,5532.950323735818,5536.23322534529,10.137951113608146,5586.045684474861
15555,5601.86638366959,5604.465884344257,13.670531503489293,5607.465666841022
15542,5609.80723331621,5613.247739603645,10.661572367930779,5617.206221296715
15566,5611.699968660818,5615.223602799078,10.546930268925642,5619.074221707674
8406,5648.479603067665,5651.283890554855,11.529352089983954,5676.487746390296
15579,5656.357952633135,5659.319501337796,9.923514808901906,5678.705956541399
14587,5745.33519096366,5748.117919303733,13.039476473679922,5761.472586268481
13967,5792.471246221511,5795.432125371553,12.03445097525147,5799.092988987424
16271,5890.330133392304,5893.253865052536,11.653847955616762,5941.307293629449
15592,5953.9301551727485,5956.258886019368,15.100408974034428,5960.041424526151
16272,5976.458814606127,5979.066200730911,13.018610980456273,5982.454323250555
16215,5984.812655466654,5988.200986493585,9.990500837626369,6031.519747428911
14783,6029.371358122699,6032.0119399690875,10.976576105747808,6036.258103831931
15524,6036.813643424303,6039.220615600049,14.659883049583883,6042.865871063094
16202,6050.167915136004,6053.076054867173,12.97513011935498,6056.889927891457
13907,6073.483752559607,6076.519590247337,11.849404791729125,6121.669187639137
19884,6085.674326363386,6088.555193755609,12.256529364688314,6127.022772189018
21096,6150.850394830627,6153.437893716975,13.863428321885666,6156.515766723578
16602,6171.648927443917,6174.355106419646,13.35898022683763,6214.272855340432
21091,6180.719902840179,6183.376676523408,8.900041349952621,6218.864038523868
19431,6243.050954352393,6245.52731907685,13.736149512366518,6248.4549773048675
12520,6246.784469761603,6249.361847206216,13.553179166024215,6252.259404245888
15012,6269.681112902406,6272.314459684783,13.288257397262566,6301.753341241377
14816,6271.655308140377,6274.559495756286,12.650289088453862,6304.569287574827
14786,6351.511366136452,6354.4731421902425,11.278583559720497,6391.58221789138
16283,6373.524372178839,6376.1926920541655,9.757918662520474,6399.077221600772
21702,6399.122147342086,6402.3574181211825,11.854016881625991,6405.797564493708
21015,6401.180743746724,6404.252324736462,11.455328461296338,6407.762778543465
21051,6408.087675532386,6411.062350531866,11.545618345697408,6414.481605091282
21046,6434.396534984837,6437.099279711563,13.285494318112395,6483.804920703123
16235,6448.38968729069,6451.1180421191375,11.38142347613525,6486.572882207216
17949,6486.50594110662,6489.1564255408475,14.187556436242298,6492.173688362728
16225,6494.839233158911,6498.405741548773,9.52626735188658,6502.443790074924
21061,6496.9168289001445,6500.392926787983,10.04458204217356,6504.534995962948
21785,6499.028809400736,6502.350999907463,10.024915367553437,6506.528857750902
13955,6509.2311737041255,6512.325611234411,11.111071728944399,6515.859260660892
21068,6513.246974750078,6516.515445019912,11.439988621487592,6520.199750008494
21070,6547.276952905438,6550.266699945331,11.51288988602107,6571.6521444644795
13933,6577.132208060159,6580.248314690755,11.674756707199348,6583.737332480386
21059,6588.6171565495315,6591.547486630151,12.57196261987793,6594.79723589132
21031,6590.429810847045,6593.390599465186,11.48224951083605,6596.84362928596
21029,6592.198753509953,6595.273588209802,12.167333195638353,6598.7154586700435
21735,6596.120359344039,6599.273984706489,11.600110974243496,6603.580414342171
21084,6598.031444336099,6601.08780204209,11.079496906695324,6606.091177902726
21747,6602.309577121764,6605.107106727675,12.070019833392099,6609.059764106954
21708,6770.227996870629,6773.472314137659,10.308167006277955,6777.387185124876
20286,7026.865153164193,7030.262838304036,7.897101522979007,7034.62646493119
18010,7039.3525700387,7042.439764756304,10.792860938939262,7046.095558646319
17998,7041.140042707129,7044.287424479458,10.293037439737006,7047.92306824111
17992,7043.001492899432,7046.144097549305,11.15524249163464,7111.319568096519
18735,7044.82886921742,7048.046771365274,11.283876750051084,7114.074943940566
18713,7047.931807304048,7051.21122403705,10.054455057473167,7116.408326946747
20508,7123.03408521013,7126.376696378703,10.319406099494453,7130.104178171248
20506,7161.517512973707,7164.221123869097,12.882860819694507,7201.575950414446
20759,7193.12454126182,7196.073034684585,10.962018265543753,7206.665456972044
20674,7195.015605735637,7198.0908141794225,8.866056362857934,7209.404152283204
20280,7251.547778297783,7254.434242002536,11.963202960711513,7291.666406975002
16810,7261.510170138767,7264.391878475961,12.453570759707484,7294.447762253625
21765,7298.475361696227,7301.204831714666,12.590790440810615,7304.411244413473
21049,7361.025492995178,7364.320180895712,10.569987465485285,7383.800473381148
19849,7521.725299227518,7524.278627197832,13.553067635671722,7561.86115752823
19844,7526.879760532123,7529.384751759626,14.716133385494881,7564.61545699923
21047,7568.703407116407,7571.379418333651,13.966322138170183,7574.3541571933965
21699,7595.807550513942,7598.300050932722,14.570520851412656,7601.90176164668
20512,7613.867373577204,7617.285827030098,10.227818091265442,7651.416850832552
21082,7615.820635424542,7619.2104538864305,11.237038998153029,7654.3847217799375
21052,7624.979780051749,7627.4272054502235,12.498920535362949,7657.089526942867
21755,7661.951817299664,7664.377788648879,14.236642562050111,7668.555668144361
20736,7666.50051502393,7669.224856986773,13.225794622534053,7672.9721521894935
20329,7668.519902084605,7671.0991113334585,13.340717809643364,7675.486306317891
21733,7704.281858264457,7707.425192708632,11.332234877341845,7743.65657511918
13904,7707.6935596097865,7710.4484239974345,13.410050077167547,7745.965976856095
20504,7762.243518482732,7765.244698354836,11.187496060169567,7769.548952990066
21440,7767.922552033995,7770.455746947321,12.990133350898857,7775.112273378286
18275,7852.030256491327,7855.416983661298,11.18529478933214,7859.131586451043
21775,7865.030075280056,7868.445532422435,10.21817845839565,7872.4681852157955
13957,7866.9521814629825,7870.332559899872,10.649147964657613,7921.413904056865
21703,7868.857481676226,7872.127599793466,8.965096695655827,7924.185470293489
21363,7870.846511672628,7874.313895229579,9.176342020957618,7926.793482517338
21016,7940.801929488277,7944.228081910382,7.317495229477642,7950.6279443891735
13939,7974.005296977126,7977.291577802751,11.445567871138381,8011.409146196494
13968,7975.957907607308,7979.18120888059,10.936155880125405,8013.924678556269
19394,8079.836508706189,8082.615174838417,13.360427991877035,8103.895505252872
19448,8165.814563109944,8168.204695425964,14.490560907617452,8191.525188819797
