4422,17.21084676740746,25.5771867397346,13.432772270805355,72.06697044453762
4481,34.6534666602382,43.498080319219234,12.539900783275884,74.48024168465655
4292,69.90646812393557,79.45207398819227,11.243426210797288,89.92839557765072
4186,94.04174785194314,103.37800199228172,11.924955936396323,137.61325395121628
4498,98.47267973487995,106.45352435344776,14.36921273471231,140.37670200329066
4355,107.9138068567211,114.51812566408223,16.731319493362484,146.53092413332843
4520,109.85099415354169,118.12950656114357,12.710154673265015,148.615318557935
4401,164.27371286098136,174.25648916344906,11.161924339613202,208.45427015348653
4397,172.11513184902188,179.5823953668849,14.041175877248442,211.08380935663527
4213,183.3108143107036,193.06691770213163,11.341504655718435,213.07271960183326
4612,187.14387880022664,195.16415747856948,13.368723101036606,214.86187691760887
4379,228.88620848968225,237.36890840781507,14.279487165585774,273.5371885660186
3950,246.6012383907254,256.3049424519755,11.004078822822088,282.91394730473286
4283,278.83940872234626,287.57440888571057,12.770814017717463,296.69685001630785
4188,285.0744208209857,297.21174086838505,8.722652671832034,346.6292172970687
4404,287.1993403925241,299.288124778153,8.465756834013341,348.91688414385123
4280,289.5181832182531,301.3563429838563,9.146429495717456,351.28624346622024
4412,335.2943490002568,343.17063329375475,16.116539905578556,361.0588833105847
4372,346.661349048276,356.4453338512237,10.735292495171414,368.5923160689198
4377,348.5212022547034,358.29172764199063,10.965848461097059,410.9549048486545
4592,369.9894584836085,380.49719333533056,10.284975323654832,426.62001605029127
4590,393.2724064934317,403.20179511987857,10.395706862003184,432.47885334696275
4334,396.0025679801555,405.0900145169249,10.006852961302137,434.32131978428765
4291,417.1456502983539,425.24712436829765,14.57641956032591,436.1164869298427
4383,431.54230543875127,440.4666125411201,12.364015158079967,487.81773196243944
4437,433.5522046543666,442.3351869332682,11.268443661809254,496.9364898965701
4457,435.44302018335117,444.08471123019837,11.379578470758648,503.0923240238983
4433,439.34933101750346,448.5817588968717,12.147540744736215,545.4951567071589
4489,442.7726768883306,450.49224534350776,13.175988888069309,548.4169618954514
4257,472.1802331594835,481.55965336381894,11.774127616022747,550.8085664925612
4447,473.8925228013546,483.4790011047571,10.919946978744521,552.9795410574314
4230,475.92400974709017,485.3581425020242,11.774161531332153,554.9369328131676
4344,511.45239242404824,521.2423737398677,11.89476805075871,560.6626869248413
4529,543.3821409430954,552.0887301758809,12.911514436592276,564.5343909102731
4243,555.2381045007534,563.1564343529228,11.686981744978002,616.9059857492208
4426,589.0041294105365,598.508880683166,11.180829105435764,621.7990392884308
4388,598.6469647085314,606.4957315198768,14.201849022178907,629.6787242533832
4418,600.5570293991256,610.0997594272225,11.723858265914116,631.8389314961241
4540,633.4183343701421,641.4783668425848,14.374585313226044,682.8189785569069
4544,723.5134787786465,733.4361445266298,11.463008378880836,755.69520949373
4448,725.7257981871011,735.2554564017576,10.671397748444727,758.5023953561197
4322,738.1259695611367,746.1200874732828,13.280442327542357,760.803865592655
4483,774.3760693321163,784.2115000568014,12.03274484860033,817.5826571158877
4428,783.1912967574502,793.0534941090118,12.077430487501989,820.1438079528407
4352,788.9595518877264,797.5729672755135,14.184939291294342,822.4515800533742
4578,813.9178371714991,823.4903716922835,11.196928525515267,833.9604301604775
4373,815.9909096941201,825.3614903590689,11.57878727688769,835.7494750806515
4644,827.7465641388787,837.0977338836619,11.515887577025968,885.3630227442695
4482,835.5932934456137,844.057792178947,13.174612288527488,887.891324015694
4460,848.4858772573469,857.0645568791947,12.185714227265397,892.244947814156
3923,869.327717649237,879.4939735827488,11.800678271504044,900.4706718172464
4465,888.091149611632,895.5382448340106,14.899370204905232,903.6900322218236
4487,911.2979122478049,921.1163375752055,11.587817031402087,956.3242941311679
4453,921.3483930356958,929.5798685637368,12.670858450477587,961.940288304371
4176,923.1193058372621,931.4384958441145,13.236649435204491,966.1682477823283
4326,926.5350341210279,934.6013053758447,13.892945583346181,968.4812577693772
4493,948.610033705327,958.5396014389278,11.082531189200736,970.557594605097
4296,950.5489264880364,960.4245319281991,12.312680340814614,972.4631920153485
4425,971.5742525951482,980.0334799183196,12.389350581231202,1021.2810332946203
4430,979.808679405825,989.0083282783975,11.821626380212239,1024.0447371020773
4419,1038.7668294275531,1048.2485743284433,11.582669700460553,1089.490938796886
4414,1063.8067450973545,1073.472245138295,10.704885108318487,1097.0557576627402
4378,1065.552978294492,1075.3616874293343,11.92282347369931,1099.0392776505616
4361,1094.2741469053417,1103.103989981004,12.819083339855176,1112.3350994711163
4505,1134.4789041174774,1144.4455328273575,11.528522035497982,1157.2497305777981
4443,1136.4393295679472,1146.2912017597966,11.167449309487285,1159.8247180819842
4436,1151.0575789267361,1160.3992742112616,11.220869850664466,1170.7100990371885
4538,1173.8577964856665,1183.4061330402124,10.972740072896322,1225.9948371946416
4219,1176.0429787560954,1185.5019870970664,12.29045420087808,1230.8693299913143
4528,1177.9664568640812,1187.2964039601484,12.499251824713902,1233.250928612624
4256,1193.042347743652,1201.0732607654586,14.801520844315355,1243.57903803582
4286,1202.0908690551748,1211.2194423581832,12.184329633511332,1248.1064566613907
4473,1224.1741282927028,1232.0072493148825,15.050039244591282,1293.3044112902903
4421,1226.2031764488772,1235.438391497927,11.397893536902988,1295.9796429725272
4364,1234.3298513959783,1244.156401403461,11.379975366913843,1304.5546651210923
4321,1239.939131724216,1248.339699926418,13.690414062257727,1311.0582876079663
4402,1245.7842016654258,1254.4266291995673,14.450979845771053,1316.9477024112882
4454,1251.9631701442427,1261.1476597338765,12.779371224159739,1361.694742225006
4168,1263.507228713349,1272.5724645374091,13.024735385953482,1364.698472045115
4293,1266.0447661710457,1274.4688436756314,13.554403790868452,1369.1346371344082
4495,1336.306194198975,1346.1003927199458,11.51557487998441,1379.5575216939033
4500,1338.326627009655,1348.0843085956449,11.749410518498124,1382.0282237294446
4221,1356.33637136933,1365.1702110477743,12.490034930019988,1435.7538418884405
4183,1360.2308586317247,1369.447446851107,11.622183748370245,1440.3163180003078
4304,1407.8953026853885,1416.559581435326,13.922608509499371,1446.6740451717542
4420,1443.8412391605284,1454.0530946385938,10.74338723046794,1497.7422285797077
4610,1463.8649087552142,1473.4699723785668,11.46111217843965,1507.0841615746451
4393,1468.5981328319813,1477.544964572257,12.950192813000022,1508.9529087716808
4431,1491.163204345462,1501.0555560709577,10.59846107840705,1514.3925145734727
4301,1493.216376461233,1503.01012146899,12.405470139918904,1516.2714841334875
4382,1499.87067913543,1508.5840678755237,13.379450490544642,1518.17309551786
4342,1505.5651745279297,1513.5961119363287,14.776063452227504,1521.4040304357038
4467,1507.899902826358,1516.2659733101052,13.961467008062096,1565.45995052457
4452,1536.978216942727,1545.4387338543133,15.761311458364514,1574.7130261625691
4237,1551.4640912307002,1561.0673491336545,11.075233087720038,1582.498393768868
4284,1555.4711506593235,1564.5114547980895,11.84290865478898,1586.0358444675942
4356,1559.4909603666765,1567.0921395158275,14.012172053577656,1592.6150604383142
4345,1578.7936220892022,1588.445788225087,11.493557871550587,1633.3589591118114
4403,1580.786905596707,1590.493618786013,11.284626543254559,1639.0323787440882
4474,1605.8015168862792,1616.4645148324828,10.310602028427056,1653.2352810426964
4642,1625.65664403436,1635.16699963949,11.793310496656286,1658.5113911669866
4543,1630.8069741832087,1640.11026713989,12.002270296671433,1702.8721690709326
4445,1635.5837939772161,1644.2886946628935,11.996176013106611,1706.9799055421402
4203,1637.4761688915098,1646.0928105084975,12.757199172209011,1709.2010317499958
4376,1659.192125290314,1668.46963717728,11.428009133194696,1714.0942737582975
4450,1675.7133279323791,1684.2765511850466,13.181542936078039,1717.9755030193498
4273,1699.507924235237,1706.1608852038335,16.60719744048636,1721.355287007762
4563,1719.971276421126,1731.3736730473847,9.495302560698496,1777.1284989205021
4459,1723.5122556208514,1733.347904436197,8.879739970771865,1779.6595426168137
4442,1769.6974070379945,1778.0900213767807,13.803773164588334,1786.8952534599325
4357,1775.019905192129,1785.0278751013504,11.24574118624925,1795.8659340986974
3914,1785.9817453617609,1795.2562514523893,12.301609404240615,1840.5076870005503
4390,1789.6890815286342,1799.412699756689,10.61706922662546,1842.9242971590556
4333,1791.6695626185274,1801.5295724995528,11.512144484591651,1847.072479469577
4277,1793.501039124709,1803.323154670927,10.866820199052617,1855.0237358106733
4371,1809.8151985211116,1820.162018943704,10.921983270625146,1860.7246100085338
4429,1811.729108276178,1822.07287048616,10.750673952553269,1862.8927078798272
9851,1823.7998598382337,1833.08641386586,11.761683245385262,1905.283315956788
4480,1848.3992804213135,1858.1208048754738,11.639343205378509,1912.1033861504654
4837,1850.4698656046944,1860.351049757252,10.803886905734073,1933.0359979992909
9868,1893.5424298996018,1904.2341616538358,10.08605982924249,1973.4845701529184
9717,1896.0991698595647,1906.1234997290367,10.415111082039331,1976.1381392721019
9791,1907.3069852553385,1915.3860549796116,13.543495345618876,1982.4261436704423
9881,1910.8581946594777,1919.111203030701,13.261895598204886,1984.6861671045826
9815,1914.7816125289658,1924.3310343761655,10.550337740305347,1988.9510080695516
9897,1967.112154189599,1975.4938486856818,11.066289215522199,2041.5450866811132
9898,1985.4747751294844,1993.4833516732233,10.320743187584428,2046.3452963802638
9920,2031.8664542703007,2041.1359311137655,13.271450364349514,2060.977167161762
9884,2041.2742463599222,2050.341966160075,13.231347758806473,2065.275196222331
9984,2052.983135338181,2061.6222846846827,13.2706219168769,2111.7743617591577
9882,2060.624850407025,2070.5119708565853,11.333651029616615,2124.357419800511
9901,2062.4768263518113,2072.325128839112,10.351325822998328,2130.2002158984174
9846,2074.1792883740895,2083.1948387083653,12.307145984423283,2133.072292542852
9891,2076.0646229344575,2085.444216115178,12.12314716115139,2135.9964387227383
9738,2083.296319004903,2092.50385180223,11.684374184155025,2178.5089110588438
10301,2086.5312290805205,2094.590041079259,13.35802464615608,2187.33357384412
9908,2132.6968774911306,2142.030886855544,11.931833122921708,2191.692578460346
9870,2139.631374569922,2147.0443719058153,14.766009560160132,2201.0808534103085
9837,2227.1794332132135,2236.5846512945764,12.379178286282745,2247.984131385172
9915,2232.7172795520864,2241.095322551823,12.396138086928845,2250.5492906579434
9913,2253.6806672243215,2262.307438522264,13.685140263473084,2271.378767980579
10071,2255.886436139836,2264.0600476701225,13.761219828433104,2313.4724266050753
9762,2261.471468969988,2269.491312711368,12.86935517561943,2320.7194863181567
9782,2277.7410245720794,2286.3895146767036,12.146511495216437,2323.123384780387
10053,2280.158814858792,2288.390510054664,13.186504918939415,2325.2713134787227
9875,2313.6983415817717,2322.191720256,13.690351379094235,2331.209912999221
9690,2343.940512756301,2353.001663300949,11.842885185960686,2383.9927218649027
9704,2348.0715382754984,2357.22772246091,11.722127028821571,2386.086539588089
9752,2356.485042467714,2366.2320797447614,11.581550173446038,2388.269514158525
9961,2361.4319345375025,2370.0917553700333,12.013167273999356,2390.123926768171
9893,2397.386541410913,2406.0197315212126,13.057165272980091,2449.5262707756347
9890,2408.04558744645,2418.178981561818,11.257298176640765,2452.0571372307336
9819,2415.774100236463,2424.513498156742,11.93564715533904,2454.2340194098965
9860,2439.4526492120435,2448.5416172477667,11.459014731855357,2458.6354700274424
9758,2441.1331756120803,2450.326509842746,11.213252062943141,2460.3760061362427
9988,2490.6473076903526,2498.5216088399275,13.52430007907909,2517.3744666822677
9792,2502.7401031825157,2511.359039330617,12.61761660083646,2521.0106827294358
10093,2523.562643218583,2532.022048863724,13.353467725161034,2540.9571213791537
9679,2536.95025534156,2545.2482951216775,13.593872115334792,2585.4488059451655
10031,2539.1588496357776,2547.366886503264,12.952927153580843,2587.987079698361
9865,2570.7152775414916,2580.0487110121085,12.163053224464605,2590.18368149424
9957,2573.0768554917136,2583.0659773048706,11.8521654756436,2593.498346254802
9912,2584.191064046188,2593.5657992654897,12.90610473456398,2603.2927305093845
9841,2596.6702702654857,2605.085810689347,14.304967114711012,2654.360674983763
9839,2613.4572611641192,2623.1048350445913,11.529102002521226,2667.0899009791588
9801,2625.9307684108835,2634.6029581051953,12.822461728462422,2728.034833564911
9686,2627.748362177878,2636.342844485806,13.184599491418167,2732.711768894454
9987,2658.812963577666,2667.1825323374246,14.473846404922186,2736.936641486706
9995,2664.729213691518,2673.212376577039,14.936800147498571,2741.8139986025317
9863,2671.0081751681846,2681.3147558390065,11.249529446339816,2744.4479375897
10064,2722.039682067675,2730.20487451183,13.030746761735585,2792.3996949133807
9953,2768.5204829358045,2776.215211995061,14.420212964758985,2795.0036234328186
9422,2770.5465085598667,2780.3414521350182,11.305870519010675,2796.9744317128507
9940,2787.2870079373815,2797.2760675033874,11.62130474034456,2807.6987473079157
9808,2797.8800946343035,2806.324605148637,13.220586795580951,2815.387736908644
9887,2843.481903306756,2853.219830547495,11.017221454414543,2863.782457473372
9970,2851.8893804358363,2860.4776259071623,13.148719718380951,2869.036583028625
9900,2870.2124969138536,2879.46440807209,12.54185747622591,2925.600631074787
9983,2883.6736079982666,2891.581435959655,15.082253618963298,2939.0594397216155
9967,2889.4957517928297,2897.5237105398996,12.938949407390579,2951.1654700861286
9812,2948.7570703857746,2959.180442402766,10.00622768166425,2998.518439984068
9931,2950.573992792377,2961.1977196294456,11.397358762837122,3000.7975214169705
9773,2952.4478603626844,2963.0362208925562,11.064816632352043,3002.793482614907
9818,2961.780122908436,2971.173142271242,11.07315007059166,3006.359534590918
9696,2973.905863840114,2982.59378930046,13.240617940388352,3008.1322626576552
9755,2976.092317887056,2985.009399461866,12.493392139590162,3010.3400022762303
9999,2979.8962470221463,2987.1101214735313,13.299099872423707,3012.102808404666
10306,2984.1866217793804,2993.519823016541,11.326033254789918,3019.2602646803007
9804,2986.086929370765,2995.3777210268795,12.147671134645169,3061.3864240342577
9894,3006.898167412149,3014.2967053835805,14.608472480074674,3068.8950287937664
9866,3009.041382983494,3017.128968738352,12.830153585552834,3071.9259064068196
9975,3031.333602334146,3040.1646713091836,12.608275732204781,3076.43992729462
9994,3036.914034854768,3046.5582707345284,11.419972131911567,3080.5410942484295
9895,3038.9326444887843,3048.5306637178574,12.013669001494797,3084.893704935155
9921,3044.924278407368,3056.3499650623908,8.930744629946558,3129.704576613038
9956,3050.881313425916,3059.5506793847258,12.040332234182474,3132.236358000382
9407,3052.691560221291,3061.4908825375996,12.923728863668037,3134.3479741320384
9675,3067.909774461761,3076.3116129525265,13.409462566472705,3139.0280488304716
9951,3070.405421055113,3081.23390380337,10.469566649735485,3141.2496897225756
10018,3072.5636353433706,3083.1531512854713,9.520701170175816,3143.2002609624246
9918,3081.4559715848586,3092.016606433348,10.417152489750572,3147.0608387912325
9787,3114.4350575935327,3122.6331563597414,13.925423596197437,3152.841933612352
9838,3155.94033148,3164.5092039231818,13.076055003502614,3205.223139895258
9966,3158.4758646049363,3166.3909618479197,11.936726037640037,3212.3168165347206
9871,3160.412154541378,3170.1935320971197,11.208677905978961,3215.38753729509
10117,3162.4275653066766,3172.2998796078778,10.42347124374612,3218.025090598556
9826,3170.2715911475366,3180.4014629700964,12.489499877137476,3268.29862920213
9676,3171.9966001456382,3182.12504609249,10.39829163618248,3272.3508588171235
9949,3204.144580434597,3214.403007335417,11.28645797123553,3276.5042550156422
9771,3209.816368149352,3218.5153416137246,13.550479395524091,3278.907865681002
9930,3220.873692905511,3230.0673263264157,11.722832961627317,3283.1167570769267
9462,3228.3542981401756,3238.4228190008416,11.15283546681437,3284.9584387659866
9741,3243.5945115389354,3253.1218091761843,12.086588496122202,3289.8080323574936
10054,3245.604710418995,3255.096639672092,11.912694551809237,3335.466182640984
9924,3249.742568822202,3260.0804867679885,11.090402228989108,3339.35116211871
9807,3292.0450519908904,3300.07320765767,15.553676229055641,3344.395337614425
10174,3349.565043884047,3359.1152997422487,11.321801994373223,3403.33599874349
9805,3406.764636437105,3416.207422741498,11.596561553524824,3426.0337327334646
9867,3408.860650367646,3418.476207869385,11.181869663356556,3469.4089273147674
10092,3425.859907251788,3434.1550286266493,12.589123937280176,3484.67445959212
10289,3427.884041907773,3436.0313993011914,13.99793106432604,3541.0822136508846
9849,3437.563152502162,3445.380661802548,13.466780042217227,3551.8813923558214
9778,3439.5837816410535,3450.116198184937,10.236143854681918,3556.6173802670487
9723,3443.2747191104104,3452.20646848289,11.121905373904701,3559.1904850292603
9766,3471.444122715257,3480.388214234662,13.412575367383539,3563.3409251347794
9817,3473.602578120253,3483.337041033565,11.577623144717057,3605.6478282240364
9909,3479.934405018047,3488.4024253474277,14.568536780034451,3608.4915872605084
10010,3519.913978240345,3529.501897517285,11.633117196901313,3614.562151584592
9917,3564.555071563764,3574.5363373967925,11.515094587045976,3627.991534634074
9834,3576.7169051246037,3585.3993852623926,10.661936678805356,3676.294020543319
15513,3624.5147732136106,3632.443344428268,13.4937211356886,3684.4658308362573
15557,3637.2513542049073,3647.3390814709337,10.38815075843957,3688.516585998175
15408,3693.9019799910193,3703.11861963408,12.441509040414825,3741.5499242317733
15167,3698.248333571609,3706.5592251116327,12.670229034212678,3746.5226463427316
15275,3751.347196071772,3759.0780860622203,14.196562528472036,3767.2665828443232
15415,3763.1993200608945,3771.556361251212,12.360696371236873,3809.8224095670835
15434,3774.6488235335623,3785.1807658795187,10.941435962555273,3815.281710596158
15282,3788.5589066866746,3796.403924475747,14.138290167790547,3817.2081049307576
15668,3790.3532992416185,3799.197449379681,11.938983470301734,3819.0269233527374
15183,3792.4802663736236,3801.0005736666153,13.26891959302086,3820.8484621231023
15372,3828.7467668915433,3837.429079541273,13.256017849160138,3877.4255420408003
15393,3851.6741500545822,3861.0026369310176,10.142333175071318,3884.5854740848335
15323,3861.4101153038773,3871.498035976563,10.767987975317984,3886.5775991883634
15389,3863.3314300455686,3873.36785379525,11.01915682887406,3888.5675524226517
15314,3877.853677997416,3886.276446845463,12.717051679230842,3896.464430431439
15418,3879.6408334698376,3888.1008990874348,12.08908438427223,3898.312361554791
15519,3896.3547582755928,3905.1202944633083,12.867902756137438,3948.6156965315004
15629,3980.9942146346552,3988.6221485594915,13.947006621257554,4027.0187548837775
15477,4018.9420982885167,4027.3624745569823,13.122218166266926,4036.313057173874
15384,4044.1092934626654,4051.2600126822176,15.432415256989279,4081.3814666572457
15289,4058.4826843212218,4067.25482279084,11.459680248011399,4086.2504033157925
15331,4060.7694302296136,4069.2915682095127,12.239035169428304,4089.8671613472384
15356,4114.287188805898,4123.481669491358,11.549196178295754,4154.336294136339
15409,4116.362814580361,4126.377426552741,10.51961357477662,4158.402086827635
15486,4129.183119104718,4137.572216065275,12.638018251282631,4163.172496272915
15290,4133.373268870984,4143.328476346078,11.364924126288157,4168.0874297853015
15386,4143.914119947345,4155.374013393212,10.162787152431594,4176.800472328074
15565,4145.998647123239,4157.345707947706,9.617217436273126,4218.17296408627
15267,4147.89020047143,4159.375377367127,10.768950911043287,4223.25178044118
15348,4151.450463187978,4161.29237138676,10.602789063406943,4225.59640305513
15580,4155.61175360715,4164.087829812535,12.987331325838843,4227.965665137733
15234,4168.28492907147,4177.367827022366,12.181948404283943,4233.890988245502
15336,4191.047962885065,4198.656150642637,15.07941589814919,4239.210306510899
15417,4201.6379515861,4211.488235462168,10.894840860857753,4243.741416732906
15403,4207.951910538841,4216.206280169982,13.060600044227272,4285.377736117472
15347,4216.424968363568,4226.021785275137,11.198643683236083,4288.143395304416
15244,4238.890521080371,4248.38719663464,11.813471675104555,4298.108948883643
15475,4244.449646549181,4253.300670410458,12.864028314841356,4303.535293213957
15178,4352.383170047982,4361.2404838224675,12.909839317878982,4371.863994663649
15339,4368.533767962466,4377.383483172709,13.17632445661342,4421.365660692228
15416,4395.336387060282,4403.071972067884,14.453822132113135,4431.020026641827
15455,4418.0777981878955,4428.013345337524,10.55604589692625,4441.940811282178
15422,4462.206685196218,4471.223977184566,12.46761968850138,4501.45726148471
15377,4464.396634672077,4475.340383996285,10.07890319923884,4503.790104289652
15382,4469.89102221821,4478.58267542996,13.396319961783316,4505.990649633073
15421,4481.07792264433,4491.09544514183,11.385840596732372,4507.9836700137685
15480,4493.486386953827,4503.526570686846,11.286470271780308,4516.98530126182
15594,4529.579212391936,4539.046686552207,11.745838057609284,4565.189530930435
15394,4568.628521416285,4577.558861706559,13.211140941087633,4625.369624587097
15439,4599.286016595103,4607.582717737631,14.137186229233137,4628.097567987735
15450,4603.332868031779,4611.52021097353,14.363784070855932,4632.282907222736
15291,4607.056647682957,4615.444039662671,13.801509072619934,4636.5624833479915
15593,4617.519421337604,4625.320407328369,13.846823265537838,4638.68852387378
15431,4671.412265164771,4679.344609968758,13.634132200449224,4698.596032725886
15369,4685.807077568483,4695.390148852462,11.620647295646249,4705.866157759779
15256,4687.612920203564,4697.222385673093,10.81560827309404,4707.691766783275
15232,4689.955805486287,4699.082468097125,12.057878984886386,4709.596810775675
15276,4695.421104466625,4703.305181753359,13.624415609667679,4711.735009524469
15398,4716.444264172206,4725.075182815556,12.370509923538698,4761.456511673753
14941,4733.244237771653,4741.295364525678,13.428906179194396,4764.328904978459
15392,4747.543315619463,4757.155570790575,11.733258856848128,4767.519618093934
15284,4754.548063500761,4763.481072675724,11.950746395046506,4773.270365833305
15663,4794.728314793522,4803.394521967061,12.783468683842596,4829.680522783345
15344,4836.601978582453,4845.443725312573,12.681874367531076,4854.698569064479
15371,4838.923630822549,4847.2649911113485,13.36903006435717,4897.238091184828
15399,4840.801604859438,4849.496666737717,12.934957993590734,4901.988656935077
15494,4842.683896086265,4851.28620204552,12.073028003198313,4908.368821306444
15326,4844.466455568586,4853.242660438482,12.439997354941443,4911.44710466095
14982,4846.26028067027,4855.008089073006,13.298729877626633,4913.955947582792
14967,4851.256411242957,4861.389643323529,11.094802039315443,4975.470197635095
15397,4859.501770763217,4868.413167961631,12.810274853655862,4978.267085437116
15412,4867.654362646567,4876.283877467578,13.376625410752062,4982.592636254946
15613,4871.768015620398,4881.461804663271,10.753821249554834,4986.416884609125
15295,4873.923541356615,4885.065985817962,9.699053269141386,4988.985662501034
15383,4891.351051096926,4901.181885610054,7.653382689113175,5033.726933269648
15396,4920.339292332394,4928.43116946997,14.37312863702209,5038.464024351758
15467,4946.2773079600165,4955.507702736647,12.471042921493773,5042.566929347505
15241,4974.081378784661,5002.075872148068,9.59760293667759,5056.333396354889
15516,4975.921839103739,5004.15399635712,9.918927985651724,5058.856027785929
15637,4986.588995050858,5006.162779686131,6.296234151699088,5101.403547575006
15620,5044.159325294918,5054.264199516812,8.818294725251096,5115.310141703426
15211,5046.112324412358,5056.308419039156,9.34717344066729,5117.760822114189
15357,5048.246789660783,5058.328726173623,8.530020497407403,5119.791448983122
15423,5050.174108113597,5060.352141930623,9.989344524654667,5121.828367062139
15199,5064.714481314253,5074.432044503437,11.827558110097334,5125.772702300298
15470,5066.97036203312,5076.246329894159,11.82216850730126,5127.641997206799
15531,5069.034943062336,5078.166502821199,10.811534529729375,5169.359231169048
15338,5093.414552940762,5102.510484688147,12.699494850973366,5171.931350190977
15454,5110.133931058872,5119.4035169092895,11.247825844767918,5182.397003963712
15375,5111.996380670974,5121.319024511589,8.24608741943963,5185.117646442703
15379,5145.105728185056,5153.288842611993,14.407544909087012,5187.413314932872
15509,5157.5665700102245,5167.2298421731775,11.480388704274205,5191.3924059301635
15378,5159.567279064318,5169.079120325383,12.445283405344215,5193.20318265088
15351,5209.553627628525,5218.230974075653,12.623194295341019,5246.241364651043
15247,5223.602128609081,5235.045031939105,9.40313611517179,5248.34456071714
15608,5225.844993103002,5237.099526768557,10.235434885688132,5250.320773386065
15502,5229.790810883386,5241.007966190087,9.429559019045092,5255.356252921483
15523,5247.33379802203,5255.04771722549,14.022398372018724,5263.620602434916
15353,5274.368771626915,5283.529923518476,11.305791767722933,5308.4078644648625
15507,5286.402003003895,5295.313740424878,12.136650173855658,5312.719388734788
15266,5288.127284999132,5297.04471026559,12.324682635153502,5314.814503975623
15497,5314.39051903122,5323.199394481749,12.892585127704566,5373.79137496456
15579,5316.517403260373,5325.30581175848,12.301751293963072,5379.588667904213
15404,5318.546848453126,5327.149137656719,13.718712963149052,5382.092535045108
15194,5320.409464405843,5329.026542032302,13.313330232113078,5384.423619969331
15401,5358.947973127776,5368.455896056145,11.34211217175313,5388.407929895661
15432,5368.933233087776,5377.491270501083,14.078357359982494,5390.250815256833
15503,5385.335085527929,5393.160287600199,14.403482665178727,5442.847521606325
15466,5457.164315945275,5466.377801125518,11.481473355912154,5511.427084456958
14985,5468.821071400369,5479.40933571603,10.019743724806316,5522.988066848427
20845,5538.939130432382,5549.259645113211,11.120826451677015,5583.466726978817
20900,5540.957148867788,5551.106495080267,9.977273369734652,5591.140215527319
20769,5558.454192344806,5567.27160481507,12.319215834773592,5596.5321036072955
20946,5560.2258144752695,5569.09529059723,12.470814026903144,5600.927371094762
20993,5570.021093501665,5579.543418554236,11.137424398162974,5645.732348041831
20925,5584.206113101346,5596.399877445561,8.990129323653338,5649.80408103547
20730,5592.667121473404,5601.0788940604225,9.919632924453145,5656.875119913862
20680,5603.917856449855,5613.472323090835,11.204920937448955,5716.927092262661
20866,5607.541034337255,5616.336560191103,12.45777919322776,5722.005411812205
20779,5628.529934338425,5637.475649752789,12.390776318652039,5732.357399641873
20965,5692.68497688624,5701.237217588231,13.425161204853522,5784.018646794301
20987,5694.55210175041,5703.308475753764,13.155659880618773,5786.154284145419
20811,5696.488270834418,5705.448477845726,12.230083286269139,5790.9261343065855
21065,5698.273756750149,5707.256645219256,11.865099764679954,5794.313862558804
20873,5749.280935639897,5759.037479860031,11.013881728038456,5852.384956621599
20920,5810.784455550464,5819.149931789266,14.175323443128008,5870.021972373752
20937,5816.660940395008,5825.234058528079,13.940755405605117,5872.052383026016
20764,5858.996795343172,5869.386175997058,10.115987035580147,5917.3879632828575
20849,5861.1296510915,5871.263780222307,10.619261223457606,5921.934699808368
20961,5878.035753963938,5885.591878173039,13.899853002704294,5937.344802083415
20928,5902.100144733897,5911.427451026401,12.714511581693253,5942.667699143842
21009,5909.8134109547045,5919.47692878156,11.199571088132357,5985.392722468931
20794,5922.001412545684,5931.5569512055245,12.061597200684703,5996.057379144673
20798,5929.749832375243,5940.155377944093,10.985399499350741,6000.774930064619
21057,5945.63387640558,5954.2494076648945,12.834462812872083,6007.648264564639
21046,5967.901629893336,5976.089896545818,12.912848171077972,6011.573230862163
21068,5971.39288732256,5979.541253565814,13.2726535287724,6056.565656141706
20825,6000.776375619862,6010.2213611853995,10.87752556247303,6062.267061438684
20906,6002.810072596819,6012.087441749802,10.83406473653087,6064.920427806683
20781,6019.8267399971555,6028.212918622779,13.298837250394183,6076.112098995353
20976,6021.682853464008,6030.205918878755,13.237542769610016,6078.445440041075
21040,6033.790074574811,6042.416308561966,13.034605183377154,6121.393439745756
20857,6035.871008137542,6044.203399471962,13.789040809907409,6124.2136973516435
20917,6043.3483159938805,6052.287337628674,12.98132768201432,6137.540762556776
20867,6045.62190912278,6054.122505494662,13.458547475105767,6140.237868921179
21054,6049.767716837979,6060.163125351839,10.57850861342295,6143.048867754082
20716,6054.804590065167,6065.164795790774,10.53504308349542,6145.472782060793
20801,6056.642475479146,6067.108882898092,6.6982238336931035,6149.116525320672
20949,6085.19605027776,6097.360561317341,9.378290885459268,6207.949491992158
20770,6100.3246058130535,6111.256691418853,9.358649524372801,6210.231851437933
20772,6104.352406821102,6113.439268820904,10.271679288724306,6212.3023104894655
20835,6175.05846478382,6183.014225905676,9.640901952930665,6281.816277877635
20960,6181.271695246167,6190.212047876931,8.434674516168794,6284.028096445535
21039,6219.93497527419,6230.175536450874,11.098379204989646,6347.223697634821
20822,6234.424462773886,6242.559394069279,13.4638961379818,6393.811816852059
20924,6273.168206647114,6281.403032541859,13.727375221158448,6404.326887089276
20765,6312.441811280057,6321.403719931409,12.599469459520694,6410.060358724477
20473,6359.885771705522,6368.493005215886,13.298709123210392,6471.007203697202
20901,6378.345602368827,6387.470160858523,11.60397585324508,6472.668904192323
20977,6380.0880283131455,6389.360035699475,8.158697785154866,6474.590866287653
20679,6411.566190456898,6419.593417673919,12.612241310614937,6479.751082013752
21001,6447.500871015474,6456.56948781129,13.951564772152736,6535.342880871531
20865,6467.977912778982,6477.197218776258,11.534883544468155,6537.873587728128
20875,6488.479525887836,6497.23594510467,13.561722402028781,6540.027090775591
20828,6490.4062874180245,6499.125110987102,12.192462845837497,6542.159246991732
20975,6538.78407331652,6547.4088339432865,12.925636171293442,6597.612303872762
20968,6540.485799583198,6549.168365416973,12.590114373242262,6600.292947172852
20910,6551.642410606164,6561.2926710027605,11.511856234182753,6604.367232779449
20959,6554.980598121883,6563.510033272919,12.449727878480141,6606.3342691279595
20799,6581.351726027465,6590.279718680524,11.664581505888345,6612.918755602342
21138,6593.475971584959,6603.168955678885,11.023348467970754,6617.2132410939475
20848,6595.61626950913,6605.055166147843,11.96723233828124,6620.5053555181885
20412,6640.310363003215,6649.519716843453,11.34468843870827,6668.0081844234455
20823,6667.725105192636,6676.44847747368,12.344188882766083,6686.884997821301
20935,6717.9695640348455,6726.143920640716,13.348379678509263,6741.333251555898
20981,6753.839052502091,6762.2327358060875,13.682594999699182,6804.054243571665
20758,6759.74774961434,6768.34313972945,12.094454703109442,6812.620618217865
20701,6761.869076448537,6772.220630032024,9.900997962697243,6816.76164559541
20855,6765.822119164637,6776.514008771759,10.750022577265655,6827.1976371386045
20942,6771.79597667009,6782.021466613769,11.137168992289634,6872.2692254709855
20932,6777.816993944751,6787.429928588165,11.406002171863303,6878.777114939907
21006,6831.5607373177045,6841.286132831842,11.278411255585931,6937.449018063775
20868,6850.117311373856,6859.565789605876,11.626341147041776,6942.269894505816
20809,6864.5158199453845,6873.139621825585,12.00383082136796,6944.9114790765625
20883,6896.807675382084,6905.277668412613,12.504478811984312,6949.578729499288
20939,6908.016509357965,6917.203294428464,11.935927906615944,6954.533495216585
20996,6933.531820387823,6942.14614806488,14.102770643487775,6958.083218022624
20914,6937.754902387433,6948.096133736744,10.867120790701573,6961.857331948335
20788,6944.125605117739,6954.47232754451,9.941281137211417,7005.434419439941
20437,7002.164819739001,7013.111296889704,10.39325730955906,7025.240868595666
20898,7008.320620310415,7016.153370560128,13.210937291537432,7027.166990808518
20780,7015.210141944435,7024.1750798239,13.264627704414723,7073.1993280862835
20985,7031.568704234786,7041.425683882593,10.595715802919408,7086.5124680450635
21038,7035.0158246345545,7044.021115169158,12.370385052782273,7089.906341426634
20774,7054.849542319573,7064.268305426799,11.15856072187028,7096.398193339539
20929,7058.770378320593,7067.53292175972,12.373301605687832,7098.871445738027
20908,7074.079467298868,7084.079421575994,11.70036873574169,7144.767190420874
20995,7079.2640447183085,7088.042876066143,13.043276751736526,7150.687930829059
20444,7085.429962597543,7095.081629641315,11.173636619878483,7153.190968340509
20905,7098.453527034481,7106.329314367235,15.42157700950938,7155.310600989177
20804,7104.915286080505,7114.126967946519,12.710891813638206,7157.406630008524
20859,7114.259059870279,7122.516656293295,14.788191299937962,7159.923959172362
20784,7119.773634092696,7128.270841761007,12.645831194951068,7167.670110103842
20969,7121.650626872122,7130.391384283905,12.579460638708076,7209.48391322763
21179,7130.127829789809,7140.2114169070355,10.802102182568293,7212.33479653212
20826,7161.260122013383,7170.331406015591,13.084294242847855,7214.457922132452
20854,7171.6277032033695,7181.439470287083,11.979178171258647,7220.833451680095
20834,7182.980337398717,7192.452372656425,11.753917713720796,7230.96719646801
20434,7187.650634437384,7196.144689642672,13.654323690266558,7235.20095503373
20741,7211.317547670879,7220.023283150253,12.117857633158064,7277.859707664293
20896,7213.2084540507685,7222.429037044709,11.014594577372621,7281.702341850324
20747,7215.207719135584,7224.33877135671,10.742928438816913,7285.03279962155
21043,7222.359422803405,7231.514576406448,11.622702679336431,7287.45511008086
20706,7224.169319448543,7233.317606839675,12.157120095138223,7290.481018795554
