1781,48.990187027994,55.30322166303086,13.475873815346471,63.106734161939265
1518,53.80367477948082,61.43223792593653,10.686472865685982,70.52463616171799
1423,59.43122155533152,66.31386012513072,12.357614066820258,74.53044976300666
1560,77.59992346158114,84.36030611941534,12.667416100696132,136.6279283276555
1539,84.4314254781117,90.5906579942086,13.480787916278183,139.20559663062878
1335,94.79619494992139,101.53740524751414,12.867110285639201,143.47829382623888
1711,153.45495743296516,161.01387019213536,10.569505008418437,170.55570662848558
1292,185.49418096509103,193.41730425003922,10.413606179652039,226.66935571205894
1311,233.97162453473499,240.48134359202004,12.50332599328609,248.51256502001235
1753,239.810620857889,246.52355425781244,11.904364321930831,254.86173044142316
1391,241.70089095982982,248.37463745670192,11.618365207996884,256.57673214794875
1530,243.42283082579277,250.16549890315704,11.574100989758833,258.32543903774587
1293,275.4251981926288,282.41094753756806,12.75794855769115,316.3870034997245
1428,277.37025111517363,284.1558904915171,12.208685609098065,319.10642781030435
1354,279.8822327682573,286.0581381305552,13.125340116624455,321.35708158042223
1434,321.99294984484266,328.49489940615723,13.258832705815339,336.05496073013853
1353,327.2047316916389,333.13104995551913,14.45535471189309,340.1194581591462
1556,329.29003272374246,335.3876218166171,13.23174644996441,343.13923669954477
1426,366.9989495695819,373.40946505920596,12.169619389924058,411.11453694057246
1432,369.1444291942775,375.60828558727695,13.086535568156362,413.0880268260919
1433,411.7037652798699,418.38901433933074,12.441549138339056,426.214307894055
1766,413.8678959841288,420.3777645901726,12.72961023269905,428.4347723507964
1774,419.49950223887737,426.43132922818967,12.87290539133223,434.53714876811904
1654,435.60843586856964,442.00079649737467,14.118661937968172,498.90032408637524
1610,441.3930796903634,448.30596883720375,12.59352402522876,501.2989754780657
1650,444.0045842731858,451.37078904607733,11.191138257711415,503.45939156160784
1303,452.98149830656797,460.3204834188578,11.533855508031419,507.3542679739438
1771,499.72696750670764,506.22607836361453,12.108903962528753,514.3484233967715
1723,501.8425067632653,508.27765537022134,12.575322236455216,516.2116823202705
1568,507.4068591416365,514.1374065484727,12.744320999137344,522.0730284214259
1645,512.5071208005974,519.4426192880111,12.10707435681394,528.0042092277052
1436,520.6178089224314,527.1793572513691,13.490045819018572,534.8544011647423
1786,535.6623073231223,542.0129571335018,12.15307422064611,593.4299416998703
1525,589.0280901878186,595.5939877360651,12.3395837112723,603.7314588174326
1346,601.7636179066786,609.4410634874888,10.867862999630331,618.9547880047262
1348,603.6466317646561,611.3457405896066,12.075536604891873,620.8267763691049
1639,605.5749408484213,613.2247348872235,10.381527637522561,622.5735257449725
1717,610.705768761236,617.4474294362533,12.55227943455612,676.6069700831524
1801,613.6543682381101,619.4425947744492,13.510580640749009,679.5105915115096
1558,623.8254814924778,629.2698722352512,14.477726013684917,681.8518808254508
1331,639.91763720965,647.0610837690731,11.147577063054289,683.8653870013163
1376,679.7781242466228,686.1255697255209,14.056590175247157,693.5272903428071
1421,723.1084286738919,730.4851729314088,12.755812843331805,766.4657579555538
1356,725.3089809958107,732.2277420724682,12.774352465859861,769.152501679656
1326,745.5226037734262,751.2707026557575,14.651266221317618,771.3134936698928
1589,774.3370753390494,780.4337938072119,12.212544694972484,789.9676049796049
1419,783.974027668774,791.2228124303823,11.285271544150943,800.067535120339
1159,786.3130229845345,793.1400979332261,11.72524792749076,801.712824814751
1413,788.2335325453048,795.3945599465542,12.170416222660318,804.1348556725169
1396,790.1462296899452,797.1524129609451,11.433706302045463,856.3963684546846
1686,806.8524248069774,813.3377829415688,13.181563168350214,863.084144500182
1374,859.583132675186,866.0229120228641,13.147304165092352,873.6185129070209
1209,880.373726407973,885.6144957420648,15.222361786297979,892.1292428504222
1666,922.1135765874552,928.3355332706493,13.332377349248242,954.3394923636231
1397,949.428401382456,956.0294747792032,11.881681223409593,964.3029030016022
1730,955.2814894874866,962.0085168489113,11.6887583137682,970.474019590958
1673,961.0768881818689,967.4470944171378,13.33811522111394,975.3696801145278
1403,1000.5224889035777,1006.3761424372666,13.665408800814891,1038.934613930955
1799,1044.5852393537193,1052.089476697924,11.290379050509099,1061.2425059807902
1454,1052.1296121653813,1060.357040739302,10.05479533386179,1070.564613765838
1355,1082.9400832774643,1090.2303114243923,12.138590067064403,1126.314825062258
1312,1111.926774440457,1117.354305382089,15.061531508554944,1129.3416038247997
1307,1131.5815226875432,1138.5739215972064,12.218260526990928,1147.1192413830186
1394,1135.4486800020402,1143.4127183194603,9.832564960476834,1153.7488355054834
1156,1137.434870152958,1145.3124641081536,10.060712053691885,1155.5737083313095
1193,1154.612196452725,1161.246491664035,12.392789997322499,1216.578376014057
1368,1172.95252250631,1181.3242612353802,9.863975162679939,1221.9052705513593
1387,1185.4407841467716,1191.1061538543313,13.829256886998529,1224.2535824714926
1603,1219.7698626978474,1226.3045196412622,12.720532234938787,1234.1927889759663
1167,1221.6384137314446,1228.0918951644283,13.104413068247101,1235.911770719238
1321,1225.7858732931363,1234.329945734976,9.283471713235336,1245.0250317405614
1297,1227.7292184216037,1236.29460915966,10.248353138292403,1246.9930825861127
1336,1263.171994180812,1269.5996881695926,14.377566079757475,1309.1719166559662
1333,1299.4762500858099,1306.5578275502876,11.778297242573926,1318.7801623308767
1173,1309.8460691657053,1316.3180851895436,13.25723907457883,1324.1677358861832
1430,1315.5633787270644,1322.1446248484049,12.054964162178834,1330.5358633108829
1384,1330.7629909154325,1336.2459748903748,14.743645096758613,1343.0304059335538
1744,1344.8623634895864,1351.0692101472473,12.829267763185676,1396.6569239450293
1401,1410.2286787547675,1418.1595590149211,10.784161270589557,1427.686814326958
1688,1412.4933697745523,1420.0606482815797,10.16337410793771,1429.6484161524293
1700,1492.3478406187296,1499.0536833578158,12.363330368821696,1507.23052626915
1315,1522.6522287585094,1529.0336360040023,12.209115695660065,1576.666581411833
1381,1539.3820516821402,1545.2422681576434,14.23548372223086,1579.4668094718147
1358,1579.2988261731418,1585.2528864785786,15.078229313417566,1592.324976562416
1316,1587.177698494082,1594.3668276670917,10.644029629959432,1603.2659299996435
1636,1611.0502616782958,1617.0736198628974,13.637390700436017,1666.376438785755
1404,1625.4563601514285,1633.2043470140375,10.191917960117832,1671.3186212496912
1386,1631.7857001586633,1639.3526164200805,9.944822069010252,1673.4679489534499
1808,1669.5088043697037,1675.4495666454543,15.604388784922575,1682.196757576101
1545,1693.7910917856477,1700.1123776249253,13.112596371218713,1756.2985500673221
1361,1695.6954250288322,1702.5412524909377,12.21127252602036,1758.9757065428598
1664,1705.3628691737354,1713.4380011358348,10.105450871292131,1763.4235552113455
1793,1707.413425483341,1715.3601964490229,9.573995075530076,1765.5701975680117
1317,1715.1474897459366,1721.3728584755725,14.3686801136454,1767.3110059819783
1341,1717.0281890690533,1723.116081747737,14.020260278432131,1769.2571185508468
1735,1759.5122478948108,1767.1689630444525,11.100723216115165,1776.3756437136421
1201,1761.3865838601207,1769.207523241222,10.996204587924115,1778.8466103560913
6956,1852.112418173881,1858.4954375653858,12.086171241451572,1866.5841845468963
7166,1872.091711919756,1877.613489204225,14.945042483840936,1884.618383008225
6804,1883.2473164330625,1890.3588689187652,12.072935011436554,1936.5312280576995
6805,1892.7148635212943,1899.249358945719,13.877762454301543,1942.1298508212421
1308,1897.0779171334418,1904.2791699417826,11.163345110589313,1945.3308288239398
7072,1965.5845258665938,1972.2832008566345,11.582247102592055,2026.467809146066
6848,1988.5491649971952,1995.023456057037,12.489214192007546,2029.0467964079123
7271,2029.9310234128784,2037.0291632885057,11.687098482308501,2045.855993049583
7282,2033.620322641893,2040.529959290412,12.582423604866982,2049.4267041809135
7231,2035.5082130266926,2042.2946212070062,12.231641578349114,2051.2310128999757
7148,2049.439106936511,2055.5526305487724,13.093550452653767,2063.2930706719353
6810,2073.0116219983533,2079.330495444424,15.16651851462703,2116.3662307734603
6900,2137.014603009744,2143.2779845945865,13.44127346254543,2150.7988684500046
6827,2141.526095885308,2148.206345134065,12.642631892069469,2206.3788622981724
6708,2167.038488435826,2174.4033041198522,12.752510796164875,2212.983373190966
6890,2169.191336372267,2176.3583142107877,12.62282379033646,2215.1603211644774
7049,2213.9659576274303,2222.384176228659,10.48620752660938,2232.5786066318938
6793,2224.10195150856,2230.309180164482,15.635877331058259,2236.917400698641
6889,2226.3977914895963,2233.5446924613743,11.316919981276287,2242.582320870081
6938,2247.140690459857,2254.446986000377,11.71045653458683,2299.525723524665
6918,2299.370733544754,2306.1316999611195,12.418811375640697,2314.1602923705445
6934,2305.939525436605,2312.6129872758393,13.027893688249057,2320.3936299289144
7086,2311.201610228121,2318.115446849129,12.124740183993516,2326.624337870139
6919,2331.4644229726755,2338.0843165139077,12.389182023617218,2386.834856949257
7304,2396.283516756807,2404.211113978687,10.87154327221149,2414.0100125517733
6823,2398.3426006518102,2406.1262673811884,10.677794765728533,2415.9302468601204
7004,2400.3519068808796,2408.0623860259434,11.641048464459994,2417.828034474985
7033,2486.9385061518,2493.5714200000325,12.991124399461441,2501.682510207694
7185,2606.8608131823567,2613.154813533237,12.554211303147847,2656.5983002740195
7252,2659.5296998171184,2666.0577727782356,12.558013766579029,2674.120199170404
7044,2661.6791462859187,2668.4678415838266,12.076668260979734,2676.868928591845
7239,2692.8992160934013,2699.203684938256,12.5989415083798,2746.404041949881
6903,2705.590813485156,2712.299346121283,13.374452447708615,2748.9107402338327
6795,2719.574268168175,2725.5442880382675,14.171199252497427,2751.139625941153
7235,2748.981009160713,2755.5115123426635,12.572705685181797,2763.5190871971977
6812,2754.3526047831647,2761.1741833498254,12.615041317431137,2770.010675212911
6961,2759.593408299058,2767.2563490844127,10.312148070781419,2776.5303614115574
7262,2761.9311886635696,2769.295585267389,10.500552549928942,2778.4058074629916
6984,2768.5293493164086,2774.2711286681533,14.392915907089195,2781.391653482261
6803,2792.91257303826,2800.4501384670807,11.830606250570549,2836.8168763713375
6824,2795.083856072192,2802.2434162788477,12.255003671876585,2839.3595763501307
6862,2799.794188417734,2806.107983773585,11.590808380027138,2843.7660085607486
7093,2846.157909179885,2852.2969110178224,13.670037947992313,2859.8876288538727
6816,2891.978930015118,2901.3316202898104,8.838618661542306,2929.0032452604064
6802,2934.5510841663804,2941.050227244001,12.36162762374136,2949.0672605672307
7074,2936.3879927458356,2943.4972568324088,11.713009962533512,2952.412829262024
7079,2948.7549782842634,2954.21056524885,14.695796088388125,2961.0055209461198
7276,3019.3349019401485,3026.329725109096,11.284789196631902,3035.050713015852
7097,3026.180643987215,3033.10558785687,11.983984747528787,3041.5477550750475
6885,3035.7839035847164,3042.2389786076733,13.19527591624816,3050.2745169961954
6835,3122.9158726218457,3129.351212789815,12.401907310681002,3137.508383527409
7024,3125.0768563209526,3131.168973922277,11.839959895053733,3139.225638315705
6811,3155.4763753392044,3162.528721264131,12.839353998693351,3196.3064974448844
6818,3184.065784383656,3190.247845070194,12.959336132315713,3201.2791657318844
7041,3207.7792791008087,3214.486635544528,11.776310508437295,3222.8860955879686
7214,3293.381160774123,3299.3338407582687,13.411791802365935,3307.652565506892
6799,3295.8265881295024,3302.1296093574697,13.258888350784462,3310.1335010173
6915,3326.9759438136102,3332.6131128965108,14.466160825881547,3376.608931538742
7290,3335.496218830033,3342.2566626532557,12.399494482917184,3379.767741692659
6655,3341.077449216137,3348.2286194663684,11.352357043123092,3381.8996441127388
6875,3382.071588935147,3388.5597437975853,13.554539255660961,3395.934404352173
6650,3387.5845922812596,3395.081529134524,10.638681020112498,3404.2232558911387
6957,3392.2518645060422,3399.4031575400977,10.99994474246651,3408.3219734804243
6797,3394.156318840838,3401.241982426058,11.530517666624709,3410.100889335148
6947,3398.291522750758,3406.2034636741064,9.853045350989825,3466.605259166657
6840,3422.658051030725,3429.522460326096,12.480187286114987,3469.5301235842444
7055,3485.5011449100707,3491.242148732868,14.30987523686932,3498.34404019256
7285,3494.7136130718604,3502.3071762106556,10.929872079363111,3556.41335555447
7135,3501.8401326324247,3509.10703709338,11.04713406928674,3559.260589451923
6853,3515.2758080124677,3522.271765947871,12.326823861668142,3563.791524000547
7037,3563.6164805437575,3569.5812620852316,14.282577729091749,3577.0459872236092
7265,3565.449681308962,3571.3618148456007,14.473051064316044,3578.788573209824
6886,3570.449151282568,3578.267037596354,9.897795864495661,3587.918980969614
6794,3606.8533677260484,3615.196516341907,10.306153605493524,3654.120854832927
12721,3651.364009256011,3657.5285059306043,13.253312603158935,3665.0714995852577
12335,3672.4046752670592,3679.0415173272363,11.836690140748674,3736.7264920955618
12571,3679.296362969437,3685.1189550642566,14.052248779083293,3739.325473181603
12300,3702.535815243964,3709.353445263004,11.62655449799427,3741.3956681930576
12413,3708.4589777206006,3715.1766888320567,12.002375816804953,3743.329294140098
12320,3742.1975738666365,3750.0896318369646,10.237085915724542,3759.557799430586
12423,3744.043367469807,3752.050695787499,10.780235554810911,3761.4855917433547
12568,3775.290294126186,3782.3450851468665,11.576483815926736,3826.382700998749
12377,3833.404211677791,3840.49855989922,11.1254877536586,3849.4632285248704
12694,3835.546284326022,3842.3676369158525,12.152285307689711,3851.376402738011
12375,3837.4015106257775,3844.1261481385304,11.814310357217622,3853.1702282253577
12294,3845.4283171691663,3852.115420951468,12.826527034123437,3860.3402225836053
12350,3850.0604895034885,3856.5392982311378,12.395906946260096,3864.5163028406255
12591,3851.7958708224764,3858.3075172121107,12.109996435648265,3916.4521688527066
12366,3924.1035364181375,3930.4213467966106,14.104480497876919,3937.3420409944033
12211,3929.711734093114,3936.4025142335604,13.256900431683096,3944.332953163661
12719,3955.3328102700443,3962.0038729633825,12.200700347069649,4006.449106475661
12303,3965.5665086709178,3973.253543363915,10.413344560212478,4010.0835007763617
12317,3967.5472331711394,3975.1817534416973,11.058336273048809,4012.7605692883885
12346,3970.836666542507,3977.438697731386,12.80051170193754,4015.0899941612092
12551,4017.1771775164466,4025.117406190643,9.827707444994989,4035.040256965471
12306,4067.3013865919315,4073.580051366372,13.022427191266386,4099.5858997336645
12372,4116.963418177982,4123.314089574667,13.129774644469759,4131.359610167373
12340,4151.99871987175,4158.257042193475,12.971440924868764,4189.934538048984
12351,4162.412928651932,4169.531050173037,11.073698432501763,4198.553033059904
12766,4189.399944124879,4196.527016640632,11.105898042284776,4205.275911563992
12736,4195.3175648390925,4201.281387371308,13.320599375379837,4208.598173618001
12678,4209.062433583235,4215.291427469681,12.88647659203247,4222.980119868759
12587,4210.905241525366,4217.08730732058,13.791664103995922,4224.628488724343
12602,4212.96389677846,4219.499393652971,11.859748530536205,4276.817028843196
12305,4239.435166245343,4245.162758481435,13.79977754911058,4281.8832697162525
12381,4279.40419107624,4285.549651576136,13.839607599319441,4292.845301729803
12703,4281.292143804162,4289.096392659492,10.12955538059955,4298.816919361397
12433,4283.300492937075,4291.015820794418,10.274983174101509,4300.524422176626
12379,4288.861946510679,4295.568337176798,11.94207506375941,4303.732102957998
12376,4292.586573317016,4299.377266088397,11.43187583406783,4307.806883618756
12343,4294.530291405912,4301.283547299802,11.395705445479571,4309.629383636896
12732,4306.956136165009,4315.251747541769,9.6682929451624,4366.6902160371565
12399,4331.579405433139,4338.020760017452,12.53095491756243,4379.359411648925
12607,4384.001554588006,4390.522142133868,12.595479636873257,4398.555517619261
12420,4390.82127343421,4397.148759913216,13.7651600466988,4404.797411550515
12338,4437.045286546858,4445.06581397269,10.293987302142488,4459.061893314265
12789,4459.362168051763,4465.161250888569,15.140823194778557,4471.92230757291
12333,4478.929587039574,4485.531083859106,11.602265231402626,4494.06798479582
12454,4482.730663754891,4489.024120265199,12.84510686825662,4546.81827953072
12463,4562.863635934537,4569.459261215851,12.64567319621977,4577.521013944794
12358,4564.664196784898,4572.1071213159075,11.754284048283523,4581.163601873892
12327,4593.033369337093,4600.520422951984,11.535041424267149,4643.017826784932
11658,4685.25068739044,4692.2887409823525,12.024501028167856,4731.694183790624
12415,4687.267389630058,4694.068216924937,12.238390976233394,4735.826502189666
12336,4689.406071763558,4696.093122973137,12.268704587222585,4738.968969255326
12797,4732.033385359204,4738.576461431817,12.139828684247714,4750.731153316623
12326,4738.245926707801,4744.35383074486,13.47388771158427,4753.162701085509
12387,4772.994353077166,4780.3709073920345,12.236104868098616,4822.254062727204
12369,4915.527199090664,4922.516029130075,11.474747805791363,4931.192130350609
12296,4917.425196483999,4924.385870835736,10.786589532764314,4933.089506205465
12422,4919.298736279947,4926.196099329058,11.364896178359245,4934.854899508551
12536,4998.960236883066,5004.632522092641,15.434697552426927,5011.314683741387
12360,5001.670694981468,5008.405610485956,12.395376243191489,5016.813563759631
12744,5005.70954051066,5011.462544891051,13.638964415722237,5018.7954970495375
12749,5007.643735242395,5014.0718729915225,12.17586466101981,5022.233509629985
12667,5028.539487684705,5034.075019374496,14.94758225617641,5086.34721403727
12790,5089.946171026585,5096.332980214838,13.894192335891352,5103.69906572953
12139,5092.0561849685155,5098.440457480226,13.18106941550612,5106.033530250478
12669,5093.9439902357235,5101.418917805173,11.065449765369214,5110.754474721991
12313,5135.542668721876,5142.295608127172,11.804059250228171,5180.027774610981
12364,5137.696353496764,5144.323553422408,11.944837156028212,5184.428073754565
12760,5181.975592325352,5189.223046148626,11.14956880810955,5198.192433701372
12349,5186.058243742277,5193.185378729656,11.316132532131997,5202.144228136009
12363,5188.092572763537,5195.006055004114,11.376790370479247,5203.9274090618765
12573,5194.267862844591,5200.544107993762,12.401157947719774,5208.379110798715
12367,5249.248929427947,5256.388929056046,11.90924832925871,5265.811899191549
12342,5312.849252409004,5319.308232994831,14.530497796628536,5363.352781155865
12683,5371.539993119345,5378.015092016553,12.651680209458037,5386.118636901548
12616,5373.436984189258,5381.260914426111,10.186297101357543,5390.778528140218
12707,5385.46129398274,5391.132917695459,14.29831661508307,5446.623473218938
12337,5403.040974395387,5410.20207221409,12.021633759884427,5449.194174250096
12123,5411.162565031361,5417.434564194564,13.3046178719945,5451.305804739732
17823,5495.584578327313,5503.176934800631,11.181041402350997,5543.39138548278
18030,5539.284228344494,5545.274018826249,14.647875220969249,5552.266271004983
17906,5542.9860414536,5549.12814218286,13.329114194458864,5556.882157626919
18120,5548.518067728581,5554.546547034181,13.293466740125252,5562.438326656351
17868,5553.58627062223,5559.340988255757,14.323276289103552,5566.544248544927
18251,5565.66436387784,5571.578555564658,13.570223569036385,5626.570077051245
17875,5629.5070699125545,5636.245744783742,12.063055042402015,5644.394940966183
17928,5631.411845362146,5639.136307356579,11.025331867304141,5648.525508462211
18113,5665.9744801931065,5672.4712704668555,12.475850807812051,5716.575862745361
17834,5667.711071573103,5674.321204404538,11.955311161047687,5719.0150919144235
17792,5672.939410896924,5679.375463347772,14.218397678799255,5721.193527400273
17794,5679.792276136939,5687.10700555037,11.80896871466335,5725.149569967243
17827,5691.473257071083,5698.195381916004,12.506072370530243,5729.206573534062
17889,5721.940318566951,5728.040872338131,14.108913290072081,5735.45231472941
17841,5762.886523674332,5769.398417139784,14.091613969440537,5806.318333733208
17847,5772.666756851996,5778.5266978268555,13.514338340657881,5809.146908079662
17900,5787.140761426481,5793.060000721927,13.018819726083064,5813.427611419376
18301,5811.875105266343,5818.474581047183,13.201529232097968,5826.406111559547
18250,5834.267410015538,5841.381887856001,12.13701254926158,5901.761426769712
17840,5844.713771949916,5851.5317974489635,11.634410868877245,5903.81349861441
17820,5852.772600623855,5860.198228658423,11.428790054835975,5908.289454421093
17822,5856.966528286213,5864.4028537372105,10.697252457739536,5911.057670640852
17890,5859.123802131579,5866.385256374302,10.937687525245178,5913.262673416481
18054,5899.645268490532,5907.18572113426,10.676923350623387,5916.78268582758
17836,5901.496046569746,5909.120484498345,10.213361106196132,5918.777065893064
18205,5903.442558689039,5911.437123368496,10.188326677651874,5921.503534462871
17825,5947.976298424426,5954.321070714519,13.648126704838587,5986.338409686185
17893,5957.062635778929,5963.311355714458,12.923508213339598,5990.982141688231
18003,5989.281807837701,5995.389992047833,13.93741757971354,6002.720801577929
17865,5995.040774775197,6001.60176683613,12.742351612170564,6009.658250248607
17690,5997.0538052357815,6005.151367735168,10.198420047143458,6015.155936988999
17821,5999.06847321413,6007.127306949327,10.587501927531887,6017.098351790279
17884,6004.266530174778,6010.510371445203,12.800079094779479,6019.09959407035
17791,6032.969454611145,6039.411776729647,13.751844644246157,6079.433202747317
17795,6035.103075441881,6041.449106785281,13.88343366343452,6082.26163745613
17799,6037.08644324667,6043.4649666141595,12.759156654694424,6087.906553926529
18270,6079.421706795694,6086.148065320588,11.762658891327861,6094.817809548485
17883,6090.817697198185,6097.285746318921,11.992711030844415,6105.4347138951325
17918,6123.053730705382,6131.481336654458,10.10776175334153,6169.183194340659
17852,6125.228323144075,6133.369667843961,9.671115997122714,6171.298224889649
17707,6175.935180722472,6182.352810255776,13.021257023922562,6190.357353661311
18125,6177.684604642943,6184.17559169225,13.370485691337166,6192.180146754275
18208,6198.3273375999115,6204.506343905147,13.503590094139794,6256.620127128368
18263,6261.3568759480195,6267.515078405527,13.772911195684658,6274.751854036431
18095,6269.100225521798,6275.581022508487,13.049364524766705,6283.649603256967
18046,6273.222774747978,6280.396095168484,10.952762775422137,6289.494404952167
17925,6275.037640669933,6282.247436529277,10.151355393509924,6291.340438205328
17891,6326.318895486916,6333.030953398571,11.93665205887837,6348.730076610899
17830,6354.056288048842,6362.065618130057,9.709061409560496,6371.940170472058
18235,6360.753262600643,6367.588178938342,12.898649947058555,6375.504413387934
18152,6362.761942176851,6369.353589212907,12.957217461150004,6377.196255378417
17895,6364.735415107173,6372.21625011108,10.13022275743963,6381.831111039076
18272,6382.871569112434,6391.251345085766,10.385560693111215,6436.510213814416
17826,6404.767336229163,6412.303976947412,10.331134514101803,6440.595393959466
17808,6424.317607877163,6431.304803972451,11.947377040364032,6445.324973224249
18168,6444.146764042011,6451.517785679357,11.972036987696056,6460.456653063158
18209,6446.1235937602205,6454.187920854771,10.75560554410766,6463.9938992886155
18157,6449.254580200241,6456.205845807866,11.221753222284715,6466.026280448704
17923,6483.345131425679,6491.214149295602,11.464754189957521,6526.351876999765
17881,6531.933283461064,6539.121295838371,11.114289398591188,6548.014871833822
18216,6543.168781024313,6550.159060057255,11.384919268865048,6559.051918791012
18163,6550.206163258108,6556.336836148242,13.118796012206552,6563.959639185511
17935,6575.374651321761,6583.377288603767,10.44048090434986,6619.224397471119
17860,6580.555111163106,6588.023099391353,11.36743401137693,6621.344183767435
17914,6585.4936262925075,6592.0686324142325,12.725262631757648,6623.522803355994
17652,6619.559871648343,6625.625412839853,14.682010078777871,6632.639557176149
18127,6624.017729017908,6630.3306896869435,12.90596546556461,6638.231655347463
18139,6625.8642320199615,6632.309398452263,12.916327666666287,6640.332553719739
17824,6679.683155718556,6685.43102632466,13.823961326351355,6706.507067792351
17850,6709.297215347198,6716.227809088951,11.816772545356624,6724.668689909063
17837,6746.943361469944,6753.398515481448,13.166420189572378,6796.366382180223
18034,6823.769249351433,6830.144138521949,12.951079812776785,6886.5061322727315
17811,6860.592128659325,6868.4143006605655,9.813516228276654,6889.458502129541
18098,6891.619610101842,6897.168087571035,15.313465761103341,6903.699484406546
17669,6933.311302272818,6940.56138751319,12.846367279269474,6976.5007422070785
17711,6941.430371537208,6948.254700143957,11.692471615876112,6981.5106079884235
18176,6982.273655329673,6990.319016613625,9.421260175671822,7000.4282742002415
18215,6987.69741480085,6994.345672625886,11.807141966129445,7002.576195128176
18278,6992.7971473546295,7000.218364249647,11.769642562134557,7009.181829296078
18180,6994.776392573973,7002.206539593196,10.843463300437,7011.20634940559
17912,6996.776884905162,7004.08930582833,12.10125443765662,7013.0750806215765
18006,7001.612833044296,7007.427335178215,13.329398453859433,7014.969053705252
17853,7048.51984274847,7055.0308953083395,12.519881484159646,7072.094582705944
18088,7076.305115706943,7085.083809298125,9.109071169128327,7096.144721061887
18204,7078.398988807651,7087.130319035687,10.253972517431041,7098.214604169819
18146,7093.100436164677,7099.5892252923595,12.603579575912985,7156.89296828024
18099,7167.7036950793845,7174.473994162775,12.619706611331639,7182.445626723512
18191,7169.778426688016,7176.204599132824,12.762609853395999,7246.285632494915
18100,7193.062578509677,7200.274377066442,11.516934179878133,7251.6319186364835
17901,7208.366739291468,7214.50345456676,13.483206646208355,7255.578294842584
17931,7251.828706448521,7260.436095440362,9.298171324474081,7270.865664457313
