198,109.27744637585216,112.13779279330257,13.508583430777225,115.2010173176891
57,117.66071729747256,120.56636086884315,12.906474976557003,123.73075606342623
248,119.38800310177146,122.30970619505815,12.300544392954457,125.49482132325635
463,144.0035663602627,147.50431937959434,10.421093311463423,151.37140931254694
1063,151.45874493773505,154.27111878484925,12.654380910406154,157.38421045560162
743,153.79968496697364,157.2238403517632,11.596567580992863,160.8764413395053
514,155.6604362845557,159.09644072545578,10.49629116690227,162.77451316031537
414,163.14749129149354,166.1458829955779,12.624087804518977,169.4467224098312
49,168.74902344345975,172.2785312016829,11.034097611167136,176.06587605692238
43,197.95257351780785,201.01528983468503,12.256120913637107,204.21118609626046
12,201.58965161295757,204.17898391728062,13.726831273789493,207.04709791973744
426,296.5157608512542,299.27460271970494,13.76755077183428,302.24523930127623
287,303.0626436469353,306.41262833685806,10.856117970753326,309.99169463220596
274,391.2741219395035,394.4592100292288,11.326160122167183,398.08729314800837
398,393.34695007874024,396.4040602709214,11.531896197596971,399.8970604898931
382,438.0112346897776,441.58052907180615,12.966824861028169,444.75366023956286
727,502.06240127594725,505.31873791098946,11.18154375622514,508.84394016965064
516,504.0253751558351,507.17296891982085,10.893454882750474,510.6868206947444
464,530.0537650936076,533.3168021709175,11.460083922050176,536.7905166842351
197,546.4359144534751,549.4177469372567,12.11340994481663,552.6089668021918
174,548.4630496554879,551.5208770076414,11.791828932812056,554.85281160522
389,550.5055202009972,553.4209243756862,12.919182120875586,556.6748430312545
387,552.5402402596239,555.5354295188947,12.946506100491488,558.8848426458526
295,554.5531246809888,557.4388592832354,12.462490112504897,560.6287091457726
15,556.3841949484821,559.2238428478606,13.087677938138121,562.402676606079
207,559.8545065944046,564.2669479855107,8.418293832777268,568.7930785451359
272,573.4685249384958,576.1927307718736,12.944018318836815,579.1294904647299
54,669.6631762059264,672.3527663439085,12.967210224370683,675.2925736510002
3373,682.9969426100882,685.4969491556113,14.681545787968297,688.1404209032625
471,686.864971562823,690.0643496407541,10.756814571392633,693.6322194385269
501,692.3123597719049,695.1748959834692,13.159180635289912,698.2917802063417
55,700.1170103420388,703.406579487628,11.947365529400333,706.8230527433908
294,742.2417540611217,745.386855447661,11.476781905731272,748.8401645853708
421,751.3013823160618,754.1126707255947,12.42567437496915,757.2068735904271
35,796.9734530268745,800.0445184097215,10.974450999938362,803.646054001281
1110,865.4186168511599,868.225685076977,12.370365041397248,871.3550212901548
1025,867.4326817041631,870.5591291772184,12.081399680599358,873.9639312823924
678,869.2356257391995,872.360682190523,12.82222000733643,875.8042707985558
27,888.1629945668095,891.0833221795127,13.065798392189107,894.2795608859287
1076,951.9719695606943,955.4149429264763,10.452481494024285,959.275924757139
275,983.4093353357998,986.4272937765575,12.339140527227018,989.5468413221687
380,1016.8130902681338,1021.0098513155881,9.721851130821841,1025.4300761893078
56,1030.1475196764966,1032.4349503523754,16.17420449115463,1034.8936154083483
25,1084.2726685995094,1087.34275453017,13.075234673453993,1090.4469158188676
519,1132.1648123356965,1135.348994602623,11.915116863591617,1138.7470148237473
497,1134.1284581229493,1137.3134469266724,11.34167016203357,1140.8064644156052
704,1146.3265306378946,1149.2641600639809,14.354764123547712,1152.1677694868981
422,1148.2767653767667,1151.435398081242,12.21616011402398,1154.7844686303317
396,1150.436768381603,1153.320659268063,13.080266654630613,1156.6047155564363
456,1152.1996791948654,1155.1112805089406,12.21345565230401,1158.3664908922744
479,1153.9970436112103,1157.209020985627,11.137641170811175,1160.7348365213363
1101,1165.4481877095304,1168.470307526984,11.383048256276298,1171.8413928248342
65,1174.7329435778393,1178.0160983511373,11.725314399656057,1181.437159489911
299,1189.3204267072658,1192.0247468628686,13.419696346598403,1194.9049081335513
199,1198.4229020958535,1201.5712657339304,11.880281868124047,1204.9975782642707
404,1200.3451325507442,1203.3517663585033,12.229692447175928,1206.8699613651581
192,1205.5519582894385,1208.156531412517,13.4153458967964,1211.0360252861637
63,1209.6033042924573,1212.5642716068287,12.769401667733872,1215.7459702635203
283,1290.032632112962,1293.1881303419434,11.642909853308224,1296.647865901214
191,1291.8465228159312,1295.0206772577835,12.367479746099189,1298.5176339349814
37,1300.4329296718045,1303.4909826826367,11.568303448069265,1306.7997699583784
504,1399.5697321670905,1403.2915295115056,9.81799943961858,1407.375235804086
1015,1405.3423905367488,1408.4427651265346,12.536327118552634,1411.5452077711973
724,1418.5279450640544,1421.4160111473932,12.693640568167247,1424.4851156609016
1061,1430.8515621092072,1434.359425355193,12.694392396105616,1437.4632480332664
435,1432.8989584251917,1436.2412430369582,11.933278389269994,1439.6236767512244
522,1438.2783933699204,1441.4845536296634,13.337034421649237,1444.4327323608388
257,1475.9327546170662,1478.3391971170342,14.975570810084868,1480.9716541936893
21,1480.161124103773,1483.022680485973,12.263203854834682,1486.2640198580807
1112,1489.5217361881987,1492.5840784935199,12.38454988860286,1495.8235737670973
290,1497.9923172629774,1501.4493114690192,12.039488189755016,1504.9779347072897
686,1519.6246450050976,1523.1000487136337,10.30540799298784,1526.818532174521
1092,1521.6896132151876,1525.063086934816,11.241155349998477,1528.6886545855039
235,1569.022737289789,1572.416040790904,10.821180803402322,1576.026652838925
482,1588.8668845019433,1591.6305902684007,13.626916710098143,1594.5590761426595
3,1624.260650158159,1627.1993281077653,12.725236331455415,1630.2704483820578
258,1626.552591880947,1629.5019304393684,12.960436627890939,1632.64773759484
270,1628.419674926267,1631.468415066895,12.142475298457116,1634.8181405509356
288,1630.3929270528934,1633.283965758313,11.275572753135686,1636.6359013770186
41,1636.1937143152766,1639.1484185642807,12.52313514996666,1642.3763030620873
273,1646.9174757918045,1650.2827091280594,11.306724551362525,1653.7463402965197
365,1648.8010346023168,1652.1535248121188,11.968318383599858,1655.5897711457203
51,1657.590102767605,1661.0407963802866,10.31642147139748,1664.7894500239008
534,1670.4362770435057,1673.3660125934646,15.728127401392456,1675.9462751493356
462,1672.3874522625613,1675.4231276497826,12.642974403862523,1678.681761403343
3776,1688.4460957850365,1691.1663082589946,13.88318032762601,1694.153801560891
470,1694.706631438858,1698.3963324240374,9.407332560457403,1702.6537490851144
458,1696.7008077321366,1700.384719438078,9.277509777477432,1704.6650739281376
446,1698.6997984503705,1702.4803939109645,9.651864252206929,1706.5593031973435
372,1714.454044694592,1717.4554633994312,13.461240021520243,1720.5829384261308
282,1732.6658863060136,1735.1713252977643,14.580017105722977,1738.058022583946
60,1749.729013791333,1753.1863153181744,10.78573078399761,1756.8826567718486
1043,1765.7475107791254,1768.4420933919353,13.15611385619625,1771.3814600879523
517,1767.4722119586731,1770.181564120118,14.547513142471894,1773.0535803983248
493,1769.22364895408,1772.107437943437,12.45385786144014,1775.2895955599272
438,1777.7042192237977,1780.307160357178,14.686695344038982,1783.1402824426978
5709,1909.7311263354259,1912.1369727606143,15.894313338622888,1914.740593278058
5535,1915.6478149592924,1918.3262834122136,13.816324078755242,1921.1727982861198
5555,1923.1729025869834,1926.062433623316,13.007714848248385,1929.0886977173122
5743,1927.6366770525551,1930.4326504284218,13.620483838858597,1933.4265280843344
5759,1997.646017361456,2001.1832856381739,10.710276893390896,2005.0258579536394
5761,1999.7941107070722,2003.0662874864104,10.762724011810546,2006.9457074810407
6591,2031.790531129545,2035.2414953034702,10.710286216429923,2039.1245553734427
6183,2034.0666283830465,2037.2034448360157,10.984987050848892,2041.1069202240224
6209,2035.9182919136033,2039.0325342756246,9.444715783501682,2043.041908790629
5959,2038.0447850161358,2041.5104229720564,10.384420982732951,2045.3462668400036
6585,2049.1045664546587,2053.193494026685,9.286453644916621,2057.551181638871
6190,2051.0923216589144,2055.245214626131,9.079152437070507,2059.648175262434
6000,2056.743685250007,2060.368693259743,12.009351833420174,2063.5449451631384
6033,2059.165539056953,2062.4356869030576,10.73874011062643,2065.989001756713
6597,2060.9743413573465,2064.242137860152,11.108785864631546,2067.742803951873
5795,2074.9119962295867,2078.404623615848,10.733254566026401,2082.1754412236596
5879,2076.893574262454,2080.2610144103664,11.082339229789529,2084.1176954280445
5673,2092.8590625964252,2095.5654788687993,14.014851290754962,2098.406152408774
5678,2099.0216301911473,2102.3595163550667,11.238304666339397,2105.8304305179
5688,2100.882366576943,2104.208241404348,11.289408751998424,2107.7113969674383
5564,2184.8314697253577,2187.6006024714025,13.595417593452819,2190.6225747690646
5575,2197.0082126284087,2200.3779048618308,11.119389560296977,2203.9560377382504
6556,2243.732982487895,2247.156232199171,9.836708294428943,2251.372069346497
5553,2286.5816760611665,2289.362050530554,13.105062848288748,2292.3989058935463
5729,2288.4138401585983,2291.1913517043868,12.839258685805177,2294.273475526909
6032,2310.576717730001,2313.52507684849,12.941296844083057,2316.645252889599
6199,2312.27494383552,2315.193233378704,12.173503427133364,2318.3553378204033
6016,2319.2560685045896,2322.4476787715257,11.917634498337751,2325.915951171126
5975,2321.028253745572,2324.274517018941,10.777859445062452,2327.7537723898295
5929,2344.7201990818485,2348.206690231238,10.928926358859558,2351.9800544790733
5932,2360.971281701959,2364.232745619094,11.300384897844229,2367.8575228545824
5909,2366.0248256921755,2369.043960344179,12.56874906379945,2372.38755910877
5892,2389.396639685561,2392.3205038486785,13.291234072430461,2395.3783364387527
6607,2391.686117287412,2394.4140712767003,13.57884943981621,2397.2980479912603
6533,2396.0827769812117,2399.264657029956,11.563026741053678,2402.6051294994795
6580,2397.974050453939,2401.128259396155,12.85293770268355,2404.4026836339717
6524,2503.3570159615324,2506.3639578972907,12.563432791229069,2509.6154296053874
6569,2505.5863813966157,2508.554290935717,13.086642268273561,2511.7194094219194
5794,2541.2792763284797,2544.499604107047,10.39616611035502,2548.171990445037
6609,2597.7807522609437,2601.19931049066,12.890206266861577,2604.3104821404336
6606,2605.456593285692,2609.0474872272025,13.884567916575048,2611.8273431172156
5713,2625.3791293098893,2628.2034874782858,13.247261408467672,2631.1948503804724
5733,2641.247291935826,2644.235566700582,12.1318779675852,2647.470066828489
5556,2650.809662398317,2654.136991755713,11.314369125723095,2657.687059318243
6030,2671.6737850154755,2674.519761575263,13.430329456826836,2677.5211188895596
6193,2684.015383663244,2687.1775763298756,12.480550406749169,2690.3554268526827
5534,2737.6813668163827,2740.4303013513727,13.562008091402655,2743.61410454726
5979,2775.231787124019,2778.4293703544204,11.99636231024721,2781.925526717465
5980,2777.0439945823746,2780.2134618442233,11.034781898715027,2783.754052857054
5513,2814.3501011615263,2817.36213883707,12.608490530859996,2820.6234482189416
5910,2825.2961532721065,2828.1990358166668,12.66898719745584,2831.3202213325458
5741,2828.6564803278725,2831.3611041676672,12.988248537738855,2834.2704628002502
6021,2849.59430858414,2853.123152978465,9.949562607282372,2856.957258265801
5805,2898.6593501349425,2902.1232172689693,10.61434336808975,2905.920893690041
5775,2900.6981869599163,2904.034938460078,11.3299681129623,2907.780091476746
5552,2902.7729360107114,2906.0056363904378,10.828033322717676,2909.769118643161
5770,2911.0985015991846,2914.2395365347265,12.144185755148468,2917.609449755313
5711,2912.9235510396916,2916.1162142490857,11.786179662637174,2919.5005449177474
5878,2915.245636715049,2918.4298374210066,11.889702792789246,2921.8149404109636
5797,2917.2575208273756,2920.3428541939197,11.295843352263681,2923.750614601383
5874,2942.2846941822186,2945.203551817458,13.35525971380831,2948.1230410918706
6602,2959.8958545596897,2963.442194667062,9.983624218930002,2967.2038656488407
6596,2961.786344694424,2965.3349214205377,11.400569779774333,2969.0192879658803
5989,2965.5880620689527,2968.3372379074335,14.151874696114243,2971.354103517986
5886,2985.5993383718487,2988.4331617910734,12.825009766036269,2991.507569863238
5969,3020.083539987959,3023.1313680593466,12.79410672457132,3026.2679567968285
6554,3022.119592050317,3025.3557069192775,11.697544739918865,3028.8231809277713
6022,3023.8237721676996,3027.178717856584,11.533966900052114,3030.649848325597
5773,3032.2987798994886,3036.189632403947,9.857019734102668,3040.3369200111624
5875,3034.2919001011196,3038.209115110239,9.743839547238503,3042.3768088241413
5903,3036.289580540951,3040.2408810437755,8.958557039952671,3044.342846336131
6527,3041.8217353896152,3045.1523663508465,11.215649759510857,3048.73872791113
5566,3088.8645903608453,3092.0190269902355,12.145841044556139,3095.404926301944
5868,3100.6342442262676,3103.518836886289,12.524481061016886,3106.6979039737967
8938,3121.02294136804,3124.0660879744323,12.35112997847036,3127.3200824224914
8864,3126.809602999044,3130.4020566685804,10.534134374096705,3134.318442874776
5746,3178.3475373308715,3181.069599239707,14.09396131351483,3183.9527005870914
6551,3216.2855403380727,3219.133810484739,12.998188357387905,3222.115335173014
6026,3221.6770828853623,3224.494025402587,15.412567848851866,3227.114290322869
5942,3227.4143475304245,3230.566472953273,11.869466057572893,3233.981091011206
5940,3234.670613501273,3237.453007416935,12.897084986663966,3240.5935425099487
5769,3262.6822341092998,3265.461221583527,13.99572228916746,3268.501375562498
5781,3266.2503057691797,3269.3600256177856,11.79115884605034,3272.7155998158323
6214,3295.5071714591168,3298.195782901482,14.008735913370801,3301.0709346947388
6221,3297.747556145206,3300.5643537914398,13.0927496910525,3303.72437206792
6619,3386.8260883350863,3390.432728732682,9.827453868730824,3394.2726317018833
5939,3388.7401330880994,3392.4099358452927,10.341039157523388,3396.2261192595593
6525,3408.98987032125,3411.600640247105,14.696441426804022,3414.467470322426
5738,3437.2148924837456,3440.0459787717364,13.431070448237909,3443.125376140377
6020,3473.5787195692283,3476.5460430539924,12.049587809912696,3479.9520209350944
5988,3487.4226295871194,3490.3693941198167,12.647579430193717,3493.4849227371956
5570,3538.2842423773554,3541.2156608638425,11.91253921185576,3544.4918875103
6011,3568.43117409531,3571.5262251475665,11.465576000048934,3574.9116474077814
6198,3575.811999716195,3579.2607016227607,10.530487740144798,3582.9144039337234
5508,3594.492130167674,3597.533918104119,12.345382852177398,3600.77394462974
5991,3656.715013353717,3659.431237985404,13.714222926517689,3662.3035331888573
6530,3660.611237255382,3664.0901651611894,10.34536028929925,3667.940611009672
5901,3684.963862611483,3688.480808711835,10.520985441909156,3692.3834568216107
11227,3718.3058865552066,3720.545374013074,16.433197147665332,3722.9835002702503
11265,3722.2658979325984,3725.0670726260714,13.48986527301538,3728.085611764008
11464,3749.360070991118,3752.005188848274,13.863335477394113,3754.9571415203636
11156,3802.990799023277,3806.236487308589,11.96078298744675,3809.7578733582677
11423,3804.81735470537,3808.0022668326346,10.634517938303219,3811.5482045926865
11389,3807.432048503078,3810.361307883644,12.01320926341246,3813.5591641954657
11150,3811.54637673152,3814.4123378008453,12.839660993341461,3817.4988465603146
11300,3813.382372288542,3816.216956249512,12.621563830478015,3819.2880134231705
5544,3830.1167379495732,3833.326152067661,10.800870778826438,3836.8923696179845
11483,3842.9157215427745,3845.428331562745,15.43989558300119,3848.010260169228
11706,3850.3261787059073,3853.3174560893945,12.736733356142448,3856.506565345372
11734,3852.106395640695,3855.095534824697,12.966641583471096,3858.3314623138453
11711,4016.9276403912813,4020.1989887030372,10.999464919614804,4023.6550419515884
11520,4114.231674350822,4117.4497064268535,11.594338328842035,4120.923221085883
11459,4116.11473917701,4119.2626153712945,11.596011214251742,4122.692163577235
12075,4122.042246340186,4125.372942283539,11.083648512910663,4129.003831098189
11379,4126.78958782536,4129.431835181328,13.288872595264554,4132.8640601109655
11372,4129.028612402267,4132.094590448502,11.90128010573875,4135.424520161031
11409,4154.406641504856,4157.515580465297,11.706852680812068,4160.856395513711
11293,4156.405069419204,4159.338950885799,12.258225962814024,4162.665127905434
11368,4158.272805087311,4161.172383275126,12.743655612827311,4164.49202591267
11488,4198.7716816544935,4201.569311868304,13.146343328626779,4204.542665672022
11443,4204.394949398077,4207.4191093216805,11.783651840673924,4210.697751431034
11707,4210.092573691288,4213.112821128276,12.0589215155292,4216.351234859058
11287,4213.90505851123,4217.016556333495,12.215633202062016,4220.397068249717
11264,4240.49600878585,4243.5800987743605,12.20130058844742,4246.9778329367
11039,4242.495774454818,4245.465513396998,11.447676603481515,4248.811778104826
11230,4244.635567798933,4247.436834398849,12.062380706159091,4250.612708798475
11030,4246.535629336155,4249.4703129005975,12.626699473402203,4252.687688625013
11210,4248.309225414717,4251.223194079712,11.639934809672937,4254.421868590902
11231,4255.620899782188,4258.592727266102,12.764217846647034,4261.778198353972
11273,4258.717070741144,4261.216446689616,14.188083618717778,4263.941841671278
11241,4261.7376095694,4264.519805766464,13.65114973486153,4267.573032810858
11366,4343.8945907802445,4346.358956637389,15.290418317545303,4349.01656193695
14358,4369.878798115985,4373.22760256608,10.984574671243058,4376.866915814272
14365,4371.855358069948,4375.06789546008,10.797792435398366,4378.696387797912
11051,4376.270080268673,4379.431479262359,12.316679764316625,4382.738616204308
11508,4382.573604477718,4385.525732851919,12.712622767567705,4388.7715428845495
11723,4384.308374120183,4387.315377899083,11.986484233148984,4390.570333159433
11463,4386.020247698213,4389.150941851199,13.717658713257467,4392.4341648785185
11535,4388.030550683548,4391.3874412825135,11.536252700127708,4394.96914155323
11515,4393.295277898193,4396.250509905974,13.291936944001916,4399.353824992009
11289,4398.669357739951,4401.494053551445,12.903734015755601,4404.741779669042
11365,4400.5308775413505,4403.429397012308,12.16025781196269,4406.631728734255
11163,4426.311794935771,4429.39285460491,11.449117930291012,4432.680792036483
11012,4428.525448249284,4431.587617402015,12.678487487986493,4434.916157400531
11062,4436.293651688029,4439.360471263502,11.520371076770171,4442.792317815333
11271,4439.228048751072,4442.06574753537,13.37885602890457,4445.0499862709175
11143,4441.595491983752,4444.481585918386,13.126678485714317,4447.634899010485
12029,4473.1335266243495,4476.056588015235,12.816821116084876,4479.279374469998
11522,4478.111576477404,4482.062201451661,8.928400223342093,4486.4268848292595
11709,4480.128353957049,4484.203166297992,8.960022802922644,4488.5056489394465
11513,4482.154877707432,4486.261273668452,8.93552445266858,4490.493680002785
11471,4484.198840852532,4488.226403122196,10.340046891889362,4492.511897413204
11450,4486.186269653451,4490.178985395782,9.19170396819051,4494.526407541577
11387,4488.181027883349,4492.167286768691,8.096299844590833,4496.446784193121
12106,4550.16500321638,4553.0377662564415,14.049697897601698,4555.863973635044
11385,4596.53773442833,4599.476659020266,12.919153944464748,4602.556547977454
11057,4607.302761964446,4610.554867485499,11.831605511929848,4614.035576108021
11534,4639.469474978185,4642.241884687591,14.160261072738223,4645.056105683942
11512,4641.541380079007,4644.36296559697,13.383343711663978,4647.264553169183
11476,4643.4488977888495,4646.503961368186,11.565443023909364,4649.768032106758
11684,4645.324051970227,4648.500770877714,11.531100217958425,4652.094009704685
11500,4653.7858152341105,4657.056065023875,11.04282529662252,4660.61526236727
11276,4713.3393708907715,4716.489743249588,11.77072798592568,4720.030586225481
11491,4746.568426412155,4749.535940185221,14.23214040938811,4752.419133762046
11498,4748.511015042027,4751.293793002775,13.321758230979798,4754.2298527678595
12041,4750.331656220758,4753.072483248195,13.327188162066644,4755.937981588848
11027,4764.997362676402,4769.334615403463,8.607280604054756,4773.972452747886
11429,4786.267118722641,4789.333184680473,12.468029182720805,4792.691711618272
11066,4788.102009246584,4791.1538494156275,11.39561401901565,4794.527060060511
11281,4798.31345771312,4801.086530872483,13.192765801216336,4804.104995414195
12088,4847.441938626467,4850.462598286403,12.786793738940434,4853.761070682255
11017,4965.858967804785,4968.579271031256,13.14878292002448,4971.619427716784
11386,4972.105037282946,4975.060126523881,12.383198852853562,4978.347315295437
11197,4989.606894727379,4993.373105311804,9.876185604193678,4997.5925342418
11728,5010.321124612349,5013.068921766819,13.45216492348641,5016.112413554509
11370,5062.924625814887,5065.388754643359,15.441489889277529,5067.987097310139
11004,5064.634709403542,5067.095261042217,15.624868160366118,5069.7325160243545
11010,5069.655837108484,5072.50967504107,13.064536535808031,5075.610694790005
11188,5077.838215837134,5081.466389466106,10.258193014061353,5085.402083361689
11244,5079.775722654751,5083.341759943134,10.654714420412924,5087.268778001365
11494,5091.551809415495,5094.421843447105,13.443798457508896,5097.458704415087
11294,5109.08705784952,5111.585956642062,14.559246532147634,5114.218347872469
11303,5234.951155681216,5237.60600965958,14.264628161888721,5240.482914142807
11426,5242.44432942071,5245.4676562509885,11.383003356741238,5248.860564861211
11282,5249.190919880369,5252.407014765042,11.381100158995096,5255.929454183892
12099,5271.815394824572,5274.439217737157,14.586604324857586,5277.128295086835
11050,5277.605015080126,5280.303791878476,12.97968820677383,5283.246951638491
11481,5281.7070997125165,5285.246339101046,9.915814219135864,5289.082639971873
12058,5283.7072960115565,5287.235321209254,10.820580525022553,5291.01066880781
11297,5325.292919627004,5328.0191837437515,13.653290405340593,5330.96255556005
11226,5349.6550376776495,5352.074608879316,15.309027265662447,5354.689790240177
11458,5360.070833067856,5363.148607769683,11.86978165683337,5366.3541539536145
11685,5361.8893471684105,5365.022701505207,12.570438439100373,5368.289667278708
12035,5364.089510156508,5367.518433682231,10.9766942313234,5371.232005623823
14398,5386.354254619427,5389.306674857371,14.269717658110295,5392.202428270857
11469,5394.122300633713,5397.137636600954,12.600374930196779,5400.400219669621
16872,5505.814460543566,5508.5800525942705,13.228762119482521,5511.6710724525665
16510,5518.628950191455,5521.514931304884,12.956876960079196,5524.648521480749
16762,5520.409377511205,5523.280981093557,12.480328533732807,5526.45969968858
16909,5525.522758300714,5529.063802077566,10.20627395637084,5532.948118740342
16792,5529.673905034998,5533.282845569886,10.651808722161311,5537.320735299827
16794,5584.408915634845,5587.414986471484,14.95874999596409,5590.192734385802
16918,5599.842125671133,5602.230894865466,15.169582386567287,5604.787409219085
16550,5602.527359195678,5605.2811658831915,13.418257834093545,5608.265772949397
16716,5611.514682988281,5614.341662774723,13.115973564424786,5617.549529174551
16505,5616.403505714805,5619.340655449865,12.465957347093028,5622.537890090336
17614,5636.372292223613,5640.06222958549,9.379415702488314,5644.155289449733
16770,5690.050664645668,5692.391677773674,15.6449004755416,5694.933775914748
16749,5694.315851147613,5697.353373496931,12.877559668057659,5700.572107355399
16781,5696.128265505875,5699.128002170209,12.093229391540167,5702.349193222887
11430,5720.120314659098,5723.022701278315,13.84948943736504,5725.963923367336
16969,5731.9293558728705,5735.310989101408,11.80389269140712,5738.560892493796
17570,5733.833692750486,5737.0916623712155,12.858946952157064,5740.348630652085
14338,5736.854788492393,5740.411037349415,10.812032634643758,5743.874348733461
16883,5786.237209112779,5789.060206289943,13.632520087806675,5792.772710012662
11420,5820.660482065285,5824.104404912547,8.157752077024991,5880.252784859719
16875,5886.7426384755045,5893.076082194492,10.588956550000875,5897.128000231219
14778,5897.686039836353,5901.173373236767,13.580772179760162,5904.294238192581
17611,5922.293598252235,5925.503516766958,13.875561577102909,5962.615730726954
17017,5924.437774739955,5927.520861384399,12.189551285448028,5965.658918597754
16956,5930.732586311994,5934.2276945068725,11.549016771218772,5967.933666880861
16539,5944.421638274884,5947.326629560555,9.715133098963069,5970.028044987091
16866,5997.1324930887295,6000.143789340622,14.204527663772344,6002.937210571826
16519,5999.066364912342,6002.135148601511,12.715372429498073,6005.3230528645745
19837,6010.265330595996,6013.144833057276,12.846452564768857,6016.254187821151
16948,6201.208224882683,6204.030778495517,13.556584033305183,6207.039671386187
16953,6205.069972792013,6208.151227871926,12.552455245932656,6211.438237650494
16525,6216.435064152672,6219.392024140848,13.081395181271313,6222.5288875759825
16914,6220.473705943624,6223.552437415988,11.957985957819638,6226.77624273483
16743,6222.369238625407,6225.33308012302,11.882522218878904,6228.562906804269
16523,6224.871541539802,6228.001622311236,12.076362334189941,6231.342757092729
16516,6230.890708519862,6234.2200301742605,10.999792679900871,6237.725744503021
16732,6232.751755612905,6236.034341335607,12.03307290853084,6239.529622413962
17605,6270.771651651777,6273.494475434325,12.827813669457242,6276.506073323449
17583,6272.705541220116,6275.3496283716395,13.936175417234438,6278.317538998615
17240,6278.290493213258,6281.065067193398,12.973635218384592,6284.089580732029
17007,6280.489722407942,6283.5459236541055,12.141076081521238,6286.890580085073
17033,6285.630482591789,6288.507190388512,13.004800651567578,6291.662298152499
16940,6291.420665762457,6294.331460004224,12.990593079231711,6297.401345724488
17607,6293.466667848469,6296.507681293684,12.537054440384724,6299.89137679918
16943,6295.314762314091,6298.355719724719,12.013630264381487,6301.807176501294
19832,6308.854268752724,6312.00207774731,12.136984387834886,6315.394518328544
16926,6325.139178156266,6328.01848047951,12.388662787112555,6331.175063619882
16790,6411.131370083709,6414.4833765518015,11.816792577519069,6417.992427797917
16541,6413.052124130227,6416.308069673898,11.997792906049622,6419.774281673743
17568,6458.4632419659,6461.135978970057,13.323109629627542,6464.06141751881
17558,6476.26017052142,6479.4545560578135,15.372536036810336,6482.119369493063
16547,6501.563153144803,6505.0350341518615,11.044762308859138,6508.712719906271
16876,6531.165662304707,6534.441551040335,11.950169656983045,6537.732745151393
17012,6538.119168911439,6541.04517411293,12.98198519737656,6544.0424000210705
16975,6548.212058400164,6551.554236253371,13.354971574081542,6554.294271986105
16712,6609.696083259497,6612.589687879912,13.138505210179076,6615.600717339724
20310,6618.404520982617,6622.086525961846,13.365607317809909,6625.004874183576
17022,6628.1925368984885,6631.159315148444,12.9128945879284,6634.1501915712815
17008,6633.976774784462,6637.395709515615,12.125653746522769,6640.720540315625
17541,6636.033717145101,6639.207564360823,12.59768866692906,6642.539017400755
16939,6642.6153729832895,6646.034368415426,10.714990260806964,6649.683142772615
16933,6648.211877721274,6651.447751549722,12.557944601727309,6654.720283503965
16788,6664.388463521865,6667.42558371026,13.826764981831015,6670.289589581789
16798,6666.6631937645725,6669.547102781877,13.20843901222138,6672.637827415803
16915,6682.047183831464,6685.437473743132,10.659765647175304,6689.102180106888
16783,6696.573909949931,6699.344450350314,12.851447447395953,6702.297667998305
16999,6709.728909907142,6713.103149382456,10.580916076222056,6716.773526948468
16552,6715.080724277333,6718.163915613779,12.204128696546094,6721.341729034512
16779,6786.031102343972,6789.09366100725,11.566925905504107,6792.4923026742545
16870,6812.571052187141,6815.186656249726,14.01977942650946,6818.133954660722
16697,6844.777903860829,6848.453384726655,10.112939443922494,6852.298554049542
16522,6860.659063880452,6863.589214190776,12.900180525835644,6866.810325659213
17562,6909.974165021517,6913.112127325267,11.967391687139482,6916.633408446733
17544,6911.908814931451,6915.036542666638,11.406092089760918,6918.548879441402
16802,6962.676875520651,6966.138665961393,9.75792529818177,6970.161234746637
17518,6989.124091189154,6992.081998212211,11.977538394580744,6995.248874828028
16561,7036.389208769665,7039.2632941349775,12.824072724418249,7042.419192294899
16517,7040.14077735876,7043.543775959767,10.994643669857384,7047.14433356081
16709,7042.041516453109,7045.41512896591,10.715684252493102,7048.975693504756
16889,7044.027291813748,7047.264644567493,12.22111847049467,7050.822053556229
16521,7048.544115632735,7051.174382255483,14.047658143815196,7054.055982950056
16559,7135.438266511241,7138.378575026766,12.22009146648343,7141.556976882056
16869,7161.2469929696845,7164.5267397258185,11.386298361143451,7167.903537784143
19869,7163.849159878133,7167.503386223654,12.46800325923893,7170.588809989195
16557,7166.3086789869485,7169.338614095565,14.116405538666593,7172.294593748378
16804,7168.139914350818,7171.3359951146585,11.873361454068359,7174.740817043743
17617,7170.016848825331,7173.198535471645,12.452477069649795,7176.569561956384
17023,7175.698387918732,7179.29282238617,10.968597895209378,7183.099071087875
17592,7178.167378652526,7181.452560078942,11.838425077947006,7185.035390014969
17578,7180.145786080531,7183.398769692156,10.488583251745384,7186.897881220514
17545,7182.054315370977,7185.477620769096,11.070860436858043,7189.256214990113
17563,7183.831586394159,7187.375278909762,10.678006891824008,7191.14312800658
17217,7187.170123727368,7190.012716368591,12.725978301764956,7193.218701605496
17602,7190.399245419636,7193.270284749465,13.525682993737735,7196.2819364723755
17196,7192.090815264979,7195.015485476598,13.148875905630375,7198.227433024417
17577,7195.812038286417,7198.635956204248,13.789375612841017,7204.090795938525
18275,7924.972400437537,7928.469817612305,10.831262375042742,7932.3092519033435
