348,101.44986028620212,103.38370964341826,14.474190720472276,105.54410642350553
341,119.55100949890615,121.40757442996566,14.15680128518078,123.66362112834538
323,187.110010752186,189.31208855756609,11.996361250860712,191.85805556160832
869,233.14626432589256,235.4421234658559,11.949479513358325,271.53709113347253
879,239.44940611184555,242.20280136077642,11.487081257625215,274.1324975946892
902,241.6142814086962,244.0753905332271,7.5541939227132815,276.5920309212529
328,275.27310654997,278.0306111164775,9.449967844781174,281.3239267035724
961,277.5331596886523,280.13647550561853,9.201173484747468,283.42878146819413
901,279.460509191825,282.16670694556177,10.41693869130426,285.34218899205894
910,281.5951723830344,284.1264215729721,9.694616089876916,287.3325938998019
64,325.0529445894433,327.4054957465816,11.626076812065325,365.3107712654477
325,365.75896771343497,368.1848289403583,11.830349510729347,370.85565562577625
1003,367.76329410977655,370.10423457606277,11.437973265202498,372.6875699594999
338,490.1998242285855,492.160021315381,13.82235316206592,541.7518784336834
900,499.44525754892163,502.25998188742705,8.74162902325859,544.4138668974103
1012,545.7313501785203,548.2204322961375,10.50196976783442,551.1641799038907
911,596.5549528633501,599.0856506766509,11.081162234890096,636.8774149728401
330,644.5785393575355,646.6061644991091,14.747721903523543,648.7236994139289
425,650.2751147462873,652.0315069378364,15.01965092904064,654.0487292813527
876,687.3043006566596,689.2827188892634,14.30944272596695,721.6081700508165
362,813.4043504182068,816.2399748991137,12.72432959962164,818.671944509211
861,815.606836263086,818.0692336838874,13.326622811390582,820.4904106937821
334,846.7493868890004,849.1813392389193,11.049391364764746,901.4029765492437
329,914.3782680222419,916.2639467810012,13.326214064530374,918.5401602872319
892,960.1066908686707,962.4573856082517,12.576976444771065,994.5127431182206
928,1047.5810873072412,1050.3784120863756,9.768366226978259,1084.2331952694813
846,1049.5671654182495,1052.350771447435,8.120554750446898,1086.2329135714003
971,1060.3541080706073,1089.060015522034,7.2415539423634,1092.46841086707
339,1098.9655865145355,1101.161745607811,12.024309271547791,1103.6623984142893
353,1102.0040958310337,1104.0083516440473,13.005334493603257,1106.3680606399978
937,1131.096071126609,1133.1694014757702,13.097900901544538,1171.6391867441946
891,1136.8860412211895,1139.4041908572503,11.390311538185022,1174.5165313880252
336,1175.6344380114951,1178.1835836797898,10.63022203352699,1180.9272256136687
417,1282.631794171486,1285.1837958458339,9.639847584246443,1288.3212217349799
28,1317.5657255732337,1319.5192956737162,13.151727622501603,1353.5574068508295
29,1323.831295284646,1326.3810043118888,11.438425509611337,1357.5758387263643
374,1352.7668398079338,1355.4861963837755,10.530970579972148,1366.0706582249466
347,1354.7835080098628,1357.3520025176665,8.952891355486319,1369.0913891924752
363,1422.1308802342808,1424.4511893415374,12.037740091534863,1444.80442303632
359,1469.4581963181686,1471.5016319486324,12.936153915588777,1474.0024123803441
962,1489.2576565519435,1491.5347591126842,11.950861591427836,1531.6408059308646
860,1535.8051467163484,1538.0950817591745,13.85684484492614,1540.3395829710857
979,1606.0409094416855,1608.5453934033474,12.249253097254021,1621.6591974649427
859,1629.2451085938915,1631.3867429566526,12.020865553049163,1635.8672386865887
1001,1631.0328415263639,1633.2286730676658,10.525735893081704,1641.946835316397
408,1640.8924241331927,1643.0004624280082,11.665759421389794,1647.9843165748555
867,1673.9134061021107,1676.348553787305,13.227128215535329,1711.571782932822
930,1679.6328677646998,1682.1393081627753,10.964425246653622,1714.271154682078
346,1713.4890105472073,1716.2425396564063,13.05054246073112,1718.481147528417
940,1715.6441111825281,1718.2480614563308,10.136573312063534,1721.273507385716
349,1718.031238918844,1720.3164406097178,10.570466408959001,1723.2097345441164
849,1807.1610366943755,1809.4577289544586,11.389792544845186,1812.1292651732533
909,1853.4454163916362,1855.54600714608,12.601598229199737,1894.8408705566735
5864,1894.8492847202433,1897.1845274022105,12.94883415532991,1899.6610463970317
922,1957.4383525957862,1959.5805144675835,12.77280718891898,1981.6118724864775
6433,1959.46383171119,1961.4988700571057,10.603052988483576,1984.5369451149986
6382,1963.1940129973714,1965.4453343749847,9.076591259674021,1986.8422530750638
5838,1985.0776628344195,1989.1138210398794,7.029832296949171,1992.7758413115648
6425,2029.7280357623242,2032.1149552164488,12.726472471155494,2071.3445417790285
6363,2228.3289370335474,2230.519405944815,13.942216850404098,2251.496355754816
5514,2230.2248356838077,2232.3889927673545,10.596327566498733,2254.7267154420097
5727,2233.978962151184,2236.0703433732806,7.2386315620782975,2258.9901459876883
5537,2254.7323984616955,2257.187187297758,9.386079545022506,2267.040416206541
5833,2266.879561560478,2269.3191808435545,11.525700477754198,2272.005842921312
5858,2268.9582781588624,2271.20995960567,12.732723217045162,2273.9519415657137
5835,2281.1633576026056,2283.220549925621,12.821614725936099,2285.5984956507164
6478,2302.069342187943,2304.3250697005856,12.7074782875273,2341.299885521594
5848,2354.8698774386153,2357.039666488128,11.355321590413675,2360.1398625080483
6401,2388.7790084962344,2391.1011364928154,13.117570307555138,2431.6278949990565
6356,2394.619755179419,2397.174029267906,11.322654074439875,2434.196217545718
5841,2433.187389667278,2436.0616213456124,11.136705048175273,2438.8881191835812
6598,2484.866132017542,2487.407269371599,11.93705978266125,2524.14072710082
5845,2534.088781523395,2536.2582935491832,12.502936999227018,2538.817071900712
6347,2571.858225184274,2574.1959687640915,11.087514357755264,2611.2914701161576
6459,2574.165907764031,2576.344114713089,11.379382468150505,2613.933061049049
6454,2581.587666311786,2584.1821090452404,7.879186519014948,2616.2151018534364
5865,2616.985617509054,2619.0629134095243,12.905562895568318,2621.4128652569375
6461,2619.178748017612,2621.244815023252,14.434761731091031,2623.4173197949117
6344,2621.2282982866755,2623.523083729342,11.114127714517647,2626.3618713532323
5830,2804.947872105675,2807.334497856416,10.419885880046538,2810.2193601044232
6380,2843.740918483248,2846.4637942712566,10.256456727014967,2881.3629251052434
6423,2886.1089796942865,2888.5621914157673,12.570178096690626,2891.013687988215
6424,2949.1666170159497,2951.449928963802,12.187659356953787,2974.6966283731367
6518,2977.272369242766,2979.4407338297992,14.20855576859847,2981.4970350594513
5861,2979.29882024149,2981.242432631688,13.433078255378824,2983.5553231552954
5859,2990.6082074471274,2992.487312100607,14.235476587609151,2994.6560742900424
5834,3066.01977285915,3068.2782711842456,12.604777902593348,3070.837842118126
6365,3068.0586456706756,3070.2157886156106,11.931477746393426,3072.784124326462
5927,3118.643821454187,3121.0811925170265,12.677732667051345,3152.291657115858
5863,3171.835231177571,3174.115527499833,11.30706231938109,3176.881281202154
6495,3206.094247039007,3208.354503650836,12.62023466837378,3241.40724005457
5862,3242.772779867216,3245.4165382549477,12.18547525742634,3248.4863340791144
5853,3244.787788329843,3247.2060177073886,10.873158866054126,3250.384143473693
5843,3246.8792953167417,3249.1760279883592,8.494663357282048,3252.0930586295453
5850,3261.0475071811907,3263.051724972576,12.404338263923275,3265.5156316136245
5852,3356.9808176898773,3359.0880108039946,12.648160358324088,3361.611631846121
5857,3422.925632607033,3425.4684602776247,12.29529664494988,3427.7317131675895
5846,3427.0595598281698,3429.195294917791,12.007935147056758,3431.695430484688
5918,3430.9484403980196,3433.0030662441245,12.257464421429706,3435.506188089447
5855,3536.63343554799,3538.5505122208206,13.169660373671029,3540.876345785142
6390,3563.6576940340124,3566.3995214902475,10.182162834081089,3601.394334436199
6386,3565.96393327228,3568.3593122742363,11.276507494015933,3604.0672463400874
5844,3602.8973748091903,3605.4195526115864,12.618642745422061,3607.648918430899
6403,3607.2380212197986,3609.4827343199263,12.128257663720232,3612.1539609394085
5908,3624.4083864146946,3626.56670668621,11.648663039541201,3629.170788816482
12007,3760.020703290732,3762.4678711977494,12.958480093425695,3784.1830487969414
11345,3793.329513617298,3795.226364285941,13.62253429863399,3797.441067048095
11331,3883.439922816089,3886.336625436375,8.936335649652031,3889.8782921157317
11328,3890.795651349821,3893.0936772466603,12.213749639706268,3895.7697932529773
11995,4099.045537891666,4101.306189081775,12.694664699895648,4141.406949180283
11882,4102.901353872578,4105.34276306447,8.381779818728026,4146.602375358066
11876,4196.586331710431,4199.054302528202,10.969552678514557,4234.157521347051
11337,4235.055652147493,4237.458347625895,11.6510865439442,4240.004559079334
11967,4238.985118519628,4241.385566488791,11.263316096405704,4244.204803126596
11959,4241.200886713688,4243.335053641563,12.9953350590711,4246.057998137967
11907,4279.072834097525,4281.359599377726,13.536108808871715,4321.3264446422745
11915,4283.292591434288,4285.344884871328,10.930298666161185,4324.140577543684
11991,4295.424515688259,4329.192749547358,6.5139007807492275,4332.47935111299
11417,4336.1713786382525,4338.015432607085,14.333552456153654,4340.171998045036
11891,4369.174761005694,4371.529990151122,13.2697119392468,4411.348185988361
11862,4371.391219966322,4373.539586470592,11.475388557920713,4413.867485631828
11945,4417.573082352113,4420.055830974307,10.357325860067142,4423.069135999306
11847,4463.820281570908,4466.0730463069085,10.951102352887638,4501.407758928716
11944,4507.623186237939,4510.170004101212,11.0111703424424,4513.0224100670675
11997,4509.625923932824,4512.083482066643,11.268269977331013,4514.938210624819
11914,4555.005545711746,4557.379027307663,11.350073899865205,4594.120203475244
11357,4689.789397995432,4692.194029249831,10.918166784991376,4695.1135293573025
11418,4691.668340197735,4694.113943094284,10.867854595759256,4697.03701862897
11350,4706.081464810195,4708.279294207926,11.596911045688492,4710.93621706338
11375,4709.524077951648,4711.50016429454,13.027103650101447,4713.916035704702
11988,4751.0250918777465,4753.454912713146,10.802559474430137,4771.705815044333
11338,4865.122088950865,4867.434357045607,12.436350727843465,4869.863747423315
11905,4913.401830404444,4915.419620038394,13.416027999458422,4951.69652255979
11874,4924.2274032603755,4926.521357703497,13.00431418385481,4954.12927510343
11355,4957.7350284445065,4960.115419473764,11.407245979451575,4962.855136154276
11348,4966.816499181497,4969.015846570051,12.046183595487072,4971.515696558351
11364,4975.437434148132,4977.465179874943,12.929897136350949,4979.897297342606
11326,4981.8390433286995,4984.285250717965,11.49010218273357,4987.086525944442
11982,5138.266648914866,5140.573927335787,12.456048774825206,5142.985712924855
11890,5140.220986309798,5142.352639361141,12.946656587953619,5144.78792950818
11949,5142.14879019563,5144.133030502747,12.195262914847312,5146.554271972691
11342,5144.023397752547,5146.041990272179,13.821291412375011,5148.40016786121
11341,5155.36047444456,5157.249482768917,14.081245464489063,5159.486451961445
11885,5183.163904395713,5185.446055081376,13.025529832856712,5221.697041802232
11972,5188.753491921558,5191.3062917567895,11.122495532809072,5224.397986388599
12009,5194.69001677029,5197.215552937654,7.768020314182477,5226.560484723962
11332,5225.405654531178,5229.069556315814,6.835708926029547,5232.800518090641
12567,5256.87724170762,5259.1079045958995,11.3226050484726,5314.351847578519
11360,5321.047434953507,5324.02884428781,11.94643868001465,5329.748486554938
11392,5361.580935727485,5364.2159413354975,10.640849580175324,5401.685738969173
11849,5367.154107610384,5369.558857334419,13.014351663383371,5404.460825555372
12004,5372.698517843859,5375.17759351498,8.247648205528959,5406.689899169018
12010,5382.988579694214,5409.073652000053,6.142320634719557,5413.0160084477
11986,5454.935542793054,5457.461401903692,12.766258684261405,5493.771002633386
11883,5460.3833130214825,5463.394296909939,9.108163568540126,5496.121080105857
11855,5562.032540787882,5564.173504541051,11.3001362330724,5584.1714242878725
17368,5585.561974888984,5588.171232012191,10.409712078036403,5591.045625570044
17375,5587.495329429009,5590.032304275846,10.883096507704025,5593.101704423802
17359,5636.36805441587,5638.493619411148,13.675452046296025,5671.638943136532
17507,5642.046967588029,5644.569947020414,12.395524555166938,5674.4101438788375
17422,5675.830731738419,5678.20152609597,14.614053729437892,5680.331809340266
17372,5677.872204121942,5680.197971889378,11.368462795693551,5682.988402384191
17402,5726.868301191714,5729.456980212752,12.162567397219796,5764.782568897684
16865,5733.640225500087,5736.21911049984,8.189706199742833,5766.954012226592
16844,5771.155263371871,5773.126817716434,13.725214198962675,5775.4167273401
16511,5772.909302511033,5775.009254911048,11.96754990643324,5777.528423392983
16871,5792.715718539301,5795.079729559801,11.365589305749982,5797.771221046869
17354,5907.162209095019,5909.546504616137,12.360428992445025,5946.276376147975
17476,5909.080411133681,5911.38333575441,9.282366623737994,5952.247664496719
16892,5966.378380281589,5968.521716696306,12.885167509245353,5970.987293670525
17445,5988.991004914365,5991.300444520375,12.20971787306337,6031.521632764942
12618,6051.881543786206,6054.018031593813,12.456612493021364,6056.5950180194595
17462,6125.289268258561,6127.540682685379,12.815072075918676,6129.840426665409
16834,6212.835374217946,6215.537680670102,11.46178418376875,6218.346936881538
16860,6223.800012582396,6226.039040793482,12.19158814407033,6228.576829697883
16846,6225.764862519338,6228.290862588126,9.764481650814567,6231.396786626309
17448,6259.383701373352,6261.615898640394,13.11090680366869,6301.458334976531
16544,6307.690337909088,6310.121498823724,11.075481299481208,6313.036004465509
17423,6355.987138794637,6358.317848539427,11.690451965392214,6391.603650649812
17498,6357.779996196091,6360.05609158772,10.540957103676247,6394.028191656093
17383,6364.560248172898,6367.090324241787,8.237268208741478,6396.233942249408
17350,6474.561652477986,6491.370450491672,8.369588185010633,6494.967821976948
16849,6493.608355443731,6496.017177111081,10.990926124253958,6500.9614473664915
17425,6554.115434896475,6581.135772224631,8.83942131450543,6584.038768966469
16838,6579.96432356432,6583.205029887526,11.20113979217252,6585.777883467044
16847,6582.4479490305885,6585.229825942885,10.90168669922985,6588.020003345688
17431,6584.567882252782,6587.061866630015,10.390275515340534,6589.822107562471
17349,6624.861466737018,6627.369035974689,8.596568001633685,6669.132566361338
17415,6710.622536051326,6712.582752486702,13.71279894660504,6751.458867171079
17451,6712.411899412686,6714.4348808128225,11.913628644209334,6753.931120637598
16835,6752.786366415814,6755.417820398816,12.702131334672131,6757.8775152939
16829,6755.256050280201,6757.580718390247,12.858794963136553,6759.931389306789
16916,6771.4135364401445,6774.002124902522,11.684716637329103,6776.6466425101935
17491,6806.240926325091,6808.354292148891,13.622056894534694,6841.4002351721365
17500,6812.640257655719,6815.00614128463,6.583284158449617,6849.032693335085
16843,6935.607710956653,6938.0245736204015,11.679199536680718,6945.808570249382
17393,6939.99893616272,6942.234663310166,11.546216525181796,6948.871397199472
16545,6944.083776739888,6946.146398867659,9.163384519133798,6951.923328785972
16567,6949.554480220726,6951.57307493408,13.025296677859563,6955.649927250596
16945,6982.939847926913,6985.086411535875,12.545583049398223,7021.44507213111
16991,6989.702955766169,6992.4079610066,11.750845231992697,7025.463448785652
16854,7033.769871373018,7036.167848663534,11.114815231220838,7042.088839797017
17499,7113.221692649236,7116.059431888096,10.883573591868355,7118.897538734375
17207,7183.386537770839,7185.466404087448,11.393915298560263,7204.329277868032
17553,7185.687690200191,7188.231837143411,8.108499540025738,7206.354643874017
16848,7203.3488120572265,7206.069798301145,12.108384235952883,7208.766544885141
16851,7205.672624723548,7208.147074706375,13.130205301076135,7210.677826263357
17390,7213.349225676924,7215.587592660291,12.304657852631692,7218.348570240376
17340,7267.072135627826,7269.230913573901,12.40964252989366,7291.568720050074
16836,7293.448681759642,7296.243035901908,12.878851417690212,7298.512758854046
16828,7349.503478570885,7352.078224693534,12.634018386032976,7381.358800341358
16833,7354.827722178652,7357.392997189371,11.301026477697528,7384.264606836651
17450,7429.139926825235,7431.5546403581975,12.33873709463819,7471.835730313882
17612,7580.617649845041,7582.4899106835555,13.380327595099152,7584.835392761563
16562,7586.3979565604295,7588.416167843532,13.008016657997626,7590.6671308417335
18026,7588.158055051903,7590.164533785093,13.057963444572971,7592.401524136186
18880,7590.318847639198,7592.4809177052675,11.731573859216708,7594.992488380624
18083,7592.056002029947,7594.26998928742,12.338323822456164,7596.655405945976
18065,7595.442419129665,7597.352396913489,13.093421875570066,7651.76124712764
18864,7673.990598427295,7676.188625801222,12.526736105400275,7678.694543289676
18177,7677.996900833645,7680.294820676162,10.902836065203779,7683.069806666281
18163,7679.758666172523,7682.145056331695,11.127819479479232,7684.89659194812
18924,7681.622519747302,7684.001970664023,12.247475090329257,7686.827809058175
18112,7685.663629147168,7688.130823880306,10.235352834634217,7744.872176347315
18100,7687.632603899783,7690.183688913542,7.108525904184891,7750.9941355926785
17438,7781.636644286775,7841.356656886575,7.996394556411922,7844.477355306366
17440,7790.0976155427115,7843.39821645314,9.32504212602208,7846.367704203085
18149,7851.225499013336,7853.454410650689,12.027189243778333,7856.141863774947
18140,7856.444795649078,7859.1575552734275,9.355310710563188,7862.495754773224
18161,7858.398350463197,7861.0516886581645,8.434898443467969,7864.399266254885
21742,8390.891237841623,8392.529133519574,16.205498811819822,8394.432496787027
