826,227.83319095837507,229.0146976944248,10.461585734272397,230.27707106635188
2945,276.15814308133355,277.1063804698639,11.739868706875411,278.2397473207076
785,318.18397109693046,319.4052305460041,9.200023138755624,320.77045559828724
2209,364.0835379579657,365.14648050226396,10.941358191520418,366.371212944328
5291,380.4151925629722,381.2922164065077,11.247275178329128,382.47076103785736
5290,382.33882715965456,383.17036878100413,12.21879965458723,384.30433067210515
2167,384.18803579641417,385.0098523540617,12.138192710802556,386.1434296006409
4008,409.09174483019245,410.0591420111127,11.991760006033552,411.1939555669588
3570,411.1575232338587,412.06151410187636,13.106801879196487,413.1087131620686
767,416.0741815428111,417.3069163938589,9.470912025684129,418.67581285691574
106,418.2401569687889,419.21038388779823,10.325951512279136,420.53470302230147
794,423.45098460199665,424.3901379329464,11.575166760970351,425.4793519724853
829,425.35322218845823,426.15437262992975,13.582123661510202,427.1667098645561
2973,453.3585121007418,454.3770302702323,11.08241890498956,455.5025655193298
1490,455.54176017738865,456.4873686031308,10.874659956397952,457.7468305817906
3588,457.6054416390758,458.46461839540973,11.15650335787394,459.69129688615686
2169,468.689385234063,469.528982421937,11.597152056220986,470.7250642650687
2211,470.6064207737552,471.4277406131183,12.363055379313325,472.56336967255356
4546,489.41781019348605,490.3159724730517,10.951038825653555,491.6076664576836
3572,506.13129682885955,507.12875475632734,11.219677780615408,508.3359282811895
2918,546.479422478059,547.4470387639354,11.301092095868919,548.5736605424383
2170,560.6710410048121,561.5321748967783,11.32980432462382,562.7855191147061
1465,562.447325060201,563.3033432867675,10.976701756666483,564.6087623304708
4551,564.410382452359,565.2976843307085,10.306097024282147,566.5093890691218
1464,571.3519900200903,572.0729725792345,14.242692375735652,573.0411179108493
5270,636.8496127570035,637.5036345415432,14.863795520645848,638.4632448826693
1499,653.668076775227,654.5247581273873,11.533239631376444,655.6665604753518
1466,655.5383809230339,656.3896282560383,11.12720317300428,657.6556345723642
4567,657.4635517488974,658.3763171074403,10.381311732751469,659.6975505065645
5259,664.4310071903292,665.1950260088809,12.637682142909494,666.2783205025895
1450,688.4156477349372,689.2982748960752,11.913133045349356,690.4760044348508
2962,733.7539383989716,734.3860108216728,15.382282165486023,735.2774481550525
1508,739.551631812871,740.4433433854584,10.88246124213251,741.6809242681333
1457,741.4840770982172,742.3708644977452,11.777627409914832,743.516608048245
2202,743.2764367620424,744.0851712456972,12.575763162571782,745.2326928619267
3781,775.2217242883946,776.0371797379405,12.773386975940825,777.1173040074801
2221,827.3262816775649,828.1466673170125,12.160045624795062,829.2965014936173
1491,876.8402078214286,878.161680146433,9.583341851900713,879.4938690178802
4537,904.2370834576674,905.2548153761795,11.107083235190848,906.4138930957649
2932,906.2545218508205,907.1835255895388,11.571342403452151,908.3292501382257
4015,908.642607818825,909.5135966473487,11.875315417582357,910.5750128001298
1437,921.5603522878644,922.4269627647093,11.95048018928353,923.6444942403969
1494,923.3975455435657,924.2106664175793,10.812626473394669,925.5366726412591
2192,925.1102111716242,926.0561487548723,9.086066676651356,927.4518741418785
808,948.1208656752987,949.2588694548874,9.716928582056006,950.5709429614329
3576,957.185469210911,958.3343214999403,10.244752678667075,959.5732448371394
2894,962.4774938531385,963.5118871929923,10.652931050359465,964.7850715311163
2902,966.5874190805127,967.4897364058596,10.875711767211325,968.6602016030917
5206,968.5628884060244,969.4344020497323,11.621037140704463,970.605318132144
2925,1004.3643147222142,1005.4297720956001,9.576158413586098,1006.9213927492021
5213,1009.976394538161,1011.1039560889312,9.892243723995666,1012.4202460314051
5269,1025.387021188435,1026.2410947312123,11.938223775139809,1027.37234299206
2909,1029.607222090591,1030.4335214668497,11.441470615337165,1031.5934679953991
4540,1031.4456489410613,1032.2872797605294,11.862952948165713,1033.3691046421388
125,1044.886785649689,1046.0214343461714,10.961632850208721,1047.2704174667801
1481,1052.5889187724765,1053.386374242499,13.15185081504317,1054.45538709335
3788,1054.489109978526,1055.3832583856197,11.357090097428536,1056.5517067353576
781,1057.6911048142372,1058.5720045393311,11.801533990286165,1059.7928974975764
5230,1083.9391702872244,1085.0256854282654,11.506306805181868,1086.2158879592994
4575,1107.7046949783808,1108.5297748851697,11.580662903838105,1109.714237357443
1509,1109.5213422926397,1110.390732160552,11.097832305402799,1111.5363232613088
2253,1111.2992957531592,1112.1556878740187,13.006902825954905,1113.1795608716616
2233,1113.2493756682825,1114.0425126572027,12.78284685776546,1115.109983080755
805,1128.158587484592,1129.324516737532,9.605701983116017,1130.625484409398
4004,1134.1610626804963,1135.2212306401173,10.98494436474637,1136.4538644291276
3573,1139.17387290962,1140.1901410586813,11.211368617269775,1141.365970497343
4580,1155.2992074046172,1156.3228743312702,9.224922157789921,1157.7864620470623
2950,1175.5820633656033,1176.4575301358989,12.03873547887345,1177.5106782123682
2224,1208.3151531419876,1209.2198963759374,10.574016872909885,1210.526205122633
2215,1210.1586707968427,1211.0808526869644,10.494016072941273,1212.410903189663
4600,1219.1696428384166,1220.1676498247841,11.47949512740611,1221.3202592489374
3339,1223.4338445640835,1224.2877216376423,12.53859732840086,1225.3968240864467
2906,1269.7284783401378,1270.5710622681788,11.673928099114022,1271.7395147073219
5217,1271.5443764488082,1272.3999526490434,11.933183487065804,1273.538173257471
5208,1273.3901847139084,1274.1619032055064,12.236012277010488,1275.256297489131
2914,1279.6058594372737,1280.4299635942737,12.021110625751401,1281.6657457350016
2195,1281.3966261899934,1282.2112182588978,10.05503348423646,1283.5022558219075
1468,1283.3008761128096,1284.2492646173323,11.318614270516221,1285.4594301019554
2187,1285.166656066624,1286.0090184119606,11.208402911467152,1287.2283792918968
4548,1289.5049543395623,1290.3960125639921,10.749831080083878,1291.6456070053937
1513,1308.1417403246696,1309.3740364049313,9.56133845066903,1310.7288684153866
4578,1313.2967689915185,1314.1467616834439,10.893666488639822,1315.4005063169652
2921,1315.5106049438352,1316.2819409221336,12.912581934508857,1317.3554083542601
318,1321.0592380045412,1322.1286574966246,10.915221052709049,1323.3180942782242
5276,1354.157441213934,1355.1826666253835,11.559404657992713,1356.332652858754
5205,1356.3045574042244,1357.2719898117984,11.934734958165441,1358.3776594091005
2908,1365.678165365518,1366.3803662377102,14.169206038290577,1367.3493299764714
2183,1369.6650427311192,1370.5128598165693,11.750611320333576,1371.7017743120716
2239,1371.468509933715,1372.3381045502736,11.53550533433281,1373.5426234708839
5279,1373.2901823282377,1374.1326266558833,10.599194194017823,1375.390988946721
2219,1381.4137227813287,1382.1167166380505,13.364057831396014,1383.1445774832964
5240,1388.7929585264314,1389.5810360774617,12.199238779042389,1390.686590892498
4021,1399.0356314034693,1400.019847762053,11.319148226200065,1401.1937043266787
759,1401.9336211108305,1403.3188413524203,8.485920437006424,1404.7412327679635
3586,1406.5032944189256,1407.4041914158245,11.725679299482959,1408.5618210893308
2944,1408.683865538045,1409.5433246631728,12.199407782406531,1410.6047756785317
4583,1410.3842218008897,1411.1668284900447,13.46717799522835,1412.198509369715
747,1416.9007276314217,1418.2440579276447,8.559867306472821,1419.660888211062
2176,1455.6435515661042,1456.413092449178,12.627772606899471,1457.4845228749407
5210,1458.8358912673257,1459.5817540912587,12.932799377393358,1460.6354932779277
4524,1473.6435356288603,1474.3124525187843,14.63983159654743,1475.2503955306227
4603,1497.2032006849388,1498.1642448821292,10.88070437645947,1499.404591563279
1523,1534.1367270827652,1535.1709445831893,11.487610888229781,1536.327845855785
4581,1536.107596519874,1537.0791949848724,12.066337987554911,1538.2024407979495
4594,1548.2449617501559,1549.0492435574672,12.092188426690061,1550.18905802203
2933,1558.5180730404427,1559.4831450367444,10.226218603252445,1560.7895977170215
5267,1562.3253569454394,1563.0140509373637,14.50006712755593,1563.9622172648828
4020,1586.5447413321879,1587.3967481307518,12.085031338473021,1588.5165212135253
4557,1588.3820968388432,1589.20838604121,12.714249379321645,1590.2708946646414
5250,1590.5243799638213,1591.27817492741,12.467248595523213,1592.3794090285664
796,1593.7744126639768,1595.0282339860196,10.332973002105403,1596.318208720993
4565,1596.0605195059693,1597.114593350238,10.451734458425305,1598.381766489726
4602,1598.053826235636,1599.0528831726235,11.009176171814174,1600.2772637386431
763,1601.0742443730828,1602.2606128674176,9.781233216548255,1603.5393220315352
2983,1603.3567950764066,1604.2295964378466,12.412950305812055,1605.3201271205155
802,1606.8562026708585,1608.0744395870202,10.256694695924343,1609.3531928233988
4219,1610.2343682837884,1611.0628713313506,12.166044215173267,1612.189318398515
4550,1623.465605586167,1624.507467309394,10.34558571176728,1625.7407241322574
2198,1628.2064655325214,1629.0183882414335,12.695479616876593,1630.1036966011782
2924,1643.7786608173983,1644.57622939248,12.842804606462696,1645.5731196981574
2184,1645.5869793477464,1646.3530203500798,13.106438609879746,1647.391750636998
4538,1647.4726246562514,1648.3301015384254,12.05658211740966,1649.483615737287
2976,1649.3620111206808,1650.1287186515242,11.182098179921628,1651.2997553263174
1493,1651.344533373284,1652.1246205971388,12.304108692269267,1653.237757097393
2182,1654.827666684994,1655.5922269597577,12.577830353672677,1656.7361620257645
2939,1656.550231964766,1657.3460044309454,11.883645298336296,1658.4405914663516
1446,1658.3826960896538,1659.152187230631,13.439584043587963,1660.1797014440654
3391,1677.110715230883,1678.3160589242411,9.160381101419006,1679.6989974731578
2168,1730.3413330378646,1731.471118016477,10.004581016876084,1732.7312773615972
2967,1737.1781189463054,1738.3633820736432,9.199446746609635,1739.6904525602256
2937,1739.3981906616823,1740.3898475208969,10.614095387346396,1741.6006017468162
2936,1741.427637365959,1742.3151754022508,12.06331943666433,1743.4778740691308
2975,1743.453057163531,1744.2729258411762,12.750891029610493,1745.395726384989
790,1745.2894906885808,1746.1575038361732,11.5945445249441,1747.349182655066
5248,1747.3982355439696,1748.1745420532122,11.680023131620533,1749.360869125652
2742,1749.5123883413821,1750.2709406595993,12.367003432368294,1751.352922578824
760,1761.9190413391655,1763.2004535443841,9.588455331719068,1764.5223967116629
770,1764.0960071728825,1765.1445915262673,11.274632899205026,1766.3418295732913
3575,1766.1643883986724,1767.0408372662914,11.798329523883599,1768.1867970325732
5278,1773.636140915545,1774.4942685521103,11.372524298243535,1775.7154778132847
4240,1775.4711029615767,1776.3626241334846,10.84626536490881,1777.5294489306052
4545,1785.6083601582854,1786.3176597776985,13.452149553335172,1787.3522824595457
4595,1792.7656838223534,1793.428876618607,14.618049031179282,1794.3688510498998
2238,1803.4262247820027,1804.3757942920615,11.650537155271584,1805.5770696657664
2227,1805.6234898869288,1806.5254598898475,11.439360825348805,1807.7108226513005
2978,1807.5995315414384,1808.4419268676284,12.579573199895288,1809.5204185429077
4576,1811.4139820905764,1812.2895069699712,11.468634987545245,1813.47481886407
1502,1817.533102128736,1818.1479236618243,16.715189966664347,1818.9704375204485
5255,1828.4439003617383,1829.0825010820995,15.319751995859724,1829.97993567509
3589,1858.7084948574636,1859.4961171663747,12.212277420546608,1860.6432161122418
2940,1910.2182610433156,1911.0408288742703,12.036472701695054,1912.1807918047882
4599,1916.693492856111,1917.5122532883138,12.19773701994044,1918.6668501385486
761,1942.0726607599586,1943.4174146797295,8.78600310520188,1944.8164478508768
4560,1944.2761147645526,1945.3239310744268,10.86391518049326,1946.6277618957747
9075,1946.4065585821543,1947.384244072745,10.28453508975268,1948.6319378310582
9076,1948.3120996978632,1949.2853727099516,11.031391320457862,1950.4427743987724
6323,1960.4986255727954,1961.276067646474,13.189286129606709,1962.3371127351359
5221,1988.0786196051536,1989.00422713628,11.372691643775125,1990.1947411622443
1517,1993.6499832984184,1994.476953543156,11.281354807911137,1995.6530600431192
2942,1995.5340943095857,1996.3412959552181,11.661788984342921,1997.6647735271808
783,2032.6235233264529,2033.5076440943583,12.115677864247855,2034.5960617004384
8886,2035.0830712904044,2036.2341037171623,9.643437819868048,2037.5236279040375
5817,2037.3731235713146,2038.400736627124,10.487377417766561,2039.576068854649
8440,2073.4185669633475,2074.42693165103,10.42103350061785,2075.6016565106565
7000,2099.9663535469654,2100.614321880932,15.056426828479811,2101.533176086348
775,2122.1638106049663,2123.1150996160895,11.65062331751794,2124.305670424858
7680,2165.6150681984905,2166.49802653711,11.729276465304148,2167.5951522381197
2982,2171.118036771077,2172.3113415837706,9.708250653324528,2173.577088217569
5268,2173.1352183699514,2174.1999763292533,10.304642851076933,2175.433077549174
2899,2175.38601030195,2176.2710215293628,12.605158879648005,2177.346514717163
5214,2177.2587778001325,2178.1657662461375,10.610556696061447,2179.465367306176
5227,2179.123559938672,2180.0170259657816,9.870729884904678,2181.325163021894
2974,2181.2124634264874,2182.147710881514,11.457515549730822,2183.341264034444
7751,2192.649632414423,2193.52968317729,11.32643447152302,2194.6624362721523
5257,2196.543794455739,2197.4278418826825,11.02022621301241,2198.689450247658
6268,2198.4808234436837,2199.3861556033357,10.452983884023098,2200.565428324724
2955,2200.307498528482,2201.1873160811338,12.275300602788173,2202.3269635799797
5814,2210.8820658355835,2212.016374807085,10.247785478548971,2213.310186220751
4013,2213.5253190007757,2214.487006740204,11.15149368082781,2215.617983559705
3790,2215.5453033379004,2216.3748421309783,12.560026425597673,2217.422279511821
6315,2225.1363961636025,2226.3671950758353,9.239199024936955,2227.7927210839666
10094,2263.554634262014,2264.534267959542,10.985511574682981,2265.8758586799804
5224,2275.6717240528146,2276.3923655108174,13.969225308914536,2277.387322330881
4543,2280.4624428885513,2281.278959298477,11.25728781447563,2282.4615195204965
4588,2282.186062894431,2283.0247302805606,12.023172057718565,2284.180986009651
1448,2285.704016445178,2286.517809485422,11.463889931194549,2287.662322516034
8434,2343.9555520291524,2345.0907234032074,9.668418829997531,2346.5065254924903
5222,2346.2044665587164,2347.1807134402466,10.175683981913261,2348.5988192347363
9510,2348.163871242072,2349.211995543131,8.807824794692307,2350.6896610935823
8419,2357.3210352056403,2358.0257279946627,14.576766497823947,2358.9689053035104
2981,2359.3742469509093,2360.068401271149,13.229632017213818,2361.1019430355814
10027,2361.437820591165,2362.163972991419,13.927383813356517,2363.1561807767002
10096,2363.4126860476504,2364.152653183831,13.142667878360903,2365.192844099061
7731,2379.328832344636,2380.2935352033387,9.92872737936636,2381.6441584106537
7717,2381.269588988755,2382.2220371546273,10.658515470451201,2383.501442217453
2904,2403.1040863530375,2404.158784106857,10.391414142157926,2405.4673860344406
7017,2409.7704987051056,2411.015449823845,9.939685529138387,2412.336337330648
7740,2433.9842945261616,2435.0592125140206,10.305610428255065,2436.3867414389942
10086,2436.052706728225,2437.060376212468,10.915853937591566,2438.298765110853
6987,2449.644460390632,2450.5463640491776,11.292971969186322,2451.870332099982
10049,2454.5216258378823,2455.191754577519,14.253797421173735,2456.1699926228716
8471,2457.53264703157,2458.28364104053,12.348964121748066,2459.380920384363
10740,2460.3540276368635,2461.1438635741993,12.048426548527454,2462.2740433418167
7713,2465.8924071317047,2466.6020189292403,13.830982938013145,2467.5865844133173
7745,2467.5484676299025,2468.2541749415955,13.903818912273465,2469.235635465522
9504,2502.122135768788,2503.12123211821,10.736437850230034,2504.3929732378233
10030,2533.8739102321683,2535.0720563690093,9.626402636413562,2536.463027281381
10777,2536.191972857581,2537.2388823044616,10.68494488705094,2538.46218628434
10703,2538.177472858647,2539.072932750884,11.76426990650826,2540.24446372448
2919,2549.652565057922,2550.5301352511196,10.667950111002588,2551.805774337198
2938,2551.516278856733,2552.4227349830767,10.98032137647548,2553.6550239242138
10066,2553.3292991778817,2554.284620556271,10.68205730496232,2555.6370041721802
10751,2555.25052693588,2556.216969921371,9.487581526153733,2557.560483808211
8472,2557.306120433008,2558.22203327961,11.15870467328369,2559.458697893727
6938,2559.2493109087036,2560.1200145555827,11.532389914619595,2561.3421363458688
9072,2584.1911661862655,2585.2570993632667,10.365529120982947,2586.501459504604
6948,2588.1247456495466,2589.177857996064,10.333023933654596,2590.5043269255734
9506,2591.081367870557,2592.22462905625,9.815792571031015,2593.529199337104
10701,2625.9730511680496,2627.148093434356,9.353224009779636,2628.537219945146
7706,2628.021838566272,2629.0910014023216,9.959155664696578,2630.381630231224
6970,2630.10687791393,2631.06553448306,11.735449099394913,2632.2544727212307
2963,2634.3751542296995,2635.426474397637,9.26092562782991,2636.8760102110705
2970,2636.415457025563,2637.408093841717,10.217059440007949,2638.8731983101125
2960,2638.4124887430808,2639.4028317542015,9.350816530344504,2640.7227118363753
8469,2640.412805255628,2641.3851360318627,11.473083087783214,2642.5519717176203
7004,2642.44481324119,2643.3280132408113,10.563617048748643,2644.6815221413435
7691,2644.3975457888096,2645.3248185511584,9.460587203574498,2646.7986409792616
8443,2703.3534986395725,2704.348658422661,11.2606079099525,2705.52589595104
10712,2705.2978627238713,2706.2324832345034,12.336657150889197,2707.3329816624528
7673,2727.527482314865,2728.3913469737086,10.797623845673112,2729.6952391458626
6960,2751.9504672756943,2753.25302556626,8.90667110791124,2754.6284444880816
8873,2754.2831862211647,2755.332634393377,10.583170659159466,2756.535418512944
9083,2756.509730884924,2757.496987280313,11.067499892524136,2758.6319661798216
7023,2760.0345938774126,2761.2114186816552,9.702908933878264,2762.6292315180995
8453,2762.1165372731466,2763.1833005036256,9.1604994651672,2764.571573579641
10750,2764.313533203897,2765.270602612552,10.99809510438431,2766.498361780142
7720,2766.1743631427858,2767.1234468126527,11.429550342274878,2768.289115906218
2703,2777.6526056413613,2778.4889349980517,11.646177584549989,2779.6451992885072
7669,2796.242659901884,2797.200759335383,11.799060956082128,2798.342910539532
10711,2810.914330277087,2811.6101201707734,14.068625782145208,2812.577285987411
8409,2813.9634288189773,2814.634127086369,14.504710008913381,2815.567198954648
6274,2838.123238215795,2839.240237356243,10.13770083554366,2840.478862746441
10765,2840.934133093451,2842.043843433476,10.199333511296487,2843.3233666776177
8862,2856.4553129211668,2857.162802452775,13.865376057450819,2858.1625882838757
10732,2858.495723394366,2859.271464501451,12.392147351790634,2860.401723513931
10029,2864.9365075869173,2865.636080627521,13.939270271472893,2866.675063750205
10053,2870.619232921305,2871.377201596474,12.903866872900627,2872.4380005712233
6945,2900.4513777228253,2901.284528626224,12.007394046100229,2902.4592438508976
7729,2902.2520790107346,2903.107898327045,11.256946293606957,2904.298222520236
6262,2928.0827220493616,2929.2060939119847,9.956788927928772,2930.470404668649
10032,2930.3848764025483,2931.3746241459867,11.23850544510002,2932.5751384928194
10768,2935.956634671976,2937.0920912458982,10.005574185624269,2938.3968905906977
10753,2938.07200067441,2939.068821677896,11.775897862194725,2940.2123507202223
7010,2944.6939791489735,2946.0670910841864,9.19594631225796,2947.4867011904653
9080,2946.991328351171,2948.022368134553,9.822526655739887,2949.369166026654
9747,2953.356159404074,2954.4012606376723,10.374794387471178,2955.5836996658595
10059,2974.150494968146,2975.2431318526237,10.226216687129472,2976.4763545636865
10755,2979.1825398918645,2980.2993238940967,10.579979434425553,2981.6201771885494
10062,2983.9693603744895,2985.002689898684,9.303459853444993,2986.455751522706
8483,2988.0734615512147,2989.260653769814,9.716326952550519,2990.5426284279415
8468,2990.120905619402,2991.147450948247,10.837686268163349,2992.3696721582032
8478,2992.122205022368,2993.047762702958,12.000790232334875,2994.1976164061125
6939,3022.206218670318,3023.0935931243234,12.212028846504337,3024.214809318177
9313,3024.4681923399667,3025.42445306586,11.03192921042792,3026.6458025111874
8476,3078.656447151639,3079.463942562667,12.244928754576872,3080.5246993134033
10716,3082.242754606915,3083.183816181879,10.276988520045965,3084.517693084024
9070,3113.374935086424,3114.166574594876,13.690888233588284,3115.180808495129
9081,3115.5933745138263,3116.3616445494526,13.705078593388556,3117.3876894109612
10702,3121.9015513912836,3123.0176061525412,10.890512428121117,3124.2420634660143
10077,3127.9226545361394,3129.05532130717,10.776118569287743,3130.3124787742727
5293,3161.678747218439,3162.5414036717134,11.343682676911364,3163.7730473549923
9749,3163.52111752221,3164.38499094091,11.646741956814806,3165.577901714333
10072,3165.474341388802,3166.287242029248,11.281562099397817,3167.5218190280325
10055,3171.3793619733947,3172.1340221633536,12.201646634353501,3173.2654688299976
10028,3173.232077077852,3174.0296598934324,12.374360784604045,3175.1386377785525
10733,3179.267135774884,3180.1537080234457,11.504926752063922,3181.3408504753697
6991,3186.2946213987498,3187.0956622195213,12.676901202882831,3188.179590911718
6978,3201.8861779951444,3203.082920501998,10.489156961671643,3204.343926431796
10073,3244.016453307572,3245.118059294058,10.502508973791612,3246.381936282609
7687,3251.668060479357,3252.495558574917,11.521797140040595,3253.596739153956
10708,3253.437854191288,3254.2936365970363,12.701321260970861,3255.3332963914836
10759,3255.422250180391,3256.297175426047,11.486792945817065,3257.5220778857724
9743,3257.295932044,3258.1984980258303,10.9946747477843,3259.442680164918
10761,3260.642790509835,3261.453507957052,12.536292371773316,3262.5801129064002
6995,3262.4092351002214,3263.226824061382,11.380024633847711,3264.403574748239
9085,3291.4739800412526,3292.4589725178216,9.922789085580733,3293.836431751995
9086,3382.087919224742,3383.1784913794513,10.277858788001113,3384.5010524059085
9071,3384.3949369962775,3385.309270512227,11.986053340645848,3386.5183561531085
7018,3387.059297366744,3388.209589790618,10.384661966757179,3389.5483377200426
9500,3389.2633579251587,3390.2509324780044,10.611276595216385,3391.5037691204548
10057,3397.5427611918526,3398.472737586098,11.59579485031268,3399.5725227098305
10775,3471.362143670129,3472.277591725069,12.126464671784293,3473.3549201017577
10757,3473.2287757181584,3474.0777420209292,13.755839378201395,3475.074151678098
6973,3476.1155303867677,3477.345207918412,8.979567996761885,3478.7810954664037
9290,3486.2146495571033,3487.170625006137,11.591462400783556,3488.3138335838407
10016,3569.0324354914897,3570.1321616735718,10.622479334837443,3571.398732507192
8450,3603.9447908376505,3605.0018386711413,11.335882965166983,3606.1918411348374
6962,3647.9170786578766,3649.110548777955,10.051557164549546,3650.4169790596766
6958,3650.1640779376735,3651.1201111950845,12.239150314722037,3652.2447398775134
7008,3652.401310429331,3653.294615397387,12.173472607998889,3654.453959441714
5813,3654.3979085959613,3655.394867604843,10.978068090068678,3656.554581302823
10781,3656.4395634227685,3657.380424200182,11.36366778406254,3658.5542664980844
9764,3658.2939464962883,3659.122907106427,11.49425707888273,3660.295553102042
10056,3660.3102072750407,3661.083527243794,11.733041462039681,3662.255178481872
9706,3697.210916517229,3698.286500653724,10.270565716351046,3699.5752717457644
10065,3703.061045227089,3704.138905626422,10.657861425646482,3705.383555057581
8439,3709.0046462087093,3710.1493794464973,9.749297305158402,3711.447034070327
10727,3713.0840303044415,3714.014607619175,12.50065534908976,3715.120658494892
6311,3737.96607508126,3739.0605359823926,11.071819083152977,3740.2965195892107
9286,3763.231791244223,3764.4231160899276,9.786727181659751,3765.693433684508
9288,3765.377978597267,3766.392958976973,10.64388374600496,3767.64690220766
8408,3829.032728173221,3830.0020996704116,11.395394584653195,3831.187112403845
6964,3831.9365305625997,3833.2492069162195,8.611802251238835,3834.6779470024044
9699,3834.0713746279735,3835.1840668012433,9.98024140577479,3836.4527262569954
9511,3836.1345758312773,3837.077934191463,12.307484598916323,3838.1894781199317
7728,3845.398168790067,3846.499882488843,10.184221085573437,3847.8314552359598
8424,3851.624865096415,3852.5147474561118,11.13740790050941,3853.7237815574167
10033,3853.438287948864,3854.3220631693493,11.882814693069935,3855.4711862882737
10766,3855.252810162011,3856.0457307290103,11.72465001223524,3857.1983401723514
12452,3933.1487624731726,3934.019872566195,11.409046252308155,3935.1897556494987
10047,3944.1708981897605,3945.012303036965,11.613803913485818,3946.195152802444
10769,3964.1459265536405,3965.2647395434865,9.746842526274582,3966.5508509416522
8456,3978.0790680467626,3979.082013236787,11.584043954104263,3980.28850292351
10773,4021.236453233865,4022.075478858298,11.355427683129607,4023.2886605213916
8452,4189.199617005166,4190.290121870616,10.088229269082545,4191.553928308672
14569,4193.9949828592635,4195.003122071822,12.073243374908627,4196.1364701441635
14586,4198.933460530019,4200.0095641082835,10.291556913676063,4201.332174553933
15011,4211.716844764753,4212.5366424562235,12.58433454374954,4213.713985796288
13202,4280.0271988433515,4281.034604082085,10.506595115841051,4282.353516179458
15004,4298.005371549621,4299.085336644996,10.512803140650059,4300.3434557386645
10026,4313.618476945391,4314.478996949492,11.43031113279654,4315.750043296188
7013,4328.397308000155,4329.350493174612,10.547481731357424,4330.632016954043
6999,4330.369594398593,4331.236717309157,11.325387594260823,4332.500972060873
10024,4334.205055134423,4335.117758170336,12.389709299439593,4336.208632219722
10772,4341.786339751508,4342.581156064618,12.281289217907043,4343.654803837753
10742,4343.523852733161,4344.317176842234,12.74158344490228,4345.368843419773
15599,4345.250305740225,4346.057778923107,14.151280231448917,4347.030612494404
9073,4353.389385232017,4354.260640006483,11.81597836560856,4355.429876617742
10724,4355.471105376918,4356.350447223278,11.241189672632546,4357.589465390299
10698,4357.362833914229,4358.20958625575,11.501884996929464,4359.43068134473
14581,4373.976607714901,4375.154003028416,10.144946257821308,4376.409473194347
11750,4377.134285816483,4378.424823380815,8.738512179257667,4379.826759588155
15526,4379.338113891665,4380.425482210163,10.272057917612193,4381.644268385749
8425,4385.237111136367,4386.217426865378,11.769841488737752,4387.336940802715
10069,4469.075876791646,4470.154394460603,10.678817371198743,4471.379088362868
12451,4471.913962496852,4473.0399075401365,11.222165743701439,4474.237231362984
10782,4474.056138750297,4475.040971129238,11.739800847647706,4476.179111456924
10725,4552.097865579551,4553.1312614971075,11.390605233206959,4554.318469278569
10715,4557.987094309211,4559.156575064727,10.58766380856289,4560.395200567938
10034,4560.105166717033,4561.077217404056,12.013640409961173,4562.207544189293
15590,4562.123815024103,4563.01865823296,11.088684990411435,4564.241642852197
14572,4567.570831108233,4568.460415773263,11.058059269924318,4569.784467461181
11815,4573.144759182914,4574.216437035155,10.22939481502792,4575.481626677081
16253,4593.440131375938,4594.461850266701,10.74906795314718,4595.716667244989
15517,4598.476139273727,4599.328952144165,12.600743259113033,4600.452072110291
15541,4600.389190946031,4601.23709205752,12.241553617387211,4602.362541410194
16262,4602.321470568596,4603.115131385389,12.127607771452071,4604.248326832519
10737,4620.5479181222045,4621.402603270253,11.267906836295245,4622.631474572828
10366,4622.327036079731,4623.165890143734,11.330716725261048,4624.401536212025
10730,4625.687354922043,4626.408992507166,13.689413674810806,4627.41825700548
10064,4627.376874196959,4628.095685924081,13.517026766711275,4629.111750925863
10425,4629.209383381776,4630.014772629755,12.388449989511864,4631.122805863849
6280,4631.53982913499,4632.416196661286,11.390912393758443,4633.640809689601
11837,4641.796169455029,4643.084754058276,10.160461463947929,4644.3609989374845
8428,4644.216831203525,4645.256967117475,11.217382939651417,4646.475361474558
15562,4652.08709327732,4653.046058482682,11.886892108923382,4654.177545768571
8467,4664.179879150773,4665.318473645582,10.09665917555908,4666.562241196662
8399,4689.719519576989,4690.549579847155,12.10574533067549,4691.661214229376
7024,4691.55454460061,4692.338341551322,12.518232862038397,4693.489388354638
8407,4693.326756134693,4694.156142718206,10.85350261390976,4695.355068961692
15550,4695.408819274165,4696.255921711721,11.67949192511522,4697.437754129342
15512,4697.605334854479,4698.471369685796,11.415296678462498,4699.689390761921
15511,4699.52536309743,4700.40383404849,11.18936918393803,4701.611902195713
11832,4728.165774714068,4729.429274459577,9.10576056451278,4730.73306337851
11759,4742.070930019675,4743.118311616421,9.922871277969042,4744.495119485909
7001,4744.093635581863,4745.0342102158065,10.51388623677981,4746.396422592933
7719,4748.262916068041,4749.235571140548,8.828467901397643,4750.713548310639
10014,4773.970774336752,4775.015141078811,11.824284586047812,4776.174561626489
16244,4794.877955770439,4797.131029850706,6.942182259673667,4798.84353383696
16228,4801.152580864122,4802.093023830072,11.948743116995711,4803.215067030518
13956,4805.317423440933,4806.158642507097,11.571717295023351,4807.3331034415105
8463,4807.39329101263,4808.230730139146,11.54577373303133,4809.427994080194
15930,4809.399110290876,4810.277601842729,11.23418385833038,4811.524863326916
16251,4811.351543424499,4812.27099101762,10.714056444577817,4813.5101351805715
10067,4824.265482807353,4825.403794307842,9.417202477346917,4826.788343219798
10697,4826.344331001701,4827.389691321125,10.279126073532709,4828.63685579794
15572,4833.791777573204,4834.570222788317,12.610228661004605,4835.672530488602
15598,4846.64883125332,4847.341739153349,13.698742081090867,4848.321133569851
15929,4867.17627702916,4868.3092701259275,9.897758302629102,4869.568346851159
16273,4869.390177876791,4870.371384226226,11.501218947061716,4871.482726714741
7741,4871.324305910963,4872.219344800139,12.531080172720067,4873.315475655533
7011,4879.513646090257,4880.376644196839,12.098027962912719,4881.547478513652
6957,4885.913764361194,4887.045624246728,10.399520088410444,4888.346777805097
6947,4888.091889466712,4889.008908476394,9.754233467631929,4890.406450230241
13219,4907.994498840577,4909.171422221186,10.118646156114316,4910.439248337085
13248,4910.267164421968,4911.26031910404,11.250991088597194,4912.440220491471
15016,4915.200685592815,4916.130224776588,12.025466344543888,4917.2472121792725
12472,4919.715071268135,4921.0577933595605,7.115798247880633,4962.599643786711
13177,4974.236784699832,4975.3829169905885,10.127694631060423,4976.707515338933
13242,4978.4967550051815,4979.462742390563,9.583877489405808,4981.543747792309
13943,4985.153679238439,4987.000719311352,7.198941608221035,4988.719607628045
13948,4987.873358641034,4989.318913269809,8.377914013268507,4990.882075489309
12462,4990.182378510219,4991.268919994662,9.14331170260031,4992.683226828476
13201,4992.155594926107,4993.233523680951,9.856806720076394,4994.583720550935
10726,4999.058282866451,5000.118589143822,10.34508684454439,5001.371077607729
13223,5044.009013057063,5045.081403941292,7.558186371254929,5051.418353200029
13167,5055.270728766137,5057.051674175933,6.67257424351307,5059.506701713957
13983,5065.1044754080895,5066.283416680485,7.206737898553058,5068.993340772055
13905,5150.230235547425,5151.163954347721,8.822905470008715,5152.743293500851
13897,5155.775577434117,5157.123488565073,9.749812296132246,5158.504839830088
12478,5158.1542289177305,5159.193401571757,11.285169204186618,5160.672979695465
12479,5160.2057689000285,5161.28046070395,8.157529922738116,5163.4745451465
15014,5203.621942548472,5204.460084754929,11.31240890719247,5205.679125440688
13169,5211.459624270546,5212.384451132539,11.338502288073345,5213.5701731031995
13931,5241.0856288067125,5242.1420479951985,9.123513652707082,5243.64302383536
13914,5243.139302997022,5244.176407496237,9.878001336058507,5245.644897641822
13970,5245.172706867725,5246.110337245096,8.78340845329167,5247.6263774400295
12465,5247.021778271223,5248.10491326972,9.772333770117193,5249.637649375288
13222,5249.138809245374,5250.182479036581,8.12911349280904,5251.818675693266
13174,5251.244285268793,5252.34915394369,9.218196896292959,5253.893234607786
15584,5275.08947952908,5276.2078735867635,10.64217439082767,5277.414260474874
11310,5289.185200192705,5290.1228245315615,12.536531895484213,5291.2071047356185
11307,5291.13541586982,5292.031481556785,12.264873080175096,5293.138199846414
13252,5293.204748543786,5294.106770933431,10.892167162550221,5295.40124030424
16208,5327.650699455806,5328.508555367377,12.159530456164617,5329.569083585444
13180,5334.381791570143,5335.37734446926,10.665864628038397,5336.564327692232
13170,5342.584361625327,5343.4838960952575,11.819007907579786,5344.6833735258715
16289,5346.721746737676,5347.513502980931,12.776241780614807,5348.529950196916
13217,5348.480154561979,5349.232703068534,13.67534000504588,5350.247438114662
13947,5350.417651723765,5351.2302382459975,12.288811003143936,5352.35221584387
12477,5359.090140464259,5360.16972838657,10.693424009931446,5361.3993901953545
13176,5364.193319300789,5365.359736757662,9.287493667530688,5366.703194976399
14584,5378.075690995159,5379.210035086848,9.744287540051406,5380.538184352314
13203,5407.168650324696,5408.309753607293,8.583114034567746,5410.639211905698
16285,5411.576993904113,5413.200469755441,8.27675149777226,5414.667678301556
13952,5414.144825190117,5415.36611745222,9.420873430293172,5416.673737175949
16246,5419.276030999665,5420.461040758094,9.6769359102031,5421.71107956778
15586,5421.34760490215,5422.284002114872,11.365308650345536,5423.4686621026885
15573,5423.446883751908,5424.358363044015,11.577677289852453,5425.508675085986
13186,5425.419935812819,5426.263032926036,11.478013306799044,5427.472612274795
13908,5427.668583802049,5428.513632905216,11.750078783276217,5429.707419371953
13225,5429.641668961906,5430.481335904304,11.384852050384131,5431.6354551676795
13238,5431.382578683788,5432.236941969687,11.682486468497132,5433.387248224657
15239,5433.280652331414,5434.124653340619,12.966227549728067,5435.173232651143
16267,5452.244169953907,5453.357385374633,10.437240440985148,5454.595276997967
15585,5462.874163666031,5464.010774648874,10.514855793184873,5465.2614837122
15540,5468.017212757377,5469.025419083924,11.141291289022112,5470.23952175609
15000,5473.354013229876,5474.4320486564275,10.12016251558307,5475.648387977414
11309,5475.342712978483,5476.278685029621,11.943337826824143,5477.36792369913
13232,5477.99005834464,5479.18492754568,10.225997949722892,5480.436732093937
12497,5480.2919162609915,5481.296861604165,11.316352680892958,5482.450120837691
16206,5508.111722439682,5509.278716983069,9.666819753534243,5510.559294482657
16245,5510.106462958627,5511.103921960472,10.007677345465241,5512.483949023652
16255,5512.343674374787,5513.30235817603,10.299223474126014,5514.603496278518
16250,5514.199741744067,5515.113548485209,11.079483496241265,5516.310250820258
15538,5516.297468467712,5517.071312268833,13.384651365353687,5518.104178210437
16281,5539.010461421466,5540.011849803451,11.428253122618699,5541.220329249461
16242,5544.784068721546,5545.580029883915,12.620403901444663,5546.716878465644
11783,5549.753221556715,5551.080849671735,9.946383404138277,5552.380699088591
16239,5551.987653305591,5553.017356080627,11.412176282373938,5554.209099077372
11753,5556.829752422747,5558.08378252997,9.310178632859888,5559.463662945805
11813,5558.93762447734,5560.060744368055,10.632022659607431,5561.308647495346
15597,5586.259796067877,5587.167172179951,12.540115320482007,5588.274957762629
15566,5608.690561030198,5609.546972316082,11.251815511116318,5610.778081463841
15515,5610.474619832525,5611.329889601689,11.262039593901749,5612.548989782183
14573,5629.024567523524,5630.1316291287,8.823967329607479,5631.618013541069
11800,5631.782772835241,5633.0723116548115,9.082677043621993,5634.526842085555
14570,5634.098565331877,5635.167938362496,9.765638631377431,5636.494977102969
8406,5645.382244391158,5646.502544789784,10.080398050120575,5647.738749162854
15579,5653.787648802438,5654.553915269709,13.275484617903128,5655.624917143367
13929,5655.628597886289,5656.397008994847,12.677409129277049,5657.449771354096
11836,5658.910818835832,5660.211313242264,9.632515225747277,5661.503089978348
13969,5689.557877858498,5690.38961939919,11.733176062337593,5691.5921924998565
15516,5691.287305589142,5692.177295293985,10.801528937800159,5693.401421414507
13924,5693.168403813771,5694.100137325411,11.768640028972227,5695.253469822075
13963,5724.025539716235,5725.017413666884,10.622868624494352,5726.293390827514
13187,5730.044527087036,5731.195408603458,9.81748132857703,5732.476494077291
12438,5736.193354708343,5737.255954710677,10.414334100786094,5738.474520316452
13216,5738.330048171481,5739.395793060424,9.834187469507382,5740.826960783366
14585,5740.409021993335,5741.401033944915,8.823343482213776,5742.873126596397
14587,5742.329824337526,5743.354489116742,10.11426169107749,5744.60307603094
15539,5768.242654708559,5769.323555611684,10.546331311812704,5770.619682711604
15558,5773.267755665965,5774.348408758238,10.521110816675384,5775.565834353314
16260,5775.430411250354,5776.379245897152,11.669223349670713,5777.477448483802
13967,5789.171845800786,5790.398005770972,9.043711444628514,5791.722683512049
15003,5791.26345953907,5792.374736530329,9.841712105925048,5793.66235315116
15005,5793.4421652034125,5794.367761440425,11.784899101544443,5795.46365144658
16278,5795.354213641132,5796.21075015853,11.882428268967834,5797.358989530753
16263,5797.250750594757,5798.025551417205,12.363982711372657,5799.132740101535
17967,5808.214153653396,5809.45354068487,9.15292202577121,5810.876738170066
17282,5814.566474351396,5815.421789665726,11.039620326649397,5816.624181988027
14576,5818.1037088069515,5819.247847729594,10.1359873011079,5820.647910141018
13210,5854.013524027188,5855.047773494436,11.329493626256188,5856.227699682819
13195,5868.008511126428,5869.024201047052,11.959664080039248,5870.165357858368
16271,5887.202266635069,5888.333150871827,9.807192464027002,5889.596199837176
16264,5889.481239295335,5890.433873182006,11.200001377649775,5891.574140110932
16212,5891.329616934789,5892.154856491557,13.121441663271968,5893.214068241695
8448,5897.904197820733,5899.031502553459,10.244968007506305,5900.326152684528
8451,5900.443159218022,5901.4492666649685,10.563841150697536,5902.672802620425
15592,5951.070849119193,5952.120671738381,11.282428301910716,5953.276895216465
21044,5958.17867635175,5959.340261112364,9.640097480336374,5960.635355562051
15578,5975.591431603343,5976.42198654661,11.980080578571421,5977.5893982649295
16240,5977.488546177928,5978.30939516171,12.237792030837138,5979.473624691425
17980,5990.230248977877,5991.222112339329,11.062475112431015,5992.382433470238
20077,5993.3829395580115,5994.282960244376,10.741538150328015,5995.5928079934965
13925,5998.725152041056,6000.152619097293,8.378708837824163,6001.624509786211
14571,6001.02234629521,6002.164823513797,10.26887309372143,6003.434409235565
17333,6008.467971552446,6009.280030058589,13.344868550964422,6010.322886985511
14783,6026.850888255768,6027.60133660502,12.863801376361884,6028.677044618484
16234,6036.188169416563,6037.152896205965,11.7838191486305,6038.324879886139
16210,6038.216390054491,6039.102502290599,11.406509565406964,6040.294325548103
16202,6045.974663616457,6047.025811782415,7.022675473010925,6049.106372791289
15560,6053.546469173931,6054.348956736149,12.068742292269551,6055.533467387245
18707,6065.167621400117,6067.07221191319,6.539301517879453,6068.889957051377
17974,6067.912070536385,6069.283564539813,8.3720625254337,6070.902857874178
13907,6070.230156987666,6071.371091966602,9.071807896260426,6072.699883048141
17294,6077.914662557157,6079.057114417901,10.929735481027315,6080.262644432668
17263,6085.891751044111,6087.154769370798,9.386587691231382,6088.492973630757
14377,6088.104847840204,6089.104490052098,11.984045491164618,6090.226203787095
21073,6093.7345916996255,6094.5665715533,11.769831065617659,6095.68028844237
15001,6095.583204693481,6096.441757380547,11.809648323652674,6097.623023816462
14999,6097.412553686194,6098.23318915948,11.240433899574102,6099.446972412374
21050,6131.928418528383,6133.078774104735,9.067347301592141,6134.527402920055
17249,6136.905700071423,6138.035821490228,10.899635177786491,6139.280570578029
21074,6146.52314912815,6147.336001983281,12.770791959598695,6148.4365649088995
21096,6148.269451176053,6149.020046640553,11.257835782457235,6150.196652688065
17937,6151.839060217681,6152.591729775713,13.377706712832195,6153.560588587275
18704,6153.690904427239,6154.42733022029,13.339145675706586,6155.441558957278
17942,6171.736249997901,6173.10856738036,9.27157785289743,6174.50022187515
21033,6175.998229808971,6177.0259948512075,11.222656219464788,6178.258875467718
18018,6224.759284254514,6225.415346976865,15.063769438574974,6226.355382262274
19457,6233.445739088114,6234.209910714776,12.078648496902742,6235.400236944887
19431,6240.805635528542,6241.46696740492,14.838421202184007,6242.413899059209
18719,6242.472429899857,6243.126497904553,13.512063928762048,6244.130601137118
12520,6244.414615261806,6245.10921108376,13.693885525803786,6246.114934255611
18682,6308.143030959441,6309.224183368666,10.23224020800374,6310.464958076723
19428,6336.714023369255,6337.5570568840885,11.708346447352685,6338.7860403670775
18686,6340.266588771789,6341.174641453448,10.616915292301904,6342.475193976666
17995,6342.155287881027,6343.1025858855955,10.438996989074035,6344.384708576578
11811,6351.840116985757,6353.068040115566,9.733484599774046,6354.421588058447
21781,6360.413567143157,6361.433719855056,10.773426575884573,6362.70319175566
16283,6370.177735058425,6371.38966379586,8.94031309403972,6372.776846391875
18700,6394.13951423502,6395.144611188735,11.389664532983447,6396.353517441824
21702,6396.262485154102,6397.1883175517005,11.677061679865167,6398.357062432993
21015,6398.397348261949,6399.263352487049,12.316940855757984,6400.3995019610575
20510,6410.62073464891,6411.4466092092525,12.923800446501032,6412.517804136979
19410,6412.477822107594,6413.448617710326,10.313573977880958,6414.763908042896
18005,6414.496074493918,6415.368629976612,10.90184752419776,6416.669602211245
21086,6416.555477666904,6417.413533617499,10.698248119982395,6418.70368840118
19397,6418.417768851091,6419.31364836426,10.661598772801463,6420.527698070237
18748,6420.3684739504315,6421.226980216178,10.976909116171274,6422.510762166627
18696,6422.297702103147,6423.162976319948,9.980025676784736,6424.51978707712
17977,6424.276541827872,6425.165826246702,10.2430714495198,6426.462106860851
21083,6426.1541279810535,6427.078743263662,11.7726333354508,6428.270215129544
16235,6445.524246360521,6446.532230531019,10.866821204404609,6447.69249374197
21028,6447.492892866764,6448.439113795396,11.029624288219207,6449.594710220762
21065,6449.676975810171,6450.500660853994,12.818763828931207,6451.5569883284525
17981,6467.763119426196,6468.545235754211,12.345223495993553,6469.632591584259
17959,6469.5800946324725,6470.410286737896,11.887702067853716,6471.564086344146
13955,6506.098570699793,6507.2382523430415,10.443333701951298,6508.472321442883
21014,6508.357573825669,6509.333527074934,11.65339026137282,6510.559955674033
21068,6510.269992225089,6511.1485445148855,10.179434275748035,6512.443649878311
20500,6512.342165968037,6513.177479260341,12.236920819865013,6514.312787123137
18724,6516.211273758573,6517.092781398906,10.824192545436047,6518.363931880666
21710,6538.607975383009,6539.528335850819,11.597450942896565,6540.743772066339
21070,6544.218329551103,6545.293967920301,10.326941977527703,6546.529806629778
13933,6574.072285981552,6575.115135649331,11.566148685911562,6576.321038270679
21031,6586.739858169559,6588.073807927437,8.00960158656746,6589.6112005065725
21029,6588.920622416311,6590.083750173824,9.521558468666024,6591.428067485097
21076,6590.984870293752,6592.070599212297,10.563895342858324,6593.33034005684
21735,6593.083213602969,6594.020201297264,10.723896869482493,6595.2954197108575
21747,6599.276335233853,6600.372811321978,10.426053396305157,6601.574402485395
20509,6601.217934842935,6602.122780943758,11.783954787985369,6603.28544708993
19393,6606.600200626747,6607.340092268994,13.149449415028771,6608.391366018711
17963,6608.29884989775,6609.023431782581,13.268940343544298,6610.058509039646
21057,6622.226416300758,6623.412007895204,9.19531120403619,6624.777288105227
17310,6632.974886095762,6634.206326130128,9.224828724719774,6635.548797854053
20075,6636.051312495843,6637.152164206101,9.407944308972079,6638.644629350604
20072,6638.012465374325,6639.029153399966,8.306506351244659,6640.529498509675
21757,6701.68008497761,6702.386324685714,13.584673446994275,6703.3948047486765
18020,6707.864896672595,6709.021287972364,11.156993446473066,6710.214635974443
20067,6714.176689166627,6715.108785753613,11.638164789236692,6716.242917649522
21026,6761.009634278746,6762.167869336793,9.661589779939193,6763.471087195562
21708,6766.994385426253,6768.082147253531,10.666010328433737,6769.377921598983
21012,6778.617462468106,6779.5115166331525,11.744988858332412,6780.570491314592
17323,6803.166596741231,6804.262416538046,10.732866059648027,6805.571175388422
20083,6808.2546565821995,6809.234486626474,11.171535532198368,6810.3819366671405
18721,6857.796674232325,6858.546387723997,13.064522771150218,6859.568436482423
18745,6861.549590898744,6862.431890032433,11.16410225918301,6863.643419584832
18718,6863.416207761068,6864.272134149657,11.052773462791583,6865.509396465022
18017,6865.247205272662,6866.115728042769,11.543035171884602,6867.339272693729
16809,6899.155421089178,6900.127516636634,10.10249246375318,6901.537151272883
20082,6986.278704730831,6987.418056685488,8.878297508257305,6988.9475874186
19835,6992.423538948671,6993.410993637934,11.325240427303907,6994.647733469655
20066,6999.975316804661,7001.035581159035,11.12695876401349,7002.25488557758
19861,7005.107960453375,7006.114938434973,11.862832301166302,7007.253615273587
19876,7007.199716102116,7008.125314768469,12.449442527391122,7009.2125323267255
18010,7036.559490914422,7037.403888554485,11.445216028411073,7038.5879676457835
17998,7038.41774560727,7039.267649703411,12.064241191674697,7040.399635774172
17992,7040.352418180645,7041.13680414662,12.63359480588035,7042.239795361763
20079,7069.229245460248,7070.244748776762,10.872889196919665,7071.441193026547
17996,7071.974149567295,7073.232143207645,9.499204312593786,7074.590241627063
16618,7074.217326938016,7075.276862346124,10.719067513759462,7076.452303475106
17269,7081.46212326124,7082.422077099689,11.444190419784448,7083.576766804132
20514,7125.006285562893,7126.021171785204,11.257506225040535,7127.228437891676
21773,7169.639035971884,7170.51232327787,11.624248711019701,7171.730023495688
20073,7172.112265226047,7173.264994531588,9.029696284041401,7174.753779442819
18684,7175.019462688572,7176.154366449386,9.965221473355165,7177.436415735259
20759,7190.364785776384,7191.1803810429765,11.710902594590719,7192.35540880578
20674,7192.231967051304,7193.085538110972,11.581052269261427,7194.263246481868
21715,7203.3845185006485,7204.337315651808,11.695920174230647,7205.490486634752
21723,7205.412805295175,7206.312126434509,12.108875638351236,7207.405972489809
13899,7220.754438573808,7221.568411197524,11.743347683639003,7222.720380217149
13946,7222.545734063781,7223.371996969943,12.421327571074025,7224.518508479848
21713,7224.405107656797,7225.2159548108875,11.279759996366762,7226.382030903525
17268,7252.019688919588,7253.293640090864,9.604419646986733,7254.597107217746
20069,7254.106770727536,7255.138567084485,10.785244377380291,7256.408876888719
18714,7263.801199022352,7265.182312954373,9.135020764777115,7266.547753969918
16205,7301.759241387344,7302.4992417781295,13.307919390145228,7303.518843774752
21022,7305.76649035493,7306.557863626589,12.340587711575399,7307.671609087296
21013,7309.597472106853,7310.385986517031,12.472052756661109,7311.513910081038
18689,7338.169269171352,7339.287651438536,10.451279905950527,7340.485511161761
18664,7340.126793212279,7341.049401889959,11.149648115226771,7342.277809167891
20497,7351.993706435319,7353.017158716783,11.609909617856388,7354.209508367164
19472,7399.192341515703,7400.167743174218,11.076572664674135,7401.349271780664
21069,7401.164095517576,7402.0738166367655,12.014142596485033,7403.187038418667
21090,7406.787500495531,7407.54687965575,12.741464997365817,7408.602955454524
21783,7432.110564150981,7433.216193230269,10.465660965103776,7434.468071755037
21019,7473.535922633815,7474.510791581245,11.117296524295028,7475.619196932025
21744,7489.568687676478,7490.4891418382595,11.292785043176707,7491.70583123873
21036,7491.589040010307,7492.445064572281,12.027144941274004,7493.585728039521
17253,7521.790058661787,7523.0059518416665,9.92904060497108,7524.334936378702
19857,7526.141015763944,7527.057052267264,11.603106345096897,7528.218216083077
17973,7530.946855409427,7532.293740210333,8.831619033896144,7533.685250195299
18702,7563.9694474069975,7565.0023876544765,11.18286953997652,7566.214253651652
21024,7568.196967693047,7569.085883596108,11.43700219705345,7570.277783542339
13960,7578.713269964284,7579.405158647885,14.240783929132862,7580.381260306543
21699,7593.420369207935,7594.118631650463,13.43356940714687,7595.140900960387
17280,7608.175113742146,7609.366611752491,9.88892668017552,7610.630857705477
21726,7618.562970790963,7619.4902342359655,10.535980708607104,7620.758422710065
21041,7620.462376427291,7621.374925186071,11.298828842838349,7622.5709801873545
21052,7622.293999771828,7623.150808118115,11.073926629597691,7624.318270728296
21093,7657.817943012837,7658.603931050455,12.854822812117872,7659.658073992022
21755,7659.598134073634,7660.331946328316,13.228786082976155,7661.335294130644
21089,7699.3092976898115,7700.347492901464,10.489264710566404,7701.552513933061
21733,7701.298393792814,7702.240057973012,11.395894350771774,7703.46522699733
21727,7703.289738629613,7704.15154704781,11.438017258441377,7705.300514478459
18676,7753.222947099199,7754.209956644818,10.30548065489798,7755.53567372726
21701,7755.408075384515,7756.395714609047,10.444882297885277,7757.722713341474
18023,7757.365235985638,7758.320246144937,10.001411674313594,7759.634463346983
20504,7759.317069740285,7760.218646964115,10.915074485092132,7761.464538437482
21010,7761.4472741305635,7762.403754569675,10.723310543007956,7763.7040928432225
21776,7763.348361020893,7764.2733809447545,10.615460964447578,7765.488899503055
21440,7765.306600672191,7766.1526616915135,12.134600923408076,7767.255906486863
20502,7767.168358818424,7768.047616858253,10.141631367897057,7769.3871248965015
21774,7881.037243079618,7882.029049530118,11.935680729422197,7883.15870611474
13926,7886.634964329059,7887.461607627271,12.434340491907914,7888.492864564271
20068,7888.474440078956,7889.393007809582,10.742575666210362,7890.639047421867
21762,7943.06287802953,7944.391261423363,9.098494366258905,7945.781807042143
21712,7945.2812963689075,7946.310963680846,10.726051316481705,7947.58918145898
17255,7947.277911409659,7948.209888110737,10.921671049332325,7949.464749290018
16211,7958.525707972114,7959.32239107623,12.150843061445174,7960.477905423529
13973,7976.601367428904,7977.482388340734,11.358609830254911,7978.600801333757
19885,7978.4199388126535,7979.255746527008,13.265797338752362,7980.288088754345
21738,7980.348437617733,7981.101298824468,13.882795581078836,7982.094939553186
18006,7985.181269118134,7986.340593673296,9.642237661078903,7987.674061393571
13920,7987.720901885608,7988.540523932053,11.85496892580289,7989.740630046813
13928,8059.276151292391,8060.33920261713,10.797685634076247,8061.565070341284
18740,8061.992465249281,8063.247287247151,9.440372746911434,8064.553177721822
18747,8064.134077442813,8065.15492380688,11.039779964224614,8066.358616386615
16288,8066.466215435124,8067.386644607969,11.661406178279275,8068.537618884783
19434,8075.417219273286,8076.1591757421875,13.300473696350092,8077.205768587935
19394,8077.380352886214,8078.114120544947,13.347663392963502,8079.146930839734
19448,8163.612140845287,8164.268149275724,14.609957510653356,8165.205974412429
21704,8166.352208002043,8167.04211127844,13.075549177278159,8168.093264560129
21754,8172.582988230187,8173.482677328098,10.568262264592725,8174.7618454931035
21725,8238.463354452302,8239.359357363765,12.193141348307076,8240.419184103448
19467,8253.883394750164,8254.516382368096,15.495598679079189,8255.40451058014
21752,8258.438100216914,8259.218110231584,12.41217139796292,8260.317081353149
19443,8296.507967383395,8297.352447370953,11.576875305665308,8298.540925041723
21706,8348.569541301944,8349.478887002997,10.818875338339755,8350.732582148969
21740,8350.422353668482,8351.33517800744,10.85144861548828,8352.600473568777
19414,8352.28770717411,8353.185226111804,11.198702435579287,8354.45146058733
19435,8464.249644463645,8465.30095511955,11.058189487577536,8466.486588406993
19468,8655.400927603952,8656.15314365803,12.322662479030965,8657.268668441853
19454,9019.65506800233,9020.505457183188,11.520212467858341,9021.769190098987
19427,9738.242532626218,9739.167561853772,10.909733658680587,9740.407058443552
