189,323.02637213373646,326.2138242640831,12.285080695284554,329.6526457103045
206,408.5557171941681,412.04129354130106,12.670417449652312,415.42819475615306
180,410.837658641199,414.1583211500215,13.149500472520526,417.4069234922813
162,421.0977839854083,423.61737735581767,15.781156666831857,426.3904599693777
178,426.4851383806514,429.42293822048157,13.58780850791951,432.600001009292
185,498.5906347681508,502.111045376599,13.44191664359395,505.35042215188287
591,678.3077375934229,682.0716809749861,11.180535452106772,685.7873559639409
181,686.9027791763335,690.2553904811859,11.911786555550128,693.8006831684179
588,778.6646133003878,781.2561832325665,14.208588187980576,784.2013639895399
598,904.1937708430786,907.0987583853116,14.115838400813296,910.0839694800385
571,948.408441357012,952.0111719221854,13.653659667422703,955.006097533455
186,954.8915507570774,958.1217910582056,11.626921805379135,961.5339128405252
166,1038.6915321356726,1042.3842630321722,10.918787393245914,1046.112390857662
164,1128.413074024107,1132.3638552097293,10.730078953816674,1136.375983711495
595,1174.178148435738,1177.423988057036,11.980163655403166,1180.8239150396457
150,1308.4868400005387,1312.0872887352366,13.165100013657279,1315.3854563887141
161,1398.4321269933498,1402.0255727429364,12.87220664905888,1405.2433973416623
587,1420.7068693953222,1424.1670402960372,10.445851532118422,1427.9744612923294
200,1492.4319886148605,1495.361828755481,14.068404661011174,1498.1848806908363
169,1578.24365538872,1582.0443144345938,10.78695394242177,1585.8629872284398
584,1682.2755096089008,1685.3864558976757,12.309375267074799,1688.6901477643041
599,1772.6116383766253,1775.206753604075,14.676170171857533,1778.052154578449
152,1848.3955330441988,1852.1901748866703,13.868048902232006,1855.2006580225748
175,1865.9653729917347,1869.1229655321802,11.803453506998377,1872.6279918316372
6077,1955.2182178095995,1958.479682576366,11.213983666477239,1962.179225879084
6105,2046.250059202831,2049.18279635159,13.42477466974831,2052.357398608606
6170,2136.4263269596786,2140.211390129225,10.32221276383716,2144.4104187231237
6072,2208.19363046627,2211.607858367788,12.920450462706098,2215.037301885195
6090,2224.0752736682475,2227.068785702809,12.447973163809056,2230.2937245346757
6103,2311.5418387451155,2315.0484560974965,10.134616808506047,2318.9819094948143
6078,2316.699771150496,2320.423784140699,9.829704763038068,2324.5837143677263
5682,2478.5007571150463,2482.3757497945508,13.7365759916361,2485.2606374545417
5672,2483.306422646381,2486.512810879583,12.462585465076936,2489.950335359583
5696,2493.815949989861,2496.2050695616986,15.699552341987209,2498.854001892258
5645,2573.099136105365,2576.186669349516,12.667577498783597,2579.412697153826
5661,2658.6989401157575,2662.435567908853,12.340148965268131,2665.648104431616
5647,2747.9518569697784,2751.2671462560384,12.472481297354827,2754.5757458933804
6056,2762.5219747154956,2766.1478517323435,10.932437201814334,2770.0868972734106
6179,2768.0786004683196,2771.413398065058,12.249771855652204,2774.873097577552
5680,3020.3033874941543,3023.493111563609,13.16397165314525,3026.794060388408
5684,3028.536105817501,3032.2964258704287,9.879304752870645,3036.406855011835
5651,3108.412260587997,3112.2234974202443,13.189491801662331,3115.350799581984
6089,3159.1029034886437,3162.5175892554553,12.607590911187664,3165.788014859377
5689,3288.442262172471,3292.1703818795027,11.794178308275644,3295.805543742697
5945,3314.2007412753023,3317.307672505829,11.933170082612515,3320.7828719726635
5662,3468.3676309045823,3472.0257977771416,13.461691117131112,3475.133713385289
6093,3514.0773068274925,3517.257631292099,12.670249957662243,3520.6874073903864
5695,3558.69000816625,3562.535049865531,11.019715337366646,3566.462834916597
5657,3648.2608427531627,3651.632003442786,14.554133228378296,3654.5566209274434
6074,3658.823642418714,3661.349188650519,15.089928786116495,3664.1428225113536
5681,3676.565367710511,3679.450696845209,13.538759657425272,3694.6378326990593
11576,3738.102085412052,3741.5257841268376,12.946205829760407,3744.934644893549
5674,3742.288162954874,3745.487613258689,11.83245218828687,3748.9586466960277
5679,3768.3755293333234,3771.3448859910004,13.064673307602305,3781.0943251145163
11636,3935.7309400378285,3938.503912387157,13.37345865473694,3941.6419890798984
11597,4292.058532984941,4295.220999905245,11.763356611601747,4298.810908901859
11146,4301.2068830963,4304.282762429274,12.168671084061849,4307.6773576359055
11151,4302.977951944512,4306.027838426729,12.739931830952955,4309.511677638463
11578,4391.54781209017,4394.300481535994,13.552956631551039,4397.408194460967
11207,4548.298375459703,4552.292314487423,9.877218655065489,4556.42899982594
11182,4560.406566444939,4563.452773478858,12.156981509599799,4566.839799815396
11638,4569.560044069314,4573.377653087757,9.363522368715834,4577.662853987093
11590,4659.168381218963,4662.155287024629,12.475622362542378,4665.453340336794
11577,4740.793031844376,4744.031871581002,11.225305894625969,4747.613552052269
11588,4763.262035355871,4766.193888066344,13.329435046361551,4770.820933156779
11591,4838.098317740131,4841.214525005826,12.014984917068903,4844.572302993874
11145,4999.366158815575,5002.156627126881,13.4890368717767,5005.323788842787
11586,5015.647796827165,5019.031945479097,10.773762283894598,5022.794362508743
11600,5033.21330492721,5036.346553563225,12.506500187300222,5040.614856789999
11154,5088.217603494134,5091.592890447954,13.724107523356826,5094.595174403354
11168,5178.48568996269,5182.239001021217,10.909129077543925,5186.121980809093
11144,5182.800403923847,5186.096146059801,11.94034719274069,5189.6338135019005
11581,5195.050920386183,5198.500718921764,11.141500068731805,5202.289866201273
11158,5450.296348938745,5453.528914599512,12.015826219889409,5456.913461361546
11714,5464.690587394963,5468.008440535497,11.86459543175908,5471.623695377271
11166,5469.559673061306,5472.033953714443,15.661370749703153,5474.704584703627
11587,5494.406772962308,5497.570344928419,12.862937763618323,5500.755377163317
17088,5538.382916180997,5542.151539003067,11.645341843691993,5545.744580619437
16653,5544.335845964687,5547.261625348097,13.488601101668277,5550.442030396088
11148,5563.247105249635,5566.43801763547,12.04908262798729,5569.980867023845
16654,5632.741973808233,5635.454402241203,15.501030336482765,5638.206161397781
17082,5644.334818812123,5647.456734280652,12.157181807238592,5650.970434361434
17089,5737.780671852291,5741.151477834147,11.318198653520835,5744.776024947569
17076,5742.299120512276,5745.469736085096,11.604746150362766,5749.138272981136
17090,5854.1511716935465,5857.356656735996,12.329930907025316,5860.6682429227
16648,5994.279306572072,5997.358888973647,12.373352918102283,6000.653412322333
16652,6078.385231537188,6082.19161233554,13.336003456211152,6085.320179664147
16645,6082.284481686874,6085.052443060896,13.451372446416183,6088.083579071159
16706,6168.514235627667,6172.465352088464,10.016242937458367,6176.8583564799865
17071,6272.455305184495,6275.182251712506,13.727823548813411,6278.205855528831
17083,6294.981368054891,6297.346289189163,15.467989360482134,6300.770830519754
17097,6367.344085963992,6370.07893755196,13.564622180029136,6373.116045215274
16593,6442.240671962508,6445.065137858279,15.611956234576603,6447.661111213263
17069,6630.489070894129,6633.136189118543,14.190225247145259,6636.065833967389
17039,6635.485028528388,6638.56837243038,12.652040892812671,6641.796234461929
17128,6651.757739653114,6655.017350717075,11.136118008414904,6660.912713491019
17092,6798.630355059947,6802.299337659,12.633286994999152,6805.582946123526
17091,6817.954360704529,6821.169251669518,12.16771170811027,6824.639575912587
17087,6827.014628641117,6830.0923970930735,12.839045284546236,6841.3452620201215
16641,6980.840435904887,6984.107564359747,14.104095338237409,6987.087206641314
17077,7005.649891254796,7008.374960635434,13.687993270323991,7021.211195879977
16708,7068.5137768663335,7072.1867797120385,11.440193205425073,7075.6412495263885
17073,7114.165930966095,7117.4841546490015,11.738346411391994,7121.019939335382
16698,7158.542362784691,7162.2182539935175,12.239262563376503,7165.709562508707
16672,7248.509985449523,7252.204361039204,13.544998847285125,7255.189442436845
17103,7261.278832234795,7264.555343931607,11.659767008529187,7268.152031394555
16668,7338.469859166261,7342.085217785363,13.034884571040376,7345.400914293272
