3289,163.20859773576598,168.2091776437219,11.706734964042164,173.22522692066897
3276,165.36503104483572,170.5359867754961,11.169241300323915,175.63692351520987
2453,187.30957800648827,192.42334723131464,11.89724138583351,197.39218578919994
3650,230.3588375830938,235.08056086794224,13.19261959366764,239.7017387345994
3271,239.3990683424309,245.378833735448,10.526553928251934,251.36566362087237
3325,241.3020029005699,247.19022444827033,9.667567585639722,253.37487090054535
2443,256.3922822299614,262.35192036533806,9.905798800642888,268.24171477966456
2512,258.39591463202754,264.34573060495364,10.839287654967357,270.14363362517514
2487,260.5089664628366,266.32660959093306,10.732482539213697,272.07794081808083
2446,262.53663771880645,268.29052295486514,11.048699087644462,273.9406156642543
457,329.63915553201196,334.554046620468,12.49418911939508,339.349731167256
463,331.8175546908434,337.4033745295689,10.37649277460119,342.8576142953897
1063,333.66820248268243,339.3415760764407,10.548491839248657,344.7728779498075
1097,335.5156752525426,341.29621935958204,10.990907469932743,346.65596894125844
499,337.4015505337071,343.19313902273643,12.463586064496708,348.4609461536602
1711,339.51882544760133,345.31846262030086,11.202515077955411,350.890904506371
49,396.29362729808065,402.0715533985466,10.272535159283622,407.7813706785985
1802,405.9569535276027,411.4173131120833,11.706252438091004,417.0188354544588
484,408.0932107903168,413.30449833145934,9.850210532964107,419.1608106946095
2429,463.4524074682969,468.33260576879036,12.68878376743785,472.9675509099804
2501,465.6133129290189,470.1022433965728,12.830293477586554,474.69804245861803
1753,467.5328114665055,472.4095075637323,12.65297754259247,477.3070247304877
426,486.23708083090116,491.2239577996686,13.370356685284829,495.67052636583554
3283,505.7890556752127,510.1583912798172,14.071050149745389,514.5570597175351
3316,509.6394785183462,514.5380477208997,11.910746882958724,519.4665309187702
2509,532.4869797447603,537.3722731849372,12.554044192694784,542.2373646958216
2469,537.2947245433975,542.251185314113,11.882019254490428,547.3032172990053
2466,539.9296114086592,545.1767060325701,11.81196349983754,550.3424246138624
47,546.2419021196232,550.4400032994529,14.40399142849082,554.5369207568716
3324,582.927367519863,588.1638555142542,11.520886721886253,593.4208303520905
1162,601.1268255933984,606.1221646819298,11.851420090619955,611.0444074034393
1113,604.1437016065851,609.1038293324648,12.498992421334687,613.8251591667577
1215,609.7303470705551,615.1832780151104,10.710286467399593,620.5931532209408
8,611.795550595705,617.4042066697278,10.792474999965712,623.1132402315083
66,613.643117910058,619.2777911495645,10.3902185577826,624.9456696900978
1766,615.6304630969416,621.2274995937198,11.054521380493737,626.865957134251
1045,617.5822136771741,623.0507780824071,10.04868389057783,628.7659048000763
3630,624.0337180011775,629.0457884661167,14.320735924054249,633.3705142742225
3654,626.5800268901584,631.2470018829288,13.492811843208518,635.6370437685987
481,670.5846919661985,676.1295166626186,10.274739589342701,681.7448970257191
1135,678.5137725304147,684.0265129360627,11.033837818143617,689.5940036995901
3334,693.2234194640728,698.542123424285,13.606638763250348,703.801083082746
3267,695.9851206792924,701.4374302075074,10.717339914942361,706.7038645478854
3269,715.1462741581299,720.3431153539802,11.277563428827188,726.0633075216765
3285,716.9754647579371,722.2539806324883,11.749628699079686,728.0729746940909
2533,739.9619109125196,744.4535114472272,15.470457945539197,748.3635866486134
2450,742.1924259605447,746.5628722236704,15.266022903048686,750.4857999553859
526,751.1291366369104,756.0296740256136,12.85788831289352,760.8463243778223
1775,808.4405304631996,813.1731277352391,13.522708466373691,817.4547521728621
2473,810.5903011261116,815.0613014951815,14.407533467726292,819.3203614871248
1771,812.5495500882623,817.2448973294736,12.787415031404558,822.0650499512975
1710,814.5112595533735,819.0637503118808,12.776134552631964,823.7517628316497
1129,816.6317964751073,821.5037236368481,12.200462368571554,826.2581206240577
1120,818.6010451765887,823.3139891005068,13.543302922412993,827.9756127971705
3309,854.1986694556344,858.1502340329613,15.335319968135288,862.1255395438186
460,877.2187032250965,882.2728355905255,11.837525555059514,887.3273338198577
2458,883.37003968818,889.0612196787534,10.11971489740906,894.8352288138022
1800,946.7214522298063,953.1052703235476,9.358479823257737,959.6238878203516
1847,949.4016165574864,955.1783688127285,9.233401876602512,961.5815725603513
454,951.3681124300689,957.1645997594023,9.179271877329857,963.603261005421
442,953.894849381489,961.2550563448574,7.739806132822777,968.7258000479519
2439,955.9128485391332,963.3255610540871,8.965238051671216,970.7892354626425
1159,958.0461456472098,965.4055234808689,8.487642297660104,972.9114005500498
3313,969.2582762412171,974.3993556897024,13.757013798877786,979.5955685217366
3311,971.4901765927298,976.4275564178785,13.389181360206454,981.7079606376257
1732,1015.5582585671489,1020.5871536882066,13.015466642038254,1025.2547159627165
2440,1017.6363506943029,1022.3797764664619,13.455952970989953,1027.0335787931983
1786,1021.1626860652466,1026.5468457551606,11.54750260129469,1031.8179736136997
1713,1023.1024872993111,1028.3669439514447,10.48335489113411,1033.7332518385483
2529,1025.1136078933691,1030.350620164419,11.401401960314645,1035.6821474400317
6,1026.8917324580545,1032.2004998212537,11.433538430246667,1037.476370616641
40,1028.6818094932703,1034.073624404846,11.24626542912942,1039.2265524068184
1025,1037.9215630333936,1043.316480491827,11.333690957188484,1048.4737705411658
1750,1084.8312353881327,1089.5950644429697,13.108940447958627,1094.1281058423551
1202,1088.8073510985644,1094.4969005987311,10.54915296810677,1100.0795232228058
1747,1090.7599105410577,1096.4071470331587,9.535053222847152,1101.9047396142696
2451,1092.6125669471708,1098.3051206496668,11.256888923533834,1103.7943346168904
1717,1094.5660392197244,1100.1343622107308,12.48493717926904,1105.688206821293
424,1106.959499986696,1112.4220306287586,11.306392499827512,1117.48364170346
443,1157.337460990241,1162.4649588969717,12.381306623542079,1167.697325375751
2530,1159.1032370378587,1164.3133819139855,11.741300099649974,1169.510973165563
56,1167.1405275616185,1172.420721079741,10.701192255861589,1178.0730637981515
1033,1208.8144200568079,1214.2093312669606,11.263138952935234,1219.525724614109
2437,1222.6177785962682,1227.528536638382,13.221769063961009,1232.1267272431032
411,1245.478114963596,1250.5797250403734,14.335598776967297,1254.8572756982423
1037,1248.071196277086,1253.0565826344875,12.872742203905391,1257.525227980417
32,1250.2570835042125,1255.3691761227124,11.580999753441379,1261.9888526883858
3295,1263.1796725607899,1267.3315091458287,14.527244844966251,1271.5076000794809
11,1267.4061266896433,1272.2127624049929,12.510285721394933,1276.9047717879696
497,1296.0633058198757,1301.1561414321004,11.055266994338343,1306.357249492483
1044,1307.035768003218,1312.4619941303683,10.779520587679412,1317.6408649789537
1156,1360.3517031966423,1365.0938041587292,14.305513931586436,1369.4933975055574
1080,1367.0493052996503,1372.0617584692197,11.338080556324847,1377.138709284879
2435,1429.4188208597275,1434.0840442971398,13.295459593468037,1438.493937648618
1714,1437.7915142539737,1443.3188151982465,11.518583254123618,1448.7674371204157
2504,1439.646458610747,1445.1228932339827,11.965174420321253,1450.5894618992263
1193,1505.1672213942722,1510.0824820954367,12.107297779404357,1515.0442792939066
1167,1507.5644876826639,1512.0387000435471,11.780787916990757,1516.8763631016059
1709,1566.986889589821,1572.1418313040895,12.156765304474144,1577.1948844816236
1744,1569.0333712311042,1574.0046194145266,12.359423257402659,1578.976556679378
1190,1574.7490644244924,1579.4951979539994,12.327119837726412,1584.5979292928841
2390,1576.660065303085,1581.2698069481812,13.186025265007888,1586.3570460370702
2496,1579.1315457245769,1583.6291487483031,13.512019938648269,1588.3550913205738
461,1581.1989426049395,1586.3673399452193,10.901899044887191,1591.5651034614075
3287,1611.3989597207553,1616.2540322566526,12.449343520402293,1621.0398416935127
3322,1614.2558868451272,1619.4053630423532,12.031666069670115,1624.4608993060917
3312,1616.0420335801589,1621.1500401941303,11.497519525644714,1626.2093396553778
29,1622.9008993242614,1628.02895773105,12.04743691273385,1633.0909243689089
2494,1636.2617665782764,1641.3246179572554,12.037490319546796,1646.0645055185516
2365,1638.6877882975473,1644.2574267930902,10.906848332958996,1649.831355171067
2406,1640.8403258245705,1646.1588545136192,11.084567807627932,1651.7091513637665
2438,1642.7845507898746,1648.00112648725,10.092276474141089,1653.558734251425
2457,1644.778114231091,1650.0071771371001,11.668765804939843,1655.3548017816543
2454,1651.3902180658506,1657.3537563972748,9.475338878047388,1663.3707568647396
363,1661.351038299634,1666.506001939316,11.755048901347427,1671.7549031610242
1026,1705.4807224503927,1711.1976242303367,10.336683444764597,1716.9128207047806
1029,1707.3890675359785,1713.127239303021,10.098934151463602,1718.823645779923
1181,1709.3019662296283,1715.1203501367938,10.58281709768811,1720.7777474339048
42,1711.3667436028584,1717.0614055577548,11.930372658013972,1722.6726392232076
1760,1715.3484498472608,1721.0726183088518,11.15802962743129,1726.545193034373
21,1727.9327189213218,1733.0375870949838,12.528440044026587,1737.862755749777
1082,1753.2011645205725,1758.444756394027,10.898726527796915,1763.739594930174
2506,1774.826196356012,1780.2314416861102,10.737597617807337,1785.5873427243814
483,1776.8130465575155,1782.034378942156,11.91152787841018,1787.3725001931678
2480,1784.379312338089,1789.3731661962681,12.391455878818524,1794.8121549875975
1207,1786.2108844349834,1791.2096318388137,10.028090359355195,1796.836477561926
3692,1797.0843497536573,1802.2730897442004,13.169271652986122,1806.6936443174015
1739,1848.9311203465472,1854.3905386552492,12.316864700945809,1859.749910191736
2448,1851.3539636615017,1856.2279288974826,11.555937485314185,1861.5997909276275
2460,1853.6630251017841,1858.5391428741332,12.156621191848075,1863.6762454179325
2374,1855.4368840624138,1860.3368808119913,11.443102924843032,1865.6019300156759
1040,1857.27336486096,1862.2199649209847,12.124916335367201,1868.1490304091083
1145,1859.0919102617408,1864.0157921429068,12.163691905787623,1871.1703905560084
3,1912.42821200264,1917.2872672357566,13.072555511906812,1921.8681050047603
1707,1914.4693677186647,1919.0836205871558,13.088575793796403,1923.6311220770585
1758,1922.717537681045,1928.3135026200591,11.209262751014611,1933.8052403187723
8831,1962.8611013999673,1968.4825611577323,10.429499215384979,1973.9912564218344
2477,2050.3978066947093,2055.216397349666,13.14000906839733,2059.7641619689607
7995,2052.3687348113667,2057.090853850492,13.184292012429603,2061.673781396185
7248,2054.798527193708,2060.2948441310773,11.06537341624895,2065.791461055172
7994,2056.713606829555,2062.20874263653,10.964654180944358,2067.6881101836834
6592,2058.568662728323,2064.131693760905,10.497016534998915,2069.6491078058075
5524,2096.880464468924,2101.126133442727,14.418840541327574,2105.375110855868
9167,2107.474139386465,2112.0630348802847,13.277650362881266,2116.7862625265125
7950,2119.4581092241815,2125.2503071749643,10.590165393922174,2131.0411668454335
5943,2134.5319437789817,2139.4802741978283,12.180544820729766,2144.430390084588
6700,2188.4204650369593,2193.493497691713,12.146779416163383,2198.318911311541
5925,2192.6404655524784,2198.017085461711,10.160466526006886,2203.819704575558
5919,2194.8873800249835,2201.4616278336007,9.402882970485097,2207.8917604548024
7993,2203.361798218931,2208.3052440608158,12.509514240472742,2213.2961287912863
6035,2257.345019214738,2262.0909070630164,12.923353196444836,2266.5287954938217
7302,2259.562966342313,2264.0024223656396,14.557306769008319,2268.3348563705017
7271,2261.4103197302506,2266.552519838488,12.05000475298901,2271.739481303503
6688,2263.254770601942,2268.449613991179,11.48294445586039,2273.6710952292324
6000,2268.230736753308,2275.01378279929,8.504925703238662,2281.8118769781527
5973,2270.296233722894,2277.218020681037,8.247796294719846,2283.981755115166
6033,2272.300229797005,2279.196465227594,9.501258989306333,2286.09197228385
7972,2326.6468248519673,2332.300640047088,10.732186473974078,2337.946933388064
7996,2328.592139453572,2334.2262241001595,10.931381406470654,2339.6962760656625
7997,2330.7926519874513,2336.0956713259884,11.149643454026887,2341.585793540503
7872,2395.722492244142,2400.2235098730434,14.705328874704469,2478.4583093342685
8004,2397.8200226333684,2402.3658841872707,14.329369745915852,2481.027387934653
6548,2466.859103339394,2493.164194379379,8.785097691220326,2502.2822049806227
7945,2468.9461642580186,2495.2733996564057,9.370642903789504,2505.0115654739407
7983,2470.7267463270346,2497.226657105631,8.370654677108128,2615.7535723835776
8826,2513.972411961473,2518.518121591219,13.177849278587896,2622.3035493046737
5996,2533.8092604293875,2538.4430694427956,14.110351771701099,2625.1672107644126
7304,2678.0341262686507,2765.1154361854624,6.594255930319223,2971.4799466621143
5545,3089.5353703893916,3176.001601527332,6.18964453062012,3244.3477829828894
5878,3241.5402237570956,3318.017351549625,6.861080990944805,3371.9175297082493
8007,3432.2871900407376,3448.0159308473767,8.303224233076705,3454.4003665757946
5868,3499.2760871966725,3504.145647755309,12.349893973965463,3515.6976850014107
6567,3501.5724709446686,3506.0303722109074,14.100704890659284,3518.3036340662147
7969,3507.6441837380667,3513.262221867222,10.971165016340752,3568.2902256690213
7976,3509.6352927919766,3515.101961703707,8.67343991553209,3571.137211982588
5938,3568.4075737629037,3573.1848187938936,12.355527233196408,3587.192118617743
6525,3574.6082839669484,3579.5195039568944,13.163770221143842,3634.4510623175624
5520,3616.2527036998927,3621.2008529924187,12.267419425940458,3706.3015385176764
6620,3620.6144500350238,3625.261728682239,12.750712085495323,3709.8289136423327
8027,3639.49133803897,3644.334855518824,12.43069684466737,3713.924988954126
5533,3660.4569314862565,3666.0447657930345,11.921094846332075,3722.022650839063
8026,3708.6995693338895,3714.1858637222604,10.657265830376339,3725.8525591143416
7219,3710.453062374814,3716.1547992682263,10.548941517942575,3728.7030328400647
8010,3712.3391766260524,3718.021559176024,11.733923058058378,3771.502146385804
13493,4258.357284582641,4263.284661653327,12.351970838195925,4271.40880364685
12708,4267.666167019158,4273.475128369283,11.923033423232676,4322.605499344411
12808,4331.0754373008685,4335.603580931793,13.485288654126126,4387.708957446386
12710,4465.575204054982,4470.437315539322,13.230868689910045,4475.052084209367
13499,4468.881292225766,4475.288044629779,8.885677987186881,4481.817169073238
13397,4474.95634212189,4480.427025980154,10.87372522993815,4485.938464373551
14317,4492.393676163856,4498.0260978347205,10.953580565463854,4503.728155218977
14631,4510.131252471332,4515.346462926631,11.656033916345663,4520.407248921384
12910,4534.5529601903345,4539.051458470959,13.744457061168958,4543.372138808889
11468,4536.798799992375,4542.120112222375,11.506001026604418,4547.391582684937
13503,4605.495275973565,4610.459316559144,11.964625019316685,4615.362500184486
13458,4607.341879463783,4612.268695113015,12.196704639371887,4617.123393282771
13443,4609.260481442742,4614.0077090682225,10.945327273810692,4618.877336035459
12722,4611.3587604311015,4616.499462142225,11.301048078987137,4621.744404031064
12700,4613.101240354013,4618.2613612099185,11.699139600333893,4623.5025860502465
13401,4614.995335551798,4620.112947832792,10.929797635318685,4625.2854624181
13504,4672.205333479122,4677.006401535771,13.469896617728404,4722.778279868404
12083,4684.306316284633,4689.251583093388,12.698131150189896,4725.323008359548
14286,4732.944195060959,4738.141988311531,12.08555667756102,4743.1970226980075
12104,4741.599817856427,4746.528368701289,13.297972124783891,4751.087297896731
12024,4743.577419322056,4748.426257635087,12.869698994531602,4753.208334653509
11463,4745.704568459333,4750.2849976072075,12.841906739644845,4791.531506796884
11535,4747.779521621719,4753.011689078337,11.13535510026411,4794.3301011705835
13534,4812.971053545461,4818.226476517416,11.700358309701535,4823.419787986214
13500,4814.687160008512,4820.021295200264,11.75860781165198,4825.207379134885
12803,4816.735115465736,4822.359199650404,10.335211762159261,4827.899351373923
13481,4891.1634276099085,4896.562470695952,12.108672306014306,4929.345583139356
13438,4893.090680315238,4898.322067444297,11.792645712307161,4931.806255491323
12789,4894.963576391609,4900.123186937629,11.935998696721027,4934.2076593503925
13441,4948.113022214004,4952.449378323967,18.267326693518918,4955.802252188197
12219,4951.734509918453,4957.177177788809,11.249509547076977,4962.471349169509
11035,4973.06851523975,4978.129855715712,12.020298046150158,5014.496704686628
14292,5000.378868792531,5005.350045577591,12.086445418527399,5019.53632902389
13513,5017.448471226212,5022.250340475556,12.096987491170744,5027.073211087939
11425,5086.466524412041,5092.456557812173,10.5128937556838,5098.4826822593495
11005,5088.486237352772,5094.468490615823,10.141571213080363,5100.498886605882
12118,5090.479553914969,5096.348541173228,10.401677646554358,5102.468389699927
11470,5092.4413394504945,5098.2422570420895,10.681028045307752,5104.363584601907
11498,5094.364052516226,5100.204288910633,10.094738323877166,5106.237582449442
12041,5096.343170675007,5102.225787001065,10.214145792292669,5131.740419541403
12840,5098.27528180767,5104.249815523445,10.634731583060246,5134.398595972016
14300,5111.180746699867,5116.073760710716,14.151460527790219,5139.477368540028
13471,5161.334925898227,5166.462459170885,11.277859793451212,5218.467436536956
12904,5163.234008291418,5168.3267117402165,10.94624793467121,5221.4352694311265
12102,5165.277584028815,5170.398087919818,11.055140276222009,5224.321584757821
12175,5167.154728728946,5172.541291100723,11.132357053709171,5267.340566613462
12153,5227.0306473225355,5232.232157563474,11.512447115010836,5405.260761111193
12788,5228.979842095989,5234.102291374891,9.888975232680934,5407.827424850033
11479,5230.885570240611,5236.1260571031125,6.177020657178373,5411.751759041188
13450,5431.086598834522,5486.00628495367,8.308033061806457,5492.62773061427
13512,5433.390951596738,5488.0840726390725,7.745577787799841,5494.807138143507
12790,5435.996326312883,5490.198441112198,9.3561245178109,5497.418948161885
12049,5569.562255180072,5574.359098630053,12.937848615957769,5578.888730328123
12177,5571.333957031797,5576.526178656103,11.210416097883863,5581.8354161864245
11521,5573.260858622062,5578.408687315452,12.08064942135638,5583.680651891324
11456,5575.09259141139,5580.282628161697,11.142776653839407,5585.542871053745
17591,5576.881542006505,5582.108028147958,10.809702132196135,5587.36671937997
16993,5578.772615807862,5584.118328555908,10.897223862460276,5589.453871340923
17624,5580.602009627024,5586.039687323873,11.308928275838367,5591.291141442513
18289,5639.06007826251,5644.151038917866,12.681355233655136,5648.997396301556
18923,5651.175713763647,5655.4969618579335,14.009021459858392,5659.922491627292
18931,5707.255637798653,5712.205777708244,12.983847187359531,5717.004533214971
16872,5709.305327245539,5714.107312581141,12.74395901770537,5718.843063568111
18843,5717.5665108100775,5722.543309166737,12.438320716632122,5727.783569026606
19787,5730.4874647598235,5736.023282526319,12.670975162484753,5740.878470934223
18977,5776.669278988919,5781.2292177562485,14.310161272144265,5785.4962817079095
18973,5778.71018667302,5783.250432957819,14.007573505523823,5787.545647057984
18248,5780.425829372779,5785.030151866071,12.553099438634453,5789.737076480733
16565,5784.87565053954,5789.566907892839,12.167306241257778,5794.327070827984
16508,5786.633165776456,5791.382541487416,13.07495177492685,5796.1271826293805
18960,5789.04856425622,5794.0037626750745,12.57519692044171,5798.849453913257
18981,5791.041496889063,5796.349267483411,10.853408683487707,5801.528392560709
13526,5847.451071716358,5852.3171511732435,12.687598428656464,5857.163368200154
18233,5849.489938737291,5854.114689442585,13.124383530477022,5858.92841316647
18182,5853.321671615282,5858.244419068972,12.879114753483382,5862.999678818124
19032,5857.158893055501,5862.555309369626,11.608358427802115,5867.819940974154
11428,5868.02891042641,5873.490514352219,11.302673079654022,5878.724999285064
18297,5914.301631243769,5919.274568748188,12.820455237727103,5963.466572915671
17002,5916.771241730069,5921.5599459156965,12.742451645976107,5966.162080016349
18986,5922.296476291174,5927.541438689224,11.99890552581633,5973.616452686097
12707,5983.5888443633385,5988.216713118949,8.562803018692861,6035.356024431806
18267,6054.972299053004,6099.046013207728,6.79493604690932,6158.702816876024
12740,6192.341311109915,6197.332497139793,10.651351606523969,6231.108966625386
17570,6194.299104428107,6199.328922815891,8.605549291376684,6233.098010563214
18942,6261.755868281625,6267.415690122857,10.535579968986374,6291.975102681041
18205,6328.179527673771,6334.092177373355,10.699993354367956,6340.092291974238
14662,6353.678457031546,6358.413371358816,16.090079741837183,6362.253412990403
17659,6397.548511723474,6403.216757917213,10.304126594181913,6408.900713305496
18242,6399.961894621583,6405.18763927213,11.72451103543029,6410.702686080022
17608,6401.800996559012,6407.134355414373,12.254413358318661,6412.589348975367
16503,6406.025920861179,6411.506586331285,10.344285757183012,6416.931099052995
18863,6407.915756397285,6413.389183867244,11.643500153051935,6418.804015226269
17017,6409.926168620413,6415.24436600727,11.378161641367385,6420.713448648704
17609,6419.878015593636,6425.478954274705,11.98280673849368,6430.712154567013
16516,6470.7306042451355,6476.097653963733,10.91014402513396,6481.395609206095
17240,6478.142974289233,6483.560740596473,11.525065976637817,6488.994542521986
19813,6524.320723945338,6528.499240737745,14.073061029873871,6532.66348521351
17007,6533.40337036336,6538.333366629524,11.767808147175003,6543.2683680121145
16507,6535.212793476179,6540.164829974871,11.542882441749885,6544.978018242765
16940,6540.390998721003,6545.433056152919,12.624368554879847,6576.727521646913
17607,6542.300735836651,6547.249302581194,11.854393724472404,6579.051828203393
16943,6544.4042279200185,6549.150062870425,12.080424203333557,6580.974394302856
16512,6546.4284392073105,6551.386827038731,11.318140720853616,6583.5201729665905
17556,6548.131139546681,6553.1927489123755,8.658418408655926,6585.755956340692
18970,6615.113025415625,6622.162615257349,8.946522381889617,6629.478806752647
19764,6630.334384359474,6635.329100474749,14.334222566971736,6639.473316478315
16540,6673.191658552508,6678.235197449736,12.90932893524863,6683.043004799158
18245,6682.211920349275,6687.2036092388535,12.155210353491253,6692.141957711098
18895,6684.0264939527,6689.024136225718,13.09533594214342,6693.974962191769
16515,6718.671128705219,6723.576903884443,13.543447994390025,6728.289646254106
18974,6746.347876637454,6751.441387499286,12.089285203207536,6756.406279376039
18999,6748.440714323055,6753.352748094618,12.61507364199749,6758.234743416468
17700,6755.944516779661,6761.484230057484,11.00774980676114,6766.972874669443
18932,6757.743277923961,6763.391651998892,10.645351715402867,6768.824355450022
16962,6765.048309009517,6770.32806535838,12.397099872120032,6775.222757936553
16897,6782.468797135655,6786.4630457124385,14.66099624924438,6790.466509595222
16893,6795.858552876103,6801.414897660247,10.496794903457653,6807.162499380152
18271,6811.692138193065,6818.305368664562,9.539310959743592,6825.054837772223
17684,6813.977256975863,6820.3539642380565,8.464003970470158,6827.013026501171
18284,6816.021815859221,6822.355751722679,8.35767713596691,6828.996816944199
17650,6818.102583989712,6824.43913808796,10.121012418340987,6831.1339759497705
18166,6820.267093970094,6826.394983556968,8.97190190782626,6833.098160076644
11013,6862.766255895884,6869.11471961388,10.223544928009966,6875.351190430406
11486,6864.732091471665,6871.0175977257995,8.852199267825414,6877.367223920632
11510,6866.687465501022,6873.071401382253,10.152265977745708,6879.446135163351
18281,6882.464144863595,6887.429107701057,12.68420347801905,6892.291038686498
19033,6884.974328604103,6889.33432486416,13.234869727213036,6894.112379988489
18225,6887.1205048037245,6892.274885542917,11.49855945241325,6897.281235253295
18240,6888.906803777831,6894.051613589016,11.577758310037266,6899.084911210976
18208,6892.530186391451,6897.559132059884,11.924429674108096,6902.558690677402
16987,6894.352275354255,6899.35751210923,11.473636779644536,6904.346378594983
19001,6896.165425138978,6901.138400270582,12.547257099442026,6906.097624064518
16988,6949.565028703888,6955.27366067483,10.528271511485467,6960.910322688885
16973,6952.086883711043,6957.256364420025,11.422476936170291,6962.783749748194
18302,6953.813743709893,6959.273190878658,11.022024106363602,6964.759117277221
18230,6955.7797425276985,6961.150654387944,11.139837110695645,6966.612907539756
16888,6971.879634227553,6977.525230074317,10.912707365861179,6983.138169589452
18277,7018.736624607843,7023.58160415275,13.355594168586192,7027.976395921971
17675,7020.6796342360085,7026.414443828447,10.890912840649817,7032.226095966333
18389,7022.77919387709,7028.311810566246,10.760092069532897,7034.149261990074
17014,7024.998837602174,7030.284271979138,10.513122686839832,7036.038935492977
17531,7026.981584095625,7032.275127853526,10.523767149317608,7037.884186119629
18217,7028.971998700269,7034.3089626897645,11.94417480048097,7039.903389673413
18955,7032.901760862775,7038.371965401661,10.7531329402224,7043.709920640849
16526,7034.828169737418,7040.239260736708,11.36790339438788,7045.566038415504
16535,7087.204638128916,7092.5001959033625,11.982858152999363,7097.690732139811
18306,7093.19601081528,7098.535413404039,11.913750499216627,7103.983730313172
17621,7095.235529619356,7100.372616518137,11.456043762301702,7105.769442410605
16995,7097.048607917243,7102.220569071831,9.85342570445905,7107.6008083833085
18337,7101.200867406199,7106.505235374217,12.28793672024775,7111.739018872314
18276,7102.987817323364,7108.299254975787,11.280377878164105,7113.48697471423
18272,7158.404785400611,7164.389565325449,10.123592832017712,7170.407072399131
18213,7160.956551123572,7166.490318715801,10.263101543230036,7172.311843718447
18996,7162.724726265776,7168.413187211782,10.525804754117805,7174.341571498894
16935,7164.6706740725385,7170.337138990915,9.934895134158811,7176.214566469433
18993,7166.963665332456,7172.381013455453,9.67378704507701,7178.13220651558
18222,7168.801675125074,7174.278161219857,12.04089294278473,7180.099604982116
18292,7170.633707306704,7176.236429139209,9.522582150436044,7182.047046688196
18990,7172.46224243725,7178.249831699835,11.074905253422012,7183.89577853004
19770,7181.9486033652165,7187.202424590999,12.28425531395859,7191.940299619194
19825,7198.716204530604,7203.404722797743,13.464610645979553,7207.966965568143
19819,7200.747880137327,7205.3979928002955,13.120725631094436,7210.130690087607
18266,7234.347947104877,7239.530218952591,11.75867423944638,7245.409367807884
18216,7236.311815900668,7241.525630943764,11.493449389987967,7247.384454960545
18954,7238.152083329373,7243.394709309127,9.498091040722018,7249.277826255555
18287,7239.9277021349435,7245.2732671892945,12.377900002796034,7251.093988562188
16520,7241.653669380461,7247.052632625545,9.04242695384705,7253.0571729004005
16924,7296.88640289264,7301.505051209049,13.167809797547296,7306.102488757584
16876,7298.999455683551,7304.03528148634,11.433110662380178,7309.123336653234
18997,7304.787596785759,7310.491411897947,10.761191453489284,7315.966869434392
18957,7306.655337491564,7312.308785862483,10.750198069291809,7317.767305695361
18949,7308.506011728628,7314.1810275166845,10.74565244077819,7319.7397603012305
18972,7310.441540610807,7316.063763993362,10.335806002647088,7321.721221257226
19798,7455.272423999086,7460.514749302526,12.952034911934922,7465.997413221825
20029,7475.589782296448,7480.209917262059,13.075587217909554,7485.408857415533
19021,7501.284763005649,7506.0786591944525,12.73090925621327,7510.669720930576
16915,7506.985804889936,7512.37572670266,11.360110255776322,7517.729958325999
16979,7508.747375831063,7514.245403858327,11.285610457278159,7519.636862464474
18968,7572.525776785784,7578.489367682021,10.549709100369608,7584.215398125387
18241,7576.460888768846,7582.401026077087,11.106567941711397,7588.036578107536
18264,7578.625226019951,7584.288949507776,10.090764497454412,7589.937941474028
16522,7580.463223463099,7586.133467459752,11.570057313582542,7591.947908907296
16564,7593.422200610306,7598.603359369801,13.254392051596463,7603.23977008489
17616,7616.629214013704,7622.056124763161,11.250777446319132,7627.59431528672
16938,7639.476867915566,7644.115279451541,13.478001381071826,7648.500477416072
16514,7641.595049586486,7646.362497073592,13.486170330268806,7650.984950407778
18963,7647.313610500888,7652.492687670695,11.704283955773825,7657.906221470527
18254,7649.200653615045,7654.351211398077,10.94983808066726,7659.8194541998255
19013,7651.2568591496165,7656.293130959196,10.73125528562277,7661.5831133568845
16921,7653.151614723641,7658.287098011522,12.67243904455733,7663.476407200828
18255,7655.155528957118,7660.155147953618,12.201972748704504,7665.429216532871
17610,7662.067443947346,7667.12735869718,12.65019103728384,7671.795284833678
18304,7708.3944259600885,7713.356328763979,12.820867477666217,7718.001328727046
18988,7712.174829984109,7717.481323445447,12.12302908743908,7722.732731966694
17577,7753.75843848483,7758.069144490929,14.380306421671694,7762.375936075737
16571,7758.191242580969,7763.138762800799,11.572494200593274,7768.159365581526
17673,7779.508632039229,7785.113760662526,10.725580282804527,7790.878434517114
17671,7781.918481948808,7787.108710609935,10.747587947923664,7792.842004959059
17689,7784.278360409334,7790.056442874295,10.422046408249265,7795.74540374402
18238,7788.094789092879,7793.198268257721,11.781931448662359,7798.387818069069
16978,7846.450271200187,7851.527600123469,12.611080846424697,7856.389607119895
17521,7848.275582292322,7853.336735207349,12.311976609526564,7858.234769853539
18286,7915.499608428877,7921.162296340498,10.662559154929157,7926.681007293458
17586,7917.89426395482,7923.529532219504,11.254232234239632,7929.263123609832
17606,7919.726756128625,7925.351885910207,10.165954353248965,7931.222369924013
18358,7921.5614704953205,7927.225193653432,10.535141716363725,7933.122260493721
