4814,169.29637441324064,178.23107462727566,8.697768636033782,184.25583216865132
5490,234.26345089027004,240.08479418896522,13.56869167037929,243.83473888353996
3209,240.10736794280362,246.5822139139261,13.825722379421409,250.26862662399947
4094,289.42467031354005,295.4041048431727,13.55549697442915,299.28809628269664
4797,321.29237473578866,327.6029016404045,12.733074901738787,331.70474688460575
1096,363.3296505491089,369.53991458299555,12.825107765473886,373.6086912914697
3222,365.9511206881189,372.1356392241129,13.00746544662012,376.2836703361871
3672,396.38554458857215,403.4386254394121,11.633177822109648,408.307312418977
3254,409.133681157792,415.5336242673089,12.623489259451375,419.5940470467508
3183,457.7959713986219,464.1299536770493,13.050871223973456,467.9417201307058
2470,466.2084344647764,472.04129002395587,15.798880082974696,475.4302719618734
3246,468.1717494304971,474.40315402331805,11.95925327578257,478.7197422024431
1071,469.98665012540744,476.2065861133304,12.907780601785307,480.3226257937441
5481,511.1657867711708,519.3079161200686,9.957849248546298,524.6213402398815
1024,543.9240290418735,549.4481810217385,17.318674009687555,552.4595847895303
3167,551.2959385093421,558.0535786655706,11.417541612985664,562.3769461402992
3204,633.7806815687982,640.4092710515151,11.785269147313832,644.6262714543943
1054,669.4855471240248,675.0611582564932,13.31521121324741,679.0
4786,684.9035382463488,690.3508124049615,14.385146592384052,694.0
3170,690.840360336356,696.3866984416888,13.515491548773841,700.0
3698,747.0562651001273,753.2902961558793,11.719335530797048,757.648940086724
3659,761.9753002356981,768.4883238752193,11.801526367241609,772.8420549295973
1795,779.4928968326003,786.5463400040625,11.055972270227107,791.3227852489931
2508,781.6581971137205,788.3634650786205,10.996325566835349,793.0
4791,793.5159376932443,799.1769032713136,13.188387945474114,802.9715729281514
2464,818.1241365530595,824.2585683939983,13.506899527590786,828.1780353641432
3165,823.7049082262135,830.3029523243463,11.5856839960527,834.7070043014406
4073,852.0848509330169,858.271064432484,11.813879251336758,862.3544829360978
3193,865.1856772669834,871.0189518010643,13.793603732730961,874.9593504553131
3677,903.2923743207405,909.2740196139559,13.508425485306834,913.1730871666539
1763,915.0575223627185,921.3743105108873,13.353302464199954,925.4440080329379
2488,917.5487341118503,925.3088241614389,9.775823611062401,930.5659553907261
1064,919.5763131047482,927.2349289150761,9.736048531003743,932.3036609043139
4064,921.7472469525374,929.1951263153398,10.377639295782847,934.0
4086,923.6407205383715,931.0531458700427,10.729151898292347,935.7695616464191
2520,953.7090070246736,960.1082347626694,12.409954837170265,964.0
1059,993.6636300489831,1000.0294646856759,12.626020337645668,1004.0
2467,999.6421357870784,1006.3457271566516,11.95422579197623,1010.6569972272582
3257,1001.7244157474892,1008.2155815129493,11.595277836928323,1012.2177512864578
393,1007.4421993030891,1015.1502745853343,10.144360412299518,1020.3430075085406
1093,1009.340249226175,1017.1441917996337,9.42780341794012,1022.0
3634,1014.0809097066696,1021.1246336180029,11.402245169398146,1025.760886247174
385,1022.3644485662722,1028.0672823053883,13.909809481138332,1031.9301387304524
1765,1038.994603997712,1044.613160094394,16.139583243409362,1047.8681760352597
1111,1071.0627140602205,1077.4915744767354,11.750002991645227,1081.9041219388832
2475,1076.6735470992476,1083.1620987526421,12.33638238411432,1087.3891331734
1060,1128.9350960210174,1135.3939898245271,12.56860636638357,1139.510835367116
2503,1163.873802498516,1170.3672204371321,11.73314233416679,1174.5991447016938
1100,1202.9918536879977,1209.4944401978066,11.674391474005256,1213.8711183545813
3661,1204.7402481690165,1211.3353352796494,11.509843189835319,1215.4257803942135
3199,1263.3586993511158,1269.5556498715691,13.004766588820658,1273.62064107975
1722,1276.9007497001248,1283.3972735282102,11.686244827962357,1287.855336607362
4131,1307.9170807973571,1314.356849461078,13.23892636882243,1318.253207267837
1786,1310.2168024983182,1316.6091420585774,12.843741154815351,1320.6631181334283
2529,1314.511977104055,1321.3464692491252,11.470290628382605,1326.0
3633,1353.6171647040237,1359.298803215849,15.055113040937288,1362.7123356678358
2532,1359.3021672994712,1365.2136167559634,14.631178284273508,1368.8526935669454
1708,1363.1539735561148,1371.099815193344,9.914008689942179,1376.3143479148114
1773,1366.6691876089749,1373.1861779371252,10.323429713644387,1378.1766502491405
1107,1390.6152972814543,1398.063061788943,9.264441323501382,1402.9370367442373
4082,1480.6155531241393,1486.2642158109475,13.884634611945586,1490.0
3192,1500.7684989842353,1507.2948121785842,12.202368084888347,1511.731583265332
1099,1533.8483864640968,1540.0934689819478,13.185759660697997,1543.8952600509097
1792,1543.3931982419952,1549.6051006856658,14.452327953827693,1553.1871721554826
375,1563.856756433477,1570.560850784442,11.765674891686798,1575.0
5489,1595.0852334481124,1602.032110497586,11.096420720873464,1606.7679590630269
3200,1629.7257701499582,1637.1706325706944,10.260281727241168,1642.3997563389253
2492,1631.772828125137,1639.1026358386546,10.033412888979191,1644.0
4071,1642.0297750994055,1650.0973143629237,9.737843296903334,1655.3759070208887
3686,1645.0193661274543,1652.0982984054467,10.286318367235681,1657.0
367,1728.647618848296,1735.3733337025606,11.493220806329324,1739.6371982632656
1053,1730.558695829616,1737.1992041332403,11.809209971560517,1741.2682083717393
4816,1772.7153836989053,1778.604624699251,13.092524815948408,1782.6587627165557
1085,1818.8664249757044,1826.3519311525959,9.5439292844908,1831.5490963725542
2471,1848.9165259471538,1855.424584556661,12.50973337471984,1859.5987457069118
9615,1937.8493218309968,1944.4875228514802,12.410300463953973,1948.5116557291226
4810,1940.6109428971527,1946.6152337623728,13.460542510823277,1950.349228654798
3644,1983.7474643771761,1990.532658352332,12.114861204854703,1994.945571694967
1020,2028.9643252197725,2035.3854009236384,12.878795335146048,2039.5976695405056
2468,2039.6502551904202,2046.2827186978982,11.828005854582392,2050.6024931352117
3250,2050.218340781203,2057.3352077800378,11.15396243929024,2062.0
9584,2097.8255886210845,2103.22277342247,14.338474338456109,2106.8937046316732
1065,2108.8266666055397,2114.4262656305655,13.157323672280993,2118.2810930292594
1115,2121.2175008590616,2127.4671515735367,13.068881657327857,2131.513304558541
1048,2140.942785260037,2146.597012383221,13.785720436598217,2150.3823641224667
1806,2150.526796965925,2156.256935777055,13.34345768070487,2160.0
1050,2201.1814644050705,2208.1193958485173,11.019905424669352,2212.7847637202312
2528,2210.729620561297,2217.4698187181702,10.53204561265963,2222.212988924725
3206,2223.7102615227204,2229.291899190587,12.981837364405987,2233.0
10977,2225.860774855635,2232.0808931361275,11.861448275315476,2236.305198982212
2514,2277.617648772723,2283.2282594845633,14.326196415337822,2286.9698402123513
1049,2281.227717444916,2287.2516531225656,12.423234893178806,2291.449763758988
1116,2282.971002947486,2289.107245140534,12.25286985590131,2293.0
1032,2284.772357418845,2291.011870148115,12.881234773123987,2295.0
5876,2287.8459601297436,2293.555920625962,13.682343135803906,2297.229469298366
427,2289.7523032460963,2295.4588375936773,13.454561150521561,2299.1550081327878
2448,2307.287061870146,2312.486289990867,14.429134204819462,2316.0
10971,2313.2294876250785,2319.397492928245,12.443377738585594,2323.6594873327203
10981,2317.1487990345026,2322.6392465754675,14.18261461360855,2326.2962891622456
5897,2347.6018299019925,2353.0095654534266,15.69528034073737,2356.27566783919
1706,2349.739414346686,2356.0818582469806,11.502840914953396,2360.5469134024997
1748,2356.8861922862857,2364.362936903336,9.590198824324181,2369.4794685294114
10286,2388.9495463778976,2395.3080975666176,12.161087572658868,2399.3239909782824
10991,2399.2114400943997,2406.3680241666048,10.64774109078057,2411.386542866449
9589,2449.068158245372,2454.556699767281,13.641763841112187,2458.3453416274183
5928,2459.2815393192964,2465.177693915036,12.953635380252926,2469.0
10291,2571.492452704831,2578.236894034306,10.94754943522739,2582.765818446879
10278,2599.8594434242254,2605.543505317906,13.747053522365293,2609.3526817194784
2500,2618.894242269319,2625.262033013482,12.04551959936042,2629.4544726762706
8737,2621.0719749296186,2628.4680824486168,10.962135500874723,2633.4014326596857
7982,2622.920923281863,2630.305415170928,10.973255878398271,2635.0
7977,2624.921229472661,2632.1370884543503,10.612143341806878,2636.805636143222
8681,2626.8475697585404,2634.015660683471,11.451349145153626,2638.8239528561644
8717,2667.346721388779,2674.252709330864,10.92503983199815,2678.831560710771
7208,2718.550568489993,2725.3742106812797,11.118954957012694,2730.0
5895,2720.6489125102767,2727.317485734316,11.066167868431409,2731.6849881588337
7975,2724.4768857325134,2730.042801237131,13.645054937204595,2733.795978171117
9593,2750.134322071485,2756.063087002771,14.535658766490952,2759.6883950089546
8710,2764.734167637035,2770.239054772841,11.797479713923657,2774.4606406137723
8736,2766.4969432948237,2772.018264045111,11.09914383053084,2775.963925876031
6540,2804.8134082330203,2811.0186093977545,11.987157327132948,2815.2420036132235
10976,2851.6143083612883,2856.266288707911,16.141050961045035,2859.4067495136082
7941,2887.126724207479,2893.5884935034674,13.059981195949865,2897.665246403927
6552,2899.3258241598164,2905.3603361722508,12.110614357860928,2909.428305130815
9579,2910.8739180246203,2917.3706635930835,11.476165649058371,2921.783648805754
9166,2917.4902457101866,2923.076238218334,13.560818858802994,2926.840029208105
10308,2938.2863750825627,2944.1852631203647,12.77036505722605,2948.209457491583
7229,2954.707513270586,2961.3107625849507,11.115529013069164,2965.7801576222546
9150,2973.9432564706685,2981.252596967849,10.904570736464159,2985.918581398307
7959,2976.150286205071,2983.1638448716735,10.727366447787164,2987.571314457316
9156,2985.7259693888986,2992.347006784351,12.11685106103092,2996.8097776454006
9128,2989.6489460848034,2997.3986203144837,9.300658438086455,3002.5841917973244
7231,3002.6252962700487,3008.075478229205,13.17122290574547,3011.9851293929137
5900,3009.1666524048374,3014.5528507008307,14.51316534420855,3018.1764677741294
9610,3011.0110630410036,3017.0123367165847,12.518957700898904,3021.0
8691,3019.459150879116,3025.466923023879,13.168397197758969,3029.2828666074874
6538,3066.330767787728,3073.197955567243,11.656812628274038,3077.8143220473485
7951,3072.212504263301,3078.4347961451085,13.516890149707782,3082.3137014799017
7958,3074.186228822971,3080.2738336958687,13.047019368822069,3083.894312972214
8727,3075.9849751111656,3082.353350498327,11.879152030195177,3086.7246210940843
7300,3102.154002127297,3109.0033576916085,10.916420980645844,3113.5612001943246
10311,3112.9849830432777,3120.4240483005296,9.633941328973968,3125.633387866132
6558,3153.6415192518016,3160.195336104183,12.505065955082125,3164.421488976898
7251,3182.1248339331787,3188.4746271631,11.976671691281,3192.8428919986227
8696,3183.974875858181,3191.4988413580277,10.18518636933314,3196.69640889131
6549,3185.83872874291,3193.4694670514896,9.93720350564908,3198.5103260504866
8721,3210.952806074837,3217.3816380545945,11.295268268877853,3221.7407038328283
9181,3245.5285967636373,3251.483096641249,12.706596946655496,3255.4719797028856
5931,3257.2872435774075,3263.549186538196,13.020988907953107,3267.9073549127243
8699,3294.9199902917503,3300.0378690680536,15.05549881141785,3303.588227280471
7999,3300.082265521773,3305.419986017069,14.744286108434956,3309.0
7253,3302.4561138443964,3308.569514507564,12.651376300581537,3312.5595942851155
9158,3333.30666177376,3339.2879190797617,13.242114295996966,3343.0
6519,3343.248378083443,3349.357002550441,13.692672421373683,3353.236776429391
6616,3347.2533070063537,3353.1236968147464,12.54908223615785,3357.0
6553,3349.0538136363925,3355.30478156682,12.523589380136608,3359.570969148313
7952,3350.846171924282,3357.0278096447073,12.125356648904011,3361.2056958170774
9600,3367.91324009541,3374.0770740765074,13.090537987980301,3378.0
7246,3386.6892439756716,3394.030317132159,10.384513329859839,3399.0
7245,3425.3142328050094,3430.5891312784183,14.773379467831212,3434.0
7990,3433.992531687404,3441.475793344403,10.696693705368736,3445.8101457821613
7974,3477.053053372851,3483.494033047002,11.743773494318345,3487.585092595338
8663,3478.755965649081,3485.3640695710887,10.545407289112582,3489.3340773560512
5902,3550.7769406959005,3556.0595256746287,14.881099707132718,3559.718684730797
10989,3560.9615410223532,3568.0132175253307,10.195234211377803,3572.8807357864416
10995,3572.4838155474113,3578.0857096632394,13.787989852575212,3581.931354459058
8023,3614.8647447384687,3622.0901120961826,11.183854424428029,3626.890216499895
9607,3627.217011756371,3633.002159341527,13.25203962214766,3636.8768440190097
9603,3641.24415968548,3649.4241036916446,9.017747626503642,3654.9202963178755
5882,3711.613589869413,3718.4440615978215,9.901245424470549,3722.8637419620322
8750,3713.6786616296217,3720.404804471564,11.43404847249226,3724.4227044866043
6621,3715.397458459489,3722.1645071968214,11.823668596335718,3726.0
15796,3760.490490233487,3766.2224533558046,12.60589074411823,3770.0
5918,3789.5775936379705,3796.0136677416363,12.693197721554965,3800.17501832081
8700,3794.338621859103,3800.060358113666,13.717038128721457,3803.751595918452
7944,3798.0643517350154,3805.0870713554514,10.912960065000433,3809.795419318876
7960,3800.4926498560226,3807.0220213918756,10.95653690660711,3811.385279798623
7278,3809.825945778335,3817.0411637346933,10.226170818425077,3822.0
16497,3832.8429920007984,3840.3024424445634,10.635994965317437,3845.207859456654
7293,3890.092155179609,3895.587960062435,13.26689340006868,3899.355380449197
8020,3905.031967166419,3910.293238319625,15.162830523504997,3913.7405440591624
16478,3917.4619562066664,3925.1146222956404,10.4619079708606,3930.30492701467
8713,3923.21164822447,3929.4552638295327,11.370579051871267,3933.9460599611884
15125,3977.9052062707474,3984.446498447217,11.381591435183667,3988.7633638322136
6576,3979.651237713504,3986.3036656866025,11.236592229330066,3990.5171276059127
7946,3981.476564620289,3988.063849246128,11.131722960232644,3992.0
7295,3988.6581217727394,3994.2020160494953,13.338232177444128,3998.0
15807,4014.1181907668797,4021.516115768008,10.444425493867607,4026.258511890701
14685,4055.6035578749347,4061.4597417416526,14.067103471283835,4065.253436187878
14686,4057.889208865025,4063.340069045164,14.348901130846242,4066.985281266256
7296,4072.8972702482474,4078.2058869289817,14.924152842021986,4081.6411971737875
7965,4074.611990341387,4081.119339322132,11.177761218833597,4085.539731645112
8762,4101.017983344421,4107.084996987212,13.379246519351259,4111.0
14682,4146.022905105059,4152.415026748472,12.890736619376748,4156.558969090791
14252,4153.951371762503,4159.537399956943,14.33626217266936,4163.296071699164
6566,4159.50952949017,4165.467051424848,12.489182050834676,4169.534688923503
6595,4161.378299105476,4167.5656304286795,12.250978967644238,4171.773769168437
12027,4163.40997191332,4170.108520494839,11.488186390332006,4174.554447833581
12018,4167.419452088269,4174.06833673461,10.958819838931056,4178.766092930668
13478,4255.514334532308,4262.0014964790835,11.60501054674125,4266.325982279333
6579,4261.212025917126,4268.175208353328,10.8698232856975,4272.920203714048
7970,4263.1162826634645,4270.116807463649,11.710741317412035,4274.680081818936
5905,4266.977391646339,4274.031846422251,11.18076514857897,4278.761519304241
7210,4329.818322207087,4336.344508578354,11.267431584583406,4340.852673847827
11382,4334.081104373246,4339.629094725965,14.403177932687537,4343.325089494769
11412,4345.410242320629,4351.365811218204,13.236749799786056,4355.379098749994
11384,4352.850777515031,4358.227486315273,14.484516704002194,4361.813189368642
12712,4397.178665307648,4403.484943198716,12.134183024589044,4407.624212619578
12764,4400.10670778448,4405.512268641091,13.732647816494525,4409.1726322480745
12066,4413.594561986938,4420.317529416742,12.002625322727285,4424.515598761602
12094,4446.418650509484,4453.337846410981,11.163147774877274,4458.0
15785,4471.59813633024,4477.449503623138,12.394832201091626,4481.553901467671
15064,4515.244120036673,4521.372839145989,12.602274006175834,4525.580299363562
13456,4597.941477372872,4604.354265845758,11.64827928504212,4608.490776984259
15794,4599.852232628386,4607.289109192511,9.91670813842163,4612.235485838057
11417,4603.687983969698,4609.534866856533,11.57462773294792,4613.985620463288
8702,4651.489289583219,4657.531059838976,12.80622726750445,4661.508547631905
15080,4654.8317983251,4662.1219223141925,12.41779810490325,4666.491286471028
14691,4683.848264717821,4690.1279392185925,13.44803719832174,4693.891141900431
8698,4737.607107334985,4744.244707225925,12.87482622425547,4748.382216222424
14684,4773.780300103597,4779.536844102856,14.905962428501361,4782.891310834582
12782,4775.8143137759635,4782.099755210095,13.614119491104395,4786.0
15098,4797.916375894406,4803.4041811303805,13.980356964860508,4807.181516618594
15085,4832.135000142552,4838.336792836653,12.438141814541185,4842.613226518091
15116,4908.338524717475,4915.134000611074,12.384230758873434,4919.228746800251
16498,4922.50422144073,4929.331726437996,10.434384024272042,4934.0
16475,4924.326596173962,4931.214003963051,9.912525692924987,4935.884128937806
14171,4958.275656496787,4966.064401009551,9.919382107716666,4971.255950816306
12717,4960.208044319214,4968.048262159607,9.941870973583164,4973.0
14688,4966.359302840305,4973.421808548224,11.2584529429038,4978.0
14655,4976.848118248185,4982.595211529325,13.304504469533466,4986.513169334006
12085,5044.040829275147,5050.309978913407,12.985676299922147,5054.306258823208
12751,5067.556028992308,5074.053128508771,12.002349195761019,5078.565441606246
12084,5133.943630812985,5140.188509430969,14.381721957417419,5143.873335479388
14185,5135.9972503482,5142.042669274541,13.160884725046516,5146.0
14248,5143.4330262055155,5150.139635895788,11.289608199926407,5154.706257729138
11414,5151.784265181752,5158.480691585588,12.450913900215237,5162.89187716594
11395,5153.575638990266,5160.442024621364,10.014316981564408,5164.923750381944
12051,5155.901810657185,5162.36200195629,11.453239135761297,5166.520683716337
13443,5188.582322315273,5195.045573986851,12.643891853539206,5198.944159939394
13494,5231.491821764756,5237.428674778175,11.983850704611392,5241.500328492155
13470,5234.966239761271,5241.009154644189,12.053549413392473,5245.203417645025
13534,5278.4267539426955,5285.117342178357,11.151740490911406,5289.678539142008
14225,5319.134524912195,5325.494439726854,13.88138863121387,5329.387771485131
12023,5321.1595290892765,5327.189310563398,12.596053974624608,5331.0
12787,5323.030659443943,5329.06617781934,13.183020659267658,5332.948528454248
13510,5328.133727014807,5334.44855026357,12.814172110872791,5338.449970985965
13477,5330.269248502061,5336.345437743194,13.247823070057931,5340.242979463976
14222,5403.561068372671,5409.313844444267,16.14692372194023,5412.570528487588
12761,5409.023412422715,5415.255214303089,13.642669404834106,5418.996993016112
13505,5411.017551037167,5417.420005793371,12.837847234070374,5421.635351536197
14165,5412.897920889004,5419.14544514657,12.44218049498069,5423.291560640243
12786,5414.70256439686,5421.473417282595,10.741746772504962,5426.0
12806,5416.478409827943,5423.334649850901,11.351402809199609,5427.768711815147
12731,5418.282614749542,5425.179969439816,11.112430908589289,5429.624569316021
12044,5425.513822824977,5431.488881810549,12.51541608878621,5435.706456118503
13520,5496.075767506573,5502.201897131443,13.272814624470671,5506.195413971887
13524,5497.972140080193,5504.141943032993,12.100962099978487,5508.306932335383
14647,5583.365841851197,5589.231057452412,14.923322711181482,5592.8445971851215
14188,5587.187790317223,5594.1419725126625,11.735564238438828,5598.679679764156
12805,5588.974055791767,5596.012476070395,11.93678559169373,5600.368899108937
12732,5593.343168719195,5601.2329365180585,9.237411576789725,5606.63578889223
14690,5595.456242026547,5603.278159345981,8.840568302097362,5608.307859745778
16493,5646.74973148239,5653.04575424771,12.37060231619622,5657.251302881919
21971,5661.311821290585,5667.050285166526,13.023106579794439,5670.949289939259
13465,5673.838157292083,5680.085871343465,13.55054581722894,5683.965016354218
14694,5695.515421744986,5701.4587181247925,13.026951527286172,5705.551464747229
20132,5699.007397794176,5705.21853165002,11.868273507416996,5709.551969878105
21991,5721.206624370088,5728.017909219809,10.334519208477294,5732.797167885517
12746,5737.746054265278,5743.2594869532395,14.111042338728945,5746.999979609212
13508,5747.039918518741,5753.272537721292,12.805122470148913,5757.309817806518
14645,5763.6069350348625,5770.3655999541725,11.196091723793007,5774.875689398107
14207,5765.705583975496,5772.169341671531,11.431177241394703,5776.422677777743
14224,5769.571528267206,5776.3867326479585,11.874280606345067,5780.924266919489
12071,5775.714591010153,5783.023771588296,9.86342544491555,5788.0
19673,5777.747626563647,5785.077378044264,11.18607609377783,5789.7259972689335
21981,5811.801682392131,5818.457085320682,13.233238170665226,5822.583047485889
18948,5865.924590497616,5872.206986059605,13.476612113428802,5876.0
12033,5893.132724641907,5899.595419713531,13.268206625590931,5903.591124583261
13530,5899.109934992828,5905.299374980709,12.432989359283782,5909.476387976944
21997,5991.71870803556,5998.127848710817,12.986666476346175,6002.0
14164,5999.299123232114,6005.517039885525,12.951254391640258,6009.385861140397
14670,6064.255806212272,6070.327049842056,12.458976404458033,6074.365025454764
20593,6070.4937421422055,6077.346964796017,11.512749807366538,6081.65644494417
14204,6084.91072185062,6090.317362339878,14.83362186381831,6093.8666062062875
14216,6091.111824191777,6097.507688036304,13.637936562665121,6101.1907433763445
21988,6096.267510537633,6102.236531867952,13.850152818672415,6106.0
21980,6102.716697419245,6109.312135780509,11.348429249891359,6113.730180589026
14219,6104.537995505816,6111.120190660476,11.702482462968751,6115.26101051453
12720,6127.914503174936,6134.349254374661,11.679073626905216,6138.6722267140885
20138,6147.685145491862,6153.492727158278,13.259522203416315,6157.476426016273
20562,6235.048546770804,6241.105404334536,12.681819762140444,6245.0
21298,6271.4549866481775,6278.166460785684,11.64048010511366,6282.6772055170495
18973,6276.732628596333,6282.157562009635,13.523911680193308,6285.885750036259
18960,6278.982549703805,6285.258846168669,12.325941139732015,6289.591559282029
14208,6281.20520619952,6287.280247668191,13.205626747960714,6291.348246971719
14256,6282.967955454056,6289.237900432565,13.211143718050282,6293.2815114034
20567,6303.749106169479,6310.373002807419,12.179006971472615,6314.591240758738
12793,6310.15951752391,6316.531746772573,11.960899445106234,6320.879544489514
12716,6316.143610156193,6322.402134263244,13.336790570400986,6326.280416160952
13514,6318.036005680316,6325.254955934479,10.267589509425823,6330.0
13490,6324.220957075238,6331.111014085641,11.732669270441678,6335.431145126529
17613,6332.4509270301105,6338.609406069007,13.820518976047731,6342.270000071204
20617,6338.61708390125,6344.348352127889,14.077432735940107,6348.208321066502
20597,6340.393072350586,6346.488044724952,12.2619732197316,6350.537414683914
20595,6347.836993944664,6354.347313433705,12.432178887150206,6358.407907783662
12045,6398.117693437952,6404.4165929664605,12.123968418463267,6408.644684811595
13487,6400.067287523489,6406.265143129279,12.148463373723688,6410.351747146035
12772,6402.26506298464,6408.294260784443,12.522907166326961,6412.43090383612
20586,6409.0716485838275,6416.250054105564,10.980323136237612,6421.0
20148,6422.950064756224,6429.083590332185,13.448943912840233,6433.0
20180,6425.144684174252,6431.174543585605,13.538442948638753,6435.0
19023,6443.881672300946,6450.248759993421,13.319541933808116,6454.0
14223,6449.963795473457,6457.122466002155,11.65562731587961,6461.66443170723
18984,6470.902743477872,6477.205309267383,13.455379302472302,6481.0
20582,6487.698328469444,6494.0665012714,12.551067424873407,6498.194529463375
19667,6498.719035876857,6505.195919908383,12.709865515975721,6509.211379057612
12112,6506.089761042376,6512.363573564559,12.473161904200127,6516.60736248536
18234,6544.3588249805325,6551.3977629962,11.571946766297138,6555.974686243323
16892,6577.984164870782,6584.371323635763,11.855449483606554,6588.593745767938
20602,6582.485450149451,6588.352230776796,12.385706474422953,6592.400704094771
13527,6584.341472575206,6590.174685323274,12.599311736640214,6594.0
12092,6597.246291762277,6603.4589332151645,13.300978942353014,6607.541423582683
21973,6632.837815167216,6639.554376652768,11.514705925420067,6644.0
18971,6636.654231835685,6643.464022194352,11.61318997708298,6648.0
16884,6698.701948411948,6705.021678347901,12.479328404242745,6709.235413738715
17525,6702.137965539621,6708.491911107212,11.841620700713966,6712.602735355923
12753,6710.854022093677,6717.169318857494,12.115303869118593,6721.510309950465
17565,6712.794541678115,6719.045519050365,12.942115845723166,6723.0
21288,6720.142407434528,6726.467767172767,11.947248629194908,6730.70887279877
20140,6753.79907156066,6759.631350912586,14.820056535150844,6763.217185768605
20579,6798.199717176602,6804.578814177228,13.79533747556994,6808.353415970072
17598,6849.386206155607,6856.498279583046,10.965849844186717,6861.0
19735,6851.595574418088,6858.3152679621135,11.3445615039318,6862.911795195107
11383,6853.432363313954,6860.092077556788,8.872801845154004,6864.46260705218
20171,6866.085678681066,6872.272137362647,11.920714696344566,6876.4932664835915
16927,6868.966438720985,6875.301417212722,12.08602352274897,6879.666766953066
16878,6871.793120283691,6878.309580785819,11.69721875498559,6882.818194053545
18970,6891.320088115397,6897.456680756066,13.373221547326903,6901.343636947298
18245,6896.9137085472685,6903.1068706829565,12.397822625090587,6907.315160431621
20569,6898.744752933101,6905.0812359959,12.22048285112093,6909.391771200956
20167,6937.872329075406,6944.223863373939,12.673981288844978,6948.369468522707
21299,6943.714529815479,6949.394043471406,13.529502320138565,6953.330841689444
20563,6962.959887658678,6968.506904241541,13.232239621233205,6972.495369891097
18974,6991.780727591845,6998.065547480797,12.669206802840463,7002.2175226843765
21294,7010.458506911723,7017.254707678463,11.615128136037761,7021.905990142274
20128,7023.778444725145,7030.2718765132895,11.633866236560525,7034.515268976133
20177,7026.107895708509,7032.158407637474,12.442485951241297,7036.0
16922,7028.345339117293,7034.086424388907,12.371461177423653,7037.99053542382
18256,7030.7197949835245,7037.425030407061,10.853348510030207,7041.888825664643
18964,7032.621525645205,7039.264393413663,11.512873694429231,7043.618123381829
17532,7034.434956920648,7041.112383322743,11.394852381587677,7045.52833311339
14241,7077.0480143111845,7082.62791782526,14.06848078821415,7086.451858173439
21975,7086.63737644208,7092.446012535971,12.649278778019513,7096.302927801059
20179,7118.058076728243,7124.009657948803,14.025168409157033,7127.635665897104
20166,7120.376972648255,7126.180243600851,14.007375466739692,7129.943800239339
18294,7127.366013862682,7133.422407104074,12.842001198175913,7137.449632840209
18260,7129.283172342222,7135.204082104511,11.60603816211584,7139.2460824596055
19737,7133.715906389485,7140.350525705398,11.11676286166652,7144.947973236874
11400,7137.285551375044,7143.2246093660615,12.749346959163463,7147.256785517231
17539,7139.084937231248,7145.307932000599,12.018013965852536,7149.566699421871
16923,7140.883957352024,7147.147029536374,12.051461642381872,7151.365533405551
19020,7203.859535644124,7210.391773750431,12.911470794160989,7214.388385578048
18938,7207.474058923385,7215.048458749397,9.837795253772933,7220.0
17600,7214.587437785033,7220.12448353686,13.615816458211741,7223.891159264671
18240,7257.184105200614,7263.511670552151,11.877946063809777,7268.0
21310,7260.616984596294,7266.384984902684,14.052821105104517,7270.178212882773
14217,7263.687128789733,7269.514943754925,13.650423013238552,7273.361851841637
20612,7297.703939693353,7304.1731041145695,12.153681844916443,7308.459730692466
12060,7299.689687818349,7306.07650243318,12.237490708646263,7310.3756224873405
18265,7305.328724714418,7311.572990827895,12.563946794980884,7315.75693552465
19669,7307.452952964509,7313.588606975138,12.60483690933754,7317.871562033628
19721,7309.259767076094,7315.330904618708,11.893243903005954,7319.557186288278
18277,7339.275493999938,7345.279954141869,13.48039734536496,7349.0
14235,7343.2470495256475,7349.01990018242,13.515809820786421,7352.791891920436
18257,7383.567799824301,7390.4369775363175,11.62301274835485,7394.985300684148
16873,7404.089802395659,7410.501914979293,12.228995084675908,7414.756791097206
16916,7406.373522827941,7413.174331175059,10.769274749352068,7417.906626612651
20131,7408.2208861013105,7415.1010684524135,10.651464331541883,7419.65761439915
20144,7410.354411598818,7417.452483545045,10.255770029592275,7422.228068159644
14178,7430.654396427133,7437.231805094777,12.086952705860192,7441.677750260969
18244,7455.664107925778,7462.455080595498,10.673769625709836,7467.0
17574,7473.615872318174,7480.214214285631,12.55151074628506,7484.375994150673
16901,7565.740858313249,7572.555139118987,12.085261811300219,7576.998479295622
20161,7577.775931803404,7585.366990702073,9.759698608185353,7590.506800817779
20187,7580.0532757624105,7587.352895641723,9.832280826839936,7592.18926754359
20191,7582.399962545363,7589.359592415741,10.104668743991624,7594.0
16491,7613.030011914849,7619.111977305489,11.904050602505816,7623.202339648896
14212,7618.5166046183185,7624.385472641874,12.715562642943157,7628.506683955378
14214,7620.558069335979,7627.503726826676,10.909503648521447,7632.243799904261
19009,7658.633982250158,7666.083309323737,9.962152969931376,7670.987135820013
17553,7662.3282279420355,7670.176802526281,10.289569529488496,7675.0
18270,7664.198486889657,7672.081731113783,10.98813526131687,7676.711812359965
16931,7672.137687453703,7679.409273529968,11.89401742223293,7683.943651013548
19029,7674.104109979212,7681.188043545327,11.068739465264853,7685.485502968495
17548,7743.573720921422,7750.4148466692695,12.216507311931085,7754.787694810225
16907,7747.848199268032,7754.463310739032,11.873866159838519,7758.84429446233
20176,7755.605078114469,7762.380890219098,11.673787917296176,7766.9262014851165
16900,7770.829505141673,7778.243263583709,9.900844805041652,7783.331394025431
14236,7790.711130471321,7797.143031558231,12.782236739469171,7801.339171396147
18219,7836.209343372602,7843.3617747313665,10.014727905166877,7848.22465934866
18204,7838.256068951444,7845.222067470318,10.31749456058506,7849.968877718643
19013,7840.166775426889,7847.114610821814,10.604439648747515,7851.6799853728035
16890,7864.446584972377,7871.4046727720515,10.969621692534556,7876.0
18963,7879.031351653583,7885.530348423172,11.795597158046654,7889.7633614181395
18215,7925.835772305735,7932.171854836082,12.821461238901346,7936.429283215313
17542,7927.739285226054,7934.077782822784,12.294539061774627,7938.296423028378
18961,7932.344091713727,7939.014262847738,11.956787420958976,7943.468078018786
19005,8013.809686441905,8020.406279110033,12.429261841711657,8024.745543420807
17588,8115.394592232189,8122.017861369192,11.888867616292808,8126.423925264912
21985,8148.741836866251,8155.003829006892,13.137051515192859,8159.0
19742,8150.8351937074685,8157.22097374058,12.78704396967335,8161.484656231179
19709,8154.662127578037,8160.582941333445,12.503126167082659,8164.571792439702
19715,8329.042538790949,8335.04847511288,13.712068446265796,8338.900440114396
19708,9229.026344320824,9235.040662198664,13.579662784959197,9238.77490231994
19727,9321.17066266709,9327.09770206077,13.928576278163922,9330.98037773658
