3857,139.22227605372845,142.34239364169395,11.491396125594132,181.32639087069242
3853,141.2751283449211,144.22055722045855,11.383605852540384,186.53618089008515
3861,143.23180815881594,146.27824702490395,11.916720343075054,189.33227050556272
3889,145.08892563379163,148.1096719812731,11.79364305314592,191.69106867193193
3829,185.96293953077694,189.3475755052066,11.319088098734216,195.84057328353958
3879,229.11433854836122,232.09104902496082,15.276339913392945,271.392271949569
3949,231.3799525938475,234.23974877992748,13.292906199072293,273.9527106116921
4180,288.1575699161608,291.08303763006694,12.451374899620486,297.04629700075213
4604,304.9355570650831,307.622840214407,13.355660727802434,361.47079312454673
3921,319.06968325390415,322.3384308621969,11.46972116231605,364.06958269575665
3858,370.0745861241231,373.52718028133165,11.359320284952123,380.9213432598635
4574,385.35390859572954,388.31643739066897,11.735626615244191,394.1997703266748
4688,395.43562315690366,398.26423554265205,11.909152914224643,451.51525890678
4663,454.22265336211154,457.4697716003911,14.56945029522566,462.30780543033944
5262,456.27993327072943,459.3211657860633,12.421241495218812,464.91476873546077
5379,458.3342887839682,461.2475580666282,13.791425383993193,466.6421361740531
3784,461.65465781538626,464.1056676890888,14.206441612534489,469.1547487186944
4265,465.43249465760545,468.2991098102243,13.06714942193652,473.8657150786872
4635,480.1884846186149,483.13830354804253,11.033710188711696,541.2860264969893
4211,559.1254827569704,562.1933385601791,10.798148049828871,568.4657127292653
4247,561.0414660177032,564.069570931863,11.864752756163064,570.2664784531236
3775,575.0804769143737,577.6346394061708,14.168207278218329,631.5146159484035
3773,577.8438905504158,580.5565649497984,13.277204644071478,636.3134302502949
3918,589.0606401704207,592.1700305878381,13.572738321781747,639.2424787949074
3769,607.9531148672407,610.5142146926693,14.04788047701789,641.6996855523367
4685,633.8539660562941,637.2383814770076,12.460980501778208,644.0905827907958
4646,635.8673037661739,639.0174589510063,11.838375301805248,646.3326946231251
4541,643.9504843822597,647.0682169646204,11.61408356389659,653.602392477345
5337,734.362259701591,737.5360033371029,10.908594108272807,743.9179778996624
5327,736.1248122185183,739.3797398740493,11.17519898683827,745.7318172887934
5302,737.9697401287756,741.2283779216285,10.812594646470117,747.5975511164185
4519,744.8776640473362,747.5392636218286,13.879707925599304,752.7859456639311
3780,746.596659593272,749.4214363392887,12.161822274550223,755.0789506972175
4691,749.0692104820814,752.273043183032,10.798005591760155,758.6610946800973
3926,769.2022515350363,772.2262676647023,12.02999486915438,811.4267220829901
3821,780.5664744124168,784.0465847501425,10.302296711236657,814.0273907714137
4629,818.2073473921796,821.4591442889896,11.41497351317302,827.4687016458868
4662,820.1495166430426,823.4022231644036,10.643540740887502,830.0703759467954
5319,821.9362896172231,825.2823626893131,10.205049514767435,831.8986517572761
4683,842.7129581912329,845.6279007758554,13.991308401620739,903.0818335769517
4223,844.6132809240744,847.2943627106536,13.31750262812001,908.1324544805109
4638,846.4695755474054,849.3671931317231,12.204996148863465,911.9048918802263
4214,848.2772642318853,851.1781677908745,12.194668097792873,914.4739058759758
3882,859.1410097916751,862.2211800335169,12.961724011671603,916.5228958387517
4632,918.5651520477502,921.2296478530179,12.801336854949561,926.6049428350714
4653,920.471153038385,923.1668081564685,13.553697954784923,928.5308527649896
5320,937.5031538738258,940.2121351373967,13.417024227455045,994.4932657160934
5374,999.8169925880185,1003.1072404331771,11.361287285053459,1009.6741147281133
4242,1013.361710438166,1016.039408850013,14.011475090144664,1021.1825890769277
3850,1039.3219933424007,1043.1420071881637,9.58245571782472,1081.5319179175035
4639,1083.859320577263,1087.1486767968363,12.948499839586374,1092.815758551396
5369,1090.2181180776774,1093.0021855672053,14.013422788924982,1098.249430421993
4665,1105.779843340561,1108.4404080360862,14.053799601555092,1113.898285221005
3778,1129.022003001325,1132.121365794404,14.850527537272376,1171.3969270636824
4654,1188.1313071633074,1191.239039898756,10.638814899343611,1197.6757777456492
4556,1193.7183470945988,1197.2754996254914,10.540218011491275,1204.283739483459
4618,1195.6973767818133,1199.248846307721,10.275150660269025,1206.356494860448
4669,1198.6057064506972,1201.5407227530088,11.086889088623057,1208.4593484737773
4623,1200.3396577529343,1203.3841278666137,11.615672685264931,1261.3672890611822
4624,1205.285285035966,1208.061274285236,13.063753652692334,1265.3598883359114
3840,1223.5835642006905,1226.4330738152178,13.996999806258943,1268.758066751279
3797,1225.463997607828,1228.530352493336,11.419971705144002,1271.2086280280794
3800,1271.198952142386,1274.4766922513925,11.880453566992289,1280.464785928774
4672,1286.2569626773713,1289.3315206602363,11.564000961969365,1295.5202420715686
4630,1289.5187393587908,1293.107476883269,9.840202569619656,1351.5243438435707
4641,1291.404385244459,1295.0831660002023,10.016664703287965,1354.2544699060745
4616,1293.5059387472336,1297.1264479304773,9.85771107488265,1356.4023587233664
5329,1365.9787683883678,1369.2192529491927,10.968264110383897,1375.915337972908
3813,1367.758810675548,1371.0569121877827,9.790145788965882,1377.6383358232429
4660,1375.3969100546933,1378.3894741575782,13.682340435130028,1383.847879694622
3837,1400.9063861019654,1403.5809473176612,13.945152690978375,1441.6476846534385
3881,1403.2686470219533,1406.269606429554,10.995464036936271,1444.4460615390703
3886,1405.0635801906196,1408.2687748045353,11.411756500326616,1446.6394836321729
3071,1457.236194342286,1460.2906780607698,13.178874044192,1465.7565858637201
4636,1469.4714481052674,1472.5767893594987,13.84687635576948,1477.8870240991198
4693,1471.4633551594793,1474.3858249669531,13.675747331230806,1531.5346405893156
4614,1473.4285786156781,1476.2556964204532,12.181169000085964,1537.4347236460592
4607,1475.2490727705642,1478.0672197146557,11.793417065300675,1543.323811071701
5344,1478.7249791276256,1481.5608437606886,13.900999650420685,1554.1924956482178
5296,1555.1774144681262,1570.0334138774328,8.029304819967747,1632.7994247485587
4576,1563.2104202805854,1572.0727813550145,9.662257726585837,1635.1503064413876
4679,1566.7273607208235,1574.3345959604894,9.536925821289397,1637.7252884979866
3948,1675.5834844297844,1678.5464649334838,11.62521382041694,1715.933904576126
3976,1677.4412047777444,1680.3930360171696,12.675597015946424,1718.265296232695
3804,1686.9902809057473,1691.1977805455567,8.13994251345098,1720.6628510364612
4210,1729.9424084116429,1733.1624181010577,11.5155236215707,1739.5364824668204
3901,1759.132334906592,1762.3520465864751,11.184221258820694,1805.0240265436764
3860,1761.2800445436812,1764.2691276875387,12.015830866503844,1810.0752146166926
3941,1763.1090823768525,1766.0055376792186,11.101254224847807,1812.8910484194394
4671,1812.1110257395253,1814.363809817224,15.837787388285973,1818.814292616931
4637,1815.682372517705,1818.367073734661,13.394521017372455,1823.7022403831058
2987,1894.1004356369267,1897.3599294120697,12.640561538712872,1903.3330230658974
3835,1896.175882945448,1899.1145143754234,12.738664288349794,1905.024683266689
4525,1902.8383948116164,1905.2912304316615,13.785220039346784,1910.2501891355234
9474,1939.1476209910911,1942.2342621571975,12.282595015532703,1981.6413849813762
9355,1941.1083026395934,1944.074596156064,11.676395330181522,1984.2572568479602
9719,2005.6674288474003,2008.4055154291054,13.575079647849124,2013.948856530867
5354,2076.2842642445007,2079.323746401516,12.981424421170647,2087.127920575633
9501,2131.074545321223,2133.292860690795,14.953924210790522,2169.0480230899952
10022,2163.829210477654,2167.0171626061306,11.566479142297243,2173.0820520380134
10108,2175.0044010953875,2177.5422031281064,15.067738603293769,2182.1192777070946
9401,2180.9239761588433,2184.1153322977157,12.417380810527565,2189.7612196258365
9730,2190.7197219149693,2194.215512353752,9.649502404183634,2251.39827666907
9774,2198.0739917643964,2201.470637938724,12.051268354035757,2258.7455026635243
9298,2211.381237400678,2214.520318396192,10.52449154351619,2262.7270951370074
9439,2253.8601550435933,2257.4562260531334,10.575341696290986,2266.992588782228
10723,2265.0184074915132,2268.0602993991974,11.902282226080143,2273.975743006861
9731,2279.660178951955,2283.215107189817,10.157186625334052,2345.0950569947295
10103,2281.5982433106856,2285.1542745713114,10.334534977782155,2348.5318246333586
10183,2283.546817405335,2287.213892796793,9.365274810345568,2350.7990857936347
9763,2287.7803058062805,2291.000239458363,11.073776601963992,2353.1539110019626
9393,2299.276015328823,2302.3622168626293,13.731439541999546,2355.142218748229
9284,2301.3011904300793,2305.1031354271095,8.985771734157856,2357.5543676613056
9364,2303.3327181138316,2307.230720658398,8.624422468710492,2359.6708279699205
10150,2358.0237308416063,2364.2497329357852,7.542342197750031,2370.8132616141293
10799,2362.1914620032503,2366.344407478998,8.517959051563919,2372.6153109641
10863,2366.9451021001437,2370.3396190217577,12.753937754580756,2376.1557479915277
10045,2369.1740092907116,2372.385758775079,11.725463212918191,2378.393211412498
10807,2441.214769229811,2444.3128973790886,11.348838708495657,2450.6686854564373
5310,2443.0883408461673,2446.190064894678,11.552075945393595,2452.6231694312028
3059,2445.055374236202,2448.0963399726693,11.576975756682888,2454.422337597906
10776,2449.184372821493,2452.5129707121378,10.393914337096371,2459.4669497753916
10720,2451.169602761238,2454.4625405193156,9.658048583581259,2461.3600937179604
10145,2458.4446270558606,2461.4258727480665,12.749012145470978,2467.3558235008836
10857,2525.6526873129937,2528.508677464329,13.674385728178224,2533.59893055989
3069,2527.8136965121107,2530.437109365981,14.07895089296747,2535.4001800167675
9301,2529.661755904775,2532.1484937601977,14.411560676945156,2537.0778431076205
9414,2569.1061823060722,2572.155912459606,13.934989866006125,2611.3582385528853
10136,2614.055279538186,2617.0913357113022,12.941065601025795,2622.5682721111366
10790,2616.2335898474753,2619.373743702705,12.151142911862214,2625.170724154398
10860,2618.4130088288816,2621.362984303046,12.528523925412845,2627.024080140761
10836,2624.7586053890577,2627.3539208510933,13.961729990020977,2632.4941005837345
10126,2626.607204627704,2629.3847034708824,12.411537808604916,2635.045400764617
10153,2628.434874240503,2631.205791016919,13.371158318536004,2636.8296157663453
10032,2636.2230252578684,2639.1937192875994,11.22640482963881,2645.296449306466
10155,2640.5164867752605,2643.283377297971,12.808255304414736,2648.784726452675
9382,2659.0634741779127,2662.053035764152,12.012369242024313,2701.4494255308527
9275,2661.0262911698037,2664.1423909048303,11.37703448776564,2704.0047166055706
10021,2703.4834057562507,2706.6007674360562,13.731052409768505,2711.86467345801
10146,2723.36784323892,2726.503906137295,11.7057621941315,2732.3355302118307
9734,2740.060450393722,2743.4200042679113,10.516168264334903,2801.045736990355
10804,2798.1642130809546,2801.0146323004215,12.286132576736424,2806.5231078174124
10862,2800.49663338545,2803.439691094295,12.2458453846343,2809.796888882842
10803,2802.751657403455,2805.397529965005,12.897263595228319,2819.6440702325026
9674,2806.918513785507,2810.0319956654253,12.010980878816842,2822.7915218361527
5242,2810.787458078775,2813.593561780949,12.535311404301428,2827.4699302884624
9343,2843.4438824281715,2846.026888466684,14.984467564725307,2891.5367914722683
9377,2845.5279235237704,2848.4036926966282,12.423116345879867,2893.410459664742
9370,2847.4197898647462,2850.2023741591947,9.93659467105437,2895.1962712206737
9443,2849.4135604357402,2852.3026715425053,8.208683324650496,2896.8987420907683
9348,2929.056374954399,2932.0426856601234,11.242411832845857,2971.520725002646
9342,2931.322386375929,2934.1720391213994,13.738048385260404,2974.055212224318
10112,2973.78524162353,2977.049650135857,11.989844819439538,2982.750300969497
10017,2988.16255357546,2991.38990261819,12.200683447801977,2999.615645137859
10761,2995.266014321279,2998.190804780598,12.092491516836827,3004.1113518932107
10116,3003.1398084648895,3006.3040092384804,10.983913163704871,3061.7074419408596
9337,3021.0379567493283,3023.6401711466165,15.171679249134591,3070.0555059448593
9388,3024.7079419102183,3027.491768594548,12.022606826571142,3074.9188818550992
9430,3026.597691351014,3029.5012290382824,12.519319189985275,3076.8809217648327
10106,3064.1065435978444,3067.3661335611528,11.587999479002654,3078.802516736252
10173,3066.054930922445,3069.4744827289514,10.26511902650057,3080.6657173218628
10041,3095.4989610835128,3098.3465450189015,11.968367608688238,3156.511249732367
9359,3108.937584780078,3112.0810003286833,10.941651141161055,3158.5517116141928
9288,3122.1749914471684,3125.478312538692,10.397179911638474,3164.3366746519932
10057,3153.9253899967425,3157.109877910978,9.552286390927721,3166.1721855964142
10127,3187.3103950712743,3190.199092624679,12.626628700237315,3246.342052244463
9397,3201.2954562961186,3204.3347571892823,12.595066221054093,3250.4818938158032
9306,3203.2383211764336,3206.3070127937435,11.47898413472329,3252.2937153971425
9287,3243.61490929751,3246.6077154425766,13.172932596931554,3254.077489787586
9757,3246.338849468571,3249.4545749733966,11.186638793507656,3255.9634596119163
10162,3250.2294661777964,3253.406849790726,11.067633783469113,3259.370508111945
10861,3252.020176769005,3255.352876382402,9.492067125280233,3261.368010467384
10844,3253.960209490284,3257.3854269436097,10.436731881246637,3263.0612221402175
10834,3255.9951774818014,3259.306200134952,10.419905305670717,3265.913846405348
10789,3257.926662341271,3261.1621051051907,10.059555837399673,3267.73884828824
10160,3259.8258864491363,3263.0136484773466,10.399692088175668,3269.596552536688
9487,3289.1274820801746,3292.135277573344,12.228354084947853,3334.1771225488224
9329,3291.005970312413,3294.1653454012144,11.08635993904145,3336.3916951682804
9346,3341.5045767235074,3344.0569766425074,15.49578862895947,3348.8574205781
10184,3344.071805642739,3347.0593927456634,12.070343850670728,3352.9665720417183
10163,3350.267736076215,3353.1178484480815,12.34292235266541,3358.8727178203776
9332,3354.241462297384,3357.4296958046903,11.318324385194678,3363.806650583289
9277,3383.671778754635,3386.5214272856942,13.19619154599055,3430.230704999436
10076,3423.3657228660777,3426.414867076419,13.27515555837426,3434.798958017934
9268,3432.7165700844425,3435.313292288542,13.462506169816374,3440.5591130472894
9322,3491.8116292216164,3494.5404891350486,12.256425898253623,3514.2894677716567
10181,3513.3543991879023,3516.5403913913015,11.36466788422078,3522.6608254494263
9685,3523.9150345353733,3527.018632248374,11.745454140083622,3533.217359976101
9349,3559.501233481166,3562.5448915298566,12.635911260646528,3601.3918667443963
9412,3563.3894896198117,3566.1287852873397,14.250161795085084,3604.0955453534416
10186,3603.9904220158596,3607.2613261887677,13.550351132478296,3612.2919917133495
10182,3606.0466995631195,3609.1918981565636,12.024816806038057,3615.2587365868735
10840,3608.038113150183,3611.0340227994884,11.473151809070664,3617.1207267560408
9732,3613.636859261782,3616.383247437348,12.67537329230539,3622.0448063843432
10135,3615.3771843481823,3618.1603388549656,13.025715623018476,3623.8193859643798
9514,3659.2216531882696,3661.6450644157644,15.245656114137077,3691.5638380161554
10044,3693.5809245108235,3696.6335134258015,13.81927845659705,3701.7845796950633
9513,3695.936735314726,3699.0436691284826,11.64023240603624,3704.999711483964
10787,3699.8548074916994,3702.390124934272,14.257702836501233,3707.325315072359
10810,3702.0259731027795,3705.063075334299,11.290449424612364,3711.206629451101
10075,3707.4816992979063,3710.1731485481805,12.920909291712745,3715.6175538594393
9509,3710.0200300128413,3713.3802643967465,10.391327250614006,3720.3174357411554
10800,3711.9715697098563,3715.2909125007595,10.165382853439803,3722.211436728096
15552,3721.7596212217277,3724.221570056765,13.40556973031926,3729.1995457694293
14852,3741.1054207482534,3744.188596868928,11.68179347378694,3787.3049314108293
10798,3785.600521512514,3789.035866691151,10.877499615029299,3795.766736359872
10826,3794.4560536434396,3797.5023678142247,11.554201888397783,3803.56715890941
15655,3796.3270950891583,3799.3702093718543,12.275170064449991,3805.3418485805655
15599,3806.404864694219,3808.6314629703925,15.988262578103734,3813.2149495435583
15641,3816.778663295842,3820.1373907293423,10.226580740996829,3871.669003096683
14837,3829.158815026053,3832.3651150330047,11.335870885091694,3874.650335156549
10838,3873.809689954688,3877.2373125120544,11.286405289679928,3883.7951212316666
10864,3875.9620404236466,3879.1541624688134,10.670360241406875,3885.5818514523935
8503,3878.048274039448,3881.111478605185,10.297499596886025,3887.4814697934357
15526,3887.706260491902,3890.541446988921,12.828005128292606,3896.015602506242
15161,3889.936377823963,3893.1648428094336,10.702502374836875,3899.570002879819
15169,3904.4845054722327,3907.3182845624333,12.748835820770084,3961.4406786601417
14920,3920.989277533252,3924.1755826719177,11.176258764462407,3964.356651733148
15016,3924.7201985731213,3927.482134973162,13.3820065007965,3967.0111780622974
14932,3966.4303316671894,3969.474182273273,12.681180552955096,3974.88930281956
14873,3968.3655853975083,3971.228489758158,12.96123070790925,3976.5955978242077
14939,3972.1632562542322,3975.503814115875,11.042041280153958,3982.2327849846347
14871,3973.979555055602,3977.3817314611824,9.311585276208445,3984.1054759639987
10413,3975.9806489162884,3979.368189948857,10.025206857706488,3985.8826249057156
10697,3977.917841436048,3981.292968181112,9.205774015041378,3987.883938851234
10358,3979.756213420113,3983.2300279113556,10.47615595036337,3989.756943270746
14854,3981.894341218157,3985.2644588398184,10.576635076451609,3991.738662456035
14770,3983.7494820743777,3987.1294420088225,11.635596999977002,3993.6103038346428
10792,3999.296403594557,4002.47558866325,11.20448461896374,4070.0455341803154
15666,4057.638551621349,4061.143102752663,8.61679565062172,4076.443768180705
15670,4083.954851784215,4088.430964064986,10.046781604617008,4152.432793893289
15676,4086.3773856806283,4090.3829802585506,9.199824613159908,4155.961774173985
15209,4088.536629292618,4092.427250306903,11.005519121194368,4158.8200679125985
15684,4266.254528749734,4269.513894512268,10.337017329184725,4327.631265150148
15610,4268.03334402034,4271.420969946648,11.398393729763473,4331.199968985112
14965,4278.9726680926215,4282.043255463436,12.72279125547334,4335.792256968412
15622,4323.252538596889,4326.249430828038,12.906572296111257,4339.24675563762
15621,4333.946940114538,4337.426394624308,9.047838543417978,4354.228290149948
15575,4428.810373722735,4431.222957622168,14.624475725697556,4441.5584769518355
14924,4459.145724812028,4462.219100007436,12.00414805717292,4505.250277857977
15619,4504.068276442679,4507.178380629762,12.846452363071021,4515.1562936164
15639,4517.938873999837,4520.372609218501,14.431019234980127,4525.292234049998
15014,4561.50152139027,4564.551716660945,11.53418031056551,4600.6029280452
8495,4596.991241202106,4600.333038533365,11.058295602951429,4606.501139503863
16359,4600.841709061909,4603.321504487901,15.427797650580723,4913.0
16307,4602.721165670305,4605.574611790481,12.302338111760301,5131.6124897259815
16292,4604.554740787457,4607.329978378782,13.404971918334935,5432.6257191287905
10793,4610.181303462663,4613.511558431363,10.259389662191564,5524.40197926096
10843,4612.2409632950485,4615.514530957695,10.99516164522632,5527.275916969032
15005,4614.121225715891,4617.416433186418,10.297710624645735,5581.380492315775
15176,5618.761501976245,5622.485879838295,10.220527624047746,5691.348641554181
14823,5629.033617016996,5632.244073096891,9.317273659986405,5695.349722898792
15674,5691.312404782475,5704.044196016994,9.771721450114384,5762.388752196839
15560,5695.075525186027,5706.292094798738,9.440512447873923,5765.751054158071
15650,5702.741662337591,5708.1224247877635,11.369282276121075,5955.832899389099
14923,5719.042183524493,5722.134457388194,12.824220543902006,5960.8713033414
14777,5755.376351229066,5971.050176891825,7.749754017490664,6031.7315712017
16368,5778.90721123057,5973.331269755906,9.153240746728658,6034.564699223652
16291,5784.539716792347,5975.237568255074,9.117671785261093,6036.872406555492
15253,5972.99108780283,5977.255604892577,9.431676097032547,6038.874022838431
15669,5979.074149368375,5982.273179881804,11.15235503410511,6043.545374243271
15017,5989.409417469342,5992.491170852718,12.732944282401824,6046.332846741045
14810,6037.946086874637,6041.229100733095,10.450788748711627,6059.027555204223
14789,6049.17027608929,6052.417597793944,13.810440798541592,6062.486242815258
14796,6051.180848316731,6054.33564249055,11.175751079887464,6064.905146048409
14767,6081.525666683171,6085.340620683412,8.951186678926645,6126.31852827782
14841,6083.672214627429,6087.441812761683,9.76659338562142,6128.283358589104
14828,6085.62421838641,6089.467911451412,9.687077904949774,6130.53771715568
14853,6091.457552358557,6094.333620583607,11.094683376576416,6134.628721805927
14870,6097.415012225199,6100.319284637426,9.378643764384293,6136.736086896405
20282,6112.452982754116,6139.052864367529,9.009599366056406,6145.911250363716
21108,6139.778958274425,6143.226079677698,9.375641155753705,6149.7795727292505
15664,6142.007240298422,6145.3467841012225,10.08699800688419,6152.0828122907815
21124,6143.8745920043775,6147.246779667781,11.57745815358169,6156.839016860465
15640,6147.547223815427,6150.251020924676,13.145805845800398,6212.564961607337
21146,6152.54249401245,6155.205914704609,15.292734642290995,6218.222192348656
21101,6154.398818986354,6157.505210199345,11.394596864292566,6222.3399466106675
20319,6171.709277900424,6174.410226709191,13.468646095736357,6227.711583459338
20454,6175.672408486363,6179.21600719891,10.124876924478928,6230.4118397707625
20425,6177.722044733277,6181.161916685222,9.671091161673042,6232.815550668016
20371,6179.680093595259,6183.170322735433,9.704257931231416,6234.796215509929
20729,6181.649849839939,6185.132011921529,6.216764836519969,6236.808009427491
20268,6233.886566136179,6243.245996808346,7.0598339252065045,6301.681888686206
20304,6236.6036515025535,6245.38978190481,8.842572812733767,6307.127525645944
20500,6259.025012976723,6262.24386074872,11.812975604165954,6314.151518415296
20330,6270.42980435136,6273.529227501945,11.510476306591835,6322.135567889244
20403,6272.699454453053,6276.121339635616,9.629324272790317,6324.170452758829
20302,6274.599171144847,6278.233188051422,7.312178911183539,6326.026852483028
16331,6329.808937963294,6333.02697030559,12.086818542264796,6338.821533471718
21115,6336.338712735536,6339.291175084191,12.348357909368227,6399.488980948774
20263,6349.0977666337285,6352.4176918378525,11.504412475447166,6405.082475091079
20339,6351.153768991461,6354.262383140011,11.867282219795218,6407.094243467083
20358,6353.228465063602,6356.135444127011,12.5512799870415,6409.135228102565
21186,6410.588025833721,6420.043336601996,10.978668639506475,6427.863867277227
21182,6416.740363048012,6422.100300424584,11.44762930983763,6481.451570028946
21172,6424.3776112338555,6428.128665592321,8.446733344975762,6488.1587864901085
21144,6426.25918673192,6430.106933917793,8.612528547636424,6490.263326548729
21145,6428.36428924682,6432.1676000755715,8.713645564431275,6492.512549426472
20277,6438.825559396244,6442.04824350532,11.532499471673399,6494.468657647243
16343,6505.8812054329555,6509.49001999982,10.531842775596722,6590.524349631495
21132,6507.950243515951,6511.43949417498,10.278488633119318,6592.982762394165
21171,6862.980989644697,6874.037441514139,10.405692412134023,6945.625440637444
21141,6865.6063695721405,6876.053349115567,11.217875388906403,6948.149119069828
21032,6877.996850564343,6881.48278425767,11.534400502107905,6956.705584067135
20355,6891.224823935749,6894.407574741559,11.229221598311128,6960.983432710515
20289,6979.07360668589,6982.344666184374,11.426414225499078,7033.40072011417
20427,6981.059811742086,6984.158579978909,11.697107605525028,7035.297628470692
20432,6983.440404024564,6987.085764485809,8.609403511075817,7037.336394569387
20498,6992.5674856704245,6996.077772210257,5.616847253508869,7039.35448052458
20703,7023.797244883868,7037.130482390396,7.236775684333957,7045.145469280205
20761,7025.910239726817,7039.294524644828,8.149629310792125,7047.093583423049
21176,7042.873702451718,7046.088468823746,10.612571614987138,7127.56080962677
21825,7045.2986993384,7048.162253984211,12.391816722536266,7130.209664376648
20317,7081.065135010632,7084.274580984414,9.82274407322843,7146.123554604614
21834,7147.120953193286,7150.200598776072,12.093813196577596,7209.309439328443
21019,7180.970411356741,7224.236638376925,7.639700857625713,7235.050464572567
21060,7249.404686606849,7252.384125074491,14.065534404034455,7296.223446537577
20299,7253.662091976006,7256.403906651339,13.38176651928895,7300.295303748216
21140,7293.874561080866,7297.177780109376,12.095505007271518,7303.031791603297
21104,7306.250200136768,7309.040673823831,12.619928560939066,7314.669848392944
21062,7311.048398948487,7314.189159782452,10.847060879806413,7320.63059040554
20515,7312.896330147097,7316.027577586602,10.120696390924879,7322.548718052421
20274,7316.631141411424,7320.1357055465405,10.141583555253112,7327.436200589521
20264,7318.540482773153,7322.06133313519,9.953689499390801,7381.282481042535
21139,7320.402341088679,7324.076673840116,9.999565808674674,7402.652581095586
21832,7476.176727035995,7479.169033970135,14.83018089145638,7484.162176001958
20315,7532.964736105635,7535.398740889064,14.415139267067586,7561.751228578436
21843,7655.621639423384,7658.447389784129,13.180835021492667,7663.819986654561
21855,7657.568196304083,7660.4477750550495,12.954277349704734,7666.176070624202
21808,7744.1022192837545,7747.292276292256,13.0453255701211,7752.842762191329
21837,7750.778327100132,7753.368817352876,14.400103671674533,7758.232894131793
21800,7756.469935003248,7760.387567498937,8.70920697245317,7768.128761618714
21856,7758.45834198192,7762.371921120828,8.283781010764358,7770.113589827347
21805,7769.6707923144495,7773.1399826274865,10.045131840283146,7831.445271185002
21875,7923.426412923781,7926.54667390937,12.061871054692906,7932.524994902898
