463,54.711870922083925,58.463766851789764,11.007638638721318,63.797171560647236
1096,56.651876068577735,60.33982974843833,11.602775789158974,65.60664725010905
601,196.55768547796805,199.498528855572,14.411663413779975,226.40075733764203
693,230.55807455630008,234.0454234537292,12.049042306025877,238.8369877002674
1070,248.854424345404,252.14858087757122,12.661428010238385,256.7572218039349
609,285.824614340763,289.099710569333,12.795008737579009,319.1461425301952
605,288.90285150691204,292.1513711599417,13.203219639012751,321.32232007932186
727,334.14946433130297,338.00862299730517,11.777251965850432,343.12548731376967
516,345.774548759208,349.18452850844375,12.204122976066728,353.7604001946944
1087,425.832198666836,429.48408957060354,11.501041777634402,434.475852526138
649,453.520683619699,457.0865602145228,13.735424143475685,496.60093469451493
612,543.556712792141,547.0927335119793,13.242826155263971,586.3054384306232
560,557.0225734855557,560.0256192733418,13.516159621808626,589.4704832167881
570,560.7645219577994,564.5374265499377,11.249734007800686,591.9092407600648
689,588.7344031814648,592.410601480928,12.019375693485884,597.0549793784837
647,590.7458284209881,594.2566449331094,12.276695494216124,599.1732550350634
698,592.9657192586837,596.2366110194524,12.279016452073654,600.9622366361618
633,599.1921787215458,602.558179280834,13.022870462414312,607.0976659834057
731,601.130396127544,604.5636613919553,12.042644148667694,609.344823675195
594,612.3249002098863,615.4799256623087,13.066396805201093,619.9650244210844
654,652.6573983872072,656.2067259445624,12.220047779120389,676.6394411319181
588,723.6077025427237,727.0218165421169,14.772172116326722,766.3820296679786
658,773.0491842303296,776.4516421781876,13.076824395827721,780.8989141524636
636,776.6288131878332,780.2839377234209,11.748952828977814,785.3698630130812
4918,778.5197908499538,782.0597962586259,11.708012875494918,787.180819178485
1117,799.8414052003242,803.1788717203364,12.065623553158385,856.2792701755336
1107,878.2067657734668,882.0234968769172,13.413610324064681,886.2354749642897
610,959.1043469290579,962.4117112301204,11.479629213402681,967.0379590643034
1023,967.2610453581111,971.2943956212689,9.812038532072183,976.8916266348126
666,1004.4576781205468,1007.5965905747576,13.769388727325039,1036.2717795456194
533,1041.0330158986396,1044.5557883616757,12.27604092532984,1049.365537643792
723,1043.1105301536782,1046.3415655484168,12.955807367457808,1051.1281159291484
699,1131.0453556687849,1134.3785590698851,13.386512979591805,1138.7469484064522
700,1133.3639456956118,1137.14622890951,11.602926384455385,1142.320684865317
1066,1143.1570052155146,1146.3907686829261,12.923240833113402,1150.9730456524705
719,1144.817159900538,1148.07455787803,12.864821197123891,1152.7502138744624
3352,1155.8169258543546,1160.0755262444977,10.6042313944876,1216.5865618171306
644,1187.385991590217,1190.4682130059803,12.794920554533931,1219.3646791486929
576,1221.0177161445513,1224.5360530970706,13.145573541126746,1229.063338494018
1015,1237.5342927521274,1241.5246434953965,13.360762178906123,1246.0932509160207
740,1278.1221604145233,1281.38482235479,12.100495054621446,1308.891273632762
435,1308.4689343199161,1312.4310425654458,11.311482652181486,1317.5053549022757
522,1314.5330954425256,1317.634497906994,14.112248140662732,1321.9175225981453
587,1338.3923966289851,1342.2196236231573,10.984363131770422,1396.485939996177
643,1354.2638642429442,1358.4366815240905,10.856317789824715,1399.2856679024208
1067,1488.5339346768014,1493.0021237338235,10.461891441244264,1498.7480244868257
1048,1498.427532239031,1501.5498377645429,13.57948045579094,1506.0166613987267
487,1502.0693812407142,1505.4756020670693,12.662633633258846,1510.4085775258404
619,1613.2100702696719,1616.0501469202172,14.096486341164297,1666.621248947949
584,1636.9358632983292,1640.3853929498307,12.69007914122263,1669.274081076766
579,1671.4620918953256,1675.1687993388284,14.00834735290912,1679.247371065975
508,1673.6151537232574,1677.3654854282038,11.548139964058068,1682.3959049267141
632,1675.642275164172,1679.4246489603008,10.893446724343192,1684.6079481137342
670,1677.5571971496433,1681.2894919033834,10.775351768778608,1686.472980169915
599,1738.5970229394388,1741.3885490744058,14.725999855169697,1761.8480969880784
716,1779.9380746248205,1783.0623573287496,12.434035761813671,1787.598195786294
140,1847.86358718775,1851.4983021231362,13.50934449912765,1855.7119662222594
6190,1881.7840625028116,1885.4730447474867,13.117504737952263,1939.3393695302975
6077,1893.5374555964186,1897.5193636587378,11.35706440131335,1941.7669375946268
6208,1938.4876421046902,1942.5457761173168,11.539012902067157,1947.900913890441
183,1941.9965401898378,1946.2492345570347,11.91507759582554,1951.2449078713346
1949,1944.146873577682,1948.2031149568422,10.708807878993646,1953.5494661821554
6000,1946.284728764159,1950.0906793691638,11.039185351630602,1955.2965259315467
6165,1996.8283895078798,1999.6259957494344,14.576386881533113,2026.629742559127
6091,2015.7858723284596,2019.2465993651117,12.282874270739391,2036.3402836897885
6142,2034.1506917259878,2038.3588249774286,9.362960809282853,2044.1905341426705
6068,2036.4197918809311,2040.4607238972217,9.575679702990445,2046.1942394392145
6122,2043.4247660767976,2047.337905320942,15.027474123984096,2051.31159757612
6593,2049.8763844803734,2054.135240859508,10.471966139209743,2059.7017078457748
6237,2058.2624427389983,2062.486710399951,10.045651248387895,2116.5548171806486
6084,2060.20388531675,2064.3899418677456,10.259374077975533,2119.250692100518
6170,2088.0838043432545,2092.167462821605,10.371351868277452,2121.5528203858225
6204,2091.642238986269,2096.19487767659,9.384280211493744,2123.4576818567375
6601,2123.5935052652903,2127.001278988351,14.434688028070152,2130.996892198212
6072,2141.0861126470554,2144.4087629185537,12.782929031488584,2149.121245429129
6157,2176.0879347296404,2179.3770586527326,12.769010187990707,2206.3988377785754
6090,2190.2218378579687,2193.465104658485,12.777960034468894,2211.4422030679457
6215,2192.0267551066913,2195.337250938156,12.477265834764829,2213.4964626312217
6246,2213.4275839277043,2217.203190777759,10.716156039353157,2222.452426389526
6199,2215.3940337020526,2219.0954719428523,11.084668902380022,2224.2885440833743
6085,2220.485677189767,2223.5303706742975,13.868203305981787,2227.988690867348
6016,2233.808408038153,2237.452454643387,10.907375809950047,2242.540166871253
6103,2236.1227832760037,2240.0096925999305,10.999804219586498,2296.4884752380653
6132,2239.898633413321,2244.165656140594,10.764715824982956,2299.009593142238
6124,2273.627700745956,2276.631272182423,14.44120364711861,2303.540043317057
6542,2306.707317168106,2310.1780560929224,11.904515242340162,2314.9056220520138
6171,2310.58334027399,2313.5323594143597,14.467103436410435,2317.5758998093143
5976,2388.803719296713,2392.3505155224666,14.779137801395834,2396.3009026074287
6029,2398.746734278446,2402.587936605313,13.892630638335149,2406.7105778302907
6182,2403.5558404115013,2407.2479128056425,15.015912251490272,2411.1415847386525
5682,2412.66982378893,2415.5342620700885,14.64140785916872,2419.527274618812
6059,2463.5419825862023,2466.5652957908237,13.359504268154115,2479.2545772229014
6137,2478.571493250138,2482.3494124046424,13.58352553284235,2486.645575727336
6540,2486.770373401161,2490.2566029431127,11.937575330654685,2494.9923925875705
5615,2488.794967792381,2492.1145286909505,12.481368570019944,2496.7532393591555
8872,2493.387369489667,2497.5092925821464,10.90431091528728,2503.2043318301266
5704,2500.3223618927236,2503.387849711877,14.209525056357636,2507.4379647383525
6205,2537.804511545653,2541.143798178697,12.088356475059921,2566.4119944916006
6617,2571.234194159279,2574.6163068520195,14.879497328202842,2578.4565001273636
2715,2573.924390973438,2578.1390079116827,13.267533840088268,2582.6424766056107
6742,2576.03574900427,2580.0092420909295,12.335038539172093,2585.03095738882
6024,2579.977244337664,2583.524470340844,10.839412419113106,2588.537689099456
6573,2590.8686094512864,2594.120146940616,12.563290338702524,2598.5243254553757
6109,2663.691957045589,2667.5656804998775,12.031900574101483,2672.3151513917524
6174,2665.864560551051,2669.492928233232,12.3383968353304,2674.1194300353636
7419,2674.935650950734,2678.399952742494,14.332487108256872,2682.522789402714
6102,2703.629021456177,2707.5519476656573,12.915299903512773,2755.6138848298747
4863,2752.9300913854,2756.3789864704186,11.98007920887786,2761.1790623408706
9304,2755.4137406546733,2759.4941936357363,13.160930472898652,2764.0156777983257
9303,2763.238975184623,2767.3545482012587,10.431450002697266,2773.25123679704
8891,2765.4432900504216,2769.2724969826872,11.458667463005327,2775.1356001422605
9278,2767.6873780894284,2771.3574945031637,10.53969957814278,2777.1271137150334
6213,2810.714861388561,2814.374664119125,11.514726200481803,2836.736681842212
5998,2839.228051942925,2843.12658078348,12.685000985976984,2847.7554814097357
6063,2841.335729060928,2845.04625630955,12.912181549939426,2849.5718078045866
6616,2848.042676087152,2852.076755306046,12.767928436260522,2856.5989130637035
6602,2853.0509351998526,2857.1359896219265,10.84528033427429,2862.4823282541875
6527,2928.2315202306477,2932.204366356646,10.901952604317291,2937.5290999812414
6526,2932.886418909192,2936.0922777179358,14.37107337988638,2940.1812864770814
6079,3020.8871303161372,3024.4240413720577,13.449084332181554,3028.952404816254
6551,3108.9535508104755,3112.6206713605206,14.004130386384242,3116.9147399670555
6535,3110.921516477315,3114.4510724715683,14.24967544407666,3118.719601854332
6026,3113.2159701629134,3116.366456113727,14.039020509563855,3120.5192190102944
6603,3115.061968424116,3118.435896312657,12.028750808320588,3123.2290842828947
6140,3167.94027327058,3171.2132604217986,12.93123276174046,3196.65551576808
6221,3198.8520211288687,3202.576516955329,12.8037038738369,3207.06456100101
6161,3243.6912018599387,3247.4137004135355,14.76882804151646,3286.6930762105326
6139,3251.420381991067,3255.2295666580776,14.34082866461294,3289.487347348066
6136,3289.1169905696856,3293.2814014651026,11.119929067301412,3298.370593320998
5945,3293.5855848758074,3297.115508385563,11.870878643348513,3301.91747662662
6135,3311.198534455015,3314.2892995662664,13.677841467347783,3318.640799274135
6020,3325.1424709805556,3328.355251670219,13.530714625528644,3379.127760085356
5662,3404.246736583622,3407.379984318216,14.068124376645917,3411.697006860701
6011,3409.0646982557314,3412.526924402745,11.600050725048638,3466.6671798385332
6210,3412.430984954096,3415.5889166797597,13.527492226149985,3469.5060249888625
6242,3423.918496470105,3428.229185595305,9.980651607850568,3471.8442622583298
6218,3426.05188891528,3430.219846441491,9.979135460822341,3474.2802587577385
6047,3470.9942628635745,3475.148106983987,6.048925315151195,3481.997006640599
6562,3560.7429801662734,3564.1143099456704,14.033314209927362,3568.337569209043
7441,3566.402333242419,3569.5780949686955,12.773503269427106,3574.063064757228
6074,3603.6895666411547,3607.3899586247217,15.06798472658587,3646.6355457579907
5694,3646.720597507173,3651.036022144671,9.570824015148906,3657.030422293472
6099,3649.027991895253,3653.210129043324,9.607482760336534,3658.957894943434
11674,3653.8062991476254,3657.425253224186,11.336440667914248,3662.8466877935034
11725,3655.7222285509856,3659.3439779422392,10.852825341749357,3664.726461806382
12028,3657.605178799022,3661.2229004489072,11.36569026724108,3666.4761292620033
11573,3659.4118850979435,3663.0877519486803,12.694752375572543,3668.2641481297937
5705,3670.571205584264,3674.605828436417,13.2534643190728,3678.949073577005
5674,3676.5966468041124,3680.104453302386,12.267837617571706,3684.9650209316696
11673,3740.4769527647645,3744.1740541758327,12.80251408758507,3748.5771792140654
5679,3748.7639632781857,3752.0749725535443,13.299136450949726,3756.6020771651915
9287,3750.9321861372596,3754.1294346119867,13.041663866756908,3758.5602962710486
11434,3830.895775115064,3834.174755516556,14.166201149878995,3838.3229641099115
6741,3833.1112086460816,3836.372300451849,13.814184873464322,3840.6371802774343
9322,3844.9993073825713,3848.360576329024,12.786771586976831,3852.9446651612598
9283,3847.2065604102886,3850.5687047741603,12.695619854167171,3855.3736012710724
11664,3848.732068607048,3852.2697767193977,11.10753853839736,3857.0826938019786
9291,3850.3562865823205,3854.5790749982825,12.997760255604337,3859.136219146458
11629,3888.188075608393,3891.2214754487,14.042376283233507,3921.8359439418487
10392,3925.4368352522138,3929.1264602087595,11.839220422731302,3934.209204353084
7450,3938.796226542227,3942.3531985635464,12.045770784810268,3947.213474560924
11711,3940.6672861515417,3944.3635081778757,11.099483747302891,3949.402661402775
11520,4012.5571144570686,4016.1622682510115,11.614860302077053,4020.9965730399913
11700,4038.846480367217,4042.3606241512025,12.036759077221424,4099.0382327376565
11565,4066.6086432450857,4070.038203046288,12.854667850506486,4101.299583858267
11585,4102.955854606781,4106.075127863243,14.743140587212856,4109.981721043384
11443,4105.012460732274,4108.429937372293,12.79388829419874,4113.206033872945
12072,4188.5343924731915,4192.104033873617,13.623389326038458,4196.550828567419
11710,4194.482307739046,4198.2197387578335,12.108567182511598,4203.163410259483
11583,4255.50506514624,4258.601218709982,13.191614979288873,4276.359345402417
11597,4261.663857882198,4265.128975905904,12.147554816999804,4279.020772381255
11151,4282.569671632734,4286.1032587917625,12.48879350029982,4290.683420674438
11723,4287.25574510099,4290.444719904223,11.708743945187274,4295.274338838466
11463,4291.117050233182,4294.317986561778,12.928053416414732,4298.65585023308
11593,4297.825463098928,4301.1908518613045,12.896736598319315,4305.84651511818
11522,4305.117532548496,4309.377346381001,9.384139016520441,4366.712605137737
11718,4370.688154589366,4374.048862880372,13.697611572901044,4378.406865516876
11578,4372.964311091143,4376.060627290671,13.863677838604325,4380.328648642901
11709,4377.0089848805,4380.471204447975,11.723691949232625,4385.360390044138
11655,4431.647113890208,4435.194717121582,12.208362512460075,4456.386643213038
11662,4519.876442219833,4523.025886503398,12.639990348842504,4549.526863967637
11658,4525.933869524928,4529.369513659705,12.14167864473041,4551.739146807946
11534,4550.708894020626,4554.118119659761,13.519180393094501,4558.337729531348
11512,4554.356080820365,4557.483441148917,13.192103943970798,4561.706231760284
11684,4565.828033797582,4569.509339405073,11.652183768611135,4574.779365827371
12118,4579.453355947783,4583.259162975731,11.56249243384248,4636.32477550345
12053,4583.7986491880365,4587.090536081336,12.735833016654208,4638.948679006043
11701,4610.290987929898,4614.270960691519,9.668484898978988,4640.940886426796
11716,4616.735077483466,4620.446024917508,11.825051119428766,4645.4664813442805
12949,4642.930839727847,4646.258410535471,11.275746830592313,4651.094646376008
12248,4644.727892910434,4648.09698432592,10.062321108834581,4652.865080568046
12084,4652.2286840765155,4655.283098403644,13.230749799277083,4659.4425402833085
11577,4704.0618422925545,4707.532972214149,11.720829219146117,4726.7093410348325
12046,4728.682664113845,4732.1897799218605,14.955138287326363,4736.1862371505895
11588,4743.285404755021,4747.250454550458,13.597755294610328,4751.705217029331
15171,4758.584491433141,4763.000602159314,11.542108690390558,4816.573144988566
11627,4773.315040053902,4777.2193207948085,11.10810501031285,4823.738012283245
11740,4874.382719772296,4877.110865543235,15.300533520443667,4909.22152021656
11626,4908.84033571325,4912.364530573862,12.647877110328018,4916.7525050380345
11646,4913.442370019187,4916.655114081968,14.630509619081687,4920.557236710299
13696,4915.279286754512,4918.605311653985,13.082779503790443,4923.222622468988
12071,4919.268044888678,4923.21930322673,9.751161888146427,4928.881194880357
11494,4931.370469670954,4935.3806615335225,12.709041480280536,4939.8090256953365
11586,4971.399421563159,4975.109109298319,10.594328325607549,5001.70534574011
11682,4998.586240704689,5002.344765291243,12.173773985599796,5006.996728075558
11438,5002.32083623838,5005.239003186241,14.796868336482243,5009.154804297501
11562,5007.882493853738,5011.18117649111,12.67457615151172,5015.726436052995
11712,5090.7944641014665,5094.105788634173,15.650053900741534,5097.766384689396
12049,5121.02570690521,5124.084110608534,13.678497564626607,5176.357654661858
11458,5122.993146471924,5126.339455982303,12.575824982792014,5178.9898994681325
11625,5188.499101095956,5191.482469356283,13.962988968395432,5195.733121499107
11630,5210.264998073842,5214.100566849304,11.413542030034371,5266.614159930803
11703,5245.051586152196,5248.429122789841,12.735650025152884,5272.076709598316
11495,5295.750698958787,5299.5303856448645,11.440345036336943,5304.605329016167
11558,5326.045989274294,5329.310901235461,12.756964507782985,5356.713841561849
11605,5335.208849011417,5338.514614510074,12.633754256827867,5359.300191216962
11561,5374.399089104657,5378.352234950379,12.477115135593877,5382.939426187351
12036,5376.43513636768,5380.031398412062,11.91611512912736,5384.554576595665
11568,5380.94865733618,5384.392202041359,12.654847862832803,5389.013687834378
13672,5391.987005986823,5395.507732161407,12.435048900910664,5446.468168695709
12992,5393.952201783798,5397.400289889593,12.61240963645039,5449.192209178674
11714,5422.4629639874565,5426.0826812646055,11.558832380756177,5451.312910434687
17086,5430.360302439497,5433.439731657248,13.214824521045573,5453.551100056383
17134,5437.131844400746,5440.417290590584,13.17177211694283,5455.463800515185
12978,5450.880513122994,5455.085335539476,7.675216449413554,5461.375143130733
17088,5469.687075593412,5473.061408002483,11.484629415432519,5477.904585001001
17137,5472.024166073877,5476.064805172272,10.307748669078196,5481.60771518051
17038,5474.042067611648,5478.009244448979,11.311772467567232,5483.523707332369
16969,5538.397733866151,5542.201078389683,12.701228909611771,5546.845149274745
11148,5541.471725854398,5545.5696357678435,11.768025410330626,5550.449170539983
13715,5544.295845689861,5548.1660285792905,12.015543731055274,5552.954515053301
15943,5546.480188130932,5550.245177624073,11.186384382957065,5555.30411025735
16955,5574.591484527742,5578.171484926132,12.932215866371536,5626.5086393471565
17082,5596.834817924472,5600.297068999594,12.197917503626352,5629.5558090956265
17046,5627.8369528163685,5632.03234928035,11.230710100229597,5637.107624448259
17147,5630.697163280616,5634.331796256695,13.614160276273576,5638.860065035126
16961,5632.587838101752,5636.481176894577,10.507341793937089,5641.800759580775
17202,5641.506724040572,5644.494092645315,14.435687851964522,5648.458015215766
17239,5686.947086438722,5690.280205461598,12.333921931717372,5719.511729583133
17089,5705.564895049268,5709.27108631085,11.043698352561425,5724.334474731122
17076,5720.931185574898,5724.584256806009,12.102397731535234,5729.4161273332575
16934,5725.2375026354985,5728.47343731636,12.664379653977186,5732.866606056385
17219,5778.805619184938,5782.525209529703,10.65400924999446,5806.422621883343
17164,5782.17400474904,5785.0851986624,13.131763174281415,5809.193863997948
17613,5808.529651661052,5812.173740054439,13.59066064637354,5816.290325562442
17005,5810.718258523172,5814.199275219411,13.583051797514372,5818.514875949004
17566,5816.2753736961195,5819.431754280943,13.726078325910436,5823.888851621988
17611,5818.397260922782,5821.435129108248,13.313498021872084,5825.703359848998
17017,5826.007376124367,5829.466488228172,12.308343768753371,5834.113705547923
17119,5845.076809616082,5847.575992110639,16.78916635820127,5896.517604068229
17056,5867.998614460826,5871.229691914131,13.01078838967648,5899.169118270577
16992,5898.418547736684,5902.239584002935,12.883825967816277,5906.5276542373895
17160,5906.055421722409,5910.166266518182,14.495467246297157,5914.20829954719
17525,5933.080988840442,5936.265484876555,12.954525208516165,5986.497666987066
17246,5958.14865930026,5962.173040111531,10.565387603773749,5989.150343611153
17554,5993.982914906189,5998.181488685852,10.941980752821332,6003.264355549111
16958,5999.179037524757,6003.237091816164,12.003736304529761,6008.1277111431045
16948,6025.181945740572,6028.400700963464,13.633653394286199,6076.414936346123
17085,6033.805290977792,6037.518553058296,11.578073829932901,6079.316877551098
16661,6045.435643517021,6048.307508909663,15.09667737607133,6081.636111718234
17172,6078.386926152039,6082.053343032783,12.852788805168476,6086.679434571492
16953,6088.115529089553,6091.551841537902,12.045581831913944,6096.380844169149
16682,6168.0761468911605,6172.096559559498,11.09717047713099,6177.279244262038
17033,6173.068115045631,6176.461570880477,13.170403641719872,6181.0431067856725
17213,6213.536449403972,6217.377661132222,12.080220752410964,6256.353241161334
17135,6229.460194045913,6232.386655338782,13.799687625128707,6259.011835386964
18437,6260.975553730155,6264.57646287173,12.119281402834968,6269.512140944265
16951,6263.174784372996,6266.562048942349,12.396627843900054,6271.3917973877005
17097,6348.492099173505,6352.246895770821,13.521754500430179,6356.458306141037
17025,6372.023960649727,6375.591122831309,12.391150781191309,6380.303311243292
16973,6373.93548807363,6377.325349725535,12.944341409297502,6382.101791006253
16975,6453.024150810729,6456.579098605337,14.6143684583992,6460.457882797997
17100,6467.69987103986,6471.038720344211,12.832836284633075,6526.323316270996
17113,6528.824093170174,6532.568672490883,14.263600978094187,6536.73902636458
17541,6537.1549841550095,6540.00720053233,14.473006989394586,6543.96131256741
17748,6541.741235643064,6546.006685217807,10.06953521117626,6551.6569897282025
17535,6549.537957452083,6553.428296313788,12.715918729691714,6558.042300083542
17069,6562.134081657707,6565.027961146501,13.58635775293043,6619.180703930384
17157,6589.268070040424,6592.573092740528,12.724876701627995,6621.641257122107
21376,6623.020136861645,6626.081813704249,15.605871508585219,6629.811444443338
21348,6626.829272600431,6630.458739152904,11.084732365278418,6635.516461284824
17128,6630.561079252057,6634.040081819714,11.119751892303665,6639.0334569047845
17112,6638.676551331336,6642.446927662517,10.876680372532299,6647.545332942696
17560,6651.318820531921,6656.220765252854,8.991788961315388,6706.572552338195
17019,6653.34679084907,6658.319489825025,8.294734381852734,6709.224401770724
17165,6676.604274464757,6680.139105504724,11.978062000600149,6711.416264085385
17131,6684.469404188899,6688.20996626215,10.837426608398596,6713.446379762542
17092,6728.266602688712,6731.592096679377,12.548870584050782,6736.168308225044
17562,6738.484909952202,6742.117326990418,10.923337119341154,6796.612561130323
17091,6772.607812384656,6776.19477003488,11.115558903161073,6799.638744397508
17544,6800.6558230632845,6804.33913340109,12.012153587278503,6809.203926904977
17053,6802.61453427015,6806.160578194893,11.435980721532463,6811.171149624478
17593,6808.718140702698,6812.53940779458,10.965066155972078,6817.615991411803
17224,6810.575286208836,6814.407997967094,11.294171453967104,6819.502839393827
16589,6813.630016956827,6817.246645149355,11.793703829941654,6822.24046423556
17125,6843.6780279990335,6847.516811634348,11.393524402062146,6886.911143088771
17042,6870.282975777743,6874.061686661532,11.615300408792399,6889.655147043906
16946,6891.026572895623,6894.411635436874,14.102179717364251,6898.4589515921
17731,6892.956119870138,6896.437428932991,13.381682313797251,6900.97526283743
19892,6904.507414794752,6907.475697910555,14.103903012958746,6911.787970682855
17518,6913.736106003906,6917.136581918962,12.009107923323393,6921.818310848663
17592,7078.675331711216,7081.57273528266,14.902708856471424,7085.511171935323
17578,7083.45348039426,7087.1013485492795,12.999454679128004,7091.606324442747
17545,7085.53298514975,7089.487273543526,11.28478795248353,7094.716406448742
17563,7087.80486285596,7091.4945279066815,11.868014143757097,7096.629023077592
17177,7160.773613694896,7164.453193464719,14.231350833542274,7168.520160660429
17231,7164.713943000103,7168.127399722686,11.955994724110372,7172.818230462345
17145,7168.846319019168,7172.239292272836,12.275944682975243,7176.832173968008
17192,7173.2155784533625,7177.310779602734,14.539204224947667,7181.461168485607
17054,7185.088279444064,7189.032460813246,13.541151582866489,7193.376124809963
17103,7191.659540105598,7196.001457806198,11.795333389848091,7246.621723566246
17094,7205.310701035794,7208.4498885116145,15.103488300202413,7249.452652812526
21393,7437.164692605653,7441.427637502267,9.682388702409865,7447.13877356139
21402,7439.334872024066,7443.417241929565,9.882094272178257,7448.976570748144
21349,7441.395365001565,7445.398506860069,9.953987051355389,7450.834347733475
