4714,95.90854148068436,105.2521373660412,12.910347524360136,136.1766802817452
4780,124.49373918382382,133.30766148985532,12.852985876888278,142.4849847779546
4730,187.4177148962649,197.25064506291864,12.48710863481766,226.4467618439866
4706,191.30841441108763,199.5028824486144,13.471398040811609,229.3052935854468
5490,202.46033562604262,211.26547568972887,13.815727289367802,232.09150715591593
3209,206.08009862024295,214.52272446346763,13.763285725561426,234.64426040822687
5425,207.73683397471106,216.24972300763966,13.849995518441746,239.99632785120374
4688,250.93202488904103,260.46048522485427,12.632621327684097,316.1583116297546
4797,273.77600007250294,283.47646992053996,12.398416690221401,319.1517765308079
3136,296.2095765278053,305.5019552957387,12.660291986873487,325.43770778074855
2453,305.4412248230323,315.26041265458474,12.4483431536638,327.93254740199166
5444,379.31209154563726,388.42761821448033,13.181715635336351,409.0945379490842
5435,384.7337549175557,394.04984423241825,12.319079050268453,411.4677403416748
4767,427.7405351408151,439.34508536574316,9.916501949243896,496.4117675610709
4719,429.73862907276015,441.27434172005576,10.125379379317184,499.2715895510727
4784,431.54904553608606,443.198200842884,11.874814902137928,501.5943082879025
4751,462.6681157046567,471.467798850846,13.806244630047546,505.64951721339736
5423,470.77396545379673,479.47600715416314,14.26435188671324,507.49099707724775
5481,480.7335641021167,493.15646913791613,9.248098641844711,509.5309555440118
5431,482.8068964466493,495.11294688632483,9.026525853418645,511.3534025908823
5384,484.736871428949,497.11561248902706,9.569499238256906,513.3767373210085
3233,486.6980693799055,499.05370618887457,9.227322162871799,515.1540366452658
4720,517.5942357545756,526.2190542229919,14.419493307877666,534.8452108193103
4776,554.8595930184123,564.2553799663799,12.540976578649527,586.3078079423506
4704,588.4341968966606,599.0702452660959,12.035973951780635,609.7924405481913
4729,600.0271912037017,609.4712961498074,13.439703184506952,619.0780050218638
4690,605.8516417706738,617.4802853402782,9.960342666950607,676.3519107663054
2429,636.7875803884085,646.5941072452108,13.299484612270689,679.1254531758331
4786,646.4102868669837,655.2698186338556,13.46694351333547,683.3379267345205
3170,663.0605181156631,673.3925250435076,10.580010265716455,689.585608343108
3075,664.9716550841785,675.2526947004308,12.252345985033266,691.3900996195413
4629,688.1898389325144,698.2928737314476,12.041817643023167,708.8455097116819
4701,690.1120417277061,700.0711933236763,11.67021039068325,710.5304317146646
4653,701.3006380360837,710.2866185874597,12.616050020507782,766.4493069442183
1795,733.5781365654232,744.4997594165656,10.277117310653724,775.8313902540439
2508,735.5001008954483,746.3301636962941,11.733998395259164,779.5071464568381
5496,748.6721867280055,759.5163401695685,11.371025241663414,781.8452407438978
5383,757.1842699173143,765.6203876495402,13.353275033450101,783.9647784659056
4791,774.577326484436,783.3700723048045,13.359834736490107,792.3101859834052
5427,813.9712270661711,823.2262031558441,13.351481458486186,856.4843654507555
4705,821.2291914602457,830.4231517570054,13.662760963025033,859.3610084347828
4771,823.6617995938738,833.0611863953659,13.732336848552483,861.6684695127249
4763,829.207075837778,838.1226882225566,13.794994495683364,865.6514385444708
4712,834.5179895283444,846.4319271335498,10.134476249896643,867.8940437269795
4758,868.5993319832972,879.3585696019888,11.632987967379616,890.1839821057596
2520,909.8564333651184,919.4976422410509,13.49355976622936,949.0951492823372
5386,933.8083966445124,944.2261398001332,11.95380674061595,956.4646662509255
1765,972.1443271572418,979.6396212376154,15.366775151087236,1036.1440610054246
4787,1003.2644833173301,1013.5632102672479,12.569933767221837,1049.336496536249
4645,1042.9299506444327,1052.0548629691887,14.030564419746016,1061.1605859198305
1111,1049.1160694882783,1059.3513793908146,11.7371570369031,1069.7185980614001
5389,1097.521625306436,1107.1479903611023,12.575968039612828,1131.0001961463258
4624,1133.9393298473867,1144.042890414888,12.612417913742433,1153.6141228665622
3181,1136.7403221316822,1146.590213033909,13.086478178333053,1155.787653574278
4740,1138.9142636649512,1148.4136920273515,13.77494205714269,1157.5499488668204
2503,1141.5758808846977,1152.2185435023523,11.303743139921046,1162.5279641711177
2463,1148.258403481047,1157.402295044879,13.51765074999031,1217.5480923182758
4615,1150.3545830104454,1159.1168162597523,12.922221860530929,1220.547095598265
4765,1157.7869618514003,1168.1191075384847,12.098302764412107,1226.2293281118177
4695,1177.8509080290737,1187.4287774649747,12.475369258111114,1232.2628834135567
1798,1195.4830820436766,1205.1458994830925,11.914885398951988,1234.33536768401
5422,1199.9375104740157,1211.2203518804795,10.145644736271834,1236.3049303678833
4707,1235.4742154455137,1245.3173059982894,11.272852329849268,1255.5915795477392
1786,1267.5198335725495,1277.1303667478464,12.84992135587248,1307.4181315492322
4721,1279.685519043715,1288.2740962884666,13.566600511265193,1317.1270756117808
4614,1312.79642689345,1322.272009594462,12.727595893881954,1331.922555831633
5424,1355.9243892680565,1367.4573195374794,10.034201507097004,1398.5811654931065
5395,1369.974785325449,1381.2557473296301,10.63808840416332,1401.1237873325615
5469,1371.8386372202592,1383.106445584526,10.647714885010826,1403.0722254742234
4647,1429.2528823295975,1437.5937524723117,14.362350805299814,1486.114657413502
5406,1443.5834757023824,1453.204089238655,13.716402536500748,1488.8561082814842
3192,1465.9597689668867,1476.2041204614204,11.515422513343918,1499.3572758119599
5433,1469.054225626383,1481.2015531035577,9.683294395719255,1501.6545048862806
5479,1471.0501362894765,1483.2232694105237,9.949861084934545,1503.5205591112315
5416,1473.0432756770995,1485.2286215004344,10.296981758181838,1505.352411295277
5430,1475.162985767978,1487.2018826635363,9.22559336635225,1507.2539850584878
5409,1477.213702013854,1489.2340735844646,9.748037249826812,1509.1228147249544
4761,1533.9685907235564,1544.1850181026648,12.323889594854778,1586.198257941444
4742,1540.2483091899048,1550.256820525634,12.191626819395937,1589.1417638913629
5459,1562.6328466959246,1573.4852182722077,11.896311389212613,1595.535616505649
4741,1609.0495713350035,1619.2076536205404,11.623886118506421,1666.120472343442
4711,1673.996097956092,1686.1112489246884,10.45001244135257,1698.639341590586
4710,1705.2310137348345,1714.09146915337,14.17934169908141,1756.131728168475
4756,1713.8414244924872,1724.3815828325653,12.066521507909643,1758.8053423846113
5471,1715.9023380976776,1726.1329762801427,11.084568853869314,1761.228874600889
5400,1718.2048075071457,1728.023170170173,11.28791173945866,1763.1989010183427
4770,1723.8855455087491,1733.5651794107523,12.659838806495378,1769.43293484494
4816,1725.6872888614907,1735.424409476807,11.351792680180887,1771.3844724133228
5450,1742.2079650501587,1751.503530780263,12.960698918356224,1773.130112190749
5478,1744.7930394395319,1755.0723521330199,11.373453962823943,1775.2016199357745
5463,1747.0091942887686,1757.3987840455272,11.941316833816034,1777.1782775857735
2471,1803.3163456066127,1813.2407367251592,12.266741018675873,1846.1631081032313
5385,1822.9573293396847,1832.150517421948,12.721370071609126,1853.2716326253826
5411,1830.3755481765747,1840.0155619935422,10.785307545685017,1857.585358232159
5452,1837.0085675267153,1846.2418297667007,12.577105457482912,1859.4417566257325
4810,1906.5091521642785,1915.3556701320088,13.32319276868219,1937.5681973723483
5441,1917.7403042271717,1926.5170807974455,13.720262658053322,1945.4120889798487
3227,1942.7156655774186,1952.1390134339333,13.663199825052963,1961.0539932247345
10258,1950.7041317763371,1960.3837309992878,12.913039900080443,1969.6945029108806
10118,1952.9266065343259,1963.4704137065396,11.323743850216744,1974.3017865406093
1081,1957.956603955015,1968.0435061011694,12.601044571781179,2029.5766027255222
2468,1963.93068405503,1973.562604923611,12.7024303060551,2036.5854863370498
10273,1966.4948677461678,1976.4569214718435,11.88815002182257,2039.9793499092252
3171,2037.8782425986358,2049.196573963854,10.98460380861211,2060.7627777650464
10272,2084.5899690098636,2097.088130890204,9.528605029052303,2121.836657479174
10247,2118.9814763876966,2127.504036865372,15.91954031438064,2135.3882030260124
1048,2121.2123281429617,2130.5731956279305,13.666172758815929,2139.754292822039
2528,2172.224870162023,2183.1691306282382,11.189144381032792,2208.828226067439
10228,2174.3842975181906,2185.0906794652615,11.21226931027343,2211.1468495527993
10209,2180.044963850245,2190.56610928683,12.247110016951709,2217.3920408286995
10227,2181.9906265091836,2192.378120435008,10.940547546179086,2219.2280442890265
9715,2183.9897324741637,2194.234833404764,12.03585483717986,2220.9210156662025
3206,2187.163399107103,2196.1552164865025,9.311774997282992,2222.543881057361
10920,2191.0118437790857,2201.0038861839967,12.442405262646998,2226.657557737651
10235,2255.537853949325,2266.219670804839,11.356492975259693,2296.346252854102
10223,2257.553727345162,2268.101632215247,10.510258672670417,2299.5875999260916
10263,2259.457756296628,2270.018836655112,11.95232935383159,2302.156047398026
10925,2277.8893152862092,2289.398133625936,10.597233877191714,2314.0811518611736
10981,2279.8519827356536,2291.3442393494197,10.20018463259008,2315.879919736077
10886,2281.6687942795866,2293.2827606000765,10.685488110107581,2317.5816918108335
10956,2283.567290024235,2295.176553148667,10.479677950744877,2319.34473062842
3232,2285.554994648712,2297.0599676978545,10.260084660579725,2321.123547722838
10286,2343.5658003200215,2353.223970453609,12.362813700276194,2386.212983911873
10237,2361.20712136695,2369.5765027620005,14.121960762916725,2393.1649156206095
10954,2364.0015527086393,2373.1086051957477,12.988554713273162,2395.128545087516
5410,2370.994828926035,2382.5281647366864,10.643928281243074,2399.4373269262837
10946,2372.852040079666,2384.456889771742,10.991837807665567,2401.307610680725
10961,2374.9687135767304,2386.3674349200555,10.736835333225386,2403.101841143295
10979,2376.9348786119153,2388.21980481202,11.1633072883939,2404.900871327237
10957,2378.85987976592,2390.109954724197,12.067550365562814,2406.7373011833024
10193,2433.5031766851293,2442.034403185563,14.641608117858352,2476.2570718260054
10253,2461.908861139905,2470.151755573038,14.929374250727001,2483.9367281053655
10180,2466.156347275024,2476.1272969054653,12.347242967916824,2486.5186496935926
10299,2501.1507019124006,2510.586837832598,12.225462387573035,2566.3523755848523
10279,2525.8499411472626,2536.5050705438484,12.701929125943709,2571.76967552391
10890,2542.20849155535,2552.1184734393123,12.098677571962588,2573.9388203875405
10197,2574.6191022906546,2584.4969628342237,12.211861405155073,2595.3640590366413
10107,2602.687557543309,2613.3801578590437,10.898219581132572,2661.3599693605543
8715,2631.1470573513084,2639.402678026172,14.83164603212242,2663.9101066131016
10888,2638.422230428347,2649.224917431603,11.08190305937995,2667.71563728869
5445,2641.7180271326392,2651.161131362266,11.293535140224112,2669.662128545434
5434,2647.3439448445474,2657.117162665802,12.339110942848636,2671.5223538717423
10244,2681.9207731960314,2691.161259861584,14.488723928068243,2746.372355902394
8641,2708.1220279790996,2719.4553671455365,10.370762582973837,2751.816227521733
8662,2710.043503687322,2721.2640804748307,9.986368064935538,2754.1087770168992
10241,2712.04803142682,2723.213409238033,10.278798939937973,2756.0358347347164
10298,2714.1832382869216,2726.444908619701,10.272872310260219,2758.005125554733
10156,2716.2212221333075,2728.4220159110814,9.575721973336249,2759.989596359886
8710,2724.640031191761,2733.1064341719593,12.015719721645064,2763.549159203522
10177,2751.107617807093,2761.2552362613087,10.925274285759375,2771.7637661200392
10112,2782.604828463445,2792.2026610766447,11.783169240282795,2838.732034203204
10239,2784.3486411943672,2794.0114839200946,12.802125877462347,2840.9402466092683
10224,2798.107924945773,2807.4683466489573,13.28567346880844,2842.8337757948375
10922,2814.5689003980374,2825.2088557752854,10.980347351383267,2846.6920655484123
10159,2848.903937942171,2858.211495818315,13.666299178190586,2867.0263005332527
10147,2852.600737154358,2861.586264702611,13.208400128347158,2871.0759761254894
10106,2856.222631095178,2866.210879208892,12.425826930179136,2926.122635976925
10173,2858.455781273167,2870.071093170353,9.970051828879518,2928.6926859308383
10130,2861.617715230155,2872.0347631625855,10.452455828683972,2931.032702308815
10295,2871.0283419591783,2880.530942016182,12.454274373737986,2935.080841750733
10308,2883.641515468248,2893.3821113521703,12.486633338748067,2937.0044957152045
10928,2899.507730109081,2907.4974214098247,14.410454876691247,2938.7916416145317
10944,2901.6122939960046,2911.0055382981654,12.990374702906403,2940.661295272116
10882,2910.553239752097,2921.158344593393,10.992742334779598,2944.8208559998707
10952,2989.363304381089,2999.2603085411324,11.551974477758543,3019.4624956183634
10245,3064.0840575877537,3073.3120424133576,14.114676079052915,3106.2956813036326
10311,3080.5594781408026,3092.143550779704,10.632437785069921,3111.323519056475
10933,3085.735072634324,3096.458272188887,10.670017008527557,3113.719717643724
10960,3087.5867918984286,3098.339672083948,11.631699728578004,3115.928502240305
10924,3091.700212113873,3102.408058552845,10.140882425264635,3120.2394226783067
10270,3125.987867807647,3135.4098415505055,12.435684514663436,3145.2736037274644
10205,3153.6980627484822,3164.2189153181703,12.033716611236677,3196.211171289345
10211,3159.931138505599,3169.272538192022,13.159874405108607,3200.9487689372936
10940,3172.450465058594,3181.173022119555,13.635090316310274,3202.9636493055364
8721,3189.317907742091,3199.1815697103393,12.068978172461556,3209.5635737130838
10220,3198.376037456967,3208.3767296969545,12.112335403006146,3218.678062046153
10122,3226.7618066155533,3236.353877673105,12.326786626071648,3286.4284799331012
8606,3243.667397281058,3254.042265702041,11.693434457106836,3289.2200529414326
8580,3245.832338744874,3256.386002727472,11.737400461123366,3291.4179354985545
8699,3247.763289885721,3258.2234273927384,11.564822361936097,3293.518023577243
8645,3249.8396114105226,3260.0720659145445,11.601386418004726,3295.257849090687
10266,3253.5471780635808,3262.4583084464903,12.970469921933695,3297.068103533504
7999,3255.4074765961736,3264.2481790490674,12.890900705694664,3298.8843942777494
7253,3259.0209298854897,3268.26155987293,12.999397952503202,3301.126936938547
10879,3333.8555591400996,3344.1974906426576,11.77915578751596,3376.131035800021
10926,3335.980533936877,3346.025279853803,12.00322926116482,3378.896725450243
10233,3344.5441275725093,3354.113488340482,13.168174713284547,3382.9837606329884
7246,3346.6284602373394,3358.184861696508,10.67975268088305,3385.1323394058386
10212,3348.497770295234,3360.0164389984543,10.017285956798714,3386.887834854321
10936,3423.4770406950497,3433.4818406352497,11.57269862001004,3466.1297306676142
10250,3431.802424604766,3442.061086502443,11.982439973991948,3471.1109004588184
7988,3439.0939306430882,3449.0671213007436,11.772103764912034,3473.3794627981674
7974,3442.9248926347773,3451.1096410574605,13.280058480443376,3475.4626459650394
10910,3513.470250512208,3525.3734410614493,9.63979935232912,3556.2380239702297
10989,3515.623706460779,3527.4021575003376,10.172335886446238,3558.8986321392135
10232,3519.707384619098,3531.1390267843835,10.23405967207621,3561.0434472606153
10240,3525.457325762287,3535.216518345967,12.702013764171234,3563.6036069763663
8661,3532.7358907593243,3546.2511820473474,9.042641645352344,3565.782626026601
10264,3534.7557165240733,3548.3456753326127,9.186101113025352,3567.74988921026
10249,3606.1002863645217,3618.2946961905727,9.753299856246084,3646.2614632344953
10254,3607.9575995470314,3620.262110019943,9.809163868977349,3649.0563119144676
10268,3616.487124987884,3625.0078936360655,13.12815835335836,3651.2517660514945
15655,3653.9739068105673,3664.3882938389243,12.029585125448792,3674.4356797133114
15755,3659.663074895075,3667.4957221004047,15.409826072656934,3676.2942110373087
10207,3693.6077269357356,3704.10235047412,11.246119476641496,3736.334398940148
10111,3695.8776910025044,3706.5146016710632,10.704747019038091,3738.9527304403855
10188,3697.863507099442,3708.339887772741,10.800152101987711,3741.5542891786718
15746,3708.364666343558,3718.4010421666812,11.372555046959944,3745.551393408402
15796,3740.769386352296,3750.0173964098176,13.113387480951292,3759.2937481375225
15646,3755.4139380976976,3765.1227205702544,12.28945558077205,3774.8057521417168
16497,3802.1315657632836,3813.4702361111017,10.019325848595177,3830.3067358036647
10938,3804.093578318904,3815.444257807732,10.620395161875205,3832.885773712883
8756,3812.613674553181,3822.1132872465528,13.231744989331355,3837.1288728981185
16438,3893.0641711280086,3904.5374515908766,10.935700291103576,3917.6568749850812
16393,3902.4041049550337,3913.386894106656,10.594457315489247,3924.823953081448
15654,3943.229441949793,3953.3617823704226,11.638692577433815,4006.341356653702
15720,3986.7630401942474,3996.166927882585,12.66994373076421,4013.9628277731863
15728,3990.461517147594,4001.3852656075155,10.262016864689429,4016.4956309529593
8660,3992.3843195527693,4003.2555528857924,11.034028448219232,4018.7547474269836
16394,3994.1054636223535,4005.1793613517716,10.020730566055699,4020.752502511352
8762,4056.101409908412,4065.419109671753,13.107580195777881,4098.902838698368
15696,4064.420776041391,4074.1560081398725,11.788834593227463,4101.398864588032
15700,4067.763102850377,4077.2112870410883,12.00935158079709,4103.409542955106
16463,4073.850692837668,4083.3317281323925,12.036687847229551,4105.41084170293
16398,4075.6123972363575,4085.0832411814918,10.857575772572368,4107.666527775538
15767,4088.150273713842,4097.440778610718,12.863580614582196,4111.146510115725
15652,4122.096261299954,4132.152880688954,11.206595796508925,4186.148392509597
15766,4130.995732555074,4139.470192789911,14.37485367153645,4188.852224373596
8587,4143.311304250385,4152.610087655047,13.806487976605968,4191.367732319374
8593,4145.558291091846,4154.39113197115,12.86900349230127,4193.583305374725
16428,4171.872594551975,4180.141759134298,14.01599567813923,4195.4366566507415
15719,4194.449229628448,4203.594578823816,13.721667259721595,4212.493625917355
15701,4200.498552254884,4212.198965145895,9.729383484791773,4224.461110991924
15615,4233.781789790024,4244.247972751343,11.405608073989606,4276.373237570231
15757,4256.360325714972,4265.580320066925,12.680636241445669,4281.562038214034
15667,4309.2811581633305,4318.462079717187,13.956921011433957,4366.1432258297
15619,4312.856103123304,4322.134635227799,13.31407171608002,4369.00478616872
16434,4323.487577260443,4332.255508293337,15.287112224876346,4371.113187517745
15761,4328.122324163321,4336.605913752729,14.263640875842759,4375.5600794597385
13482,4367.956510915682,4377.587996283309,13.317284195176263,4386.735636327815
15680,4377.067572564406,4387.40695955237,11.67458321429156,4397.4950213887505
12764,4378.939696969931,4389.244308053004,11.026487567355073,4399.085923335495
15772,4395.464854660009,4403.0409692335,15.864414868756693,4456.532588675216
16430,4417.92614003969,4427.420734094156,12.156215791463218,4461.853062358217
16389,4429.907765749734,4441.255542947635,9.83886010932509,4466.109668589876
8712,4431.788952161387,4443.284072270826,10.906683740549882,4468.3629969229905
15785,4435.250517585824,4445.318960719074,10.535249392455556,4470.269141371296
15730,4464.101528793046,4475.285837705009,11.034322400780475,4486.387922388532
12019,4473.285456462282,4482.4559005361425,12.319555826766592,4491.950432067721
15771,4503.829062677708,4514.417273564354,11.08427110385893,4546.232275181875
16379,4508.682489408667,4518.397093675622,11.967896639070364,4549.09510014007
16413,4510.488464422898,4520.1627874682945,11.512031530200563,4551.498941328835
16395,4512.218091852993,4522.050828077135,12.587660897921468,4553.569128377676
15726,4516.571216566069,4525.383481375451,15.250866366365294,4555.743664461617
15806,4607.708415987679,4617.198920751807,13.054953930502142,4648.243073324874
8702,4617.144339873757,4625.072522541508,14.510194046853567,4650.119112111861
10914,4622.641782701131,4634.271461931476,10.561405820832851,4652.063131623509
16422,4626.77576596262,4636.329076824344,10.807484223385359,4654.042413702486
16409,4628.4772105915345,4638.14526046627,10.73699694695647,4656.178529419611
8616,4699.892174939629,4709.547707091265,12.11084293020824,4731.657880189807
8698,4701.782138347601,4711.415426969404,12.751577649238937,4734.0402702218935
16449,4705.155434141714,4715.029164199352,12.568089001871153,4737.5539150633795
8679,4719.318523205161,4729.16880421988,11.440043184866905,4742.182267849937
15687,4734.098674370925,4743.180508510475,13.553221587916518,4752.083734355159
15742,4750.703026087465,4760.236448840934,12.926587759647912,4816.358597356341
8657,4787.656984959998,4797.493524685604,12.355613840624034,4819.215844122143
16482,4795.493254174847,4805.404125044805,12.124880918404651,4825.4056993658805
15695,4820.879944052642,4831.333976214171,12.188828733407632,4841.902918853092
15734,4830.925815752068,4839.496493335365,13.316921466325697,4848.290548143386
13394,4867.587797535227,4877.108120093793,12.40858716134406,4911.169322941041
15737,4869.342203804411,4879.243715350867,11.804129126123295,4913.404907507984
15705,4873.589133759062,4881.599533006927,13.346854778763998,4915.446735645758
8673,4879.421741053202,4890.1499959134035,11.220048805385309,4917.325808477672
16385,4882.904850264729,4892.535847728967,12.370479641069043,4919.190189439681
16496,4973.642865074205,4986.12263732148,9.28347992816036,4999.781467433117
16408,4977.447418563945,4988.225702629903,8.503407312130992,5004.104416895224
16457,4979.285268627298,4990.2934159601655,8.566268296247323,5006.56876895294
16390,4981.144126532257,4992.392657524745,10.703583819402677,5008.569681028896
16473,4982.907744524259,4994.348065507068,10.30586966892717,5010.530591254132
16454,4984.98484985209,4996.241099174541,10.118076312419813,5012.510266899482
16381,4986.8159438258745,4998.13309900347,8.745029488920556,5014.320796560872
15802,5007.853254846777,5020.415829855685,9.28025668104612,5033.150385362167
16421,5043.5051621007315,5054.483202977033,10.824446128527162,5086.272506777608
15702,5047.341766328031,5057.205015781278,11.540481135235074,5089.248180421353
16396,5057.576525293727,5067.084797568804,12.090292723615361,5095.781437710567
16403,5062.513060316997,5071.424261441219,13.825710420994398,5099.446832513647
14118,5065.617937688149,5075.363161686285,11.62630136034547,5101.1930886078935
14246,5071.679716499047,5080.085061132254,14.259346635628487,5103.022227985565
14137,5073.4140267734365,5082.0203008994995,13.657157082575264,5104.798502507042
16436,5161.248848264893,5174.360695192881,9.405458483268092,5193.3681182631735
16441,5163.21235943296,5176.40255645724,8.99547422770593,5195.436980663793
16405,5165.296498316882,5178.453488832139,10.073658920980447,5197.492302863211
15723,5227.590459622115,5237.41296276404,12.584426325279725,5266.11352147592
15741,5229.49367448733,5239.225916723853,11.861144079041486,5269.080147944283
13534,5256.183473818123,5266.278998702432,12.144791919865245,5277.010318464399
15711,5275.888744890055,5284.580018777498,15.452964811982891,5292.805635237542
15750,5292.1195943348575,5302.445696589123,11.739110392808627,5356.328925602259
15735,5298.069753143636,5305.60948985004,16.000330263813673,5359.2427419188625
15744,5313.9207506527655,5323.405166731946,13.410845427707606,5361.573936561325
15679,5411.07718891135,5421.4990337346835,11.76554907175627,5446.214154347464
16402,5425.96991674081,5436.420591234561,10.573674432784562,5453.278239570495
15691,5438.471273413456,5447.363393871991,12.894899136956683,5456.788269532341
15760,5462.476299308195,5471.335173038597,14.531521755637739,5479.403041778852
21215,5469.73442105493,5479.342660336027,13.605772643702558,5626.466269381029
21219,5479.871300685531,5491.512652605364,11.26471902096148,5629.232764064475
21235,5484.807643437047,5494.257293002948,13.020916381196963,5631.557189056632
21303,5497.9580950463005,5509.21309304995,10.785532525559129,5633.856141394482
15754,5510.425894429994,5520.502540899501,12.294428151277593,5635.713502871467
15722,5512.287076968645,5522.392375437785,11.187042730072251,5637.527813546761
14233,5514.127086709803,5524.230470135932,11.744534421116246,5639.363480164126
14201,5515.866157889741,5526.000063694413,11.463121084398589,5641.313655112877
21217,5550.478385667368,5559.2482509096435,13.363745187440246,5648.892924791867
14147,5583.692410776117,5594.283939906552,11.62567037484952,5650.976146711276
21910,5587.746598988103,5596.341446595685,11.342767336354733,5652.641809038595
21932,5606.377106566105,5617.044882216138,5.772241743995711,5656.437409682163
21234,5675.781674473993,5684.31125285437,13.85343540289503,5716.512720851896
12634,5720.450064364601,5730.5607076870465,12.674635875611518,5740.697537650538
21922,5784.022077003995,5793.495913513872,12.403588094569463,5811.463268286709
14099,5790.767901038158,5800.4841169711335,12.831927694364754,5815.939718291426
13530,5857.704009657265,5867.134916238547,12.177144289637386,5896.299128920143
21205,5861.483660416196,5870.535324166786,13.573809127200931,5899.300729515305
16476,5883.6242771207935,5892.607045091205,13.63041109034993,5905.626785705614
16411,5885.3208841715,5894.3804076902725,13.636992999948895,5907.451165772852
16418,5889.901354519138,5900.357417047645,12.714593240796175,5910.338700764141
21211,5902.82977668834,5911.508000994304,13.69176814169607,5920.5256676971985
21115,5906.819405479764,5916.394036163578,12.539897054379269,5926.398440939536
21136,5910.812996114363,5922.219649668006,10.515503605432095,5933.791154543053
21997,5943.891211868423,5953.482291655848,13.494087526863904,5986.720085463858
21878,5946.04884439672,5955.217590536294,13.619855281855752,5991.735295447358
21242,5975.95392900025,5986.011660727604,12.500214795371164,5999.218715360329
21208,6002.030115757303,6013.347342792068,9.720312563381977,6025.209090037955
21128,6005.301188020295,6015.413330609527,9.73309225860644,6076.163564958875
14216,6046.631663409269,6055.501957334612,13.460615717204803,6085.541765652765
21988,6048.797363682239,6057.441325275397,13.960720152780645,6093.168007059148
21884,6050.8027961202815,6059.18361008084,14.236380117591784,6096.33698284779
21941,6052.541915508149,6061.045250761039,14.552535765518813,6098.7905798294405
21980,6054.545994575043,6064.470968103565,12.566920925368494,6101.026304775837
14219,6056.32808272109,6066.232789663544,11.024806977790673,6103.063481025728
21244,6058.685320536331,6070.177474165281,10.648054297687938,6105.066046980705
21158,6060.619486490558,6072.052559058702,9.998776454871336,6106.981018436356
21899,6064.402675641373,6075.015476606169,11.031280452847728,6108.914943716076
18842,6125.890080269727,6136.50920744676,11.886810719080392,6169.462854167613
21246,6159.354231152647,6170.489498110092,10.607803981413259,6259.187556262145
21247,6173.195625765598,6182.5375408771615,12.472512104946752,6261.527374613651
21141,6175.376854787654,6185.277714657562,12.131712909034489,6263.761851348159
18848,6213.480887102793,6224.365191583761,10.423537469856742,6265.65990533576
18843,6221.29217082089,6231.555894602158,11.400235131999985,6271.956947923151
21195,6227.906699902708,6238.507196821579,11.677292537910558,6273.688940621481
18973,6233.884140884935,6242.4235538079265,13.316170630424626,6275.576954812598
18960,6235.700430368511,6245.428274156187,12.102581504108802,6277.628914502501
21212,6282.957389364313,6291.215872416301,14.230262206430115,6346.347977901189
21880,6303.62900248595,6313.535057498669,11.701301231207589,6349.199471044681
14146,6305.640709884909,6315.392553907885,12.844293720735582,6352.254803535018
21263,6310.2564714860355,6318.246948253744,15.043542844346245,6356.847918477962
21160,6321.292034896219,6331.449492571503,11.682505868042126,6364.216149896944
21203,6323.13559024361,6333.210748276277,11.538634507579303,6366.223089097877
21218,6384.733281615642,6394.034884818298,12.646565178113136,6436.530990340171
21269,6412.772443860032,6422.361811981825,12.672663385639966,6449.8271414253895
21240,6414.559742825137,6424.090265380727,11.808970503634892,6452.5232459452145
18844,6420.010219979935,6431.10647216827,10.368693255596334,6454.896279685609
19002,6424.914501299975,6435.377434416788,11.745009982201342,6456.857156212611
18251,6427.051746215428,6437.1833523455825,12.806957631152308,6459.779445591458
21268,6448.881206783052,6458.118680212794,13.021594571874518,6470.732283784765
21898,6489.0594147068205,6499.559866809214,11.425772705517891,6526.353256087477
21230,6495.432602474646,6506.049856616469,11.045154041031115,6531.104078349393
19596,6534.191931654266,6542.384686913939,15.458653836150093,6550.6025444025045
21959,6575.583771778499,6585.444808499595,12.142606003332263,6619.067962039681
21962,6577.578118585404,6587.228644378747,11.93838369851746,6621.330737617732
21918,6579.46474122254,6589.031213291673,12.095850470141805,6623.294662106978
21190,6587.704282423735,6598.360165249673,10.569705589963615,6627.7700457432275
18863,6596.799896814502,6605.397622050846,13.319374422831205,6629.628965390987
17565,6646.719763999481,6656.248302400915,12.600538364638224,6711.139084964818
21149,6674.255430431508,6682.5295278216345,14.086953169619285,6720.407774656468
21264,6676.192958931819,6686.330312979893,11.435609094804894,6722.312281694517
21252,6686.866669913387,6696.301429605675,12.364515841394223,6724.174737769262
21159,6688.966661676345,6698.225854691501,12.69348946586196,6725.797779754277
21909,6691.3102425645375,6703.398960020009,10.017338039570093,6728.8771148611
21227,6744.15494381911,6753.527709684338,12.889620341169612,6796.103783749866
21262,6756.333148593565,6767.440457769936,11.387991919021863,6798.576835671832
18183,6767.704271202498,6776.0936537009875,13.577315627069165,6800.832454040009
21129,6802.60279436746,6815.38011845282,8.934978825074936,6828.399174983385
21189,6817.805935660087,6829.381657448838,9.955372809964347,6886.425636852576
18245,6861.308507472017,6871.063007602171,12.204159460672086,6895.392233093476
18895,6865.315759011974,6873.39520300567,13.917460041691553,6897.304750938983
21261,6868.4415457539935,6877.091328821144,14.145724680846099,6899.202713061653
21897,6876.161063831268,6885.308923091611,12.874833876570108,6901.256589673589
21934,6948.856051488876,6958.112334788031,12.993737469334246,6987.016193849883
18974,6965.131627109225,6974.479903837909,13.028177171451075,6989.722341043043
21243,6988.942606229603,7000.30911303833,10.184774914761395,7011.970798932351
21197,6992.505405645515,7004.399591601306,9.650928703544546,7066.244017900197
21210,7023.906138131607,7034.32409524374,11.222769596517704,7069.084139621038
18890,7050.765994981004,7060.440751017723,11.827994884848465,7078.006988187059
18850,7052.520562153373,7062.211453205313,12.372739830968563,7079.8868291246545
21929,7054.342645322929,7064.029502396934,11.466494655308127,7081.7025398130745
21140,7076.557558252781,7087.079159889555,12.204190928896063,7097.220991863392
21942,7113.402436065231,7124.310604938749,10.523483584704431,7159.156964666138
21851,7115.285783230149,7126.162566906277,11.031265220248985,7161.643372938977
21139,7172.22350148595,7182.466479108367,10.300517493545769,7194.511916372972
14104,7205.709832824668,7216.029007376093,11.824229261889837,7246.24688337009
18210,7207.561811649054,7219.421816120446,9.957086470354751,7248.978703538035
21248,7221.182774181407,7230.265960343281,13.128524734194338,7257.423990963094
21914,7232.814362022635,7242.187864718693,13.062215581925233,7263.878841227115
21944,7234.840644727328,7246.370727404888,9.78433533300333,7265.8559009012115
21919,7236.651858858034,7248.302668834468,9.70348502175958,7267.77925389488
21952,7238.575228253274,7250.261795798616,10.845813399366907,7269.739264538877
14238,7404.17678619247,7413.357754504622,13.468481720539296,7426.056690345259
14170,7491.746535314764,7501.245894699275,12.158150656822121,7516.168815664043
14153,7494.372935435193,7504.478173900582,11.977070907581687,7518.520373946427
18123,7520.1169868214,7530.4587895218965,12.311845293776482,7540.902887338697
21903,7579.010687595496,7588.178663409677,13.526160014179833,7606.07815437807
14212,7592.315526557253,7602.4529169398065,12.19787863742022,7617.269647957049
14214,7594.428387336443,7605.160451228678,10.543545497609564,7619.074457436537
14133,7677.950727381051,7692.007225861057,9.33788379557534,7706.291128982675
21891,7682.120787706121,7696.04931548548,8.487150925703693,7709.974811976786
18968,7753.960687444587,7765.218643470679,11.061187308381669,7792.913197570275
18241,7755.85276507317,7767.025936216959,9.806675551912676,7794.96007727484
19654,7853.280150927786,7862.501482195665,13.35973233066552,7881.910342415547
21889,7941.091092021112,7949.625307904395,13.567519550196065,7966.3103867867385
19642,8027.991045773226,8038.37764429301,11.129293020369134,8056.181772625971
19742,8119.405470785572,8129.11486516154,12.86525004415301,8148.850446262099
19729,8564.698169952948,8571.445217066359,17.05740581676106,8596.499828166521
19641,8575.330182910013,8586.378319167263,11.3949909818748,8601.46063768694
19684,8837.659467310254,8847.508025224479,12.397986130152175,8866.38405176774
19639,9106.437015275445,9115.193316755085,13.09682100710096,9136.18397872201
19708,9198.081444836871,9206.596102332025,14.525338465945996,9226.399231162655
19740,9286.894413738892,9296.103257539347,12.225605031599011,9316.13506834823
19640,9376.750275629433,9385.436141940087,13.858219735909481,9406.136367864017
19576,9380.997933725639,9391.49693922221,11.040686929059692,9408.74417640031
19619,9382.81595767453,9393.370963034435,10.43532894524092,9411.052637464483
19756,9384.797777021759,9395.25213755007,11.503398785249978,9413.367714697033
