118,365.5843236886802,368.10830601730015,10.029880021248157,381.3949242883785
4262,455.2062854542243,457.46501887849445,11.997257761071035,460.7584864385138
4227,615.0930764125428,617.3070823131571,11.83346882505288,620.746847969776
4217,617.717952555868,620.1822681352463,10.645668880588891,623.599243941669
3805,637.1564703948186,639.2511319838874,13.966741947714203,647.5517582583983
146,734.2221017520253,736.326930171082,13.005033531942239,743.1819864507165
3819,866.3937699634486,868.0867033856841,13.89467624006056,871.6405772666881
3812,910.0829056519949,912.2171894147223,11.589894503742052,942.7249470766162
557,1188.016563843634,1190.1888635881496,12.700773997287968,1193.7696216366394
135,1218.066196647326,1220.1286121176906,12.736912594912381,1223.7879802154378
4236,1359.2535144710096,1361.458427295971,12.301465940004716,1364.710598202422
3367,1365.225399834772,1367.098107226603,13.103393548202963,1370.6022832982635
4170,1445.1031243038954,1447.5427590961503,13.017135296382383,1450.8009372511217
3778,1461.7044499567905,1463.4303513198076,14.167893949956744,1466.6701139937754
3824,1469.3995586501972,1471.325325124636,13.235669739872238,1476.0209821751548
563,1477.9700638822303,1480.1210332574146,12.553694128632495,1483.6572903428917
3396,1537.0365827071028,1539.1045170056907,13.657222362661514,1575.3775334859833
635,1544.9349796526087,1547.1097772333947,11.383911194312999,1581.141491213572
222,1577.5530546635355,1580.1503018692263,10.094656277607017,1584.0078324064598
565,1659.1724465324498,1661.3294925617292,11.706686116785765,1665.5650345740924
4167,1769.6457634998314,1772.3364275351416,9.095092602169636,1779.1489919676162
3385,1771.592549660804,1774.3457754415201,10.093347624852221,1782.014192174609
73,1833.3428992058211,1836.4101846271924,8.543282722091632,1849.7614948847681
78,1835.3431658040654,1838.3958694417895,9.403360205914236,1852.3987159518294
130,1842.9121033910894,1846.0763576127492,8.60200265895086,1862.0488391088713
3394,1863.1023970375006,1865.3768721878005,8.155222474950424,1870.5645600385744
128,1957.1726889476042,1959.466541612668,11.005792599934628,1962.6692135943847
3793,1962.0059763859233,1964.3420902517541,11.334985498201387,1967.842696562415
3783,1963.8566189607352,1966.247353234673,10.703164422343814,1970.8476804019037
6051,2006.6724215222548,2008.5643719752618,14.154557039744569,2011.7721408718692
3380,2041.2211999879596,2043.1431103675457,13.712758071694935,2046.6033746818398
3344,2043.9478573107874,2046.1345642252013,11.458480860568695,2049.648759321852
3388,2071.8856352285834,2074.2581853569623,10.610899549934658,2080.1236786721024
6052,2101.0016046929845,2103.2820589206485,10.90436631398241,2106.687610329582
3894,2171.3602113095894,2173.2437589569217,13.538185685909282,2176.954556942741
6145,2188.1625131823193,2190.242245067351,12.199661718381906,2215.345381158734
3346,2195.2628557569315,2197.49364629057,12.124595421241176,2218.4493434961223
138,2257.790200056971,2260.200773718721,10.835518079537161,2264.7956440993066
3838,2259.7788723375925,2262.4477571105413,9.963200265825858,2267.6280244375375
79,2261.7863244224873,2264.396720007005,9.469333543836834,2269.896477527604
4269,2267.5373791784154,2272.1367313911937,6.4893607521038446,2286.0870905465185
3841,2308.139570407303,2310.263976654761,12.168972366700347,2314.150350534505
4336,2310.2005524676406,2312.4163912804884,10.846284390673217,2324.242412289244
4194,2311.9037369156717,2314.337697580452,8.456816282749621,2327.1739674283344
112,2316.752191744784,2319.2223826281265,9.357475472895969,2329.6752193347434
142,2328.495221145997,2334.02846417721,6.097485403399026,2347.468297451882
9285,2395.6274904809898,2397.553509160422,14.117231210022812,2400.797450244215
9695,2524.9999570825967,2527.415708179357,12.768909949109263,2535.353614952189
4866,2527.0177968383705,2529.1904197034173,11.978957819336083,2538.1387787880067
9692,2538.9479051921357,2541.3478257236798,8.731957340777377,2584.205598950356
8875,2615.1951753278668,2617.4999524488085,13.469987095558878,2620.7573916896586
9298,2621.267787462158,2623.351709011744,13.35014210444445,2626.714152574905
9718,2667.9754896128466,2670.3070749625685,10.995730433375591,2673.741403754369
9688,2707.179792786322,2709.2839166870663,14.026351846029804,2712.6381600857712
8856,2762.0511647197745,2764.346211839477,11.451321249680142,2769.776609989408
8878,2765.7079352860687,2768.04208330885,8.996058788343284,2776.1405647332126
9312,2767.4841392623716,2770.0287598563445,7.967914445432994,2778.8861279696507
5606,2826.2053219689055,2828.0645454526107,13.984782265620716,2831.534052558275
10421,2885.429390582831,2888.159352539378,10.172521969791928,2892.605224337059
9716,2959.882168192714,2962.0541551613987,12.154168400123563,2965.575319292819
5580,3008.5282294937083,3010.3509462206284,13.724476921705076,3013.678269961643
9761,3042.944240694501,3045.03862091189,12.81367927374896,3048.7109773451225
9714,3156.9006931971844,3159.122164761315,11.579647612603235,3169.22671224314
9735,3160.874480931031,3163.0249943898257,7.506361755825623,3180.313498092138
5588,3176.0854164530056,3178.368263188655,8.801015476548907,3190.9489358402598
9697,3245.631414694724,3248.068043878664,13.620218457407978,3252.329947518122
8890,3260.0936064397724,3262.0343191588217,12.850556565598952,3265.649475089273
9748,3341.71866540502,3344.1338447459193,11.29334659704349,3368.1736051654643
5637,3389.05490721712,3391.017961901801,13.669492632218844,3406.482741672414
9680,3453.4320241363534,3456.2918020534603,9.016340770496914,3460.8600190667653
6045,3726.5062100467967,3728.4515525497527,13.290015988175504,3733.2360062278763
8860,3787.3323959531203,3789.550450469578,12.275834550977965,3792.868439920314
8870,3799.6383345778113,3807.072758094287,6.759787335924641,3818.353277043756
9698,3980.1451667092665,3982.2164868934656,12.839864832452399,4004.25041591175
9682,4235.1677340871,4237.443738942416,13.414838126831995,4269.223358628073
11106,4260.059152676722,4262.0610769546465,11.122594574018677,4277.425426139972
11085,4279.032607379698,4281.383463840239,11.129733936039033,4306.130535540817
15223,4295.683949523956,4297.615230394494,13.753148245839554,4308.87737232466
11567,4334.927267036014,4337.177581243372,11.48550831823831,4340.628521761399
14389,4400.4086275162135,4402.339867767521,14.374591135651713,4405.642570446435
14354,4402.221727527314,4404.063906182123,11.436146828735787,4407.790797344786
15201,4412.727761303798,4415.020550520935,11.28221289606474,4418.624386941758
14776,4466.328847452527,4468.10439376983,13.439765375932959,4471.6922712270925
15196,4486.932416090726,4489.192771805637,11.642227639982018,4492.778039685738
15258,4648.96596248671,4651.300030351348,8.506815423467268,4655.548178597882
11132,4693.274583627654,4695.473272166298,12.588831405218208,4708.2812533697415
14791,4695.1349824480785,4697.319041185849,8.607483491307761,4710.6215193423395
15251,4779.12593392964,4781.405510802067,11.503935493353922,4809.3655367041765
15195,5225.13792383552,5227.531265946805,12.114664440556297,5230.815065203538
14775,5227.338214792333,5229.527258033651,11.80619391391097,5239.13961417814
14831,5232.136383653105,5234.243076650256,12.073082862495195,5242.211708485951
11101,5234.129616741554,5236.3432250527985,9.077050253825352,5244.812630104706
11113,5315.0531492669825,5317.280037207117,12.67948022295172,5320.833563909785
14437,5322.1595142420065,5324.2010007901235,12.922814616786907,5328.02483389776
15170,5494.671899028155,5497.326519444016,10.820126860062066,5511.751073266886
15227,5638.109027492612,5640.442730361286,10.83840895468765,5644.4644076590475
16599,5708.997841951362,5711.012591742701,12.173284533508523,5718.160882917948
15211,5781.218308801845,5783.565747638205,11.774032290356152,5787.51859753269
16579,5783.165219829496,5785.456758134699,9.391605447845151,5789.63444623365
16723,5798.587759647785,5800.5605499592875,13.18425572540954,5804.504487698242
14372,5855.2383999767235,5857.59737100873,13.148975444143266,5867.166680132176
14359,5859.54338845962,5862.0655505730265,7.844572597480666,5882.277000493919
15259,5927.696154321414,5930.081629769353,11.331420920670952,5933.665771136065
14807,5970.895623755636,5973.2911375677895,11.10819320678127,5982.242316436206
14335,5973.146296930969,5975.3219165642795,12.04664337957332,5985.109632782007
16619,6135.03340449528,6137.078903530012,13.135437873859361,6140.578909185383
14431,6217.698992318936,6220.06479098483,10.557944054801016,6228.169396952346
16639,6268.073562173586,6270.108520577953,12.419458297541144,6273.605988631953
17059,6329.177473702643,6331.412770611067,12.258694494267557,6357.56591412503
21374,6492.74840749145,6494.545605761282,15.91124649464959,6511.355699526435
20319,6515.109064603245,6517.053722582102,13.320874556675804,6520.520618090483
16625,6521.403611723365,6523.304429503776,14.419456184824247,6529.239489122191
20676,6537.0936097159665,6539.1927796614555,12.436874987156477,6542.807151888444
20287,6540.1708297353725,6542.532708963997,11.444797094558236,6545.84670501352
19847,6607.183678645316,6610.253441721286,7.1253779341925805,6614.944685289506
21420,6630.364619403448,6632.565870619873,11.87065543358583,6641.56364827291
16578,6686.698750084569,6689.178611029078,10.72362603110082,6697.485883950071
17039,6691.599100319883,6694.093782110864,11.208431553734775,6706.455209875407
20296,6709.836012577841,6712.207426765765,7.496185393439352,6722.587506841911
20740,6717.8063756680995,6720.219536058945,7.429186070682381,6724.674433057613
20284,6812.444959529248,6815.2480340636475,9.74281552620632,6819.622635779557
20738,6814.474989230748,6817.333677000211,8.786253801160093,6821.664981608519
17042,7042.62299856138,7045.0342179536565,10.96247158147641,7048.715320276356
20695,7078.196955431149,7080.348769706736,11.873553280811269,7083.61420934419
20687,7080.010012575391,7082.145038002289,11.241974424826502,7089.152819477105
16601,7127.308509488642,7129.208622808516,13.377385694842827,7150.4670764564025
16643,7129.057656029771,7131.073706946309,10.076444679425183,7153.079933652956
16701,7139.062413496106,7141.406184260057,9.300991832938715,7155.787825425505
16627,7311.229505799039,7313.362236447327,12.11762749059549,7319.423498396864
20322,7322.198453564355,7324.252608664568,12.894968464732827,7327.71575090699
19882,7478.96980813235,7481.224530449899,11.426072361484545,7489.45680679123
20786,7577.784736366895,7580.237143555539,10.722173198196803,7591.137167147712
20749,7579.6890215134445,7582.1309799744295,9.721356758386655,7593.648174501723
20777,7616.74501385197,7618.550258663065,14.494994200456086,7621.696994192343
16617,7626.172088408383,7629.175311290286,7.288015503040169,7633.8653956691805
20694,7643.800915916759,7646.10314648894,11.816706959046053,7649.654956398395
19864,7645.699170183306,7648.021389363241,8.957257545439523,7651.787918119393
19946,7652.768372925374,7655.427792342971,12.369725194544417,7658.673072221474
20757,7708.873416504745,7711.404299963131,9.881020425874263,7715.671458056043
20672,7710.823615386053,7713.349589889034,9.336493899422443,7717.906947004134
20760,7720.9885356144305,7722.616337064963,16.255300710509648,7725.610232245185
20704,7811.84456819034,7814.026540889058,11.976067539068918,7817.638802649135
20307,7992.30569615687,7994.509670564411,11.513239633640632,7998.512923141257
20262,7995.927737256665,7998.312673427283,11.558135902192728,8001.770321354256
19238,8353.25190358258,8355.29283473735,13.186456821925926,8358.651166205213
