614,166.89069498437956,169.15238032396522,14.591078172886974,181.40118709451755
618,258.0026114372385,260.46275530553197,13.910103752822645,271.6355751628947
651,356.7199522179891,359.2636837652728,13.142823631994858,363.9964527402771
3484,364.5329322398219,367.02395325976767,14.38224186884763,371.2869144776459
604,503.0276928463992,505.62156779919854,15.208287606965113,541.7282294951253
627,597.962511755101,600.5795326934102,12.639111768647284,634.1144288012279
623,618.7244475090857,621.1003362652068,14.390341068855719,637.007359331853
694,625.4735548941395,628.0106406317637,13.626715108513785,639.100561746516
3485,636.7003231042721,639.2069503384665,13.779559157661751,643.7442451306277
667,706.8541041603745,709.5726929848393,12.03665754261837,724.2326927796679
238,724.8784606269087,727.4854580357978,13.857915079419282,731.8618454012399
664,804.7121126251121,807.5647707407657,11.904500498824168,816.491620928067
615,860.4227239727161,863.1076517435508,12.20499175681062,903.4955509381175
241,884.6695972022637,887.402768731334,11.497617497751438,909.8469461290327
3503,906.8196359372079,909.4841489123266,11.850159947305029,914.4751386096749
1209,912.2869698833256,914.4668284421721,15.910730559336592,918.4153264058198
745,982.4989298977972,985.3973893207436,11.338962445659849,998.7532176769512
269,984.324249219231,987.2791930335773,9.831120153729838,1000.5686525969585
611,1069.1338293503522,1071.4731917492518,14.367605114159787,1081.4324866657341
658,1162.6160850277304,1165.2576821473106,13.238579427802442,1170.7972941841376
227,1164.383091532873,1167.0009833399474,13.11052834746189,1172.6054860403167
603,1220.6065213315335,1223.328638813984,11.859225090447522,1261.5143940388946
666,1241.9224269747967,1244.374642797476,14.022177763049969,1264.2175176241046
1320,1581.2536465654657,1584.024255876019,12.124607399105253,1621.4595186932982
662,1604.5704619333667,1607.3214648682626,12.72520351128934,1624.0425460831461
233,1641.6778259392374,1644.232007381534,12.772929584018796,1648.9756101694543
668,1682.118772962105,1685.4748535723163,10.287335816059546,1716.5962134406166
607,1763.2929404986055,1766.1713462601626,12.14512549054824,1801.67178732942
624,1768.7433143268343,1771.354196996509,13.03257090492753,1804.5822491999543
235,1809.3354145975331,1812.3692318974195,11.351409869878703,1817.8638710603602
1306,1865.414862691286,1868.2317623593913,11.970540105361788,1891.349155803596
476,1879.4112236397118,1882.1146913318196,12.894047664362645,1894.1255990448497
495,1885.7074709895871,1888.528143256472,13.277216805513032,1896.7210945218037
606,1943.057902386992,1946.4597734189856,10.356987465572692,1981.4822439323568
6162,1945.1469944083306,1948.3677309983477,10.510956375966076,1984.146217535881
224,1973.3245369544313,1976.2382238481352,11.65363241282808,1986.3029680506404
650,1975.178183260038,1978.071277752281,11.504194492734468,1988.3039789664733
6133,2056.6023516138025,2059.1465742538926,13.530977936147943,2071.5096062641023
6188,2148.776561175823,2151.24407210248,13.841070280580684,2166.7592488972555
6197,2154.5945613054687,2157.321605145672,12.292022641023886,2168.8573046520614
6166,2324.041997503189,2326.476954310406,13.921907668850904,2341.5528756580507
7858,2435.31655150217,2438.1172776240637,14.329833862259155,2442.5230334004596
7025,2443.9522885050887,2446.642366453549,14.810566380646746,2450.983115605946
7080,2448.7215956356176,2451.574348769691,12.353330587965113,2456.583656982063
7820,2454.5255831486925,2457.5117338795285,13.245161589748301,2462.209166287768
7952,2456.53252208443,2459.3778180983695,11.965147961545402,2464.4302054001796
7220,2458.4569930129655,2461.2193777804814,13.12651030225943,2466.1788868934386
5732,2486.2406945468724,2489.079392647622,12.940097795900424,2524.327407049515
6881,2488.5042237255807,2492.1660936981402,9.558631036177172,2526.5443268448503
6922,2490.7885082780126,2494.1864834806615,9.52529470898286,2529.080229533763
5730,2492.651263804589,2496.1443145756803,9.972858333240696,2530.8891349526916
6165,2494.4342887281987,2498.032727343457,9.587900161748651,2532.9847361606753
5762,2506.955102047512,2534.1544404185165,6.599650247622882,2540.735144639277
5774,2508.7953720225128,2537.070901624934,8.34829356773322,2542.9160212058537
6125,2512.4988766008382,2539.2587385798256,9.718016012014859,2544.6108302070998
6215,2570.6553674370193,2573.2706927370778,12.182087494622701,2611.390829211727
6182,2574.168652010427,2576.4220478100087,15.185867447472136,2701.577476320678
6122,2575.9046053103607,2578.1527442950764,14.169548728008925,2704.168011860519
5731,2577.8494723293566,2580.5254563086264,12.002833574805685,2706.462274435012
5759,2588.042629703121,2591.1934134958665,10.437621325539576,2710.531704700489
5719,2590.0814681792667,2593.1938697675823,8.967891709138135,2712.3968403100193
5757,2754.5314159353775,2757.24981207862,12.571342614497254,2791.6674380328927
6171,2770.6206795034022,2773.0120649055243,14.135186059533813,2794.458972454377
6141,2784.1747680944904,2787.501732819239,10.17898981981062,2796.747563594723
6137,2786.1608277492696,2789.4940723380855,11.514908985531966,2798.8782329908654
6175,2869.974707230169,2872.2736618581353,14.986116244583219,2884.0076588675975
8997,2896.5397670570114,2899.4529922830316,11.49579937463163,2904.901053034779
5729,2932.780255904981,2935.363342981935,12.75288712806594,2971.538462205502
6176,2948.469995928096,2951.058221055076,12.933209888608792,2974.22909125273
6128,3020.555588891282,3023.5423164220124,10.99121524207911,3066.45174435869
5737,3045.469201418177,3048.280154358497,11.766887809933754,3070.4701793690206
6213,3052.1297198686475,3055.0740997707953,10.902846304235156,3072.6529236603265
7170,3068.767692427853,3072.016027749582,9.08020231139261,3078.07897070385
5742,3418.066838820011,3420.5058114986696,15.113730016841847,3429.027017693865
9436,3424.7530560018145,3427.3601934468124,14.357885247304653,3431.6879700924
6169,3472.1837997911975,3475.164241149193,11.185542366911152,3514.217671781006
6161,3478.6792415074465,3481.3648939983377,14.051937569770947,3516.2147320285003
6111,3480.4932323990834,3483.026618691957,14.088020569137665,3518.314853445994
6178,3560.6357158124642,3563.213018065554,13.562474519757048,3601.480969806294
6146,3674.7169087839666,3677.322906643342,12.626908420924345,3691.9091827754
6152,3681.8930768310643,3684.5744279616983,12.322286779032764,3694.621018472676
6156,3839.3623207328733,3842.014641405888,13.210517267803985,3871.5347693632475
6168,3852.761922141888,3855.2777932422937,13.230975791876585,3874.370227800828
11612,3861.066134408546,3864.10320180758,11.241537860546522,3878.966043402997
11606,4013.4148562719906,4016.028637702656,13.870552338781323,4051.299857594802
11679,4018.468537113976,4021.181841659361,12.921365435345999,4053.890046351159
11742,4022.82330227737,4025.535427645111,12.302748299452686,4056.077714515213
11640,4032.969905384846,4035.548022981047,12.341068251610022,4058.5694296422644
5750,4108.075587968528,4111.191674330764,10.323427807744467,4144.230841819349
5724,4120.508651073468,4124.275845087502,9.22381109032447,4146.48376638715
11667,4122.685433481249,4126.376432228596,9.94116905027242,4148.499737619731
11622,4124.879422623018,4128.3673503338205,8.692119426190018,4150.407263542195
11673,4128.942694448313,4131.542843549361,10.996722077246393,4152.190686350065
11664,4218.4145712580075,4221.423378934269,11.78759535758195,4236.449749783385
6129,4282.820817202665,4285.562706857799,12.612630391114896,4324.326700641966
5720,4284.71151121766,4287.278422475535,12.644939887229624,4326.524253000483
5746,4287.598880322578,4290.014269249763,13.727751105078523,4328.538753400448
11668,4370.802180351192,4374.359116364578,8.844702726051658,4411.37088206154
11635,4402.570132770299,4405.394363341563,12.11719523924454,4413.895756824798
12789,4518.080231828326,4520.405855028313,14.328213810826574,4524.646972492334
11653,4553.031186662894,4555.573104975866,12.476945345691583,4594.3892606666295
11461,4570.934362195325,4573.311236617161,14.42836239110169,4596.668486285539
11058,4579.494608309416,4582.429757215786,11.921724450542419,4598.685126182989
11611,4640.913088192485,4643.240616287367,15.268154094599725,4681.586801680842
11505,4643.145907254416,4645.611078881726,13.95418070289617,4684.364467290215
11642,4645.066228981304,4647.369141927758,14.034333238233227,4686.628154404572
11631,4646.967992308579,4649.49432897858,12.779139964647158,4688.858700270839
11301,4648.732192175422,4651.263056373297,13.324194950116818,4690.979429023577
11638,4759.792419489077,4763.19224523108,10.373029813604424,4774.3030223670685
11613,4763.317994773967,4766.10561615037,12.59099862728349,4776.956460700102
12147,4915.962172829554,4919.269958851505,10.739847352663658,4954.777443556521
12365,4917.985109981581,4921.166469242385,10.688405814984163,4957.334649159635
11689,5090.4518483631855,5093.49806715567,11.048636828651976,5131.754044531865
11676,5094.859682815767,5097.486802202598,12.379195602674184,5134.482020790561
12332,5180.765443306736,5183.290299861077,13.332991759092433,5221.9444411019
12165,5185.461914669366,5188.066062956791,12.724155584624217,5224.634523346463
12207,5193.589349318716,5196.117273817179,12.9931835647461,5227.085056193141
11657,5387.495193547246,5390.380286720132,11.01242555474859,5401.394281158635
11619,5389.332914231979,5392.189116618499,12.110493261008637,5404.036156260743
11663,5396.669269450205,5399.493672721212,11.306564749042034,5406.457077983703
11682,5473.745206426371,5476.329917153171,12.213980998659041,5494.242095520294
11717,5475.69852118062,5478.364462667799,12.124274958406932,5496.4995542178485
11704,5483.226881213,5486.26912218179,10.322990284666128,5498.514317007067
11521,5485.022860675082,5488.19412564062,11.436541278677604,5500.97034535877
11218,5542.968170845926,5545.547562300996,13.10138378413909,5581.646719304555
11669,5547.826934529462,5550.573218177608,14.176074424502442,5584.463528797699
11220,5552.408028239379,5555.426799388123,11.000938029918187,5586.690587943029
11607,5557.843367397956,5560.571504655856,12.491109548373487,5588.83777151913
14923,5601.579204168076,5604.14142895401,12.445180894621549,5609.036958335483
17195,5741.92198721782,5744.479867033409,13.61303861949495,5764.72040000511
16993,5750.31376246597,5753.234682658074,10.870764278531547,5767.013516189233
17123,5752.1593171640125,5755.078773827712,11.536230150282469,5769.244092615366
12160,5810.496919011767,5813.039656070602,14.066066821399959,5851.549254753618
11660,5835.661320558905,5838.492364976323,11.48602685630725,5857.135649005177
11240,5837.478330452275,5840.374808946384,11.148734551405578,5859.337482208179
17832,5919.839117195527,5922.557002996252,12.679493970658454,5944.226984659409
17627,5931.931255706147,5935.083132683857,10.624307864338265,5952.836729826034
17200,5936.554830661153,5939.089654218365,8.144479145059966,5954.814624546634
17687,5996.385532602525,5999.190497676662,12.690691022110324,6031.906553936895
18159,6037.414171932526,6040.221002076843,13.947834315012592,6045.582042097041
18192,6042.567445442493,6045.498853380949,12.074111929820763,6050.585816785469
18045,6046.579758370908,6049.494342878693,12.107924664909698,6054.98040710385
17136,6081.041569202463,6084.0322372041255,11.783351944908967,6121.423977909808
17018,6083.144673622863,6086.368330022503,10.656517261598035,6123.724397538978
16959,6087.862356684049,6090.48309056762,13.706525663385795,6126.12897750899
17582,6099.397131634326,6102.386722713696,11.376683305633291,6130.12308553118
18221,6101.314807071833,6104.241788344437,10.908726202019327,6132.044737099236
11254,6103.2792788195875,6106.117477769656,7.203377411083404,6134.077360853454
18271,6115.222285951446,6138.1046897419355,8.647304124927347,6301.588235938817
17898,6173.403895334479,6176.004378631218,13.4570378738315,6304.474878728721
17698,6187.176403674968,6190.051295656957,7.579187144357858,6313.580615417919
17032,6196.7434346352775,6317.103286114183,6.838240922583898,6323.419518106915
11633,6263.399287940461,6319.349033423241,8.99448902128783,6325.401851515322
17150,6356.018040791512,6359.375307367926,9.965291848300192,6407.475611343805
17700,6363.485159292149,6366.279517661588,11.561332943814435,6409.983516330699
16981,6375.51432613501,6377.659529364161,16.179540012213163,6412.849921494057
17139,6380.578021337736,6383.328840236986,12.0239799683226,6415.644114555984
11226,6387.30461073006,6389.598011919797,12.464774092184582,6421.233556306961
11237,6539.619997417327,6542.323416100989,12.949974318798738,6574.287964110889
17151,6543.75918204462,6546.37123464148,13.112663355479683,6576.573118400067
20417,6691.71435776857,6694.183880401334,13.694421317120744,6751.260471924865
17179,6710.984715186708,6713.519025861716,13.745874440435143,6753.8073982262085
20915,6759.317216421245,6762.156615831805,11.99249814383529,6767.441157774673
20907,6846.691285882878,6849.368066005736,12.394620930960734,6854.322488897387
17198,6988.4114148958515,6991.258420325713,11.813479639421256,7028.688557626455
16983,6994.4288085289045,6998.074103857896,6.925696176060839,7034.82985437075
18094,7000.393805852756,7034.025306921938,6.370847064820648,7040.240984696325
18282,7074.72826246105,7077.214329773758,13.451728999157423,7114.063232488329
18254,7078.931649163354,7081.603088152341,13.476507766485332,7116.170433616606
16937,7083.5752364871505,7086.238529287086,14.987056278557976,7118.776185287198
17158,7097.677249822338,7100.404686012817,9.319370878740703,7124.36899714996
17609,7107.6719185063985,7128.195227701651,9.198693385537814,7133.824903161225
17109,7160.249164498638,7163.117097449689,12.014911699492295,7201.376402744908
18126,7175.206805002402,7178.427389049318,10.802428763108608,7207.993743013589
18172,7181.533797641199,7184.491845598613,11.480398437430798,7211.835002612964
19992,7299.501811690244,7302.07719314914,12.478785133184806,7307.0564007665935
17167,7341.043582092308,7344.30898714194,9.676831901173001,7381.351221392035
18733,7508.961773833598,7512.067202549996,10.744823587715436,7564.736147681437
19185,7510.85823234669,7514.000008309636,11.856749947263207,7567.16982495136
17132,7547.898714519644,7550.34957999042,14.554688948615262,7571.128491915703
18264,7576.032418528333,7578.581967378278,13.104592115920411,7589.811969540935
19323,7580.1025590060835,7583.124007825679,11.358508912014065,7592.66804727278
18740,7585.4426855542815,7588.223853252709,12.893188435879226,7597.325839831248
21379,7590.532440183618,7593.448800605891,11.530976355556536,7921.355685942884
18026,7593.538267604273,7596.3462677709485,10.551630934820247,7923.771599157107
19178,7596.451764656819,7599.533143273909,11.311574556623157,7926.683831804198
19199,7598.563046164803,7601.453121962338,11.360750290805276,8011.759484236162
19234,7602.273065548906,7605.414269399016,11.274795413038705,8016.273261036622
16754,7970.916039317222,8034.100373374978,5.708591588909598,8040.928772407274
16748,8068.468857988938,8071.251345433536,12.378896338848323,8104.195310581261
16736,8529.089766335184,8531.459500278577,14.617403675754085,8554.257719391851
