2122,158.31372204960562,160.53665319656423,12.300732133885361,164.9076595691213
1301,183.78770036235434,186.27331415411953,12.086466434235483,190.6891872218711
1311,271.98694978422014,274.0315209398666,12.297566050894753,278.0
618,284.4989570251641,286.4711235888901,13.674249267446394,290.52392438317327
4380,294.2094258427219,296.26807593846615,12.534331379563081,300.5242621638288
2863,408.43721038086903,411.38610581597715,11.68389819725314,415.4175564334909
5096,410.7203229493738,413.2261642639744,11.320138588124443,417.74723054633876
5093,497.8258891779961,500.4132802133096,13.572565243020808,504.0
3944,514.2844304019986,516.2073911575831,13.794976969741837,520.0
1319,543.728775211999,546.2373521551318,13.454731191668943,550.0
604,553.785859303094,555.5277872070565,15.512486159819632,559.0
659,649.9147660122212,653.1928195293646,8.15658318328295,659.6878174171945
3917,678.2758421751872,681.2359342853262,12.630811259711235,685.5674625243632
5119,680.4333747647142,683.1511540948487,13.55559148128616,687.2761037128126
2024,703.6399660927957,705.5480789497434,14.401781636500193,709.2596232758557
1348,727.2668383253773,730.1324889706992,12.267406249708174,734.3857534071781
2027,772.5208559866676,775.0707105770039,11.202308536665944,780.0022481094759
3502,784.9733040667194,787.0951497077323,12.738814555617038,791.0
1356,813.6059311655438,816.2339509403498,13.069175314647213,820.0
664,831.4731231601552,834.0422890768085,13.854087493066347,837.9679069009629
2764,875.7059294379758,878.234294333419,10.721094400192497,883.3253465814836
3933,877.5669943399107,880.1304261397661,11.371388772894049,884.9256372939853
241,924.1326328580113,926.3164564255428,12.523197145727952,930.5628556631124
3503,926.2098234710037,928.3994809536058,12.298367685370337,932.6793674314855
2036,955.981782688327,958.170894910868,11.851251694783777,962.4927219125277
2112,960.0333797370738,962.1468869458514,13.245840740155066,966.3291124720967
2131,963.9511876107667,966.0082743691207,12.273372842499448,970.0
4433,965.8484324446142,968.0718416878783,11.439224914918016,972.6798820381289
4399,983.419886319672,985.4396205300568,13.87644390176047,989.3475412259821
226,1001.4527564666125,1003.2895365920468,15.10173342481157,1006.8041709777838
3515,1003.3168106427119,1005.1664853758199,15.153412557145582,1008.8134397751594
2039,1037.9268501981799,1041.2049754759141,8.108023705635281,1047.269266436605
1360,1083.694505574113,1086.2163226673265,13.273833136845871,1090.0
1362,1087.9514144315776,1090.0954280340893,12.937334742934391,1094.2549161098048
2125,1128.5383304683844,1131.336182432247,12.466276205609807,1135.6428726316756
5069,1161.4547083815837,1164.1819104136296,9.60062326088039,1169.563003787988
658,1186.2068044779417,1189.1130317632815,12.671610869656636,1193.266791490934
2845,1235.7550838425293,1238.0762509743236,11.564437800268525,1242.5621823860492
3481,1263.5019535255883,1266.3181797307063,9.655254354249115,1271.603383790125
1322,1270.3600316868003,1273.271556665185,10.544026920668454,1278.4136214396945
1324,1353.7874708243744,1356.1883235797484,13.963196920765014,1359.6259080688217
5114,1398.3617880897,1401.266965599735,13.121850142112782,1405.3085408643162
5113,1400.843639697125,1403.1406941443697,13.336390546839274,1406.9675864966816
2130,1415.2883210925277,1417.3410577688294,13.390539500267659,1421.3665321434348
219,1443.4866527656561,1446.0414444460084,12.146483711486402,1450.6165461738974
3929,1487.893661848111,1490.5480437202486,12.61200264899817,1494.404343377084
3883,1490.143904676382,1492.4535977501196,14.028023718942372,1496.3248298651433
5108,1492.0266783485079,1494.1804011717106,13.066912853248702,1498.298969662691
3852,1494.0505855654053,1496.0906230530366,13.234053198768365,1499.9872545739574
1359,1533.6577369418656,1536.3522285103825,11.503899003647062,1541.0
3936,1577.9074551519855,1580.536926930515,12.229092475170988,1584.7617867550437
2824,1593.12098637547,1595.3466988484188,11.99137955125658,1599.6747974256848
5058,1608.9305040086222,1611.3926125453265,11.050447454806035,1666.5248826393713
2813,1610.7544143412574,1613.2415781658278,10.442007707390562,1669.4380232977323
3849,1614.3684512374455,1616.540893816275,12.21283584605506,1672.1218299964933
4364,1685.8764630584187,1688.0910709372447,11.483561843703423,1692.6242109871978
2849,1690.0857160482494,1692.4247753201564,11.26231088672018,1697.0
5071,1698.160618107581,1701.0332741348386,8.96272485181783,1706.8390953821722
233,1716.9015843304783,1719.5987996001618,12.525112732369267,1723.6099524251747
1330,1722.5336332948164,1725.117472688492,13.322381460887176,1728.673726558924
668,1733.5531907740815,1736.3225861222845,10.316347447772001,1741.6399259415066
235,1830.889835762266,1833.2918045324247,11.381884983415958,1837.9286631072728
5110,1882.0844833351127,1884.0757391060654,14.061664714096395,1888.0
476,1906.1468083152183,1908.37371627303,12.141677791330471,1936.442699211355
224,1998.8674281282974,2001.200547924114,11.578855955437698,2005.8468155976868
4375,2049.4675174601034,2051.2279548657025,15.245458004411912,2054.755291702571
6848,2073.5499642595887,2076.070026937743,12.369827434558584,2080.3206940023633
3952,2123.3193930329585,2125.612773982279,13.077627177314952,2129.882898222032
4417,2144.211769277875,2146.3514375118916,12.911009798154048,2150.5540182030863
8357,2147.3550731501828,2149.4562329881433,12.675764398164436,2153.4329145317856
252,2163.503044129548,2166.041089783446,13.066328256373751,2170.3430487626442
6810,2165.9833170959423,2168.3559294781176,14.059276322518087,2172.2293415182107
6121,2178.3181055703776,2181.131277284082,9.130391456836955,2186.8605928576785
3915,2211.626577251771,2214.062537233717,10.121763062296893,2219.0
4441,2213.4296663274276,2216.0569869329365,10.978638458203298,2220.5373661287595
6834,2253.634157914275,2256.1592870272893,12.450500093078096,2260.498308464095
5073,2306.2454511082396,2308.4837610649565,13.047361999312196,2312.813045415295
7633,2327.1933041382254,2329.1080534426724,14.137881256551529,2332.9796172266538
6145,2344.015745971906,2346.5630008344224,12.782085204641081,2350.726740282995
9897,2392.243331124072,2394.567075189777,13.211968203931221,2398.3120372971403
10593,2394.118678527313,2396.418386796099,11.691608470396524,2401.0
9903,2482.110968766552,2484.521559214402,11.311547241572715,2488.61954341907
9785,2506.3468565017624,2508.4063377379516,12.958353345697645,2512.6971007887487
7547,2511.1468970300666,2513.024388874899,14.253446002092877,2566.808111703915
5730,2541.156386104736,2543.053383551273,14.401148746991879,2569.0
8317,2568.2955535159012,2571.238337852444,11.597272251643174,2575.5211332137965
8269,2570.4868642524175,2573.185915320923,11.238496199177899,2578.1024193339285
7544,2574.23006949557,2576.200671068883,14.200739123515207,2580.1397040570687
10601,2581.6229587496236,2583.4835641710665,13.815828288517093,2587.2418178626526
9891,2585.879320298252,2588.157688896567,12.225950301305927,2592.6301244815627
3496,2613.568676242089,2616.0908189837223,12.631598556273127,2620.3343485526075
7635,2615.915879990196,2618.1838156077424,13.862110270309609,2621.9882541100305
9401,2675.0809406733606,2677.255982457555,12.16369191763604,2681.5780748199304
9913,2692.088355317693,2694.1730323467327,13.205086236492894,2698.2410098642226
7630,2793.5556034777564,2796.0618925394233,13.379632476096393,2800.0
5757,2805.223247798989,2807.396463345976,11.841158467354543,2811.6437736941107
10616,2838.4210619039563,2841.3887675226283,12.55923468906195,2845.4908411109445
6175,2898.5573556046784,2901.251455139975,12.313565264566943,2905.0
8997,2917.7287129173233,2920.0670611550668,10.969964011084668,2924.745795281122
7543,2928.394257156188,2931.1195990830242,12.702788159111776,2935.236197777183
6816,2983.065619881866,2986.3250500977,8.091457745043968,2992.631657347805
6160,2995.227971195905,2998.188045653339,8.892136866418802,3003.9210017354394
10582,3018.678779136528,3021.5490978462067,12.077314596270394,3025.536186658665
7619,3063.484636701453,3066.3442182843796,9.420193381190934,3072.0
9414,3068.673338287417,3071.415639077058,13.023871782165159,3075.3641204206824
6846,3074.299023742162,3077.1336615079513,11.613706459719326,3081.789404371582
5734,3078.7429971807533,3081.243792147801,10.155292130075466,3086.0
6128,3080.6109664956994,3083.12667898995,10.792777959306257,3087.9941728650965
5713,3082.462654249352,3085.022899282363,11.350403395215361,3089.5192560725905
10471,3107.90943145021,3110.5187064210286,12.632562130297865,3114.4749810996
9444,3114.3929452085517,3116.3158336615793,15.656574435308805,3119.629599735913
10526,3125.3320188354687,3127.4823118698223,12.613121000157395,3131.796596459582
8285,3133.2158594365337,3135.5306286557366,11.464913766299293,3140.0827777061427
10498,3200.155674988543,3202.5917429122437,13.221857942691416,3206.701766068781
8255,3202.1441628066273,3204.476156018078,12.034733250562764,3208.8345168097294
9885,3204.086988796123,3206.2532697215643,12.678093488945542,3210.535604693947
9000,3206.188613785036,3208.2253471992117,13.638013146533487,3212.4020917761472
8268,3213.8466987659594,3216.1810725900955,12.023009225049606,3220.7395183198278
9831,3225.555582633949,3227.5561829473554,12.119216640134015,3231.998565246551
10575,3231.408378912032,3233.4821037114407,12.873162359554891,3237.7153153002073
10556,3233.195733582105,3235.231800538355,12.505526265049422,3239.3362518506833
6809,3243.714260460793,3246.1655782649295,12.375128636409134,3250.7012849664397
9931,3296.5958552606053,3298.4549275625563,16.411021608071533,3301.804206673247
8250,3309.0391687034407,3311.511299740437,11.078104817629386,3316.3815058726796
6148,3344.866704813777,3347.074250062709,12.383703242586648,3351.465582961251
10576,3377.837878339097,3380.4556818885267,13.107428609705986,3384.6958152336924
9894,3380.0080474521174,3382.3693028383204,13.055065300657569,3386.2614010592374
9443,3394.1560214831607,3396.0899758881956,13.764681318680648,3399.8862204552966
6799,3423.829869417816,3426.3073453866855,12.525374740252314,3430.5270148110594
7402,3425.9470710362584,3428.401856398399,11.030339140154238,3466.714394271718
9436,3443.608155844446,3445.471596452248,13.47714296743229,3474.0
9918,3514.206684835647,3517.0029561937245,10.738319044467833,3522.0
7617,3518.9072585642475,3521.0735025059125,12.59038431535703,3525.4034122316502
6111,3541.6203256433537,3544.055371407108,14.766066834418206,3547.447830262544
7563,3558.2866210385546,3561.1408657369825,10.706080828832324,3566.1783004601757
6843,3603.583939644872,3606.067396466386,11.177897980838722,3610.6482912290085
6136,3617.8848958293315,3620.303933294008,11.495226425469655,3625.0
6167,3621.594316951332,3624.2507401850353,11.693641735912909,3628.8150597714334
13090,3652.18702208026,3654.5651645128573,12.17307275705701,3659.149960262021
6902,3693.666446061191,3696.339925515166,12.451035912061673,3736.6558962566974
6152,3707.045246624545,3709.155351886756,13.222507101745855,3739.0
12307,3783.51391675741,3786.1335352385777,11.829257751258144,3790.45132872558
6884,3789.736886957107,3792.3467729106214,12.891981519112376,3826.3557278532785
7347,3792.0785857791957,3794.53749328915,13.562622947204224,3829.1056047839857
8305,3832.191302856779,3834.492852615769,11.90201409502073,3838.734801125954
8980,3840.506345846535,3843.0116472441323,10.997770068491684,3847.933176313089
11612,3892.1146959826433,3894.5383745715935,11.255423351337638,3899.0
8320,3928.0628931790257,3930.414787590907,11.10634530076485,3934.781390343848
11674,3979.409711879056,3981.419571836341,13.204053406965585,3985.485380282674
8977,4023.0705897228777,4025.253429306193,12.618803887666962,4029.4108321034873
13123,4032.8697383625877,4035.174269365074,10.677495769383107,4040.0
13139,4035.3353713714505,4037.415170860453,11.752892178690457,4041.5899165599017
11640,4070.3166534956836,4072.4086406842807,13.301531654422154,4076.589336500019
13035,4102.283561006806,4104.559501235954,11.905732123313442,4108.800185638872
14478,4120.859022039986,4123.137911798862,11.70323732388861,4127.552900066868
12306,4143.606466346309,4146.0933545945145,13.312155686823289,4150.233449935377
13140,4145.764453983371,4148.064594808473,12.99774908332617,4152.0
11667,4164.3487505171815,4166.196600888277,15.009960188006806,4169.842205822028
15415,4187.739258471351,4190.334253111674,12.457031382214186,4194.45834095906
16068,4190.059994532154,4192.41124635551,12.92080458844795,4196.425456307258
13774,4280.634283632602,4283.154868670293,13.378954412690389,4287.127861760848
12353,4323.845427930341,4326.271699960761,13.315302256299681,4330.407822071469
6129,4340.036114634915,4342.350350926433,11.80444954583319,4370.966294151691
5720,4341.93094079986,4344.2147672319525,12.392968245272893,4373.0
5746,4343.834199396284,4346.058699833209,9.400668056816205,4374.933731268865
13085,4370.589409333156,4373.292229075085,9.42002100905758,4378.61424374019
13870,4458.597978386561,4461.328522347675,12.180106376584442,4465.559397862214
14942,4460.8753089681195,4463.517441144338,10.934339882724114,4468.687087253017
15391,4463.069941471411,4465.456807512761,10.920255160915097,4470.307369104355
14516,4503.750877997821,4506.2746551459895,13.191654223587825,4509.789060625379
13848,4548.61172783264,4551.47988196593,10.103937987742105,4556.628649411831
11234,4550.753101647878,4553.450703393926,10.558126256206645,4558.269193930123
14404,4552.716025670756,4555.407870820704,9.722834703593778,4559.998224434582
16075,4559.202366356442,4561.519368979846,11.703088935155309,4566.0
16059,4561.050254535836,4563.344177328693,10.740879208033993,4567.704328971942
13847,4564.836131702518,4567.164890236865,11.78035088896646,4571.534026718152
14489,4566.638336999072,4569.015572768857,12.021476987640938,4573.0
15290,4568.691048969979,4571.06588240456,10.949041733665398,4575.862304183038
11215,4576.778016467398,4579.212020774263,11.57752662102632,4583.988282831331
13779,4579.747402829179,4582.017686534122,11.89411324210343,4636.320363097452
11241,4617.548788737459,4619.559402017942,13.41712181394721,4639.0
13097,4642.768551110453,4645.125033371936,11.933536317897815,4649.570049000704
14837,4646.819289078849,4649.0088679164555,12.499163724682063,4653.39787375479
13800,4659.910728004534,4662.4447700620385,10.982925368831696,4667.391734402118
12358,4683.446648799616,4686.068400326904,11.114216658145702,4690.811631111179
15368,4734.817646780066,4737.1488028613485,11.507250525395769,4741.6641796504755
16100,4745.732319014392,4748.081454305415,11.308500465536198,4752.6716944429245
14856,4818.492417096516,4821.464249649295,11.3589672098124,4825.981623194222
14845,4820.5798561792835,4823.243332591316,11.530628843461313,4827.751080861578
14884,4822.63166271617,4825.122833304579,11.092405789522271,4829.794728039672
13017,4824.625930830557,4827.078125537589,11.979294540040774,4831.598457954182
14507,4889.748259470626,4892.080273077283,11.786014436123617,4896.68522874399
16099,4908.708435710283,4911.467491878894,12.48987455326886,4915.372365954443
14938,4940.876571142264,4942.662740013107,14.936289667019906,4946.423158200738
12331,4959.114015530051,4961.455855560887,11.404843204504974,4965.580759927395
14495,5043.66913797528,5046.332775617169,12.183087864530073,5050.6315712402375
12348,5045.624894379619,5048.096922297445,13.543798448272613,5052.297042718752
16109,5087.719709226465,5090.2196815301895,10.820033697143737,5095.0
11676,5147.960048670229,5150.1007029533575,12.924118678912583,5181.800996641884
14924,5223.9851862321975,5226.496869564942,12.524904310190554,5230.8121620803895
12332,5234.317555795193,5236.206166588319,13.612564887554777,5266.434545526654
15299,5268.6025868117695,5271.368069835471,12.346907428693466,5275.488753505156
13093,5270.943133973098,5273.580196856976,11.95021088636387,5277.845787028388
16081,5287.036188918947,5289.498166217984,11.222738566471635,5294.30427243805
12295,5315.78866626531,5318.096971155584,13.906111095466267,5321.861059221725
14931,5318.041361364001,5321.119894490637,8.57198593623867,5327.0
16103,5320.098255665282,5323.0952137366385,8.216305176120104,5328.6098884860385
14947,5383.014241433788,5385.39542988529,11.355490280743737,5390.0
12339,5407.632275722192,5410.476999196717,12.616614446949288,5414.511387233836
11619,5417.461088283503,5419.553578597512,13.221901469665065,5423.678607716008
15380,5450.15896718309,5452.592489797205,12.634854990124579,5457.0
13051,5452.227396836086,5454.505473376692,13.300393572949542,5458.799109035657
14928,5466.053596375974,5468.518041033916,10.773774006418709,5473.0
15264,5468.5551405518145,5471.00799819474,10.551307330770424,5475.972653744783
12337,5494.001461723665,5496.560023011559,12.506411955933462,5500.912208333376
18604,5540.568409784855,5543.18954644648,12.80461455604913,5547.062651012905
15370,5542.514415221859,5545.117948925005,10.281156446396189,5550.0
13137,5583.443460426477,5586.071189203206,12.87338727048315,5590.0
11607,5600.868771011824,5603.014928487067,12.577600388012318,5607.269532163847
14923,5677.301689839253,5680.146304759335,12.074901748995325,5684.346874355036
11217,5679.485238907499,5682.357876088938,9.361584748181297,5687.83684208412
18609,5722.182369398744,5724.213241988961,13.501233966773057,5728.2453279367555
16061,5749.269202150857,5751.442409225837,12.357559192821048,5755.828999643428
18616,5763.8232806231545,5766.282898123743,12.557251857441553,5770.620344168248
17792,5777.605516737429,5779.516194436307,14.353387859999499,5783.234712817933
19270,5810.326772602188,5813.123914687246,9.99050598950084,5818.084138476956
11253,5812.351000509171,5815.0838315289575,11.695915991137651,5819.892815852996
14934,5830.947228903962,5833.045425099913,12.712097408236717,5837.271221548227
17794,5853.2480280035015,5855.51269076275,13.2006893121574,5859.682553213559
17802,5875.916845895154,5878.247085946826,13.697278950326735,5882.28562664285
21579,5914.933920311229,5917.386975542476,10.779705486388606,5922.0
16064,5919.339742027114,5921.504814343595,12.718208940474806,5925.775816660828
17818,5956.874785598099,5959.491758304171,12.910721065944442,5963.314185492132
14520,6009.4394275691,6011.312312426297,14.207385887594693,6015.0
17879,6040.149667008935,6042.526066792526,11.389067478283112,6083.412610547547
21555,6109.937886920413,6112.001212373719,13.660759740007647,6115.9911950100795
17829,6127.999164139405,6130.510568225345,11.439192392726524,6135.361137997411
21565,6172.210348990481,6174.507814521178,12.138632600594104,6178.8982836593095
11188,6174.338886757805,6177.0345286647325,10.292895475901522,6182.236873166531
14513,6190.033015129988,6192.370147430319,11.622473967882438,6196.962511486854
17799,6212.3419542150605,6214.391118125369,13.711027363479765,6218.469484421261
14496,6282.672823038207,6284.56383724745,14.273714332033194,6288.351943574018
17803,6326.942087855458,6330.067278573682,8.122409132466144,6355.378782469156
18519,6363.049029268324,6366.05975073938,10.844088662850025,6370.634836352283
18309,6365.182093273171,6368.050463688681,11.050571467058548,6372.41747625824
18638,6369.012607229772,6371.286662042234,11.327685808259261,6375.892105499382
11633,6393.606060760315,6396.00715046263,14.214625268973728,6436.945871690295
11250,6396.035111429509,6398.333311168479,11.436901959304777,6439.578948841361
17700,6494.0788695911715,6496.308107886344,10.731676859806262,6535.627664370586
20408,6553.012156949205,6555.349748592745,11.369365942186763,6559.964157380248
19996,6573.928170604917,6576.467445910292,13.515868213962662,6580.4767145795195
11237,6586.360799157209,6588.3618696249805,13.263150841978707,6592.439400655895
20443,6639.095896539103,6641.136389543287,13.300471960004092,6645.0
18307,6663.972091107959,6666.469738280593,13.510310451594881,6706.400859239598
16745,6665.834068253696,6668.254131806712,11.16881125998444,6708.763676815004
16747,6667.8952487487395,6670.129658880753,11.531648216242253,6711.0
16719,6669.870464692093,6672.022721032298,11.292237848669581,6712.824846865983
21622,6724.297527744003,6726.24857317085,13.711836035226748,6730.0
17106,6759.191277271077,6761.478824807606,12.133820782237011,6765.332527924452
17850,6761.295128206788,6763.531557267304,12.500543654360042,6767.83742974371
20915,6780.174366389737,6782.525413464775,11.346123839679064,6787.0
14474,6797.817157838632,6800.526657195127,11.792032147716942,6804.901178474087
21616,6813.3459848157245,6815.536576095053,12.575423466796034,6819.882906937215
17835,6843.958694771552,6846.487555900496,13.048776522878535,6850.612785521729
21587,6908.178244058975,6910.458973355595,11.719211486596855,6915.0
21585,6909.965064335668,6912.281793780871,10.416843453360418,6916.665788183456
19993,7036.064631231466,7038.1870100711985,13.281784502668676,7042.362322264111
17118,7048.341476445526,7050.510708367097,12.049443464382788,7054.707602324203
13834,7068.174663283543,7071.047013568225,11.292979510271923,7075.720573568795
19938,7162.15391013352,7164.413083391737,14.079755123145757,7168.349474650369
16948,7216.215503712228,7218.218506424694,13.234778143118628,7246.544450761932
20393,7250.820182321454,7253.340165147195,11.120355848063378,7258.156482882515
20334,7253.135576170487,7255.393228837495,10.809341319982295,7260.035560832265
20360,7255.119836862504,7257.372926333787,12.977374567768708,7261.879304436193
20388,7256.955680366463,7259.274860859953,11.945533190111105,7263.920905091129
19354,7275.064847675542,7277.240672998739,12.143284467261747,7281.6383051244475
19319,7276.840879496819,7279.055981762211,13.049098403521526,7283.283163663379
17149,7383.684220631094,7386.199272130918,12.217324432194296,7390.434437226562
17167,7396.686018743774,7399.348222228285,9.597941110114487,7404.587264405734
20394,7434.284019409451,7436.4300410111,12.640925227942393,7440.543977978137
18588,7436.147367823937,7438.325619173225,12.498790382996539,7442.677320025861
20413,7437.930725353452,7440.211385757916,11.457510394185725,7444.6667100591685
20855,7517.840201732774,7520.428907524794,12.809111355147996,7524.487292425596
20893,7519.81600541263,7522.099323595708,12.314902977514457,7526.374866988246
21582,7522.083273350034,7524.321301440121,14.159968562905338,7528.0
17237,7563.850233246906,7566.390173095211,12.571380392550436,7606.781957382585
16726,7565.886045489817,7568.387301312143,12.345938291241753,7609.644647277585
17219,7567.910135304407,7570.36748657476,10.825795552141415,7611.853145921223
17132,7581.689724495717,7583.57317973929,13.912309562782438,7614.0
21455,7622.967649930341,7625.100676467355,12.048612189245869,7629.368646170152
20433,7626.06466328258,7628.368306903103,12.067714841507065,7632.891107200663
21533,7627.926965121258,7630.15232267629,11.670384497621399,7634.566525447156
21528,7629.686102380281,7632.002281037335,11.760811464954115,7636.346163879193
20813,7635.099770634253,7637.441432155912,10.51403668717966,7642.3907468455545
21537,7636.875005982964,7639.291526982274,11.85186837294969,7644.270373091983
20804,7638.7151306025935,7641.144031026516,10.565885950709552,7696.300242007571
16720,7642.14627203204,7644.100904893569,13.257401339100406,7698.821052177006
17025,7653.8918953266375,7656.271429084796,12.900789623740764,7702.785378625646
17861,7656.0041115975455,7658.356877074098,10.86742886833689,7705.0
17121,7657.806607316939,7660.27219516515,7.914746798095673,7706.700980508202
20381,7702.250790525057,7707.108358217922,6.094948319179493,7712.538638761695
20852,7715.280623070567,7717.559322287151,11.558910862109531,7721.860194890766
16733,7717.079405152678,7719.410116317423,12.728612915525812,7723.664320406684
21479,7718.870282454196,7721.098818213766,11.35295665470661,7725.2659330741835
20766,7788.137517496763,7791.031068910711,12.849595577521386,7795.181751347629
16742,7811.174016518949,7813.531302808956,11.459390197885835,7818.0
21532,7812.908088490469,7815.334626384482,12.27297348112184,7819.7544816730415
21541,7814.858421245559,7817.149032142152,11.556005607848798,7821.782039407868
19347,7822.960800094017,7825.12059352464,12.013642600908149,7829.552561866804
16751,8103.553205752902,8106.150582683161,10.570323017120856,8111.0
16754,8105.867347963886,8108.242694480277,12.070421286980416,8112.739448332189
16753,8117.678140132198,8120.105760177517,11.54162765795658,8124.888140257609
20784,8148.256773549737,8151.17436396534,12.232464251843862,8155.324166082961
20865,8164.259170213147,8166.56356765404,11.609727991308127,8171.00823441761
19954,8166.969351345035,8169.305208178277,11.812332436342427,8173.918137603477
20410,8168.718494024141,8171.00226904444,10.439266134323578,8175.689427699775
20016,8258.73215352994,8261.256909453106,10.827672684759241,8266.0
20376,8273.19850514389,8275.275692306373,13.04646829950884,8326.55606234774
17135,8283.968351563382,8286.492399284429,13.158672474814388,8329.0
20011,8346.515490366057,8348.51863155495,13.435339433729858,8352.597033734566
21469,8350.074061510772,8352.110600586086,12.952600847219951,8356.163795437915
19990,8422.782340385778,8425.116877986735,12.49599030716823,8429.473284383113
20000,8443.944016292164,8446.06567965173,12.64787014403001,8450.330229639123
20919,8508.17919754236,8511.007993130313,12.667557086206562,8515.0
19317,8867.856156984564,8870.347058440397,13.076053664358337,8874.587079123543
19289,9062.18878362909,9064.154360292487,13.48706847593037,9068.122324501343
