1301,158.86448279878005,162.54517380900302,11.278012939482695,181.56679553931997
1311,260.96462514635556,264.3480918034066,12.339143924249512,270.866135873094
4380,283.933382626359,287.3083675471562,12.339875463641242,293.1416913772843
3518,288.4980787960698,292.3380839207952,10.714578988200016,299.1384175970134
3484,372.3413047774624,375.2608925212128,14.561250278067314,381.15387586046046
1319,505.30440598252204,508.54378388565834,13.647041821520753,541.6120920438193
659,633.7704971523029,639.0231117284221,7.888141801372134,648.2977074556034
627,635.938918515858,641.1327025934653,7.953284524282179,650.4148947553197
623,638.6176754448417,643.3694923941711,8.194569881168281,652.3408055034215
694,640.6347859202548,645.343259928925,9.295844422141926,654.062725789249
3485,644.7875052222682,648.1003323388326,10.29932163926522,655.7699865887217
1348,678.785375370026,682.3830391625451,13.064287670172423,722.8426396238042
1356,782.4314894112775,785.5039794609428,14.139596319186294,811.4330998216551
647,815.8157369563003,819.4296057097171,11.941208975107687,825.6108837571497
664,818.0918635075349,821.4094536727372,12.85217157685947,829.0030065800407
3503,915.691315717665,919.0727263288161,12.220893749210141,925.0998175118532
1209,919.3563418871097,922.0547668151003,15.834907888184922,927.0419393575814
1398,955.0618609626487,959.2117467073458,12.19029731771698,965.5535896753387
3514,960.0355736819239,964.0356608501702,13.6564988046734,991.3372681976773
622,998.2052857131986,1002.055827844385,8.851060720426188,1014.0919230738268
745,1000.1058847708513,1004.1208916121119,6.496063796532289,1016.222150295177
2396,1040.8231107264894,1044.0791613079884,14.263219855764605,1049.3821724568127
2411,1047.2724916133168,1051.281203227879,12.648665388861032,1057.2688771505736
1598,1052.124004758615,1056.049145048968,11.899204520043474,1062.4555322314652
1362,1058.0726814461736,1061.4847101004032,12.337773448893492,1086.5047935062053
1397,1062.1434630618146,1066.3025313274843,12.467304483508773,1088.6835821086374
1692,1064.7003669218866,1068.5287342200456,12.343636537158053,1090.699099710514
658,1172.1131217850555,1175.493222777983,12.820895778691462,1181.9435492889052
3481,1218.1316291702874,1222.4859452144926,10.246463475390945,1261.3073281828133
1322,1225.0264600545354,1229.2807325809135,10.766770677270861,1266.5701763596533
1324,1320.480240142219,1323.089135604036,15.61435947941118,1351.64148695178
219,1412.6187554685066,1416.3227382082416,11.018013518491399,1441.3385156861743
1359,1492.6720588418948,1496.4619077151053,10.56891191691284,1531.467874023774
652,1533.7203296399293,1537.1648749574483,14.557606854237184,1543.2185535291192
1780,1581.6453263470041,1585.4725655075006,13.149040703491305,1591.2935496367252
1410,1588.276221844297,1592.3562634611974,13.672048273739064,1597.6894070946387
2480,1594.1951657581126,1598.1349343969614,12.671469130165798,1604.0203658491146
1358,1604.2038403005085,1607.104493867148,14.611740013478059,1624.6536294350842
662,1625.7831140128617,1629.537978521912,11.829599586396558,1635.7150230561244
233,1650.0553446847034,1653.1777153661944,12.67376683570207,1713.9799577514227
1330,1677.177101945702,1680.61425805658,15.442321811918609,1720.0885154667258
223,1713.5856516993235,1717.1807571485363,13.12709886587316,1727.173458058272
643,1715.9632907388248,1720.0244573853468,10.052441683198715,1729.8722614957735
668,1718.2417426102816,1722.3596768252503,9.954529228771916,1732.0677311796824
476,1895.7098753696746,1899.1895855362866,12.36733561228947,1905.0879566419846
6837,1938.7872647361414,1942.3926224605102,15.246899850688992,1981.3358641140246
606,1983.879241000776,1988.1083732297943,10.268323157104282,1995.5990785312633
224,1987.7714390986341,1991.3470021540613,12.101907209606143,1997.6859698943722
650,1989.6530303342277,1993.1554998842582,12.10122388305957,1999.4620634885139
6848,2042.6755192735457,2046.0964014976676,12.311460741222247,2071.374820089362
6145,2321.232021482602,2324.569155354191,12.963736285480984,2341.669322239006
7639,2394.0554739971676,2397.419483811535,12.933892808825117,2433.8288932887626
6120,2433.6940649949415,2437.1649470393795,13.212216843441173,2442.7185567463735
5732,2526.12201735404,2529.4598702142375,13.370435686270145,2535.1247090001657
5730,2532.1271096971213,2535.01871338417,14.743912863774439,2540.236470592114
3496,2576.204099090747,2579.5734979960444,12.283572735237145,2611.446412485641
6182,2704.0884241725053,2707.600286056987,14.852976217580972,2712.7238183602713
6122,2706.0326785735624,2709.4742959095597,15.113823864552238,2714.5496364585892
5731,2708.076614198228,2711.5766475319965,12.453058478754286,2717.8462447873735
5727,2709.954826335347,2713.360475390422,12.664568080275691,2719.6526921107825
5759,2711.996115235354,2716.120882922022,10.947946807929933,2723.1988832987963
6141,2798.3363828291567,2802.2460618065193,11.049567160914343,2809.49030958744
6137,2800.3017858307653,2804.139678667013,11.195093755931664,2814.2984678701073
6131,2883.8088697023386,2887.5395180803357,11.459782819888177,2894.137223531576
6175,2885.671304247214,2889.3935207856516,10.510960871841764,2895.96939890821
6816,2955.316933551906,2960.3747520578127,9.070637800203588,2979.2443054280766
5729,2973.8316836927947,2977.4110119429583,13.23402545137468,2983.818051795821
7619,3027.295450852566,3032.1832601167594,8.69503454230443,3061.4453892054294
9414,3030.0833440390957,3034.3410447711453,9.905993277230063,3065.7745318844873
6846,3035.4897981387844,3039.3073310192262,11.010361249181365,3068.8876734906453
8991,3037.3817250081875,3041.2225589212776,10.812459742728121,3074.705834146705
5734,3039.3219123901968,3043.2597469503203,10.863862543597824,3077.186745582016
5737,3071.788832799706,3075.527159333907,10.969588201588344,3083.1362154365233
8993,3122.135106802108,3125.521170994671,12.692266057929858,3154.36094207297
6809,3202.3414581524557,3206.2839543862897,11.5791520052674,3241.4853809244523
6148,3333.740762498459,3337.454670348586,11.386393644984148,3343.737168303269
8992,3423.9700080151947,3427.484809925643,13.205450919386001,3433.302631938952
6163,3426.293875387259,3429.486330674254,14.313031913037412,3435.6838829344683
6134,3428.60093119358,3432.4657280621786,11.221529194115515,3439.286199172006
5742,3430.474472505672,3434.2632765984463,10.119089015093131,3441.0413462413417
9436,3432.8807919710343,3436.2474996283304,11.565487671633338,3442.6661127518737
9918,3455.1558393174555,3459.177644109829,11.010019233995857,3511.7450014216747
7617,3490.9829123159516,3494.063894068518,13.197665605620099,3517.4428173635783
6161,3517.7464526254307,3521.589050312051,12.251300086516556,3537.075715653905
6111,3519.7816329905136,3523.363527171339,12.722945736982584,3539.847535911084
6139,3521.650907817254,3525.1055226791123,11.673992468836712,3542.3811431245567
6154,3523.5597156045933,3527.0382999009385,12.697987051504418,3544.432504609075
6843,3560.8367789096665,3564.556585911632,11.641774955224541,3601.491575194878
6136,3606.188678630242,3610.0033935807573,11.65711892312087,3616.6854470975863
6167,3608.341861973895,3612.048813107189,10.930697473384482,3619.3561205768633
6902,3652.8616412718934,3656.2215538235396,12.28294723670099,3691.485283682421
7347,3759.3237066555103,3763.316237441861,13.607464029234167,3790.1377759951765
11612,3880.3105080274454,3884.1017399932775,10.767145393930644,3890.8625689905366
12350,3920.8721951051257,3924.2741205271795,12.891666833539272,3930.139735400033
12212,3963.8763147261616,3967.333777442743,13.869331498184561,3972.875800726527
11677,3971.5190305598935,3975.181618230456,11.123594548732855,3981.934449529759
11652,3973.315740387368,3977.0685374432874,10.856724650405056,3983.8401374033
11640,4059.9787993226446,4063.284540043784,12.3043307231169,4069.2331070968044
13140,4121.331786904579,4124.472108394924,13.829991825161581,4144.167328837198
11629,4143.8270958354,4147.351124139067,13.525793824454095,4152.73976019445
11673,4153.398409372007,4157.106281978181,9.463288680225897,4169.564360207981
11434,4233.8611947369045,4237.2774620077325,13.385452104626472,4242.941862153827
12168,4299.99834262783,4304.27101087253,9.666169085549102,4324.135287021067
12293,4308.545764691542,4312.0818247006955,11.959558838904911,4327.893678543602
5720,4328.098845066389,4331.548658341646,13.273592013758904,4340.548762851861
5746,4329.879897411872,4333.331946772502,12.926423298744439,4342.558152023414
12308,4376.754948637672,4380.13355833343,11.943748621317315,4412.813386066594
11668,4413.535593668095,4418.247179242586,8.798814599192449,4426.603768763644
11635,4415.606013445945,4420.311915936522,8.918994720991364,4431.112353874884
13299,4523.153180675957,4527.1152404775075,10.486261934985599,4534.418452567409
12789,4525.714724998537,4529.206229083546,11.89205436020935,4536.301021663785
12425,4548.588841616467,4552.252244512999,12.642733208022047,4558.132660480838
13524,4561.269490981989,4565.375115386649,11.841891802346815,4571.518778024628
11648,4593.831029611177,4597.365859058414,12.876308993697942,4603.094438404937
12358,4638.41044867881,4642.320147095929,11.178256435483762,4681.328518145285
11611,4684.001979098487,4687.475599239732,15.245206374598189,4692.290926881858
11642,4688.230778513344,4691.279217335804,14.985174632214333,4696.1588429461835
11631,4690.214857593317,4693.434433131846,13.836051455676307,4699.964257453346
11301,4692.241775110729,4695.390509485927,12.722291847884655,4702.05565378483
11628,4696.138027603064,4699.591679410856,12.570543083289143,4705.648222134856
11639,4697.828585956589,4701.402507055726,12.122587472007348,4707.544646404092
11638,4775.999755759551,4780.269189828309,10.598942211920276,4787.905006871203
12326,4818.600432838151,4822.289503430671,12.839417393148425,4828.016311262405
12556,4829.915775737735,4833.371984412241,12.336449624666445,4839.393236214431
12664,4834.312636867545,4837.523209797985,13.645728341714198,4843.095330648519
12385,4835.999882811184,4839.131785768993,13.839830287840792,4844.794991785668
12563,4838.002570219224,4841.295700588901,13.245415092113271,4847.077852006521
11729,4839.921695024413,4843.1158022608715,12.458744650545313,4848.921147841316
11708,4863.584004201986,4867.294783601348,11.500480405965419,4874.050936628866
14507,4878.297491506496,4882.066886306205,11.101423504577234,4888.610022462259
14514,4916.3934094931055,4920.284050555166,11.782196898697794,4954.027243690277
11655,4953.905048409299,4957.537991357655,12.650860412757545,4963.754093832859
11211,4964.588902548867,4968.265288722065,11.009253696794834,4978.480926547034
14495,5002.695761403436,5006.185235124882,12.097547161150105,5041.435460177099
12139,5119.865981802399,5123.487789423511,12.530231793830728,5134.914920668693
11689,5134.386262557456,5138.424818573077,11.652447696392759,5145.181528885936
11676,5136.326993478807,5140.223003689865,10.736913477922188,5146.869031036467
14924,5178.321582901179,5182.3409503671655,11.977822583385905,5221.720559342194
12363,5271.126442066401,5274.39419062664,14.258291012030217,5311.3513900228345
12295,5277.291507023697,5281.408195717482,14.554774490658497,5314.112705223073
16103,5292.569860563534,5296.211597442364,12.350020177137708,5318.492655558523
12339,5360.795704392317,5364.33011534572,13.545028036863311,5403.664854945252
14923,5610.233671659402,5613.565120723502,12.5000820352097,5674.28508037163
18239,5726.236556742484,5730.24133261336,12.553921160701707,5736.400097355342
18616,5728.679999559026,5732.529704227244,12.346405996961279,5761.666675236018
18113,5735.171392002038,5739.366383382327,12.727084043119442,5767.219416082701
12298,5764.506636470357,5768.213057560474,12.349525052062457,5778.432103094005
17195,5766.533860745259,5770.03300021858,11.870801991647257,5780.342590175322
16993,5768.47611667259,5772.190257757412,9.426497200343848,5782.384337991379
17123,5770.518038987297,5774.272247213416,6.91481180879657,5784.2747238828815
17854,5817.313344089665,5821.389600909454,12.400128474078276,5853.903279757106
11743,5830.195794548364,5834.300515507949,11.907685851236655,5865.111782414402
17802,5842.099359057843,5846.032339360771,13.127506193308951,5874.282607834146
11627,5847.960769417331,5852.247164080746,11.58088185185106,5879.291783400649
11222,5856.681953966514,5860.267349278957,10.294585404253425,5921.462192981995
11660,5858.625076377287,5862.404018275145,8.485578657020442,5925.027662180639
17798,5943.898872092452,5947.499153122044,12.822171390518758,5957.0530988283435
17832,5946.02087544308,5949.347673968694,12.583546254557438,6031.3403965174375
17874,5947.924995551152,5952.001762058508,10.724976509127634,6034.433726779484
17627,5954.158834319396,5958.0241590267,9.582122237441931,6041.03522369112
17200,5956.089203739134,5960.067446988543,9.77299966995289,6042.88192706973
17825,6004.523439679261,6008.479426251041,13.743444263273894,6044.644282066732
17136,6123.740661447099,6127.5243536257685,11.807446578700143,6133.915070471236
17799,6202.032409428296,6205.384695361684,12.496980411545131,6211.294517133545
17680,6310.991883430197,6315.14751180737,9.627243557225917,6323.427471258154
17803,6312.868815295851,6317.14491563664,9.706737144931177,6325.458639067849
17698,6314.991725771132,6319.207470561137,8.666687632739064,6327.419715280444
17519,6316.813405523456,6321.366960576029,9.41157467481423,6329.420624697997
11666,6318.920564457654,6323.3435284305115,10.406170609032827,6331.503662072899
18228,6320.935394747416,6325.226785255293,9.629709987814847,6333.562921650094
11219,6322.7972529653,6327.185095624758,8.60874985190811,6335.362357161198
17032,6324.869002836839,6329.259493375172,8.4919560653773,6338.0122959702
11633,6326.950234764947,6331.368570389971,9.158432044302588,6391.4444752523905
11250,6348.357696699864,6352.397754013857,12.087704566308574,6394.362640472384
17833,6351.095949154225,6355.127499227116,10.601730159104925,6396.894021217529
18387,6353.160773641882,6357.133191551117,11.185842653821322,6401.2038264815565
17933,6355.106386626849,6359.008832554264,11.068206992017997,6403.684878893721
11661,6357.858536889616,6362.053466443623,11.240992639826622,6406.102333737751
18394,6365.518534272799,6369.454274163281,11.312854439429879,6410.015234659906
17700,6412.791333492217,6421.112757979854,10.004297920439548,6492.922115701911
16981,6415.92866610578,6423.182883085248,11.065252069648059,6494.670126457521
17139,6418.758419677504,6425.116868546437,7.865267989778635,6496.451863583259
19996,6533.72054607971,6537.529238501722,12.590464982778474,6571.605115786756
11237,6576.178010401311,6579.579376411561,12.828008293889384,6585.362492556753
17151,6578.152136822557,6581.55528170099,12.44231835674662,6587.511384376055
16747,6631.401433024424,6634.1555473981325,15.513552377882649,6666.4587651995525
16737,6724.774441594665,6728.121431618624,12.640142924838672,6752.494371716586
17850,6737.81671214354,6741.245673132947,12.612140658945536,6759.815362503569
20417,6753.7036387889575,6757.254551776833,13.821652534377113,6762.815546483401
20915,6768.7626581914765,6772.364169595474,11.305946618464423,6779.0025592362745
17835,6818.770883520042,6822.089026929302,13.360404989375084,6841.705601474637
19993,7025.763818659198,7029.057955953107,12.768053463796662,7035.023397024605
17118,7037.840542756644,7041.235516051921,12.613104661152459,7047.227709155902
17129,7131.149055466785,7134.5195162931495,12.454569717854742,7140.571864332269
16948,7205.899100520378,7209.377755218538,12.796500147334294,7215.166433311381
17622,7356.49411647082,7360.457227506163,14.031180359518274,7366.006554700804
17149,7358.586394047242,7362.22011971451,12.680237574994441,7381.429616403222
16716,7368.125931600193,7372.01610943653,13.33450989876336,7386.722094129733
17237,7531.040773292601,7535.176625605393,12.983838398990075,7561.523268054652
16726,7545.262277528515,7548.5819442781385,13.406205327877766,7564.206155657736
17219,7552.20112003423,7556.3669594281055,10.727589108353696,7566.470852117581
17132,7572.331931787009,7575.336135511487,13.412080136119501,7580.7536855216795
17025,7608.745819439897,7612.387626981842,12.039037069174876,7651.744335322573
17861,7614.834765683667,7618.539157026567,13.313771764478945,7654.320080750329
17121,7620.705256950656,7624.588159280692,12.62656938913821,7656.458134508449
21618,7698.795040443577,7703.314786114379,8.529552520077475,7741.469651615685
17683,7878.959919966136,7883.008705880374,10.37844172755244,7890.162081920396
17217,7993.020179527046,7996.291777972622,12.441770295933534,8019.0696709779
17174,8026.87960537002,8030.4759098116365,12.77312183193975,8036.279074899844
16713,8028.770505590127,8032.363860300742,12.687749375147956,8038.555839707429
17927,8030.487507635993,8034.102538807381,12.429145187487816,8040.237687560706
17888,8032.6139124042575,8036.194752496663,12.592944227837163,8042.44707645624
16751,8040.457304078013,8044.452416015546,10.16186302601327,8101.4066646457495
16754,8042.282929696924,8046.448501498464,10.283432914470128,8104.1270128773895
17629,8076.10179281769,8079.223843714351,13.64687384323751,8114.614616375311
16753,8104.177908140672,8108.20381541627,10.757234327189542,8116.521202593998
16748,8106.2092388121055,8110.207115563599,9.357803226894523,8118.376552161332
16734,8463.9098932812,8467.42326290836,13.232071625237216,8472.909301640513
20012,8598.230392878022,8602.337631617724,13.274854147949544,8641.748033070762
