743,52.37959925295724,56.48037153233647,11.115854152063413,91.63110605855692
514,54.30882111276449,58.32715665269907,10.292077856276823,94.77157912465442
1097,56.17790185094598,60.240167441688335,11.638894466155103,97.06525020472785
237,61.27931949646879,64.49985207471771,13.501829399686924,101.70393346889877
105,79.30576556696856,84.26441294726783,9.28521865023071,105.78757201886263
147,118.24828955772588,122.10495678035512,11.006191053691003,128.6109905934597
469,143.81803870541316,147.30630497691362,13.024235554242901,191.28385871320577
1089,238.05237593438957,241.03489457900602,15.015178259476563,274.35166683063625
206,251.75966475789033,255.4920036460129,11.765821960131445,281.89826825866487
180,254.87009736699227,258.3924111946975,12.6936809376847,284.01311624225275
85,256.72541057701835,260.1100791462913,12.4702317917771,286.0931551959934
173,258.77322670058885,262.1245061187654,10.730230408910145,288.26558149352365
684,320.067018410611,323.3254980408293,14.321467484874955,361.8456062734315
1057,322.10980520481075,326.2550617225691,10.805676920368107,364.45119071696996
249,352.7102467973903,356.21238903366736,12.341649651459374,366.9933989144819
101,385.15594193355355,389.0483617818057,11.820484426954252,395.5444144403381
501,504.5368817539607,508.04473002676355,12.079692688358438,549.2243002012849
433,506.37910505053753,510.0850400582787,11.376959093795302,551.7323303531159
1018,509.7602041150773,513.269916874043,12.857068263750387,553.9734850781186
1036,593.7556315706894,597.0489742633679,13.182414547879237,634.5183642229985
688,595.5683285225115,599.504832082379,11.048520828551878,636.8431505497639
92,678.0345533589598,682.1074611208016,14.612547465668644,723.1723657426212
442,682.5205327241799,688.1246701591821,8.708743317668853,726.224827727366
269,729.7820393133144,733.3109593354353,13.104188945381987,739.0364447182268
1090,778.2662981416931,781.5862054898668,13.460588975982855,820.378744287784
80,784.5451186927837,788.1291325589854,12.432713584763803,823.1764706433228
126,816.7823206262846,820.142464381087,12.90712195667267,825.8000384299186
1033,860.2215436633373,864.2027475846414,10.978004969626783,901.5800106958707
17,907.4523386828432,911.0889915209264,12.053718972780596,917.1371886321972
411,911.2254612909487,914.6336838815077,13.702864971877451,920.7762058187029
227,930.1231483912136,933.0348871809441,14.758579947110062,938.0977134786133
164,995.7388660125002,1000.0234724948997,10.383332880082415,1007.3529009873438
456,1046.2160388723796,1049.2595756386413,14.863057321559529,1081.3803163821597
479,1048.3820967645088,1052.3717563798366,10.748214458167169,1084.1393220613238
489,1135.8602382206775,1139.5208857853074,11.814841905910855,1176.90579062868
1053,1226.7159755497619,1230.4541130353107,11.715015152040248,1268.6175789975462
203,1232.2532923467636,1235.5381804886888,14.158800620772988,1272.748785753604
153,1265.4419076383065,1269.041393824971,12.081709942832703,1276.148885854163
724,1315.9788317146024,1319.4852535424943,12.762650610842938,1351.540838167168
187,1355.7125530619337,1360.2436205845954,9.79987308801033,1367.7786015504003
196,1360.3019949628288,1364.0862777708098,11.159891519682885,1370.63282175454
223,1362.9525193195277,1366.4360692837563,13.072487280938184,1372.461849966177
222,1385.8002224848594,1390.2038443299914,10.249567989069849,1441.4030536861167
157,1415.8710939449816,1419.5333033009763,12.301939875551868,1450.436084676742
127,1417.9752017009084,1421.459674765053,11.259807313632395,1452.9205834537945
93,1458.2883901742312,1461.601121034326,13.205072430538197,1467.2274911802206
1115,1498.5526413059395,1502.1881094074622,12.203262033671505,1533.9478157515027
211,1535.3177002236525,1538.6248305361062,13.415141270035889,1544.1559786594744
529,1579.434401933594,1582.5425315777923,16.31203488708419,1624.2031329594097
160,1595.9101780596116,1598.6919449761378,17.45118374963797,1626.4066687192426
292,1627.511932253359,1631.3163581536548,12.093435836580104,1637.535438098505
75,1668.270452680851,1672.401250976587,12.585397711978263,1717.183947689008
1043,1672.7882964642076,1676.2086229854153,13.699237204129368,1719.4806047709437
102,1721.7173986408486,1732.0142516690141,8.845381882684583,1740.0812166277115
139,1734.352096823519,1738.0390525438536,12.491398482277685,1744.0866244246356
710,1765.7568363409762,1769.2439634859677,12.270049170753413,1806.062628551353
144,1784.1460174881797,1788.2925408718597,10.196129048479603,1811.8499671611141
5788,1819.6559766279886,1823.0813902963966,13.234129960806536,1828.7696398911069
5617,1883.7165754578432,1887.1585130363808,13.32769838415623,1896.4789929615158
6591,1944.042452968581,1948.1936618237626,11.033350868240223,1981.5450659345004
5633,1954.3408268768303,1958.438838555466,11.414990300653704,1987.085919485272
6209,1956.0656346837966,1960.316205087245,11.095193928723656,1990.6944259463505
5959,1960.0233944149434,1964.1539105909462,10.886325633904217,1993.2325307637605
5753,1989.97842277223,1994.2915455060997,9.902759146322573,2001.8410203403246
6565,2041.6862892526508,2045.374616378328,11.502667076160542,2071.5727874139848
5977,2045.5128693937438,2049.1621464442014,12.778848716558882,2074.1652267107834
5685,2090.57219526883,2094.161458313201,12.668546878195784,2100.4968238909028
5999,2120.0102766530945,2123.488861844541,12.877383769064066,2161.4044071064104
6363,2125.107851283123,2128.188903733313,14.407455751040613,2164.1246101782067
5700,2138.718466779433,2142.352393631045,11.857441667405551,2166.1455753025566
5634,2140.4938395051595,2144.1813541000256,12.600473067391471,2168.2726618247225
5762,2166.5045402142,2170.3538763785045,11.799653283768576,2176.6965929609337
6550,2219.2164274691913,2222.374545949356,13.977027578960751,2251.5959697092903
5635,2255.333501280893,2259.171800709343,11.982188870710056,2265.3992463565382
5632,2311.119851903167,2314.252300757964,13.590138858853049,2342.7895779943033
5696,2364.241031595086,2367.086229599469,15.606420722777125,2371.7932737128763
5757,2387.9457619958516,2392.1087185288684,12.491390828607091,2433.4301730577527
6598,2399.520529905598,2403.3360811932384,11.723819886913159,2436.4600955904193
6012,2401.4579053041302,2405.127735330001,11.642490798780427,2439.359125912038
5971,2577.1179327795007,2581.0688699703815,11.560880394626194,2611.464374930047
6558,2582.596950372173,2586.1886354272706,12.625759831165643,2614.1112905557984
5979,2584.467653089313,2588.3693983901912,11.972783252527341,2616.3744522456714
6612,2591.2250940893955,2594.287053216532,14.345518339919549,2620.3237065615226
6036,2659.60045415369,2663.4457687006898,11.148689401181617,2704.0050823495867
5734,2686.131581877542,2690.212951426718,10.455119464825762,2709.872845348114
5606,2707.2389579151186,2710.4621639683705,13.801359680181866,2716.9723716408434
5806,2709.5604735021566,2713.2007916299267,12.1185601020124,2719.8009212436964
5693,2748.232731194979,2752.478510746602,14.011003621966406,2792.244308358725
5722,2797.986821360038,2802.1642458654087,10.406400176549036,2809.093746286084
5576,2801.7329892494604,2805.4754243753073,12.05505884226966,2814.004218822649
5630,2837.8776331053987,2842.4225063646904,10.429070474251045,2881.541034770166
5992,2846.3342614197504,2849.6097591233697,13.881440878846059,2893.345164026791
5683,2854.7893082577116,2858.5023634107174,12.478131590148562,2895.6495845815643
6018,2930.0839694126707,2933.591630165997,13.59969839603936,2975.042414566622
5755,2948.5212881624066,2952.017630617486,11.877303173067537,2980.3060091490465
5541,3006.7987098366098,3010.507726576844,12.163875341390199,3063.9633792325776
6257,3020.432750983122,3024.24024726996,12.163217166865312,3067.073596940643
6621,3022.4314359083837,3026.0890144160853,13.101830158118597,3069.3928274576033
6559,3024.224561073683,3028.063577353325,10.928043192665823,3071.3429143851645
6015,3027.9059783719385,3031.269085014079,13.66391501803345,3074.0261131193474
6007,3115.5081685653067,3119.112740205218,12.879929323895166,3154.4984086310606
6462,3308.3931451878775,3312.413931186386,11.512448541953496,3336.479795211616
6480,3310.1756694065666,3314.200150504877,10.751384123671562,3338.4973940807918
6525,3311.9538230964768,3316.1011613445357,10.632088806344969,3341.178756718686
5577,3342.4629555860915,3345.583845119165,15.213950397249018,3350.6525014961044
5565,3344.496750032239,3349.059696193491,9.371585881421163,3356.939180643795
5894,3350.249196328216,3354.400540602063,10.415983693381852,3361.271091713708
6235,3380.4714874259494,3384.0435664458714,13.12734258440671,3421.3509897608174
5695,3407.910579762978,3412.047635745221,10.230244915568536,3426.2607372974744
5589,3455.8590025935955,3459.5142242979,13.274931570060398,3511.3113070457475
6180,3479.5197444457303,3483.0226552823588,13.340002386230896,3513.956023131341
5614,3555.3466817525286,3559.0270516064274,13.773240037649693,3601.637952860955
6017,3572.92745910653,3576.5674633081326,12.576369109299325,3610.8721656618573
5694,3576.613187023843,3581.2450211789214,10.109395532986996,3617.868224060337
5962,3578.3396210812143,3583.154405919627,9.816039631571195,3622.0394334273815
5756,3607.4397968212197,3612.0296333034066,5.987897142094574,3635.199001750627
6267,3650.166723871491,3653.58881982602,13.283799633849885,3697.3001886752054
11706,3653.477178541527,3657.063451938616,12.18342228822044,3699.7732187238994
8850,3661.938559982454,3665.3431323607288,12.573046497659394,3701.9070093197047
9297,3664.64269288853,3667.4730407763664,15.065278522346068,3703.752345284136
8838,3670.3885896552783,3673.386907856921,15.113204732133958,3705.7473311576887
8848,3678.171915363542,3682.37646397256,10.830269807765093,3707.898273042609
11734,3739.8917425307986,3743.2196905081555,13.664021514277637,3781.6917068234998
5596,3743.3445220050057,3748.154818186695,12.933906254045532,3784.8328492946443
5793,3764.620340131405,3768.409823013239,10.271357797537515,3906.220703905304
5511,3768.241295688397,3772.0907391917794,11.689268399876996,3908.418083022766
11221,3798.6614438124866,3802.3743549159462,10.843337950982061,3974.243999573866
11301,4008.2344391325923,4012.482692801073,11.716934376652961,4238.556918481917
12452,4100.083029393004,4249.0633811175685,7.8499465140609805,4262.893207701722
11524,4117.229649116853,4251.2093981248445,9.610444032580498,4265.720454386985
11707,4123.743969309771,4253.189136913556,10.739987992752695,4268.010397833131
11033,4126.044190422696,4255.119104855094,9.809637603064209,4321.885785097561
11263,4252.710692548095,4257.145585328948,9.70086490301849,4324.292270317754
11038,4278.147239920239,4282.367459312427,12.077853111905913,4326.589207082404
11457,4280.428177535328,4284.219007188711,12.530311128562737,4328.806216158921
11045,4286.186386199945,4290.3377965850095,11.758414239721988,4330.726019943301
11243,4288.222259907539,4292.272348352434,11.771006413446674,4333.189278888667
11515,4290.328565514154,4294.128305164559,11.079175845001014,4335.163332561251
11267,4297.840692548518,4301.455245813354,12.119442205256242,4336.870332013371
11175,4382.721367785509,4386.210793662055,12.218470261186212,4413.7738888499825
11131,4384.491425254718,4388.05927036516,13.330132969440248,4416.111892001452
9665,4581.299608672491,4585.5027921285355,10.924897865053973,4610.294787570132
11191,4685.631881033533,4689.409646194132,11.069270682118663,4695.751646556404
11093,4687.482338136238,4691.197298925308,11.78761392698033,4697.616315352227
11218,4865.138015676809,4868.493848459043,13.379620329279488,4985.7140208847295
11022,4870.368280988348,4873.19758956943,16.391727964922232,5062.351653668441
11354,4876.733672380339,4880.383992320955,12.024793302746453,5069.564121167446
11228,4878.492102411242,4882.1980341134,13.424870335179765,5081.369175351036
11942,5123.940023417737,5127.028394365754,13.78347218069696,5142.828290449978
11419,5178.699123510954,5182.58967046066,12.837750071042562,5226.447129899508
11206,5231.193508432441,5234.525696271087,13.793102774589702,5240.8871592927735
11204,5232.960798498811,5236.21431117133,12.843726976145131,5242.697060520379
11518,5274.720153062858,5278.217130793815,12.736992192106428,5314.322149574535
11006,5277.689251996627,5282.01667972732,12.962600524766167,5316.690723367944
11053,5279.767282186113,5284.231759624194,10.683492471966813,5318.924581512914
11027,5281.866193565725,5287.13583772956,8.78272541614432,5320.909382735686
11403,5283.891376569305,5289.069801091898,8.93317484666427,5324.841156484455
11500,5376.546013698568,5380.3315937747775,11.847293375986695,5408.859116926898
11137,5415.756570552869,5419.485385371566,12.486183367123914,5425.828922332189
14371,5447.989251573231,5452.400577123866,11.59614644971526,5491.729634154785
11019,5450.0938988563075,5454.216134192827,11.340539225222795,5701.704509231146
11162,5452.039241055004,5456.092961802841,11.937951134802859,5704.34237741725
11060,5454.7214615674575,5458.313487467041,12.525672387878524,5706.486378570457
14377,5456.710924413851,5460.122297945559,12.366168232477138,5761.371924210914
15233,5463.750016462617,5467.333685642871,9.229798583392382,5770.81196747904
11107,5468.1471527961485,5472.1397834666695,7.08141347856269,5773.198897842698
6993,5816.5096366037715,5819.595435752668,14.695760552738815,5889.270775690362
11809,5818.17460337954,5821.300699432689,14.431605047389715,6031.319312416324
12449,5832.746167529408,5836.302219938223,13.591010159370715,6039.114597151295
12516,5834.772310338475,5838.369541926969,12.95411693388367,6301.367913997924
11765,5836.652921108761,5840.4147524364025,10.294023672600076,6304.409296211926
16735,6053.818040124784,6319.063394609047,7.947398969621136,6329.203918497921
16746,6340.368994089232,6344.243787038052,11.839553184807572,6481.716646914416
16808,6605.618110584934,6609.123909570879,14.090897051354318,6661.565082299372
12115,6619.963287175328,6624.292130826231,9.896152128227248,6686.113209111031
17385,6622.0382717684015,6626.320977622319,9.994180428447887,6863.868157431087
17372,6624.066800789539,6628.246904348465,11.321121715326466,6881.39909976718
16977,6626.022965245786,6630.1488789468085,9.372808893071376,6933.479000160721
17028,6628.147960830725,6632.313207586501,7.982321938319819,7201.786613172157
16890,7505.11355038226,7509.16091408736,10.737925648869014,7582.41164475743
16799,7507.201649453883,7511.1872050515785,11.621583527349271,7585.250216815509
17007,7522.4372294657705,7526.024262938715,12.433090100402989,7595.8590806668835
21072,7607.962059208478,7612.212138143088,8.0362768781568,7857.764071056002
17213,7880.4574362251105,7884.510706262837,11.55834574235466,7939.574664863109
16994,7883.1264805594965,7887.206309798382,11.386197057830223,7941.833112698654
15879,7895.001026821816,7899.090799075694,11.9537350476212,7947.171351631469
20713,7897.469761677041,7901.479487708856,10.496924231721092,7951.706849883423
17546,8003.773610919957,8007.3062757017315,12.286185063704863,8013.12129152815
17012,8005.617446530969,8009.18147617018,13.34095942390063,8014.856626067785
17230,8068.935519863766,8072.072611892539,14.885664872541827,8101.288935610616
16575,8072.097397623776,8075.029532871607,15.071242538657563,8105.180346220966
17594,8080.224131619657,8083.056411017833,16.200469824214615,8115.4689728493195
17022,8082.652187126014,8086.064806932099,13.633705498153164,8120.0663665430175
17351,8150.674949532741,8154.497680547422,12.026052428759298,8191.416952533131
17505,8154.5470307979585,8158.512615587793,11.740100800900631,8196.212717656923
17540,8156.610714607135,8160.375151844517,10.891826155891446,8198.216334952529
17517,8339.976082392415,8343.363650742016,12.38933769500711,8401.891115752886
16945,8341.894438713269,8345.211394899468,12.922950676590153,8404.009120905426
17207,8420.064632963467,8423.575394885744,13.234005247537773,8461.889522352134
17057,8445.192088753549,8449.373870455274,10.367982681069158,8469.18229833623
16960,8447.127030887861,8451.287383206745,11.16083901077824,8471.046639302716
17141,8449.240210685424,8453.420470582598,10.23101063446113,8472.975676624626
14800,8523.99387196059,8528.245526315479,10.689081533629656,8556.168705061793
20709,8600.642472162051,8604.176234163202,15.968248906835328,8641.77973681179
19886,8688.061847159714,8692.06637903046,14.06245477257657,8732.45239989646
19229,8694.510387621782,8698.260767508176,11.648053557835343,8738.554864589774
19898,8698.538848687136,8702.132591310254,11.67514957609173,8743.038615452071
