3801,151.32611963253393,155.37542539404973,12.523693151995511,159.44897790354787
4249,242.66856735540009,246.5445986440159,12.512830557131112,250.53977005994773
3792,247.73582654527223,251.1552368933836,14.14376164715102,254.59185409791868
3782,517.0186456071494,521.3614682161516,11.60349107372061,525.8925542569117
4567,523.0247411328697,527.5092584278896,11.138117623454853,532.1437501507834
4253,529.6855850531591,534.0352795512254,11.349447006727116,586.6262352732616
4554,692.3045544453441,696.1870507175914,12.73746821104142,700.0356800033671
3791,704.463239133541,708.1014031448543,12.774291129788107,711.9873366332419
4206,792.4021830467444,796.3630068281069,12.177305996098989,800.4914200723564
3842,794.165249767834,798.1550695309606,12.373039724198692,802.3269669180755
4178,801.2857234310275,805.1977629660613,12.130088261291414,856.4320977737826
4940,839.4542659140592,843.5057773571488,11.56169475252299,863.8800731890948
4182,886.0938490289734,890.2268970611984,12.084706525005291,946.350847452338
2717,903.104304312275,908.0515793255396,9.444858710094733,965.6872694251447
3796,975.7075687486199,980.0456432170254,11.44630466029355,1036.7005869228187
4207,1041.0365512241267,1045.2289055618146,10.674032984956902,1049.297133519858
4258,1044.8251447318987,1049.3352885516792,11.412041814459085,1053.9297846859704
2906,1046.6816501484175,1051.1560020761874,9.770200041518383,1055.8753826785319
3882,1052.6097366202557,1056.4714878262992,12.168933190540317,1060.3788536537802
3823,1065.6960634187644,1070.2080973154884,10.764437089116361,1126.6521748041587
3807,1071.5631572080922,1075.3165004911896,12.827187738544461,1129.2485942523513
2944,1128.6600727458638,1132.6182454921334,14.753337003576219,1136.0575334495243
5205,1130.6454246760536,1134.5959723013,13.540698649421191,1138.2888281847434
4548,1150.66360764908,1155.0768332993987,10.695547753545762,1159.7998267088374
4181,1152.7869777173341,1157.3059508184976,11.42296324857307,1162.297681804731
2976,1222.1512259716133,1226.4061779635258,15.588180987464058,1229.7136565864296
5245,1224.167640580921,1228.4307463367504,11.345568003544422,1232.9113473168181
4585,1263.1650538921726,1267.3007306057305,15.116577951279243,1306.3780625068027
4582,1265.5193232639476,1270.0132949382487,11.46836023358926,1310.0497070965712
5277,1273.62765325909,1278.5005861211353,10.432420543699958,1313.9690835866684
4021,1311.217991524771,1315.1442136658031,13.468259422946558,1319.1053050378991
3899,1321.0999626749317,1325.025228656901,12.211706798070322,1329.1082077786612
3438,1361.6632895783864,1366.4165641449563,10.830790038317563,1399.7013526299233
3777,1398.5799619214076,1403.169804212899,11.488548354312796,1407.615467146683
4594,1430.7708247584194,1435.012946953664,11.7586160461012,1486.599106363328
4589,1443.0178113929119,1447.3081027529877,14.831413420380548,1489.445007018604
4228,1488.5482967892829,1493.5067404469482,10.16298800872928,1498.3949445053559
3814,1490.5335872170463,1495.4105196105297,10.367590120838893,1500.2977858746165
3869,1492.6014269865532,1497.341116138838,10.826593441383308,1502.1624070007922
4011,1494.6468451657056,1499.2523136626835,10.44961755340568,1504.117185866028
3768,1496.5484163756823,1501.1582556858687,9.58527168438203,1505.905847748641
4016,1498.705966982886,1503.1436418553462,11.163480579544366,1507.5963739246397
3934,1504.5262305551369,1509.2015172854515,10.66237669819135,1513.825287947478
4559,1506.494069166549,1511.0644315084417,11.63761060781122,1515.6106955119387
5237,1536.8107288407311,1541.4604015231146,13.818595031022928,1579.2228914665982
2975,1538.896184020924,1543.1557592080496,13.944402113740727,1581.4824536857166
4240,1705.0923431295885,1709.4402274033755,13.51204773273767,1756.4042837740694
3386,1758.705359068894,1763.1019103522635,11.964888995387904,1767.240401026595
3776,1761.0507230544638,1765.0559483252543,12.970776392405233,1768.9632535764847
251,1803.3724609964909,1807.5816159939477,12.615177923973453,1846.7435708625753
3432,1810.10013951241,1814.5769569817878,14.775419549388749,1849.4186350116636
5222,1855.0435582390796,1859.0229628805437,12.56862196374721,1862.9375179271813
3815,1865.1529332623545,1869.6261249526465,15.394564663270007,1872.8512302603976
4192,1873.8475171321381,1878.2396970416787,10.579574770980066,1883.4625531774077
3827,1875.6673122877025,1880.122810289029,9.476686602708691,1936.5045461290008
4894,1897.6021716792068,1902.4446568498672,10.48968688018727,1943.6922401555146
2981,1900.1101487640394,1904.4481301122455,9.67583294755666,1945.8798101693085
2964,1950.428968562629,1954.5445882689717,14.084993085343951,2116.42232986928
4865,1983.2475305306104,1988.1420653597772,6.293518753073663,2220.2315853833456
9742,2243.673162003953,2310.09213589586,9.451809029333727,2323.3423274304855
9667,2250.5307773528057,2312.146138431604,10.532743127246626,2328.2100399405253
4531,2255.275244358521,2314.0139698972293,9.884310324006155,2333.175526646718
5257,2259.253738626586,2316.276789620917,8.222718258493797,2386.467896142351
9701,2570.504618682845,2575.34088050422,10.635433359197641,2579.9936074529223
9393,2572.8403461313405,2577.2672546775325,10.467069927193895,2581.870295060605
5242,2576.811580109381,2582.0728152973043,9.25640219455735,2587.285798480973
5293,2578.694994881373,2584.0300877499153,9.050412687802599,2589.3240083209544
10442,2580.730504709952,2586.0902838623138,8.597537396811942,2591.3509611718046
8176,2582.8918858725724,2588.204319502698,10.70886011518448,2593.3332127385193
8927,2586.1282169832493,2590.2639434332623,11.087401260829129,2595.451254051129
9364,2587.9979844639215,2592.2120312455627,10.456075074776349,2597.5159281471583
10394,2658.773103251578,2663.416843410943,10.886674869136906,2678.581392143328
9330,2661.105207422554,2665.421421151082,11.823703965211518,2681.359888312687
9312,2663.159719216597,2667.1971022694543,13.202093060032727,2683.737699958649
8157,2667.404452338005,2672.225232543186,8.771111939899283,2687.8926372833753
9825,2688.478877815709,2693.1680269122003,8.03653926656688,2783.1133092746745
10013,2942.676129479524,2946.498296417897,12.748649348814311,2950.422781968741
8141,3030.2047184469748,3034.5528520346797,12.323283740536493,3038.62785800628
9672,3032.641376164346,3036.415090502976,12.565128367186375,3040.416318558568
10087,3034.630650307077,3038.3333164595797,12.636638794250068,3042.1570431876025
9348,3053.3493216754846,3057.486809806617,12.021632896390187,3106.670436555296
10436,3067.4750846813786,3071.4111662632263,13.595192487181908,3109.4338086775783
9681,3071.2026997079947,3075.1890730848495,12.032408646614533,3111.7402292211204
10351,3075.1570798174585,3079.4369817024867,11.178952460184714,3113.7532351282366
9342,3108.4456580235974,3112.4374201319897,14.68320283739602,3116.1335009230406
9068,3113.1489303713497,3117.5333277250356,10.942782138414804,3122.3400229150116
8908,3115.074205962987,3119.345356439615,11.916862742336725,3125.7569989423228
9313,3116.9358079313665,3121.144815250478,10.785081858126738,3128.384842072957
9503,3118.742568105193,3123.047377526738,10.199803481864945,3130.65584128428
9327,3200.5693701337545,3206.028717869629,8.113426584521271,3211.7283743873336
9512,3202.7745924078126,3208.0861920907964,8.889636467990872,3213.7382229980485
9328,3204.899974852385,3210.132554469197,8.495589858370712,3215.702831862668
9079,3206.869970520329,3212.2710769161986,8.162908219322961,3217.5268926673416
9388,3213.1903770769322,3217.0503279016266,13.032708098758501,3220.949954178461
9706,3228.965267542552,3233.427517402805,11.505735380657699,3286.6799465362374
10373,3230.845839114871,3235.321552584071,11.890062375675013,3289.3404865472876
10741,3288.8926645088973,3293.298444966675,13.099221744465957,3297.0945471089826
9502,3296.8696689192197,3301.072116618025,12.096755889244653,3305.4613518746023
9286,3308.8133292481716,3313.0837526652913,12.093422967636066,3317.0930850420823
9288,3315.840001878243,3320.444397863571,10.068061388263459,3376.6675815622525
9662,3320.410370997944,3324.41313753186,12.365598838861098,3379.1935893573973
9734,3335.4425114625114,3340.0654855570415,11.597701188411527,3381.832382679697
7274,3337.6460779023764,3342.3662040360864,10.080210483517417,3384.084078406875
10056,3351.4740656552335,3393.0580762738905,9.616061160388083,3401.878713325732
6613,3356.9920438629574,3395.1334181947354,7.75465029646024,3403.7644647249035
9305,3400.3704722189555,3406.181927384965,6.32661911710936,3649.0427187858477
10766,3408.2252150157547,3412.0959867535994,11.243737682501418,3653.547319329647
8013,3433.4939958066193,3659.2132650827516,6.840188455959397,3664.0955049224185
8425,3439.3319411595457,3665.405579107733,11.589317346391436,3669.6527911961516
9397,3480.9501922581403,3667.1732523985193,10.778960592513313,3671.420301747975
9329,3663.0250858599547,3669.190602251956,11.511137984618882,3673.7253364972566
9277,3746.1142223617217,3750.1385874967928,12.521600480349926,3753.9406408479663
14893,3860.2428639229433,3864.201030359234,12.082348057397088,3916.379899998493
14852,3919.097010344536,3923.581916012763,12.261127066553138,3927.6595546418816
15163,3939.1548420731906,3943.15485756942,11.575403980885236,3947.403504258684
15233,3944.54443814138,3948.1743443069586,13.856342206506335,3951.840173345975
14817,3954.1423655102276,3958.562724892399,11.779181379883369,4009.017801181054
14794,3963.692168768207,3968.133136789963,11.393294661994265,4011.2536573924717
15552,3969.7378198743045,3974.198624731738,9.157652604232245,4015.905484928585
15526,3979.066877674851,4018.2759614447114,7.426613520233676,4023.3531126299144
14454,4021.99962254018,4029.069840285931,10.97501563608907,4036.250306133427
14837,4029.931240016195,4035.0763213693576,8.274327111940368,4043.079370619218
15512,4041.9575822695656,4046.286551144089,11.673633951227329,4099.845819244178
15511,4043.805550066415,4048.1634346948954,10.995546652285395,4103.383556768534
10058,4053.102016142719,4057.417386935788,13.371841302659364,4105.742479154286
10721,4067.790854482096,4115.152994904991,8.816206637123232,4223.594612604591
10448,4071.4130817631903,4117.396600789593,8.765584758194032,4276.616443999658
8140,4073.762480513611,4119.3032205689515,10.421851046960445,4279.177380262282
15201,4112.077600492992,4121.152701408121,7.2683808772697285,4281.570259438755
14572,4130.016813961212,4288.02399056219,7.471072639652009,4304.72457234544
14871,4134.097758869979,4290.193350173893,7.937779771363087,4306.803440885572
7685,4142.692112506811,4292.302509685681,8.541865109599394,4308.652529590873
8396,4296.8829142549,4314.228683342521,9.46434902059394,4371.4709543232675
10714,4299.408114312885,4316.2998767364015,10.013313549988082,4373.4233657193345
15562,4305.213028697105,4318.228556062236,8.355106250755908,4388.53812212602
7716,4329.5046741836,4378.1076835615195,5.873773052198287,4397.465067514617
15570,4413.9864671444675,4418.382494797615,12.021301428562284,4548.939129280339
15197,4419.696496873225,4424.413552417148,10.729641572701453,4553.332606009807
10754,4432.931335869565,4558.148920124323,8.105025517014397,4568.888926279553
10428,4434.770646660348,4560.399115585899,8.944382773329853,4572.345673579841
15261,4447.320260135567,4565.215764801077,11.794859498900756,4577.140107984656
16280,4495.277823710462,4567.027980059373,8.68642560685388,4579.655383538937
14818,4746.71165895417,4751.471553629999,10.506607655761252,4756.454595353336
14419,4836.962505864015,4843.085943197106,8.26692611809975,4849.131696323332
14830,4839.07400146025,4845.080879032602,8.683816461146055,4851.5251503459485
14787,4851.13670253632,4855.330475328386,11.313339725779807,4912.595641613562
14383,4863.601149254335,4868.2185048006995,10.947790804684558,4916.679292774766
15884,4866.615701345475,4871.386040210049,11.479648946483772,4919.020301224765
15540,4869.75157957687,4874.400491447486,10.207514850141457,4921.106132212505
15164,4881.310154287131,4926.072437778204,6.894458451927583,4939.036226596312
15594,5313.281547106836,5318.069477992299,11.946260696003874,5356.764136279413
14356,5448.481359084054,5452.578771824989,14.387137476573564,5456.046721601411
14339,5450.492523137486,5454.499855744278,13.600459851192696,5458.179534684128
15265,5463.981587049277,5468.175643905386,11.57395132281294,5472.320927222406
15239,5476.623215620725,5480.209874200888,13.711808911247035,5483.8919592475795
13653,5495.546093784547,5500.402704449963,10.395730473515021,5539.4529613494315
14775,5497.69186525206,5502.387147243406,9.636216644939749,5541.977257021722
16224,5499.658601789583,5504.323986079314,11.163943953207838,5544.076963562756
16267,5501.550481539219,5506.18680855744,7.852589726389869,5546.112742404111
15208,5509.299034378552,5549.055632543351,7.212608893074749,5626.816785237244
15199,5511.487252330872,5551.286370733663,8.991454497436745,5738.303005930049
15566,5513.605056783443,5553.345346271228,9.93222878632763,5741.241497120623
15945,5519.294589406044,5555.242274086942,10.143009538728029,5918.708858938664
15564,5521.717981012879,5557.235259363482,8.057189118904006,5921.44409176552
15035,5943.319923530683,6013.065536034465,7.924896239752424,6017.973377077674
16214,5945.801116590064,6015.16103356363,8.922180594618048,6019.914259314805
15246,5950.9071642691715,6017.113406093504,9.883836508521394,6021.732997541636
11337,5952.867216369347,6019.076746660031,11.282460486914166,6023.543881352367
13662,5955.325997555028,6021.0426839105385,11.301965720649354,6077.399264812153
21086,6282.832342763369,6286.570209198339,13.78456751740377,6290.370336118802
21083,6288.944000475066,6293.497982840897,10.826368314569237,6349.166867773279
21037,6290.95451376502,6295.380948576475,12.347729567889896,6351.497207657624
13739,6330.519352560321,6334.367802875158,10.244606341500633,6355.664775389064
20316,6348.809672611548,6353.201364512693,11.54979706653173,6357.681612951862
16241,6403.265478694643,6407.298774169095,12.312461129086495,6436.72943656272
15928,6413.1847034753855,6417.450804969944,11.95991883048096,6463.070881760868
20724,6420.306427812983,6424.391498542111,11.156047100176274,6465.525062057717
21371,6487.928721470137,6492.409489771099,11.72005194006014,6553.572096888822
21759,6489.961726907483,6494.17954059969,11.68481528669889,6555.591635334836
20285,6629.197727497578,6632.338664225476,15.787572234068351,6635.542217140665
21398,6718.862567858563,6722.412956959069,14.48816962334257,6726.00396742609
21725,6725.242673013424,6728.583396416694,14.216112406353675,6731.981278112404
21390,6731.432509397992,6735.108352659224,12.818054964480043,6738.885473991899
21713,6741.834633246056,6745.385198466647,13.651486686564862,6796.345323774904
21061,6743.516361627272,6747.1077942695465,13.76533475438855,6799.3547556795575
21055,6799.0271778682245,6804.032883746855,10.86346135394694,6808.6331309594025
15869,6833.209337610736,6837.484867213356,10.990644808348371,6891.306505993912
21039,6890.852578636799,6895.496627480452,10.591406099111742,6900.080736030838
21353,6893.149136262057,6897.480038942508,11.443705908917856,6902.0237274745805
21095,6894.9535967055135,6899.331784679367,11.242225650418684,6903.832513493379
21720,6913.967796245113,6918.194857933169,13.327662425322522,6922.966759772707
13663,6939.260562917599,6943.369572147335,11.270733453987742,6976.39706342414
19870,6942.616866463761,6947.2974925277895,12.364645226444985,6979.982916635897
16349,6945.196051634669,6949.341874977733,12.879254825941405,6983.430423881905
16235,6950.407511330344,6955.201129716974,9.767712229576933,6988.000651159526
20516,6987.571915608232,6997.097662817796,9.012071003987463,7004.611602326615
20702,6990.127015102695,6999.105535666493,11.286253232081483,7007.033863710411
21748,6992.643788217466,7001.1904553501445,10.297299234592815,7011.055125701453
20711,6995.515377138246,7003.130026223329,7.808208103637595,7066.973892503334
13982,7009.283945468113,7013.010023721323,11.822977185639125,7075.703515039944
14335,7025.91586188874,7030.253243250026,9.46523093090274,7080.143695875501
21433,7046.942664538535,7089.116056773587,8.799340048503382,7093.633375434297
19215,7227.061804757595,7231.427333309216,10.710064972130027,7269.609377323468
16221,7249.016677476785,7253.24020662773,12.373550677797429,7274.978921618289
21747,7251.14211406683,7255.1971529628245,12.567095593219888,7277.6863993478555
20750,7306.9743811469625,7311.156421704235,12.984545252437979,7358.536801377143
21392,7314.68711197043,7318.1637421967835,14.788748919971828,7363.900848568913
21736,7338.579329372515,7342.562287886018,13.562063780779773,7365.994590285292
21036,7404.799224831921,7409.193201115785,10.96310867470473,7426.661044781401
21383,7407.993678934286,7412.178305343565,12.446069194668581,7429.286923196954
13939,7481.720197138144,7486.3556154993075,11.343659695610398,7516.314194722998
13741,7483.9422228465,7488.301940526925,11.66784552498817,7520.379102200948
21737,7485.73539432329,7490.095313135983,10.38305563910647,7523.215436755118
21732,7520.469273441082,7524.515029581193,12.73406628128146,7528.488301615401
20503,7524.681746969797,7529.097196782568,11.254445153177214,7533.497453541131
20738,7532.324931187337,7536.111569976244,13.162565502712264,7539.984270231438
18003,7535.737618623084,7539.218585306741,13.345463452684413,7542.933744787961
21012,7541.607760449999,7545.4304407887275,12.453423968329012,7609.169756347794
21069,7723.559178233998,7726.519767489302,16.217608341800084,7729.557746146544
21722,7746.547462152003,7751.269798041616,11.09216615144598,7786.339139280433
20286,7794.167469742168,7798.472101106702,12.787716757971939,7802.50794255202
21441,7796.136209567607,7800.1614746623,12.451905987949386,7804.272857775959
14800,7800.273912509881,7805.024859809363,10.708754891518222,7809.835372299484
20707,7813.890324972825,7818.461799436745,11.539563452448242,7823.143486376448
20323,7820.330706081008,7824.552366707067,14.55389810444577,7899.295369715836
20283,7827.449756812042,7832.1121974225625,11.43376511554336,7903.073981377533
13958,7840.545195323815,7844.4765747058045,13.909277084944424,7912.740676845892
