4038,75.89906724751143,82.09075994793467,12.865892182529443,87.0
3608,158.76222547161632,165.03484367224422,11.963973591603237,170.0
2296,276.68330920377485,283.29048722189845,13.243460970849618,288.23361441398447
4667,310.0346210480713,316.4418541045558,11.799383775790389,321.8253649383639
2280,457.90041537733237,465.4192126967698,10.66424627150494,471.0
2276,466.3488899893739,473.1592044182429,11.62129398863052,478.70797248601235
903,502.51376720067026,508.3799768230058,13.692383275036558,513.0
910,517.221819616709,524.1311178564905,11.594484794727052,529.8814864219737
4037,521.8667161044415,528.4354489540931,11.877133637106294,533.9837443458543
3047,553.8378867425133,560.1086954606568,13.293367396883875,565.0
3594,677.9279401048269,684.3492582337258,14.321771870450496,688.6500744143864
5358,723.8865231631905,731.4025880499173,10.859169959180406,737.4454131922078
5302,727.9068908488387,734.4375032422299,12.191053587973137,739.7697202863411
1527,778.0902962782866,784.1856255637073,13.78295865181324,788.9941846295221
885,790.0334170492135,797.3283632270277,10.524709390708212,803.0
4640,792.370648364256,799.5267615451213,10.712392697399222,805.509756078015
855,796.042371844988,803.0898343632969,11.56168336941389,808.8792067302979
2313,819.4183419549986,826.4893639636479,11.898784556751902,832.0
3590,877.8549388327166,884.0421270707445,12.437397868284496,889.0
1544,968.501768317821,974.0413061562194,14.032368988004073,978.6158641512131
4662,978.314062602099,986.2323514526485,10.47927764294431,992.0
4676,984.7439356642075,991.0370263894473,12.817493157782545,996.0
3024,993.913443037495,1000.2100663662882,13.774211204535172,1004.8203647863239
5320,1038.642732909476,1045.0910449923317,13.501959439526154,1049.9661806577217
5374,1044.8723384338457,1052.1840482028776,10.52227994640297,1058.0
2307,1176.2743850447916,1182.126231158427,15.165811960079303,1186.5228701239232
854,1242.088544585084,1248.3242996652461,13.076490827775936,1253.5016971837074
4654,1263.7536899473441,1271.1916288361265,11.177916073611986,1277.0
5300,1308.5225858106926,1315.1945494038923,12.78891786559628,1320.3924005109363
5324,1318.7441438610736,1325.2620655938936,14.047904287969368,1329.96071651339
4615,1324.8061351267768,1331.1994433676464,13.317761102888836,1335.8803969287887
5314,1331.021603327822,1337.5552633867128,12.505623206520164,1342.7674922199976
2277,1359.0402822376575,1365.0330634621491,14.669604129395912,1369.5908386470255
4672,1361.0826522903749,1368.008732162226,11.809682911077529,1373.6244832583081
895,1380.7752140450632,1387.1531356136536,13.294106791788451,1392.0
4656,1399.2133352728813,1406.1195969095133,12.848913965310334,1411.2955306998367
2309,1479.9304800028224,1486.144560085076,13.654813500410947,1490.7725260569077
916,1509.4906387648998,1515.5158831159247,13.228762640124359,1520.4051484881436
864,1544.9586516040988,1551.4452726745344,12.285335062793953,1556.7655891172924
4614,1548.7991759094582,1555.0630198706274,12.014893866991347,1560.0
1540,1560.5156223543167,1567.5453034253608,11.077706352439845,1573.4257256656706
4659,1566.3025561599684,1573.5401625861152,12.146811283428296,1579.0
846,1568.3423111027682,1575.312989190127,11.641355355901894,1581.0
340,1582.492976359027,1588.4132057008705,13.9998424864903,1592.9701845971742
1590,1585.0337048473805,1591.079097442634,12.69878518270664,1595.9968542154725
4679,1605.6019635627915,1612.2034368646903,12.626594239149162,1617.3972160480882
3008,1615.1845932452156,1622.172019804967,11.117511175146712,1627.9953432414486
907,1625.6284185374047,1632.3710460216287,12.028675294723511,1637.7847367609331
3055,1627.8469069857272,1635.2613338355172,11.014905571728127,1641.0
3065,1629.8174885455683,1637.1093053084849,11.414608204578329,1642.8536339812615
4661,1651.7386535613803,1657.5461236918377,13.005583598893644,1662.3031229216604
1598,1671.7812359511884,1679.2015368565053,12.196326942812876,1684.7559192907327
5371,1674.583193630623,1681.1035962864219,11.934223687454557,1686.3239219143309
3032,1682.283489743689,1689.5512463942953,11.893285150510684,1694.9663494545148
4611,1684.5804738044774,1691.3942558190136,11.896175876897756,1696.659516784954
4025,1689.3186468060799,1695.140517845957,16.844341301910397,1699.0
5296,1697.5589259409287,1705.1040951409275,10.577204426730615,1711.3323402941335
5336,1703.228155444067,1711.0184190632276,10.890703089632101,1717.0
3062,1713.7200601170716,1720.421173710439,13.040772558275439,1725.0
5370,1758.4189339917443,1764.5776848827568,13.220349599628353,1769.3664365133127
1606,1784.6317248429777,1791.264524164358,12.32314666666941,1796.6973444800353
2288,1786.4516768122596,1793.0419431578769,12.681288154841178,1798.3834031486747
5318,1864.130482856722,1871.0663816719757,10.620782282477723,1876.9726746705635
868,1874.1621120499715,1881.035405783331,11.21389178847412,1886.7846484535364
3023,1895.572691964693,1901.3865696515536,14.34957108446231,1905.7937977705442
2311,1897.6593888501652,1904.0270169869052,13.202141173482044,1908.9791858166798
919,2019.7764422045109,2026.46029193736,11.974235104745054,2031.9590362041977
887,2028.359815530257,2035.347061247878,11.583356550761698,2040.885827777849
1552,2073.5511604431567,2080.2359965596834,13.101906567933582,2085.0
8558,2075.529681073349,2082.000967713847,12.796054310586486,2086.9124458332467
3059,2148.680168391591,2155.2316221547235,12.306465034826823,2160.4625589927746
848,2183.5508176884646,2190.2006024223356,11.721118870773552,2195.454466920472
918,2210.3001127440116,2217.1245567437463,11.663481877478755,2222.426995003267
884,2212.281506668216,2219.010509352206,11.99817983245211,2224.3407118170385
913,2219.9511399077605,2225.4578471367913,14.687000367181476,2230.0
10171,2266.2482004742583,2272.3809049402043,14.270388152086246,2277.0
2328,2268.538169015366,2274.2999874004668,14.486252465793198,2278.7719259711566
10807,2280.0904999080212,2287.0891722895503,11.428075989279531,2292.666351994735
9519,2306.689334602268,2313.100143735772,14.434797390799986,2317.6510464261364
10100,2357.712303594786,2364.3468036213876,11.747379048716603,2369.784631504569
6348,2387.0343443610354,2393.258236865829,13.283041326069352,2398.0
10103,2456.5302320478154,2462.171839457443,15.533293626125912,2466.3547159603936
859,2478.1720000895702,2485.107078586291,13.074512949872869,2490.0
8514,2523.8575891583273,2530.2600023498107,13.600193993866506,2534.8382278420304
8484,2531.9277730471053,2537.437604359084,14.660718918307632,2541.9617086609883
7761,2567.9760431568225,2575.5371621325176,11.598615467259314,2581.3115536190053
7774,2570.485362581098,2577.368769938987,11.090037104458412,2582.9241816504305
8485,2572.468616611161,2579.4330300772012,10.617419377776402,2585.0
7766,2574.384457121305,2581.3525033778656,11.537963420242226,2586.7928401026757
10851,2583.24999416871,2588.6447850934624,14.59124602513558,2593.0
10113,2588.44143811133,2595.096486539428,11.677347510644228,2600.7158459484494
10863,2592.11502534963,2599.5068940800666,10.973225149765135,2605.285678303371
6382,2595.115491227912,2602.511555242209,11.692403013487946,2607.98386942596
9095,2597.5283109179504,2604.354600453658,12.503362699923423,2609.7618214757567
10153,2647.771432083537,2653.2124412091835,14.522853655402036,2657.7191499508913
10860,2668.623557796685,2674.36698495977,13.330609072850017,2679.0
10825,2686.1195166885477,2693.276598706307,11.364824678201296,2699.0
10847,2687.929328863439,2695.091196792683,10.597694854176082,2700.691558900012
6418,2748.4322860207026,2755.088790589067,13.094125064414854,2760.0
10862,2751.2135721659565,2758.4231019490544,12.1470604873045,2763.842672994315
10803,2758.1715439017576,2764.545805258983,13.87861273803107,2769.0
10802,2762.682542872991,2770.1403873973804,10.02378864103498,2776.0
9525,2764.532374896597,2772.0614498639234,11.472094071995205,2777.906886915604
10804,2838.546226697127,2845.2570481291646,12.590062626791692,2850.3422476233236
10869,2861.139214295208,2868.31433327845,12.137235028022829,2873.802466117236
7822,2864.2654348442065,2870.1381698713076,12.150789619391677,2875.373733718288
10107,2928.9400158586145,2936.1971503403297,11.052338514166458,2941.9515142814275
7839,2937.8043074721973,2943.5749972758467,13.489581957714112,2948.2422357533937
10176,2957.5830317369823,2964.053599440677,13.757740487741131,2968.7670114816065
10846,3023.8690180069743,3030.2851898509784,13.390976001599482,3034.9057071261136
9533,3030.964303800864,3037.4111910111974,12.805729176707576,3042.5492531549853
10131,3041.1078722410825,3047.4977303522132,13.834688247112647,3052.0
10119,3047.1722067696846,3054.4811669044484,11.252920903915253,3059.943043633662
10106,3065.7465075074433,3072.398937862681,12.560188906932995,3077.7195147025004
10173,3067.74748783763,3075.510543576333,10.288740072885767,3081.642979645243
10130,3072.942272952608,3078.303809887765,14.047402923779387,3083.3022387537203
6341,3080.0864360923583,3086.325145100886,13.109578851335908,3091.37422974133
6407,3082.8355528352013,3088.431882648925,14.116258727836314,3093.0
7098,3091.475665128085,3097.393445890003,13.109941273384559,3102.3929668066653
10861,3153.7447664216406,3160.2956902282212,12.801741401266419,3165.4075483531938
9099,3198.165541059812,3206.0910195226384,10.297000726405207,3212.4038056749714
5828,3215.34088865838,3221.1123401780187,13.5391082117614,3225.909931580639
8519,3245.974016002825,3252.5262392129594,12.36082518263307,3257.4940241848294
7753,3247.9152717372453,3254.2298204735353,13.54444730169259,3259.0
8541,3250.076242097637,3256.2804608543875,12.97334492935577,3261.0
8488,3252.7336172600967,3258.5620175058334,13.969819779512765,3263.2228271644035
5841,3278.1022259701067,3285.1739724480567,11.445506340968745,3290.8676513147384
10162,3335.901089721624,3341.6242594606097,14.697887204336457,3346.0
10127,3343.906623491877,3350.5173383740184,12.377615073003351,3356.0
8503,3345.7190233669135,3352.2915048113173,10.921485524364204,3357.6888812364064
10789,3347.484277537106,3354.1032000771265,10.902425508491126,3359.3294678969323
8565,3350.0650448630727,3356.388013384613,12.319643171659635,3361.7170886069835
10167,3352.5552286407733,3360.018511072598,9.849028367659589,3366.0
10122,3406.89635835813,3413.2960736594214,11.87740580962416,3418.607808849371
7826,3423.3507420138462,3430.1631475518,11.66635077342081,3435.6308978161733
7773,3474.46845562967,3480.096949296619,14.309510548134476,3484.4689310122353
7810,3476.2649421724645,3482.309302433845,12.95486317281152,3487.2771095023136
6342,3483.152896728921,3489.0304795279512,13.440042036763034,3493.8390568154828
10854,3489.3645191348014,3494.074556647505,17.186095339740692,3497.8041111228686
10859,3492.8466192741594,3499.514587810587,11.690091096594687,3504.808324895404
8513,3577.458345673212,3584.198345334411,11.734712064015637,3589.7303102585647
10810,3584.9460255751874,3591.5356151646833,11.92564062684577,3597.0
7805,3648.135237198676,3655.0233509503237,11.430716433849268,3660.4566087090693
9534,3659.862391717566,3666.507382343463,12.33239997301963,3672.0
10798,3662.902619428338,3670.3928574113133,10.314576164666098,3676.630559922387
10817,3664.8680337448336,3672.291704791999,10.611549859975401,3678.34099171504
10792,3738.5329038663135,3745.4111694503604,11.896641341275734,3750.9623478376743
8561,3747.0469482392523,3754.0487877107507,12.30238707502461,3759.4180487361186
10864,3760.3857195188616,3767.55461233129,12.414488279143967,3772.9028494250147
15025,3774.164064153212,3779.242799097728,15.633703012683839,3783.4180554068134
7093,3789.6859283000267,3796.412941355502,12.502098022179002,3801.389798943584
5831,3810.0924132714026,3817.315613352393,10.555246790662823,3823.0
8559,3833.226504187622,3839.2352639228206,13.149203118932038,3844.0
7059,3847.5290727892116,3853.207963545681,13.435760769224753,3858.0
14595,3947.5561778938254,3953.487165374872,13.648987812413823,3958.456103051254
10850,3950.6452286296803,3956.596681970937,12.744391916077989,3961.3814898163478
8495,3968.1738032838402,3975.1132054524132,11.327112745541221,3980.713456665033
10872,4011.7911575493717,4019.212190951183,11.1620395668106,4025.0
7827,4053.8345250518178,4060.338649262343,13.411063333672873,4065.2594476934987
10793,4055.9416949295332,4062.2925460872607,13.05683781262563,4067.3647497296424
16375,4061.9625642266333,4068.437007141454,12.811728104155403,4073.4468737494044
14001,4145.589222118222,4153.182771979949,11.008233123407328,4159.0
15622,4153.639734630356,4159.58123173873,12.617446056275297,4164.516416456465
6402,4192.5367356038405,4199.106867289367,11.958284418203814,4204.395714715897
7042,4196.402143908856,4203.435604066026,11.56882325182163,4209.0
12594,4246.620157401585,4252.477512469837,12.858222426427835,4257.354296426337
6394,4248.523027764202,4255.0732457710465,11.71069524094414,4260.560027711296
6376,4337.930789091563,4344.415439631042,11.381928043493248,4349.925386136747
6360,4342.401076591767,4348.126002522684,14.032873232656442,4352.790995411119
16291,4379.94301453397,4386.455465234318,13.797282823854351,4391.246123998676
15678,4398.497464300595,4405.016163380831,11.717656790286517,4410.0
8487,4466.57695868671,4472.549969470645,12.492576639072574,4477.644820032218
14604,4472.332479698037,4479.514881905262,10.821059196453717,4485.43900179993
15657,4480.086053611038,4486.438452904719,13.499492189246288,4491.0
15639,4509.644195580979,4515.391350535139,14.747343743135348,4519.744221153288
15667,4515.3711185921775,4521.073045564116,13.340514075629422,4525.7433317565465
15619,4555.44281577008,4561.42845054616,12.381275707190794,4566.489796467393
7077,4561.122982391783,4568.407583240182,11.247437508170085,4574.538163199158
7756,4609.45733610921,4616.260892829998,11.697903314016838,4621.818292165886
7788,4611.248644233796,4618.06173539989,12.456103399007912,4623.373529534155
15604,4638.497302532112,4646.449877613319,10.023851983781677,4652.7615073184825
15609,4643.108921987484,4650.481466941137,10.28858215150034,4656.567430779626
14602,4683.606929781576,4690.322735802721,12.209963232380412,4695.685175308845
13328,4701.419716843343,4707.4365378610955,14.134363661190164,4712.0
14052,4703.427424652394,4709.455514887403,13.106604213676382,4714.403930867032
13262,4707.865817192947,4715.173160256364,10.185035234189172,4721.0
13274,4709.780716124553,4717.107820443016,10.066906340394453,4723.0
6413,4711.654564194464,4719.106321143454,9.821902697652602,4725.0
14005,4713.592095689002,4721.0417355773725,9.185539244550736,4726.837576050752
7106,4715.487563048868,4723.037167152444,11.258971451942601,4728.488185054215
14599,4727.965497085339,4735.07578937872,12.010410959815854,4740.456583225444
13321,4775.704768877883,4781.383280225653,14.043516936621065,4785.884322791207
14054,4777.508726878783,4784.365864076747,11.65496204629498,4790.0
15036,4824.6018931401795,4831.105179124339,11.588470868114568,4836.414382637043
16293,4830.029642250923,4836.163937314419,12.487960679286433,4841.0
13344,4867.596713452387,4874.038383738658,12.38643743834074,4879.0
12582,4869.641515355302,4876.101555697625,11.695526034419375,4881.504532449722
6375,5020.3565278694905,5027.533496433455,11.01675889803551,5033.324068483213
6392,5022.276509484718,5029.431669061246,11.303667734998257,5034.9907030021905
15617,5060.1756323767695,5067.312429748997,11.009788782817074,5073.0
7076,5099.984857387851,5106.139213522961,13.34948156244936,5111.0
15687,5138.1531869655855,5144.154750211511,13.49674585327547,5148.900155185261
16351,5140.007216300266,5146.1575656031155,12.699363528867396,5151.0
13314,5142.046612762651,5149.465494368015,9.955185186616156,5155.695303189901
13299,5144.065374884548,5151.454645141459,10.692153205330587,5157.6155046763015
13285,5145.90877491342,5153.317488679412,10.399172698014107,5159.272556063019
13994,5147.815848749189,5155.264051730371,10.203686280439396,5161.516578499444
15650,5151.095135635676,5157.469777743595,11.52202571808687,5163.278489900353
16318,5158.7247937192815,5165.441261281126,10.942116037452404,5170.707267922461
7090,5216.970465924945,5224.2135380276795,12.364616814469478,5229.28001093919
13268,5276.547279069564,5283.4517729100235,12.776246819937464,5288.445091917054
15675,5278.658808487663,5285.313519716048,12.777872947855286,5290.0
16373,5280.919906386364,5287.541760668078,12.548660969314305,5292.727135169152
14044,5303.37662535595,5310.5915410082425,12.538647386845657,5315.818587196514
13270,5469.247262424635,5475.577979960585,13.039750166502989,5480.596434918443
16376,5471.1154295401875,5477.412939466323,12.568860281458546,5482.44910626106
5832,5474.2618385096475,5481.21790522769,13.306867419315621,5486.0
7102,5484.5976946992105,5491.388145491245,14.208801230735704,5496.23986639493
14068,5519.588312192724,5525.306851058966,14.077316304904446,5530.0
15664,5538.24819561751,5545.224343931483,11.335719165102534,5550.84630629008
13278,5540.626339182246,5547.518207953794,12.597565787874267,5552.552276734014
11853,5546.159866430574,5552.107189144267,15.633262576934401,5556.289105526716
13991,5550.487911007215,5556.343552149737,14.091991990408303,5560.821933266009
1572,5553.364706722329,5559.207546383702,14.28159253472369,5563.768403521163
11335,5561.350112239355,5568.421330331719,10.157762835851592,5573.8559825552575
2284,5583.995452838357,5590.216414474074,14.38900570960507,5594.732154378853
11857,5594.654105573374,5602.187236273887,10.462809526563166,5608.360989426521
11915,5596.568817043795,5604.115820821117,10.904890824694979,5610.0
11898,5693.124443164044,5699.027500183562,13.603549428805042,5703.740074706789
12551,5744.7234930803,5752.433919724551,10.799436997240607,5758.5205903857495
13997,5818.717161581549,5825.514051455791,11.723718049980025,5831.0
14028,5820.465777684989,5827.381968758525,10.798668552746195,5832.670959226138
13280,5827.175730394394,5833.2892007833525,12.701339601406948,5838.0
6353,5853.43564641599,5859.545491971343,15.222688050355531,5863.705364050408
21108,5901.75904022052,5909.003237993646,11.392652863861612,5914.67771211442
16837,5924.202986952053,5932.321365978179,10.4094112277063,5938.954683230716
14065,5926.187310823922,5934.216745609874,9.70052447647507,5940.52779671494
21182,5951.865343540315,5958.454610565947,12.339496399069997,5963.871008976451
14016,5953.824698970165,5960.285359420584,12.790482616313552,5965.469703985785
21124,6017.866809896429,6023.40640366715,14.982102795305693,6027.705792476978
12567,6019.9444320329185,6026.553393261255,12.722989631259827,6031.843092358816
21146,6023.037610561072,6029.217352990468,15.05921464536683,6033.552385100357
21101,6025.331483857127,6032.314070416493,11.187397964394684,6037.968590555342
18768,6051.461894494668,6057.593109096768,13.717968632550543,6062.445364350126
20530,6078.462651059818,6084.4812507742345,14.878320611657315,6088.944958446461
11846,6081.852423089817,6089.247509308492,11.671515314040485,6094.695138321416
16343,6087.666527695526,6094.568134388234,13.03266392433441,6099.5404739791275
11865,6090.145120738053,6096.384698770432,13.390059113446659,6101.0
11920,6092.684075233528,6101.294852955315,8.640813302611049,6108.0
12528,6094.840436011629,6103.334208991486,8.945931808357145,6109.935444917972
18803,6168.106253582199,6175.188872649782,11.892577138768779,6180.393616957543
18774,6228.077873957169,6234.343244626143,12.74859919690072,6239.59492063686
13258,6234.9297602554025,6243.369380390469,9.386343986646214,6250.0
21132,6236.909153784053,6245.413656014716,9.675674653307443,6251.6674459667465
12564,6238.940246702127,6247.346697750792,9.741524760655446,6253.5144340682045
19528,6314.3423971818,6320.480593891897,14.509898041286345,6325.0
12565,6316.173714746887,6322.269982160129,13.457469543836151,6326.945677746305
11872,6320.081166684363,6326.348413572491,11.980503400247844,6331.4512505561825
11868,6363.674588160825,6370.422395039916,11.687958090198794,6375.678881424243
20522,6366.842347030594,6373.435090512156,12.407430212290034,6378.521739740026
20104,6370.482794017469,6376.438117455271,13.071134664952043,6381.0
20085,6452.263520167979,6459.21833515986,11.701461091874718,6464.872315517136
11884,6472.178575153808,6478.35419514684,13.29434083050038,6483.482923555002
11912,6474.077182022949,6480.088159008762,12.177239195221063,6485.0
13304,6507.161709466333,6514.397413947229,12.015485407771713,6519.923722614711
11850,6530.323852173635,6536.288382057732,14.551456899270065,6540.730396756994
21141,6589.16317726885,6595.578203800975,12.535210676701816,6600.870772566205
19523,6618.24569757641,6625.3454325187095,12.068073941509553,6630.716314516579
18779,6640.894711809656,6647.286931454796,11.970898762814144,6652.612962505067
12558,6722.460566914667,6728.088739374616,13.51294877186843,6732.745577078532
11894,6726.750990919285,6733.435221676723,11.550581851246125,6739.0
18821,6781.376858370738,6789.255791428589,10.869663504074898,6795.0
18793,6798.096964767873,6805.267944401648,11.606362132269949,6810.703681300564
18764,6800.180484640202,6807.098755921472,11.617533524550094,6812.538479098089
21180,6918.991671914563,6925.123090439042,13.424400060232108,6929.969408440238
14000,6985.0304950392765,6991.601376569227,12.916186164749885,6996.585921098848
21159,7004.761171164136,7011.187045211196,12.73936995880839,7016.240772322502
19537,7007.862715674079,7014.497230304144,12.747050554575289,7019.561694125846
14023,7012.100843586672,7017.192556077701,15.654575421994188,7021.41316452816
21113,7125.970239498671,7132.318695830907,12.274336889037366,7137.566984659591
13327,7133.592401134437,7140.472705946704,11.95606109839829,7145.762339508297
16827,7214.071407598514,7221.139854019795,10.745957262051494,7227.0
20101,7256.359419812,7262.5096441942715,12.903972505680487,7267.76294462067
18757,7293.784011075777,7301.390869995478,10.932938388907422,7307.418577303351
19553,7338.735080324591,7345.5297039583775,12.02650476386178,7350.89144118004
18108,7345.134386098832,7351.303754873035,14.834062956251419,7355.506701471426
11881,7352.937764564552,7359.501419741241,14.667741970433424,7363.987757400307
14008,7369.685323215266,7376.052107449574,12.619763274466294,7381.0
21873,7372.008699853184,7378.497246146243,12.016349028380816,7383.530018142514
11856,7374.218937101689,7380.346196396745,13.505462310376673,7385.0
18814,7383.375458849545,7391.005619570554,10.595631864875434,7397.0
18835,7418.019960072475,7424.228467653829,12.585808052295748,7429.328408399563
18760,7474.076564850015,7481.542870540026,11.492951112100231,7487.541654169788
18109,7476.243446175522,7483.487047555124,10.159628858159335,7489.3510649150985
12589,7547.516116971028,7554.363519121983,11.845992163842649,7560.0
18068,7549.293999624658,7556.14021252998,11.909823792111181,7561.470887733724
21823,7581.145926826805,7587.40776796703,13.251307467316973,7592.324693323474
21104,7612.922953248517,7619.224566809748,11.945325844540259,7624.429361553568
21163,7614.932321474614,7621.026500098564,12.731613512156265,7626.0
21161,7660.434460565795,7667.265454936886,11.157335220939185,7672.911615703454
21843,7665.8481233632865,7671.228493805738,14.828717027597298,7675.470289222854
18106,7743.712958913797,7750.1854257398445,12.075416085792847,7755.388832603945
21800,7746.077489872882,7754.424567528371,9.820611209368082,7761.447784912649
18817,7843.98545412212,7849.503146336075,13.556862911706041,7854.0
21857,7890.403373860435,7897.445344589922,10.748540784595514,7903.0
18104,7904.4142478177,7912.296325374777,9.563690746722777,7919.0
21867,7907.006059111067,7915.019347548125,9.419398280270059,7921.653303963593
21830,7908.958715807441,7917.098685478857,10.750586391403633,7923.415750341036
21805,7910.88429500813,7919.037681939587,10.04830733828927,7925.68263152023
12534,7936.874404486253,7942.616480915852,13.732812852902041,7947.349739388822
18808,7985.442590759526,7992.085899683788,11.294759427029069,7997.492579870703
21840,7990.652358711497,7996.586365582282,12.58571451233164,8001.562574440409
13315,8001.917887768398,8007.546646990647,13.734564354542423,8012.0
19484,8023.947262411076,8030.325258818541,12.524371750877345,8035.54439544995
19555,8033.727631966006,8039.606407204153,13.18258285162015,8044.425918465875
19483,8058.498517580575,8066.186877193217,10.733428691492556,8072.372167946913
21832,8068.094150454371,8073.592183965866,14.72801543538277,8078.0
21808,8072.890296794851,8079.007201719078,12.844005792330602,8084.0
18087,8180.210917015211,8187.445936356588,10.648876792763806,8193.456275199387
18769,8183.803847042775,8190.032320010767,13.171977268989522,8195.0
18810,8242.515290944637,8248.57140868163,12.46176707539151,8253.408033360227
17384,8252.466776949996,8258.404714561073,12.715023890067329,8263.316462614039
18830,8259.34793381524,8265.379409103547,12.668425454948816,8270.362742459432
17346,8261.149670489198,8267.244170864742,12.643464342442051,8272.281020197377
17395,8264.901671678987,8270.31194163094,14.179095399482184,8274.769565403158
19567,8297.245564765739,8303.320314198172,12.6826307550879,8308.0
18080,8310.408474709107,8317.498725022513,11.568789808556778,8322.722699136308
18827,8312.413303185183,8319.310059933849,11.771241648560776,8324.788134858674
18037,8314.31134005072,8321.21348426366,10.964673796163908,8326.75505698191
18825,8316.070968197702,8323.009314357676,12.281992609329789,8328.289980031112
17401,8330.364689310594,8336.376529936617,15.11189018317571,8340.687871889862
21819,8333.449886871145,8340.512123115364,11.408359781703576,8345.831226252996
21827,8339.315703424789,8345.249450540092,13.731758269758762,8349.937685133822
18773,8344.610772773212,8350.627629842887,14.177341932600513,8355.35047495541
18070,8346.43249176073,8352.346222746906,12.736338610811103,8356.870019744823
18796,8376.289105753285,8382.604444078304,13.138154370190962,8387.531731846571
18046,8435.306526321785,8442.280381007933,10.930345719484679,8448.0
18086,8454.843451510695,8462.24784634983,10.529417537617201,8468.382003083096
19542,8463.870545736565,8470.14006323854,13.755606056690123,8474.892178155987
17419,8508.552399656683,8515.158009285064,13.548940936826083,8519.996536236156
18078,8510.598124764247,8517.011660076265,11.98959708305732,8522.278635087063
17425,8553.784026171345,8560.21817807371,13.231436662404128,8564.966502123154
17369,8692.598277333238,8701.413761351965,9.446589533950398,8708.440845317991
16836,8694.569521286545,8703.432236063547,8.9547553404999,8710.0
17353,8794.581680416,8800.2431377216,13.894490406739035,8804.917870275256
17415,8796.500448963236,8802.451341358974,13.183895510653363,8807.0
19506,8825.804790684233,8832.494804262022,12.008400648142047,8838.0
19489,9003.953597092353,9010.081949388094,14.259059533366951,9014.495796387515
18794,9074.906982835088,9081.445111546396,12.171324672025321,9086.666616333123
18816,9155.388487795364,9162.217810012444,11.619690901047361,9167.865785664355
19530,9169.276618631524,9175.354058358584,13.219648446301017,9180.290534198399
