1528,43.0,48.49367010451789,10.818594465482095,52.6291536898967
1802,121.02942978849298,125.49917743881782,13.242944368941593,129.27165528114037
1229,125.0,130.52783557469263,11.65740881410674,134.61880818800412
1554,129.0,134.1583265429376,11.953628756931437,138.2491867392085
1571,133.2063786516555,137.5782937466969,13.47517267838207,141.16742063233065
1720,235.0,240.30454736623662,12.936596683392072,244.0510779631257
1570,276.0,281.0582711088505,14.823008152529358,284.37563411948736
1215,305.0,310.37171105093034,11.396277505990772,314.67442002812624
1237,363.1047334274033,367.25111052787014,13.717057030527606,370.71272257277866
1627,572.0,577.1847019470235,12.43694428965565,581.1877924471909
1120,625.0,630.0626710420948,13.117489148604474,633.6970285515325
1238,742.1420251404523,747.0085872862849,12.712097533530347,750.860051119482
1738,769.0,773.4337999268979,14.925622435516772,776.6898811668949
1750,815.0,820.1325460781665,13.669604498989521,823.6190799041822
1761,901.0030114573348,905.3690545847271,15.328022348068377,908.5287082346074
1666,932.5133005132153,936.5905866415179,12.496802573082036,940.322142844989
1646,956.0,961.0867071799571,13.651345646211812,964.6753813803524
1504,965.5897705093264,969.4683711832738,13.731247490746565,973.0
1741,984.0,989.1756657056967,12.94201748896851,992.9544048087997
1265,988.0867645757141,992.5732571551374,11.759061949481579,997.9719159460332
1635,1046.0003420416251,1050.2314540189618,13.39058735890508,1053.8482232237468
1628,1051.132358695815,1055.1675134088641,14.34107636234756,1058.3915321405639
1255,1099.0643086474843,1103.4239082858567,12.75799747287709,1107.0
1246,1142.1262295830222,1146.4118449208922,12.61108413347183,1150.245755197031
1575,1162.0,1167.0871034882823,12.86246729055741,1170.720741866614
1655,1171.0,1176.4681210173126,11.64584358434699,1180.7425448100971
1751,1174.0,1179.1798473936867,13.009764686402512,1182.9329154492887
1190,1222.0,1226.5486341124936,13.979715048641747,1229.9351684552307
1253,1235.55981282535,1239.564432633759,13.019472138746963,1243.2565150042262
1547,1251.0,1256.2650988375594,14.116722336477139,1259.7510236348637
1222,1270.3166003082513,1275.349597246315,10.62964895120939,1279.9054254109574
1667,1314.0,1319.1983611326334,11.885661253265496,1323.0755631221896
1785,1401.0,1406.5267718902844,11.39900448162435,1410.696446052076
1469,1547.1425971110941,1551.3698675018618,12.522038713267154,1555.3445053347884
1581,1611.1085908101013,1616.2769231423738,10.823006617951547,1620.6896442598863
1242,1667.1340618705115,1671.3736388107682,12.319493977094572,1675.3457730951363
1232,1725.0,1729.299363318449,14.254819393102663,1732.616065926194
1577,1728.0,1733.076947912413,12.425352918708173,1737.1466359682101
1784,1742.1832339921743,1746.4352850165646,13.785558379690388,1749.8032804492927
1537,1772.0,1777.267273085097,11.359657528440666,1781.6134017111474
1249,1777.0,1781.529814422811,14.106838110469509,1785.047205915031
1240,1810.9958961937684,1815.0584751037711,13.132240490645124,1818.7370949714968
7039,1829.0,1834.1553664185526,13.171326003859592,1837.9888789611584
6790,1873.0,1878.0685006129268,12.107274920209647,1883.2717061779792
7255,1961.0,1966.4518716955274,11.764081147876148,1970.5441677980634
6688,2030.0,2035.375525801841,11.514633865828117,2039.641405170178
7096,2058.0,2063.1605660199534,12.279537449778559,2067.1337157754137
7143,2312.0,2317.1314939400604,11.247140374916224,2321.1529040151736
7267,2388.0,2393.5071338390594,11.050752226139583,2397.6448381941464
7291,2398.0,2403.4392117088355,12.825310554343885,2408.2447829421903
7054,2464.062601621506,2468.238840499217,14.626006268078722,2471.6324372087906
6767,2488.0,2493.1467141961143,12.650518026411733,2498.1115336383527
7179,2492.0,2497.08768241676,11.714970406143795,2501.1140369111163
6940,2565.484658980803,2570.120301790286,11.30272177531039,2574.186827145684
7201,2600.0,2605.515336761283,13.085171453548591,2609.2090038792117
7149,2668.0,2673.258875859652,11.808944064777833,2677.2649416906256
7100,2743.0,2749.202021591981,9.541567374014571,2754.260730085318
6965,2768.024470353634,2772.2682986221025,12.178226829084876,2776.034859894774
7119,2799.1864508041513,2803.4296173346306,15.25156595440423,2806.61156489662
6660,2946.044617056746,2951.2304294097994,10.652067681400489,2955.8835548606926
7147,2967.0,2971.509338651509,15.726724914487605,2974.5833963701143
7043,2988.0,2993.42432291234,12.053092122038437,2997.3024995718247
7110,2999.0,3004.460518978005,11.202330934602372,3008.820706255105
7204,3033.0,3038.2585866354116,14.112061838383404,3041.8193530283374
6980,3036.6646743187675,3040.18151717714,14.068922335063242,3043.6454978332454
7067,3096.0169116441557,3100.5044815095907,11.762032914152424,3104.7366113429434
7168,3127.0,3132.364407592891,11.960658306891872,3136.592700916227
6698,3135.0,3140.4151614200327,11.181884575768548,3144.7635887659812
7031,3174.0,3179.159872667963,12.242341837432313,3183.1107783301886
7289,3176.0,3181.4564489176933,11.46901045969769,3185.7788161284034
7105,3179.0,3184.226584043082,11.751261471243303,3188.204014762826
6756,3232.0,3237.16894410099,11.405472498661187,3241.245894600574
6711,3342.0,3347.1375635710665,11.817118623232298,3351.17927024208
7223,3369.0,3374.300994819804,11.489185768028376,3378.2732688682568
6730,3398.9120645198295,3403.253077467498,12.233635569659405,3407.2298696492967
6744,3493.9266405832277,3498.4017124386633,11.416653461365133,3502.6098506036133
7026,3498.0,3503.477805526736,10.923709974937884,3507.668017666375
7264,3503.0,3508.008951829126,13.077372363976782,3511.6638359845415
7196,3533.0,3538.138126584958,14.008532427664857,3541.7395616946183
7111,3572.000872868601,3577.216996464393,10.551321900094521,3581.909988722621
6750,3574.0,3579.3092147682437,11.09075411187143,3583.9978069068757
7256,3583.0,3588.025656282457,14.636357595658025,3591.3852078020086
7113,3600.0,3605.4795016284666,11.286074517796754,3609.570191016007
12122,3640.0,3644.357168075661,14.79124515106341,3647.5423443236987
12656,3659.0578960305193,3663.320083361212,13.07735886148371,3666.917347083539
10366,3707.702072787104,3712.216235251928,11.694641953089151,3716.3538058323443
12780,3711.0,3715.485710059132,14.249307895049254,3718.916040736543
12594,3750.0,3755.2472461619905,12.79832907742171,3758.957853576621
12718,3810.0,3814.5493579598433,15.57772945838454,3817.6226924795933
12623,3832.0,3837.349881368795,13.012282070544542,3841.240905000579
12577,3843.0,3847.3388100432066,16.274960023795323,3850.3299769247496
12794,3868.0,3873.559722336156,11.99719741011251,3877.811043870998
12782,3885.0,3890.301679561718,12.536336163789466,3893.9909631542014
12241,3933.7044893019465,3938.5175987682705,10.547404949626788,3942.933538321526
12535,3941.5061163690552,3946.110579535222,11.662174974402571,3950.3691931623225
12802,4004.0,4009.0327784686574,13.435917413377975,4012.653352788631
12257,4066.173323629239,4070.146390186992,13.942075306036614,4073.802111662494
12466,4084.0,4089.1511372638197,12.409959061298945,4092.9036759869573
12570,4184.0,4189.33592785604,11.744061797514075,4193.296330059184
12475,4216.812471393,4221.452590225964,10.942116790517815,4225.564679884115
12225,4334.061111548105,4338.590576047648,12.890879666206198,4342.31301539202
12245,4341.0,4346.353418028061,11.57744931261718,4350.293750634235
12194,4365.0,4370.35141818534,10.97146271136261,4374.6241293866515
12248,4367.0,4372.340923075735,11.183331761823826,4376.461627340982
12733,4374.0,4379.56858728656,12.342936230033974,4383.4095505737705
12460,4386.245415667339,4389.6257403477475,15.588662009321988,4395.0
12737,4401.0,4406.427333807997,11.95768159166103,4420.144617286236
12758,4403.0,4408.204601605888,11.968518733251603,4424.346707013677
12739,4440.0,4445.191575370303,13.448218705635517,4448.838017368125
12564,4582.0,4587.377925616477,12.354285180947722,4603.070410564122
12747,4621.0,4626.460483383585,11.447859650892333,4630.580170653653
12227,4626.0,4631.406442133851,11.727181417957087,4635.52490482863
12538,4643.051617611519,4647.459110551624,12.370036889877365,4651.334843096989
12453,4659.356096730894,4663.436124734192,12.765244587280373,4667.2242732948025
12592,4669.0,4674.235892266758,12.116696669963929,4678.308049686816
12575,4765.0,4770.4563391399115,11.670800902200343,4774.390332340728
12560,4772.0,4777.174532664872,12.830890551489178,4780.933247869397
12141,4872.097203105504,4876.4984234378835,13.468914253580582,4879.9905963774045
12691,4885.17417953567,4890.187616270632,10.5858920229501,4894.572008884649
12195,4909.0,4914.454326405111,11.708476994872823,4918.761489611556
12698,4933.0,4938.084811768857,11.338377661370846,4942.1181888432775
12652,4957.0,4962.02577412507,13.283108771298787,4965.809543094208
12663,4970.0,4975.314321039389,13.506145983370821,4978.960983356655
12661,5027.079798579855,5031.250757868409,13.42926937547051,5035.002535757905
12233,5035.780206495651,5040.150132117,11.960617894451332,5044.259923772864
12639,5040.219917770123,5045.171071081952,11.156938632174633,5049.280070386591
12728,5043.0,5048.304254530253,12.421841339677393,5052.179904163485
12618,5086.0,5091.2987862374075,11.882366270292883,5095.272495890081
12589,5148.0,5153.15592877677,12.069171335977769,5157.369636800096
12192,5168.0,5173.162392608235,11.678738789713304,5177.268422131917
12726,5171.0,5176.109310054383,12.446669390023118,5179.9672684453735
12544,5195.0,5200.380364057348,12.198306648451029,5204.441091716437
12771,5241.0,5246.252753460477,11.798672688839913,5250.338335661676
12177,5252.0,5257.1584790346915,11.59816225763572,5261.222962722987
12770,5256.0,5260.516693983497,13.947007312849774,5264.085157719928
12604,5306.0,5311.578077436911,13.096246168550573,5315.134738951684
12795,5325.0,5330.21693857769,12.21254687147788,5334.275966401924
12740,5361.0,5366.306442607994,11.916622118035317,5371.174757400442
12464,5376.607132076048,5380.422348365828,13.497796491343752,5383.864586317429
17979,5469.027007044906,5473.229994830454,12.883511989533265,5476.948808033975
18297,5594.0,5599.16136971714,12.97641279972915,5602.963418986112
18739,5742.879608884753,5747.358378643631,11.350471341153103,5751.403891686158
18178,5761.0,5767.362620001445,9.037878627126334,5772.693022253366
17974,5781.396644525927,5785.53322350041,12.542532791477077,5789.262947576125
17725,5798.344204203727,5802.205663843814,14.061969276809844,5805.721954512347
18089,5846.0,5852.348647345537,10.741635707259165,5856.989771927687
18131,5930.025330538864,5934.488264780964,12.900844315881125,5937.985289579164
18151,5937.0,5943.068355177006,10.404842740574322,5947.82805110279
18169,5996.0,6001.135776831126,12.536462289727812,6006.011617597233
17949,6053.5764719323315,6057.524645246075,13.044060248516095,6061.050325665408
18211,6056.067603477427,6061.122319660475,12.2052678068215,6065.1762307504505
18055,6091.0,6096.304889803625,13.251081383139942,6100.053486497451
19192,6101.111714360856,6105.282330386959,13.18878338589898,6109.071827238474
18258,6124.0,6129.032037827343,13.115141760501787,6132.803033049008
18306,6208.0,6213.009371645875,12.973815813999558,6216.773083668587
17621,6211.0,6216.1039044899,12.541120884595525,6220.00037711301
17749,6279.1603273589535,6282.625843253203,15.336453228048315,6285.835892345581
17746,6281.245165680208,6285.057192016857,13.088406815755299,6288.602637065273
18186,6283.0,6289.016333062334,10.11123239500877,6293.607758035794
17735,6292.833240270731,6297.364007598041,11.331038739741306,6301.455875580112
18060,6321.0,6326.427772641177,12.437164090312397,6330.209995627491
17754,6338.0,6343.3768568444975,10.994879844523517,6348.124259972787
18013,6348.0,6353.174832584816,11.46194082655701,6357.201548619068
18217,6381.0,6386.453011761207,11.79399304405057,6390.616779320119
17755,6438.501414102013,6442.113382809459,14.447512456298417,6445.506977309574
17708,6501.0,6506.582110834891,11.980066323466861,6510.727944144591
18094,6503.0,6508.399620882812,11.970266631495088,6512.534226418247
17956,6556.0,6561.385805444023,12.048696421879066,6565.495462175825
18008,6559.032528043112,6563.578895270857,11.95128406339946,6567.644243536802
17768,6726.0,6731.4180814628835,12.325327989825944,6736.21235538134
18076,6766.0,6771.268114380513,11.740567920366198,6775.08464966165
18179,6827.069246187235,6831.3588842399595,13.688141818506152,6834.8485076553125
18203,6937.0,6942.183908006814,11.765830377335941,6946.514339336459
18130,6978.0,6983.353645296346,13.82925149150613,6986.96955200934
18666,7009.557636339933,7013.308322331689,14.141507418715621,7016.766202870831
17674,7063.0,7068.3592964955715,11.315722471440928,7072.497087826063
18425,7121.939387993283,7126.20114672222,12.02727289180404,7130.030771042178
18140,7144.0,7150.130638779265,9.840195694488283,7155.183787068899
18161,7146.0,7152.112297989353,9.298315040413312,7157.286053203799
18079,7184.120111228183,7188.488676499961,13.968802878845832,7205.497956722864
21394,7265.709057152594,7269.196965173486,14.484574717905142,7272.45304365308
17944,7359.348574388079,7363.598953154003,12.716354405676698,7367.3811203820915
19148,7554.4267928835625,7558.178753486667,13.797113743691739,7561.490467610626
19138,7626.448097706638,7630.337975338616,13.619282062214651,7633.949421309915
21356,7664.715459821615,7668.063336680521,15.51399887502628,7671.150275239203
21446,7981.260878807659,7985.157535240942,13.461931582441748,7988.786823630909
19185,7986.123578223795,7990.204768667363,12.5723789891083,7994.025480843654
18413,7988.0769477888125,7992.2914927105985,11.945055276949036,7996.499143217695
21415,7989.905814888372,7994.099246764466,12.10794216120951,7998.54115344147
19176,7999.97718260727,8004.272041217754,12.08967140734401,8017.394378498365
21418,8024.145180293571,8028.131591678485,13.239191990377076,8031.6888087337165
20691,8075.051819984974,8080.292834891028,10.000219674753495,8085.122472625411
21379,8077.301953256882,8082.350674682923,9.404643391215199,8087.0416384816635
19178,8080.218521490367,8085.0516258227835,11.141471684967872,8089.400320176279
