2076,56.863596698279565,59.48526873811392,14.413921848188366,62.46680516503451
2075,61.50771263124486,64.08000416257708,13.893490631020509,67.08790666982354
1291,100.24772784452824,103.0082757962699,13.110228824280481,106.16614885109192
1284,240.11803894209166,242.54433479232415,14.729469387809281,245.29344707257792
1451,243.11256862890104,246.2636513629024,11.916077372885528,249.7021523753627
1453,307.4597414985956,311.3291952915175,9.538514773926673,315.6343145855804
2034,424.3888572540657,427.40760410599313,10.080852412563353,432.1000114424234
2052,436.08946376006816,439.0832450896434,12.311678525008276,442.34791456255954
2101,454.19135366516866,457.44407108800914,11.484898268385242,461.0704716678314
1473,459.7105816019269,462.4908522497507,12.494076109880707,465.6435644447728
5031,467.6519162926227,470.0500466565909,15.372695853243986,472.72115146793345
1488,480.3769402598996,483.21458115207975,12.688523257847615,486.444418099831
2781,517.3829439324134,520.3559990899064,12.744599411078651,523.6641708281475
1278,597.6393260756156,600.358104594297,12.827371193834463,603.5114618466694
5040,644.9681461691357,648.0406636428934,12.005991118040365,651.5649842204721
1261,657.2161231175638,660.1334787150246,12.113701808205219,663.4818901765589
1277,677.0410344591102,680.3708153255888,10.952899832581124,684.2240168695834
2790,796.6538304213393,799.4992102588576,12.819123207784482,802.8620408855545
1497,890.8053335293604,893.4779085638656,13.294779584948422,896.6226139634025
5054,910.3511394229666,913.4354099064022,11.495029956572125,916.955316476258
1289,912.1578709827455,915.2368290540604,11.295039802316394,918.767781793886
5001,916.783416126869,919.3004830155397,14.120705905295221,922.1404074475846
1271,960.6169697919419,963.3720011059019,12.978277684331877,966.4351452514475
2026,962.1627873154705,965.3431858550172,11.617765557383606,968.9246417259843
4987,968.6412320395468,971.5184861077418,12.348343841496263,974.6829994864727
5041,1000.3176920037849,1003.384328246156,11.908196015777078,1006.8058338439287
2032,1049.67838687498,1052.5505137108646,11.98535809999024,1055.7453362139495
1485,1171.152357517703,1175.2517206146451,13.426111468005969,1178.3227848393979
2040,1244.6551538368433,1247.5650417923314,12.455409639272297,1250.8245388659682
5019,1272.9075979067004,1275.5677589271475,14.012597462642654,1278.5528746884847
1275,1386.843060276973,1390.1176336270878,11.058314845121455,1393.8984377366196
2843,1450.1306432570223,1453.3565396602573,11.58826585457441,1457.063909487048
4974,1451.7881791860016,1455.1701269542878,10.800926920802107,1458.9691957499997
5020,1453.8309898727864,1457.435994676231,9.75037320831684,1461.3301171028513
2077,1495.5326504882676,1498.504853281535,12.694442239078116,1501.8461052141554
1511,1586.3500320866917,1589.3288185889219,11.75350411118902,1592.6381222484724
1486,1600.7662051298996,1603.4340484572265,13.745001392918159,1606.3895710732786
2747,1620.9221633205868,1623.5336514270027,15.476508110940555,1626.1543325628313
1456,1629.5604094272514,1632.3348356241477,13.007647122315321,1635.5322749083577
5037,1685.022723804386,1688.4165849929736,10.009283227543813,1692.2998141787148
1514,1688.6330844952006,1691.4634412602936,12.779406240120725,1694.7247703035664
5051,1690.3065346291849,1693.1885135110629,11.349801921659964,1696.3993068413188
2754,1723.9638208215158,1726.5978382893431,13.962100135310534,1729.5809403129933
1515,1737.1215187708035,1740.5030582132454,11.171672560169766,1744.257579271983
1249,1771.0492625588995,1773.6434468882976,14.247459904880591,1776.686494041488
2807,1772.691893857407,1775.3817990009047,14.196190879501472,1778.368108313746
2087,1789.3706937401514,1793.315114033851,9.302645547900491,1797.8286674220458
1521,1816.6651669621876,1819.5695183829716,12.266812657549945,1822.8731092192118
2826,1891.179011966409,1895.3354424633967,13.42341856565698,1898.488183594324
2752,1894.0446540268301,1897.6173415688343,13.658739326137738,1900.452264945598
4993,2039.7942302792887,2042.5126339172446,12.830224867039185,2045.577395652096
4960,2045.0184956595015,2048.109561245202,11.095449265271082,2051.6515398601355
7517,2071.467984448214,2076.014063263855,12.660639509491038,2079.3073396658388
6948,2125.5266645793404,2129.0368914317614,10.399883462439108,2132.8732113959913
5015,2170.1485337232816,2173.257902297556,11.186122840762401,2176.8008758314436
4972,2176.3890554375885,2179.047776280613,13.513629394865452,2182.102137330757
2782,2305.5352993832503,2308.5498064266562,11.391133545917045,2312.1039474228196
2748,2310.7942978055416,2314.0008710440657,10.85880741861953,2317.8044827017516
3841,2315.616146422261,2318.452517757169,12.732414732293016,2321.738953744547
10549,2341.3249592596926,2346.0226160148563,11.40602952906821,2349.5956480668397
6757,2349.557951554131,2352.368967864583,13.152959362057963,2355.497441105358
7009,2364.9172243812836,2368.2006091277085,11.747154145075061,2371.8121024242964
6727,2370.7702118397515,2373.2560861954107,13.459940937517691,2376.2148803262407
7574,2397.9057647423315,2400.563824314664,13.372045664598103,2403.648445343286
7004,2413.9068448189596,2417.011980179649,10.706995774903081,2420.5967721681086
8289,2495.5389006124956,2498.134690583167,12.49196773656532,2501.586237849772
7580,2522.2537012091857,2526.0489376996843,9.596438411457518,2530.3069514230883
4964,2530.1877454585233,2533.3149327853753,12.027760909055198,2536.774235183598
6982,2542.151466053016,2544.3648841428635,15.741103540203351,2546.874021876768
6992,2580.848507084394,2583.602128048967,12.941034276752342,2586.750890926655
7539,2595.6952933987864,2598.370831735578,12.830344678171464,2601.44228826447
7577,2614.1097970384,2618.2118734821925,12.927011728901336,2621.284206662532
8317,2632.610824927012,2635.473000735528,13.122090135309739,2638.86759767554
7554,2662.775402072101,2665.540566071393,13.14734729315193,2668.6477479492914
8257,2775.911250545437,2778.574380821552,13.018504273861343,2781.6654448060563
9379,2778.8158597688516,2781.452844577183,13.907347038350384,2784.458564855758
10538,2799.7024799508335,2802.308671907573,13.963569265699842,2805.249947407909
10415,2806.804767263239,2809.3233590205386,14.239227024281162,2812.132200387179
9376,2846.1120860029614,2848.4536371931977,16.07014191776068,2851.083267591114
10461,2861.0299272615607,2864.4035175932813,10.485406175539618,2868.19810649808
10470,2956.7119278562363,2959.1628938273243,14.557973770941976,2961.944939823988
10462,2971.231733236607,2975.4736328865893,12.81706768823443,2978.7397059967534
7568,2974.3445192556014,2978.1139252665284,11.79636145643267,2981.5619744212004
8267,3028.7379440977898,3031.379978009085,13.73364950018516,3034.3898521601695
6740,3070.083967739219,3073.030441037583,11.364609720441615,3076.5441142522523
10530,3131.7195139362602,3134.157796400648,14.343518847052431,3136.9606789640643
8251,3207.3184124883323,3210.3308313550515,11.713632603294322,3213.8578040688403
6765,3252.8159528939373,3256.3967500354347,10.561539917997393,3260.4437036727168
6776,3273.1711983966056,3276.4509361860337,11.32109782214475,3280.1593943469625
8261,3298.119344072896,3301.2090107707136,11.985533274253635,3304.711879848991
8265,3303.0206618973807,3305.626231561799,14.230998466318065,3308.59550471263
10486,3345.9271306392066,3349.290156954739,11.247428120190593,3352.995727792941
6786,3397.2613581883234,3400.4722896529406,10.619045394017927,3404.148791589297
7548,3420.976288472499,3425.2194874365014,12.653455834263553,3428.0283473443396
8304,3429.539965509044,3432.177279348616,13.482369695730435,3435.165277634711
10502,3432.1445640194556,3435.2116939586413,10.616801708697283,3438.9808159369104
10458,3433.908128093081,3437.0650969400194,11.06393945326204,3440.6740988677807
9783,3475.3937492275445,3478.3609532501528,11.488278990268368,3481.732042675231
10545,3477.335114532823,3480.349809481144,12.3203683717134,3483.740747014186
10540,3479.217025100393,3482.084806121395,11.71504822407757,3485.566526501085
8272,3511.6040913054944,3514.180784862724,13.35691050814811,3517.1445812393936
7534,3519.5356633570727,3522.094564397513,13.559479278823389,3525.0602121670977
7593,3601.2963479714,3605.485822052475,11.218932391560003,3609.113105117463
6761,3610.1317199811665,3613.212536168987,11.625178222200264,3616.705946044787
10529,3611.9606909337313,3615.0542116590223,12.611716943749386,3618.452561934642
8315,3654.6617156992434,3657.196650439281,13.937633568265799,3660.1333354837175
7515,3663.560396050106,3666.4303138675277,12.487699675793847,3669.6307700774883
8316,3691.201454098296,3695.439878901306,11.271129974038892,3699.026404754417
8254,3693.850454486423,3697.4734816388413,12.527402077387931,3700.88431333768
12512,3700.170336883328,3703.0660865604877,12.232023151250988,3706.327881537773
10467,3793.2216923057576,3796.0744848258273,12.653354476227983,3799.2408258381593
12509,3843.901713261283,3846.494401469677,13.648703436240373,3849.3899020424833
13052,3876.3574159379373,3879.556941325338,12.26742945559324,3882.96626901523
12269,3893.018168747919,3895.6191736023916,13.976929884472193,3898.506929839717
12273,3950.2132101230823,3953.393202425928,11.217205488231043,3957.003015107604
10484,3974.8150600894537,3977.530880522555,13.019779658871602,3980.7227583448907
10515,3977.510599079978,3980.3373809709487,12.367548145146259,3983.6953525409344
12270,3991.1640077660463,3994.365970366541,11.256645161817575,3997.9243666082284
13042,4034.558340249512,4037.4128540572947,13.039625754172118,4040.6345542159293
10453,4059.7236260025466,4062.202854770906,14.415782801098969,4065.0799745924905
10501,4061.961398529073,4064.5228752014027,13.631200677375674,4067.518750011415
13092,4108.610055612969,4112.147533385032,9.953700158165994,4116.129512485594
13795,4125.847557392973,4128.618645637379,13.461452630584542,4131.723449810708
12276,4152.928194012782,4155.448063603464,14.200491877331935,4158.372758805085
12441,4165.031975446843,4168.025127926471,11.552020482500172,4171.461130435035
12437,4207.296509303205,4210.468237734463,11.042091878567229,4214.144242377993
12224,4211.11731371457,4213.50361070886,15.073954189345452,4216.385799830468
13753,4290.918236536834,4294.211102638917,10.981139866245911,4298.011866517604
13821,4295.783377494214,4299.237818110812,10.037160678336926,4303.114710930855
12263,4297.725719393891,4301.210684722847,10.822915077132217,4305.036600872625
16001,4307.004339780411,4309.234455713575,16.417648659112707,4311.862023249101
13094,4321.5678799888465,4326.183983745416,11.007995769375365,4329.917294252707
12230,4330.168022489554,4333.273879000084,11.610986744429713,4336.859286179387
12274,4332.1492805583985,4335.251188716843,11.137328287221335,4338.857215141546
13077,4376.426034180057,4380.199641564458,9.1359800467991,4384.51946700538
13054,4378.357650819899,4382.239320508879,9.586374899250586,4386.56966361727
15983,4383.154382468558,4386.034749185633,13.147694825143192,4389.131595918189
13784,4464.53782314491,4467.101140744202,14.4641403976644,4469.982522140419
13060,4471.188461725931,4473.524849405349,15.188876558240674,4476.293621981019
9336,4591.162921557434,4595.263053608751,12.364660392663273,4598.56887750976
9786,4593.700027464522,4597.331248807796,12.503272183578252,4600.76511452838
8903,4595.81046417158,4599.128615244546,11.35049709590854,4602.521733467095
13835,4645.915706079589,4649.440027108871,10.321877843753242,4653.339575503352
13047,4680.90985246623,4685.030548374642,13.84669388440906,4687.933401295292
13097,4703.2146300581735,4706.260150175613,12.269820254613183,4709.636229754954
15360,4771.40257000877,4776.234003321689,9.02449519454847,4780.535009769057
15992,4825.853849015738,4829.128653454468,11.036924879672034,4832.881271718397
15359,4834.894761811429,4837.419889400977,14.267952035940583,4840.376612270007
15350,4841.639699761421,4844.10021949915,13.996303501508654,4846.979700729917
15355,4845.672980083664,4848.353873165699,13.472242980650527,4851.5055581529205
15349,4870.312650733057,4873.187199004107,12.399519556208222,4876.459185559641
13771,4919.950884385019,4923.359055230033,10.750789468405761,4927.176973539283
12925,4929.129872322632,4932.115342000979,11.865253674074804,4935.586275830475
13029,4936.379567223208,4939.215230255898,12.525781583720914,4942.445124334647
15334,4951.619575523029,4956.058765402222,12.153129882337764,4959.495487973434
15965,4960.323764917842,4963.542654928709,11.2642977427322,4967.214881188842
12283,5013.957992246451,5017.009680737658,12.212060427211204,5020.408029197698
15329,5017.0883521967635,5020.2640387646015,11.697665145014694,5023.852599501303
12487,5076.491391487301,5079.069391632276,14.054070483627108,5081.966762360569
16012,5108.881263188126,5112.264517552034,10.721672075848794,5116.201079646723
15307,5110.824854916003,5114.113719765974,9.776884640016842,5118.111109077805
12992,5184.0,5187.552555062734,12.926324668445686,5190.784326734914
13111,5191.06512664766,5194.129287091827,11.627743764595516,5197.715232753404
13770,5221.290142501902,5225.613295060516,10.292167315908271,5228.545880323097
13790,5274.735437966527,5277.571147456989,13.228719837896456,5280.635282064371
16038,5277.26918718038,5280.196955768768,11.625367778064197,5283.555906356307
13846,5295.2867644859725,5298.516222273174,10.471549504979157,5302.162455931521
13813,5311.234384556866,5315.549972301809,12.639422978167106,5318.515335365632
13820,5365.887459129809,5369.367109668969,10.597599556573872,5373.37055225888
13107,5367.730195421434,5371.25585646414,10.733641269706414,5375.228427650173
13103,5375.994198563674,5378.640540495566,14.207585559997588,5381.555191659628
14406,5401.66304651328,5406.520534795982,11.715641029090191,5409.813683732448
14434,5404.622250198132,5408.516374718963,10.67113748680651,5412.143958594134
12264,5412.032517087094,5415.017544473382,11.54667331495523,5418.533971356063
17939,5455.71640645624,5459.452134272957,9.899120923866613,5463.550130971445
15963,5457.6881818510865,5461.432487963265,10.05807123257203,5465.481859824006
13080,5461.332989239817,5464.046738638701,12.50685179712182,5467.481955339423
13746,5463.268372743812,5466.241419862868,12.189597035554165,5469.691310132242
15996,5471.813244645577,5474.366749986927,13.580028132580386,5477.748352749638
15961,5474.466386320592,5477.26581651063,12.900209235643356,5480.519115352823
17985,5499.338409231872,5502.117631942054,12.531642123973555,5505.381959280431
15922,5504.076673219651,5507.007536171714,12.485842050075814,5510.29682964076
17971,5520.987030574007,5524.182912457165,11.825297577785623,5527.768789283534
17729,5560.749526034234,5563.136039507996,15.652134209324569,5565.861986003245
15900,5590.403576930841,5593.366029364435,12.454098881931964,5596.691702970307
15970,5597.969849296849,5600.622994474605,13.620963381699477,5604.452766874796
16048,5599.668640089358,5602.467028931516,12.648350856180683,5606.304677306042
18570,5653.241000672279,5656.1153217015235,13.014587829171681,5659.322921625086
17947,5671.755612870372,5676.199753290138,13.420665129204336,5679.0395039855985
16027,5680.555710378529,5683.394463714832,12.6932043045689,5686.748730369264
13776,5682.2077058089735,5685.104465224437,12.052443473026546,5688.447422424524
16013,5685.142369653967,5688.440787718618,10.114594514545878,5691.896539726306
15994,5687.259424918317,5690.518019217246,11.564438915278787,5694.120097540818
16047,5699.345991298288,5702.4143894043045,11.375004558882136,5705.874541987484
18532,5728.496470419154,5731.020942970216,14.238540987061464,5733.902133740544
18587,5750.002067498703,5752.605309120046,13.294084181265664,5755.519440059872
18523,5761.486966645034,5766.3750950745625,9.339945667898478,5770.64242345723
18600,5764.182542661295,5768.342661897791,9.887014936414705,5772.661607268279
16022,5770.083035610412,5773.097369967211,11.653043236886319,5776.492193113531
13759,5773.676834940407,5777.198373212923,8.403242698595404,5781.558250475695
13752,5775.846753096932,5779.369084297613,8.34231192052651,5783.497774421324
15365,5777.618809659351,5781.404909964079,9.189903806194417,5785.337640024918
15281,5779.396489604299,5783.28426310352,10.858879404021053,5787.202355040413
19292,5817.462999206368,5820.271965285755,13.147825189955672,5823.494527167537
19247,5821.035392701239,5824.252699181027,10.624495854065005,5827.972480850847
14847,5833.603653613476,5836.206838283241,13.435012224358626,5839.216433798585
14897,5861.513298102044,5864.390886601676,12.007683996335444,5867.6914182338705
15345,5864.806272030803,5867.32545263009,13.73727588256257,5870.224991651851
19336,5911.6810484198695,5914.323134749974,13.543317464836857,5917.26462691677
17767,5995.90881140941,5998.6007370497555,13.105063492406805,6001.594129773589
19300,5997.587971063894,6000.341015790491,13.615031162828341,6003.3249177990665
18547,5999.39443563312,6002.078353697271,13.328502455247612,6005.131880568444
18021,6010.702812958431,6014.141965559168,11.218094483891175,6017.874283636547
14866,6031.20894407183,6035.465807436493,11.146545670689674,6038.986637863614
21545,6042.388043857792,6045.536244363301,12.15260529465443,6048.955029752388
21491,6044.252754702737,6047.2584742397885,12.521699244510287,6050.786510674263
16033,6047.064909055826,6050.299576601913,10.691901533854573,6054.0264233591715
21551,6086.874903145914,6089.142891258598,15.676996382074798,6091.7328206335305
19276,6105.432226518974,6108.164819347979,13.43855110688189,6111.188582362474
18594,6124.175351511686,6128.139446205881,9.877207307211275,6132.119818123766
14841,6180.14495342601,6182.454885247098,14.511808151555757,6185.490192876791
15309,6198.682924362249,6201.2122023907805,14.442423183930671,6204.076364639148
17989,6224.027147216715,6227.229965457058,11.608998332328772,6230.860644762746
14436,6266.784776388809,6269.203332502989,15.184950606304499,6271.945146608917
15957,6287.302256632242,6289.552538177849,15.905511366598697,6292.177979739927
20853,6290.712723962294,6293.240417919528,14.036699841526383,6296.203706374581
18013,6341.32329133364,6344.293055100501,12.1423964932454,6347.6961476931265
17785,6355.498997317998,6358.05471788046,13.734076858366434,6360.9200528796755
20773,6365.066194881957,6367.622936852512,14.204126566324327,6370.560873047475
15293,6372.911148634785,6376.15992873621,10.830855284126399,6379.880484209106
15320,6374.6813571825105,6378.064491201175,10.523781584314515,6381.805159860267
13822,6403.566956382752,6406.544403523358,11.671485092870382,6409.894078274644
17983,6455.724424451957,6458.407265617707,13.519994001256734,6461.488284655545
14433,6457.813666902837,6461.262751598888,10.62312541971962,6465.259175632173
14834,6482.253023948603,6485.143146823319,12.523948384357093,6488.417459958615
13841,6494.240964310257,6497.11969334511,13.192572110437014,6500.281138330336
18562,6534.631260428931,6537.035239191171,15.415038835090753,6539.752067211622
17943,6543.018800749101,6546.197903438686,11.604735223651636,6549.744210270439
17956,6549.220613220342,6552.185706255865,11.96798501371814,6555.698723020812
18008,6551.210342254914,6554.3185289731855,11.038774001602812,6557.8587773125455
21509,6559.583257959499,6562.563869821633,12.24093212537707,6565.953048383274
19957,6661.753950762114,6666.2597462456915,11.94087724347319,6669.908117105084
18544,6664.409897110756,6668.050179697809,11.435990810451337,6671.773534233104
20816,6820.858524826694,6823.565499834034,13.12671349199593,6826.6464166626265
21452,6854.86720197251,6857.120965933774,16.116021356525504,6859.673805211655
21525,6939.82402054529,6942.4054724702355,13.508177569554661,6945.43199863113
21500,6941.62108328013,6944.365372763188,12.750530609333518,6947.462970364062
21454,6948.724360625238,6951.572585986136,12.459828913516791,6954.835297555176
21487,6950.431728326155,6953.393460275432,11.878621547091191,6956.63506787684
18580,6988.075131997818,6991.223337415204,11.73099960523513,6994.826742486415
13824,7006.230817680825,7008.469778297166,15.36683329994244,7011.056331051403
18597,7111.55325775355,7116.305906022592,9.785960969095445,7120.339578291752
17724,7142.224485630382,7145.030436532847,12.539593292798626,7148.155423954762
17976,7164.672323690827,7167.489739292756,12.60220094184722,7170.610634416159
20822,7180.658499968861,7183.086399668266,15.316273605763561,7185.96277515561
17761,7227.434685249559,7230.278563217376,12.453792574746604,7233.552802208029
18583,7255.181185962576,7258.220194967059,11.971415976842993,7261.6654828969795
19306,7276.1249807343065,7279.464454635299,11.449251585266607,7283.171890138001
13789,7291.24177243694,7295.567878487107,12.554725729200413,7298.576811189739
20812,7296.108846207272,7299.5504169956175,12.923651461282843,7302.728372722849
18555,7328.70450852625,7332.183099498433,9.780504467718448,7336.162578630606
20398,7371.11578960314,7373.450412167933,15.819029614590715,7376.051651778129
19272,7434.707010588083,7437.530394564444,13.037131835664082,7440.833538014318
20768,7440.422403076677,7443.28774066947,12.15620882660031,7446.68482963277
20827,7442.281086137819,7445.108234919954,11.82712042176672,7448.459685000891
19945,7444.17839403106,7447.014627402276,12.910484746174381,7450.28452572405
19287,7618.646518518922,7622.286596589141,9.230218528998751,7626.6914904009045
19298,7622.892788884213,7625.503155562056,13.421231359314856,7628.769880044108
21463,7663.449293899789,7666.398618285617,12.235911696013325,7669.71256951175
19339,7671.310598090912,7674.447912484484,11.076801903303881,7678.035015890585
21455,7679.798481079714,7682.605560914407,13.127458346543152,7685.816115301112
21528,7685.742783312838,7688.52295541201,11.88990886530016,7691.711914367166
21488,7752.181793775319,7755.302531705412,10.943093752763119,7758.995256256833
21450,7754.10852333223,7757.118600769086,11.278643856302368,7760.661321345228
21493,7930.094469957305,7933.276135719178,11.406079723560401,7936.860283686879
20788,8011.54393797962,8016.329859847928,11.186615783615805,8020.141511390368
19340,8014.416760386355,8018.364569567475,11.138114895140976,8022.0028322791895
18581,8016.709468894976,8020.256686717598,10.945767743348659,8024.233868569814
20800,8019.406533717625,8022.223235467305,11.938502276704961,8026.1954905156845
21451,8021.114209990471,8024.051995863287,7.299938745161858,8029.939763423828
21527,8024.165118177707,8028.021751382418,9.983389419678035,8032.303818524075
20338,8028.190938352087,8032.011079743652,8.954234420876896,8036.616538592941
20806,8031.695735420368,8034.551440074445,11.408479606086773,8038.622095036664
20851,8035.686859701658,8039.429198825303,9.891101113464208,8044.382120966617
20814,8037.66888435495,8041.38476048566,10.59498856064,8046.560645122578
21462,8039.757065671209,8043.338178877103,9.268419766354352,8048.614500615306
18551,8067.4117741387945,8070.386430627353,12.547802379827484,8073.852621949655
19245,8101.138783239882,8105.237794645799,13.530741609076298,8108.052800928016
19935,8281.559292814716,8286.170193160346,12.607630062643521,8289.309788860632
19962,8284.656926219173,8288.496059628604,11.348264257692076,8291.990844927346
19311,8720.734696672447,8723.489713186247,12.570421434231799,8726.513175430608
19331,8811.085436954998,8813.51153303342,14.23173093683778,8816.342515864892
19242,8988.735248524847,8992.31915537803,9.34980590381012,8996.566100145705
19259,9070.918859607757,9073.527751995143,14.159040919226092,9076.456946654567
