1528,53.37254877463282,55.45476865696947,10.530977854418788,94.54399787694824
1229,135.3420495181153,137.37769002000832,10.938199312950466,184.71048740406872
1554,138.9956371125585,141.0631795952141,6.555151118222416,186.9165765828328
1733,228.8331271016339,230.4568169137201,14.278868958484432,271.6147663427848
1656,272.3709729958385,274.23087385491687,11.427374630755716,277.0048171490042
1570,284.97820382328496,286.56174551236063,14.557759874908609,288.51979533060864
1215,315.4224019225564,317.48226390174324,10.750171572593157,361.5704990703406
1231,478.2833579508738,480.2759096690177,11.278582148452665,483.01399789551203
1139,480.21740575231786,482.2078711096601,11.968743705609427,485.5706152036831
1548,563.1052422654702,565.3295945620433,10.147288132621567,568.0353149720404
1597,623.1930173001493,625.2608494094914,7.024642306956827,639.0174402129672
1120,634.3721548467496,636.3824535437627,9.104882698863971,641.4131103773822
1648,646.851038072011,648.5634049115763,13.544703595834902,650.6663387938897
1238,751.5643893992683,753.4301415098727,12.121380989620697,755.7166309600906
1202,832.2894463499775,834.3688440230839,11.287058614409633,837.0597380212963
1761,909.101205329181,910.6571430497854,15.130632465076753,912.586647021349
1646,965.3182749742214,967.0320630959501,9.913136100034297,994.5228143933454
1609,1015.7365671953685,1017.3753019251499,14.373344809475123,1019.3502572684084
1635,1054.4961765066535,1056.240793297965,12.793763976833485,1081.35985217772
1452,1154.2780202220465,1156.1701032261344,9.061740908277937,1175.0
1190,1230.5427299232442,1232.219798664635,13.20629211481864,1262.9267840700893
1630,1255.1242391343458,1257.3072714831371,7.29579175198066,1268.7463523947174
1785,1411.434260488811,1413.464379737558,11.83004044189893,1444.2126871015105
1178,1424.249568750054,1426.1180169462395,7.173286557622661,1446.7339204057864
1616,1518.5116540523516,1520.3047161325078,10.845575904707534,1534.323554964744
1572,1579.6793690866602,1581.33971466016,13.214515535572776,1623.0657645442293
1486,1615.3230934998037,1617.3159429062616,7.927217102893065,1629.2869620975137
1642,1654.8267045796636,1656.4518535834068,14.433793599543375,1658.4605464262736
1133,1776.198818804071,1778.2504856634396,7.301113535747116,1816.179943071227
7039,1838.7118254512632,1840.5792319766258,12.512831537299158,1891.4951965058403
7132,1865.9872879110367,1868.1373734934823,10.103470101503175,1894.200738140843
6752,1925.5223247390404,1927.4355610692355,11.502040272751502,1929.970355708562
7255,1971.3043351375616,1973.2476759795766,11.50761997101766,1982.5634683258988
6728,1985.1541376068906,1987.3841301913176,10.467631515049828,1990.131527727249
6688,2040.4157157883305,2042.3870553586094,11.568037401055124,2071.4346407863704
7188,2064.1998852589263,2066.0919542049073,9.868477111341313,2074.0995977733496
7190,2096.674701861205,2098.569070980033,11.64717989791276,2100.9489462884662
7030,2101.491811562501,2103.415177588428,11.793578275759883,2105.734711391742
7160,2149.3912130936083,2151.1347045270704,12.114445465553805,2161.8027869560424
6714,2205.4095787208894,2207.1027257770606,12.545213810452843,2252.142507530385
7266,2239.228892778986,2241.2278322988964,7.6083682523073755,2264.2808530793236
7242,2342.556058355343,2344.444494110951,11.679527430952023,2347.5050892399386
6727,2384.895721616254,2386.526866012496,14.623293959234704,2431.490681589462
7115,2468.3909429198447,2470.500451261878,11.203594833028411,2521.4253600388993
7212,2480.255349682648,2482.236060193082,7.517719727564079,2530.323137775767
7209,2588.8151232463606,2590.516331208951,11.511275682956143,2614.4097242680905
6939,2711.578817922049,2713.49298040764,11.665316224452836,2715.751998779761
7263,2732.273933992122,2734.056651595535,12.359071129670955,2736.245250650009
6725,2759.165019155346,2761.406464172583,9.827901205022044,2796.260717234627
6701,2765.0913566437666,2767.210281635432,6.771607846207014,2798.711149633788
7238,2825.3574497896584,2827.156119303933,12.439246182669933,2829.6786279344938
7088,2827.1435664498017,2829.006573430061,12.380408062988204,2883.1426437424584
7137,2849.507983651768,2851.442818581574,11.031310036336354,2888.3623756456864
6660,2956.78154454729,2959.195132651712,10.575501153363648,2971.7624145247887
7203,3334.4034719758947,3336.092836388053,14.087655097045142,3338.0827200112253
6730,3407.984040898352,3410.185211759393,6.766791710265887,3428.9523644602614
6744,3503.3622848172063,3505.411050385981,11.334540037472083,3511.3934920419924
7026,3508.45520817434,3510.482545816582,11.261053821356171,3514.231052344711
7264,3512.3271045671677,3514.082309618922,11.00040904061477,3519.3518250429
7196,3542.3816026130767,3544.1113736051607,12.930797051481708,3546.2576091148408
7111,3582.787696752746,3585.057896056526,9.855461608019302,3606.607536768315
7113,3610.3180171963777,3612.2995688633832,10.608329184788703,3615.029187206185
12122,3648.0986950536067,3649.639957874571,14.571387674172264,3691.687451810021
12656,3667.5633804257723,3669.351569726108,11.040769957334339,3694.3774922266875
7455,3694.771269228142,3696.4731854168276,14.054007157054125,3698.470427980736
10366,3717.1117309044607,3719.0722118114513,11.415363714701765,3721.4909379389537
12780,3719.5375167953284,3721.27774525609,13.971540145087596,3723.3795321940124
12605,3726.2709339420358,3728.0744022327963,13.122428428761916,3730.204998981942
12594,3759.59401100261,3761.303968622979,12.732792501807527,3781.339722004927
12718,3818.16712711611,3819.6213266046257,15.929204304357754,3821.3572898950288
12577,3850.872428478731,3852.500730098123,11.347943098240647,3875.0138096736573
12782,3894.6788339414225,3896.480696021413,12.771528393861832,3898.676088831469
12535,3951.122934787171,3953.25978266965,7.126728134485754,3968.739082660593
12802,4013.320307029542,4015.089569535036,9.40867414518876,4058.720169340655
12257,4074.445266931283,4076.1989374611985,12.83530249011168,4078.3055992138575
12466,4093.5914341901075,4095.422986753814,13.543028056407199,4141.344226457966
12696,4099.5170666924,4101.508999919615,11.299013963769749,4144.009528540919
12475,4226.310995762707,4228.382897880601,11.018506741320442,4235.703943962329
12704,4264.994357138899,4267.031836549903,11.693756762996204,4269.538945170387
12610,4365.241815047242,4367.03854323842,12.128545176365789,4412.259942336047
12194,4375.35408240866,4377.367609160393,10.75139679850929,4419.141943875206
12737,4422.075949716418,4431.025740233941,7.833661702138316,4433.939717716264
12758,4428.275797353526,4433.04946488889,8.947913424507348,4435.711656484415
12671,4443.258327417731,4445.043758649722,12.17644873946744,4447.681902590226
12739,4449.523401284965,4451.407520416802,12.345043558339453,4501.398420798471
12747,4631.309170264326,4633.326197799901,11.10283156278679,4681.3396679959005
12227,4636.263332005562,4638.20082030566,10.533410327178062,4683.92529704372
12538,4652.027963542223,4654.126912327687,6.396199559851581,4686.0591143439615
12532,4724.3290260775175,4726.154579558863,12.584672927305725,4771.288843787603
12575,4775.097730242842,4777.080630250687,12.33797481729157,4780.095731513675
12745,4779.305877196125,4781.119399051948,12.511056774149974,4785.857346409361
12560,4781.570988529534,4783.485089714063,10.162243169306038,4788.522854701483
12246,4837.520544563372,4839.109726326939,12.293034504195326,4861.700729848106
12757,4843.4010400871475,4845.439567059744,10.634236986802675,4864.234472569001
12141,4880.639491348912,4882.377690668099,13.832184829696148,4884.404870491524
12691,4895.346393856771,4897.444139161425,11.33490220760949,4899.93850244479
12614,4898.515808669136,4900.2238323443635,12.923188274207929,4951.342831416299
12652,4966.505676929825,4968.333014696371,12.029050098648959,4970.53789227785
12663,4979.6054161788325,4981.405245844835,12.489958417793837,4983.649936247234
12233,5045.025972535179,5047.123036552823,9.593551082943884,5056.168120248062
12639,5049.977762389127,5052.015643870813,9.290701554214571,5059.2165128415945
12487,5090.70805173231,5092.417973643446,12.893134630913528,5106.0
12504,5147.223101565674,5149.002807363422,13.591266771109147,5151.128440126687
12589,5158.103708205863,5160.1231014091,11.412449171555105,5162.5984475195455
12192,5178.0411168112,5180.093288788525,11.827797291529611,5222.354455577646
12726,5180.661770277317,5182.5255875453,11.803197495990597,5225.234742187736
12544,5205.171195224737,5207.204474724643,7.31104221910033,5227.83060561346
12944,5242.0,5245.1733770949395,9.98813178584817,5247.950576434722
12771,5251.085437128895,5253.1760111639815,11.53384987405692,5255.709889463705
12177,5261.990839821391,5264.125047043453,10.864825155447837,5312.610955688837
12770,5264.711360763109,5266.533430389505,11.875938587140546,5316.627850789126
12635,5317.569837724746,5320.014031123955,8.034746746105505,5322.996081263474
12513,5370.253359229829,5372.338053979304,10.92024244512728,5393.0
12740,5371.962623195708,5374.142408666456,9.074160880541692,5403.0
12798,5379.162956215735,5381.247058515074,7.733715590946268,5405.874009775486
12237,5429.1860164937625,5431.277803108244,10.393575177499955,5433.947790024948
18000,5475.147616398234,5477.230235223241,7.249086781969726,5500.147150791119
18057,5530.451935958815,5532.397273356505,10.720661306993897,5589.697886659704
18260,5595.967129962276,5598.341874967275,8.939987343865754,5609.336560574381
18297,5603.66527381911,5605.548799520628,11.415587426404693,5612.578606460676
18031,5610.287687305082,5612.480686190726,10.808698899594901,5615.648815617428
18739,5752.11459346492,5754.190039377628,6.977663905517578,5767.102286575869
18178,5773.6507782204035,5776.175260991418,8.843386201654871,5779.2819771591385
18247,5793.960870767297,5795.513355619519,14.83159724870206,5797.472096784212
17725,5806.356373058666,5808.0782447542515,12.810826392900054,5851.364477765398
18089,5857.838165657575,5860.084295097553,10.715184265694145,5863.340760077404
18131,5938.6122049706255,5940.32245405359,12.923179491755494,5943.33616067175
17946,6031.556364347141,6033.188407050171,13.839442042757145,6035.167550134712
18104,6050.847643899633,6053.197238778998,9.900725540086464,6056.12236754651
17949,6061.661752289145,6063.323894986562,14.116705011748364,6065.366772779811
18073,6185.385195919567,6187.274184699865,11.032340490948393,6213.922431945576
17621,6220.717071238578,6223.003766196821,6.081643536919678,6226.579821818743
18213,6237.48160365177,6239.3286103974715,12.725707005892408,6241.526917212833
17989,6242.120701556663,6244.311908912032,10.542914538657925,6246.914478002292
18207,6247.276733504123,6249.04093451675,13.43716255594803,6251.198832426234
17953,6276.355211541261,6278.1480447671265,12.287996829584559,6301.7988835116485
17749,6286.39494557999,6288.043416995817,9.228830045811772,6304.812479701731
18440,6306.988593162349,6312.254891579349,9.097430181436033,6314.888329464445
18029,6310.813091325773,6314.397081239053,8.958820261108803,6316.956901951503
17754,6349.041787190455,6351.44666920202,9.16102455864606,6395.101989028448
18012,6442.290993905373,6444.153384305108,12.398954635737267,6481.621071054675
17658,6484.032672274133,6486.133452268197,9.67554650210238,6490.375118793755
17708,6511.458625788271,6513.403963056333,11.781181575582726,6515.777767197436
18094,6513.2479185565135,6515.182985665228,11.599310411009807,6517.797900091439
17943,6560.509876994655,6562.465903302255,11.790996465280372,6571.588071194998
17956,6566.255945151915,6568.304260839176,10.306809536444431,6574.391649023602
18007,6618.910158144286,6621.05643143435,10.964810903152316,6663.198077680861
18172,6730.983029858919,6733.109159461372,11.268537933925058,6751.391979689397
17673,6742.136396748833,6744.355187159176,10.011917560425296,6755.037884984711
18283,6781.5504700302245,6783.1075454689835,15.88145312451091,6784.949875233714
18203,6947.316816537172,6949.3640577764445,10.967537510265817,6951.86692841799
18130,6987.642196677003,6989.371447533001,13.504177735724767,7022.512269842719
18666,7017.3969614089065,7019.09963993974,9.449728920229376,7025.649963083831
18275,7033.018833945007,7035.231693484065,10.96261416086417,7037.810755246645
18061,7034.851873868985,7037.0672024488895,11.619760929191877,7039.582512796262
18149,7041.216898751173,7043.117099551522,12.250033617806697,7045.599890295339
17674,7073.2351372555,7075.117796346034,12.205721110213286,7112.601919920526
18290,7094.403060964291,7096.336872022182,10.293497452237817,7115.890550232022
17738,7217.265949878978,7219.089106452112,13.263137965877693,7221.238793687862
21394,7273.016662124757,7274.531882547082,14.623468653363725,7294.059107428747
21432,7558.7099525088715,7560.289122941319,14.148825353122621,7562.1980012493095
19429,7579.211808669089,7581.087221706859,12.739137689586691,7583.397401988917
21354,7593.38009719859,7595.244359993677,13.389018868569632,7597.35373976392
21442,7631.547579309271,7633.5142176204,11.510549508084559,7651.452818447251
19138,7634.578860547637,7636.410849078367,10.546250822275226,7654.383473719486
21356,7671.720640307781,7673.249510478059,16.018892252920654,7675.059140038669
19200,7938.674187568131,7940.556389572451,12.120595003171077,7942.849743993793
21446,7989.446865525936,7991.226351841972,13.087921608024697,8013.602123907746
19185,7994.677657561687,7996.497763206138,11.70768292581454,8023.5595531058725
21418,8032.32777208937,8034.377857912894,9.446298846049906,8036.9683671399325
20691,8085.957258993503,8088.263125285843,9.59970503722264,8102.283724052428
21379,8087.882549935987,8090.300228581507,9.329679821683165,8105.429558869792
