1804,298.9825378753409,308.33613092649966,13.539375367531013,317.9982055021121
1787,343.7362317607458,354.11017974774757,12.165471165715369,406.3709365936171
4805,445.1259964888444,455.4119191487342,13.094116193578985,496.1503214414762
409,479.6602566635109,491.4334083681543,11.77685931207133,503.61401691549304
378,481.87897776250577,493.30461504144415,11.343309716302857,505.8484715803369
3678,491.6920611425342,502.3348793350239,11.344668223756807,513.4102319040596
1089,493.4858282025922,504.16554562202043,11.428078775678404,515.1464286006127
1733,551.9451109148195,562.5795028652472,12.202955725733435,591.5747802191803
2509,554.5846522246303,564.4923226283107,13.111331981199957,595.7962538637944
1077,563.7301684930281,574.031490277269,12.306014697052694,598.6048825095354
1070,631.2067456252564,641.5058022009753,13.047659651778453,680.5280370625219
1742,638.6665535898883,648.5456335690254,12.719363894444665,684.8014903857563
3641,653.279651719718,662.4805142374772,14.501080552973619,687.3364180963046
382,690.0707291822829,700.3255760120765,12.458095694839729,710.4897968372728
3201,740.364914443968,750.3457629260105,12.268632760521955,773.7078064147443
1752,751.6780238612821,762.2392336976571,11.976777502281882,775.6166435120231
1047,810.5161314122171,819.6037278455586,14.207396601863916,860.0133353932841
2511,855.8582118029267,866.3455994617013,12.227280730361393,877.1862302184079
1710,900.4063648533074,910.3882960851353,12.679553392041974,949.9253170900488
2463,926.9058296628634,936.4115200665751,13.681089957468963,971.0669051740913
1800,970.3902018332141,984.0378531658928,9.233897635124436,1036.355453965651
1743,978.1536328632553,987.5587030787945,13.464274255439387,1038.9986702114454
1723,997.5271200374516,1007.4087848083778,12.385566436250821,1041.1005664229265
2440,1034.640583357383,1044.4200846534466,12.793580649529718,1054.9056441922826
1018,1040.301498000198,1050.2453417287456,12.871139571798228,1060.5895494543463
1030,1109.8185282236143,1121.373042298118,10.912290831176906,1133.316051027407
1035,1111.9998229474834,1123.2543245042996,11.473340363061416,1135.3227373272775
2529,1113.919252535836,1125.1690777076994,11.063879330898546,1139.7859034698079
2451,1115.833285178483,1127.0377973372092,12.084875790930283,1143.6760470538131
4096,1145.6956778560113,1156.122377656368,11.94948737501441,1216.4399743581278
1041,1175.3051428371477,1187.2157537714406,10.410272790997528,1228.1742653513377
1789,1177.2430362051134,1189.0609893446488,10.738958730510324,1232.4302539033101
4121,1193.1897016601022,1206.2899262977476,10.073315748873933,1235.8634922199487
1025,1195.7099987238594,1208.1911422181863,9.799153664431413,1238.4899476280884
1772,1239.8429065332814,1250.0717469917588,12.17354179415473,1306.1935411370046
1740,1363.7034286114028,1375.2118004752622,11.384076040934227,1396.3714719767129
3663,1410.6059436635057,1423.2286232048375,10.607788829286196,1486.2074347482996
3666,1418.494486670557,1430.469673531381,10.792588649465083,1489.6158254510935
2476,1433.6770014347694,1444.0783366636879,12.650987407664099,1497.883100002273
404,1441.6849927217775,1450.557157003727,14.383407770960336,1500.3031181362594
1746,1569.9384058886844,1580.2575796303104,12.77976912251044,1590.8148804708858
1076,1581.1095615953711,1593.3116151582813,10.850934158143907,1605.7148285013525
1718,1584.4453120131698,1595.1120515208352,10.359422412929161,1607.702940296419
3716,1603.8144851446798,1614.5135819592858,12.559823589438293,1666.2239497496364
3754,1606.0115816898765,1616.3105146388675,12.87859333657704,1669.2504361707543
1729,1646.7864836958809,1656.5579513458574,12.883191542797105,1671.861585742988
1056,1658.1577998533264,1666.0299460056085,15.7559638343932,1675.8687262736535
2441,1659.8961557861865,1668.1367791556515,15.7041307862516,1677.6928557329934
3651,1684.2937300671883,1693.056379879244,14.978664433944706,1702.071443034129
1805,1789.517049315615,1802.0767519967685,9.65794761291402,1846.2328932637515
3688,1822.7270985989867,1832.1923235342767,14.420956719153354,1849.7456619709087
3682,1828.1624925240696,1838.1438844230674,13.346385819658671,1855.0862110767023
3100,1876.486065690293,1888.0299748023594,11.276952257610168,1939.6998926054398
4095,1886.6394307681587,1897.3851440434053,12.217262271386781,1952.3167362657111
2471,1888.8741668143336,1900.113843060646,12.960653277879404,1958.3634697574942
2484,1898.0639210721395,1908.5583310091072,13.716591347345473,1962.9890541998002
1783,1909.723555616161,1920.479767598293,12.468610568158342,1968.2092367629327
1083,1911.7278333769011,1922.2611098689779,10.700874256926443,1970.4128101719214
1027,1918.69569512622,1927.581250809257,14.094513572538926,1972.256575911118
3232,1948.6965711277162,1958.3155045875094,13.841609893288853,2035.125038549304
3642,1954.0535683188837,1964.036470309227,14.062768256656955,2037.9709794833698
4074,1956.4993316123325,1967.0726278957761,12.611144224726127,2041.037232854508
2461,1959.580877716799,1969.1990859634086,13.762344461430944,2045.9887941791224
2507,2011.9981344417795,2022.25819437949,12.692216895878971,2116.5738916321743
399,2014.038183179984,2024.0093748720417,12.925184055131517,2119.6319857921085
3216,2020.6875818441004,2031.3391838662533,11.2432957918401,2124.181909989673
2506,2056.135699404014,2067.3850538689508,11.050468194012739,2135.4215398040024
1112,2062.2928265536284,2072.5784902706473,12.938389463359954,2137.4435650846954
1082,2066.8734221860364,2078.151592944612,11.143696920181831,2139.715242605154
2528,2069.002866687791,2080.480506461078,10.872275023713291,2142.7269493678664
1038,2128.695688380424,2140.2533731610483,10.624333329183393,2152.172951330894
2535,2202.207995829304,2212.1285501835255,11.803351652712053,2223.6606017540953
10301,2227.357902186037,2236.6090808008166,13.518200013458523,2296.146304719429
1734,2259.8066855953434,2271.224094015385,11.260340770212325,2299.9161226553374
1075,2261.5681310622467,2273.031527167376,10.710272168276466,2303.936677504008
7991,2265.350359824404,2276.0118143523546,12.231203718912575,2309.7433017306043
1779,2326.9215203248314,2337.2463788299733,12.429314687481714,2386.090123193811
1094,2396.6922055594914,2406.1620077604957,12.973049999115222,2415.7772684848737
8022,2468.186913592159,2479.316608863531,10.834287414714531,2490.723576157831
7996,2470.045897471154,2481.2015434750406,11.932624243795614,2493.6584978555948
7211,2471.862990414011,2483.0162767225606,10.916027286184969,2496.3107118436333
7948,2487.970636124929,2497.1405585215907,14.858342961296815,2506.197618970567
7987,2494.959392295053,2506.567936045711,11.603230811534074,2571.54981642391
7221,2532.424970583719,2541.5753779356132,14.425822370331181,2576.1550870744427
6544,2598.673821871996,2608.050671340089,13.493962177860125,2656.3503849781746
1092,2630.7700777974983,2640.354654534034,14.995620355217806,2661.6339962029288
7980,2675.438127406453,2685.521688999092,13.27841452443494,2748.945538093193
5917,2705.26931747342,2714.3356148260477,14.693782934447984,2751.6559165353588
2491,2712.8402135864753,2723.4052199720873,12.311605935382445,2758.460403131509
1769,2740.2265462487835,2749.5222483011357,13.173123115436841,2760.6986598596923
7983,2759.6538825064995,2771.2006113610087,10.445927574361166,2836.0610746418142
9130,2797.1986586685066,2808.582813473714,12.161805852137368,2838.83964725051
2462,2804.858483575289,2814.2959197282694,12.955874511219918,2841.08212543994
1039,2880.7304105327967,2891.0979447415916,12.612083232716246,2929.5600070500577
9153,2882.834134503732,2893.3827676254164,11.818945694550793,2931.886555732519
7284,2936.5108282485467,2948.441357887869,9.937106233382288,2960.439292932059
6591,2945.237088033969,2957.3856647193747,10.265935470625429,3018.1647643764018
5898,2997.890527518809,3008.5226443565593,11.803112219727437,3024.9620386137144
5873,2999.7649429989788,3010.3808975294246,10.852267514667057,3027.169111647184
7964,3029.972443034608,3040.217424580493,12.779261827230476,3050.2995495240443
9577,3032.664646650427,3044.2283357869696,11.213487206334785,3106.33850758351
10306,3099.759345644293,3110.3951748357354,11.718944544635761,3124.182821573669
8008,3103.541603229083,3114.480915427516,11.723436015598194,3129.2846929677917
7998,3155.6840291882436,3166.3077870564516,11.30414556503597,3199.3519470213564
7252,3186.8963482317477,3197.004230079869,13.138846014380999,3207.0877515186953
9162,3252.0797895042574,3263.1600813671507,11.210228249382551,3289.0618733243437
7218,3257.193521591188,3269.4229579799194,10.069345435406735,3292.4400661632426
6547,3339.8063338777365,3349.3709219764405,14.156227102369755,3378.771838353124
6589,3341.9026800009947,3353.1125042481094,11.13499041897591,3380.8596124563114
6587,3352.307530934078,3363.04413670832,11.65802386527795,3384.9598798098505
7209,3359.064659886165,3367.4673993853494,14.478200799448672,3386.9585454441813
7283,3376.2249353869415,3387.5178737890546,11.016960008470889,3399.2497543271124
8723,3378.063497995568,3389.355223715667,11.176653213252756,3401.157416260948
8739,3388.5074858392186,3398.0031817561717,12.797609791050641,3407.776686062258
9173,3405.9472429856964,3415.404639390239,14.292773616690836,3469.93763639364
7212,3415.2549211978912,3425.3811473347682,12.722795388835367,3475.891676001408
6607,3417.0664078223913,3427.0905590979396,12.305039628355388,3484.5411022938006
8018,3447.3389577737726,3457.271416142509,13.46912182919455,3490.373782643463
6523,3471.8688082238323,3482.429551788508,12.994581375109966,3497.7024561744583
6588,3474.0689856961844,3484.164196790876,12.882480680109172,3499.6874063023974
7217,3477.5626434531036,3489.2571036037034,10.450015133969869,3501.7634337869463
7254,3479.6959507780152,3491.150286943813,10.47433810046216,3556.3854472267285
5877,3490.4812260075464,3501.20668273574,12.31581377201179,3566.60513977366
8755,3510.203658592089,3520.1782161622823,12.04330908528081,3574.070828819993
8708,3512.2858503077164,3522.2942041669908,12.66738408163415,3576.9244484383153
6581,3525.613486569754,3535.0345022093525,14.504229747453326,3579.3401974886674
6595,3551.0758978664494,3561.1478122870462,12.211708586150511,3583.470677132311
6582,3554.476609469701,3564.0647371324735,12.818001465599817,3585.3826519668623
7990,3573.63542317164,3583.201344741499,13.709461107681312,3592.533236161335
7936,3580.2645076441318,3592.1243254891683,11.330157492819223,3646.321371535655
6602,3585.1041797754037,3597.2767146487136,10.789238309556831,3648.9453263970167
7294,3618.9577323305466,3629.1872601497826,12.321918082011372,3651.49405648201
9180,3643.2225316181894,3652.3864302442653,15.30899498497353,3661.8882784930674
5886,3688.7192055461796,3698.627552180828,13.434749556993014,3736.1529906154997
9570,3709.07219971589,3718.392570272608,15.074324410688963,3741.5038908902366
7981,3744.2090287809674,3753.1140626085307,15.513705650155215,3761.4664999140314
5934,3754.9540104959933,3765.098392343229,11.917310031408478,3826.1518155618564
6532,3814.216176911826,3823.5483805201748,13.685684898589104,3837.026250190047
5927,3816.1150367531272,3825.373974764654,14.79220025785494,3839.4424383368537
5911,3817.926030275987,3828.021842091691,12.657369099823459,3841.555422323306
6563,3831.1536113057723,3839.59155134399,15.634504069824835,3848.367919246096
5880,3833.9502886897744,3844.3447000315477,12.593129162797108,3854.9624956516927
6613,3836.1806241912927,3847.027258648091,11.32201461175581,3858.3729554783736
9134,3844.830713992106,3855.3056395110757,13.14805898831319,3916.4075298774383
7223,3886.187370418783,3898.5214091039597,10.920541884377073,3926.103940375907
14632,3891.5776588329018,3902.1500751891235,11.758949497530084,3928.140430864521
7268,3902.6187513307023,3916.364307890803,8.840977153495675,3934.0072177463207
7206,3948.753217951696,3958.2334143274466,14.887370012821357,4007.620348884289
6528,3950.8798565912625,3961.3052887647314,12.83740651403749,4011.800515963153
8013,3952.8299128822114,3963.246639054434,12.745061532948387,4018.1315809200155
7225,3954.955720463373,3965.266310434757,12.166266604445648,4025.1133457855244
7955,3957.000683677081,3967.4742478047087,12.282511871854854,4030.3517467281986
15787,3981.020934377849,3993.256240677848,11.175894700787964,4039.6281257364003
14221,4059.4568272198408,4069.3778821362225,13.360541829944271,4099.179392850609
14187,4061.544268624063,4071.26585672159,12.754392849478915,4101.778191086836
8668,4075.0378736989974,4086.0270873017694,11.960231278237519,4106.1186727796285
5894,4103.554380285781,4115.045909096968,10.97223382248308,4126.939370217934
6575,4108.421110537225,4118.44303441959,12.592229140298262,4129.0072260244515
8033,4151.386946834358,4164.293484666032,9.868198168683156,4189.1192020213075
7956,4163.023087666036,4173.095654742281,12.904680024595006,4191.344039295551
7969,4239.027662657448,4251.3832682230795,9.927155986123376,4276.220792163962
5874,4310.638385447377,4321.497256523615,11.28535997396027,4368.9686411900975
9157,4320.79551558099,4331.565532775316,12.190317481484254,4372.401014722373
14641,4345.146369214567,4356.4427368939005,11.133275557554553,4381.917771189116
13444,4507.283062880358,4517.403150652182,11.868583125001802,4551.769739183379
12764,4509.011711939608,4519.211628965791,12.214862345522922,4554.975184616976
13440,4550.61239083216,4564.076550982204,8.933166131891722,4578.201395724046
14658,4571.905561454963,4581.457534640883,14.533565179680583,4642.5379779378445
5881,4581.406172759719,4593.456413523715,10.466853007055363,4645.083734691101
13493,4593.821296425443,4604.387740050805,12.653766880095562,4647.732543364397
13497,4596.001988107914,4606.157803694603,13.257678379537246,4655.154058232942
14233,4601.723944238499,4612.1131419963685,12.451091453841238,4660.092724461175
13529,4608.725886056832,4623.23037996982,9.012705293815632,4666.475938462741
5901,4627.739358162163,4640.000901140951,10.481834823557207,4670.172275118698
11382,4641.234699158617,4651.525445675397,11.925560035258611,4728.585311820304
15119,4664.123397374173,4674.400303098581,12.685944987273873,4730.9454576309545
7269,4665.595104678577,4676.162748229548,11.973619068574036,4733.002784584403
6600,4667.488576634234,4678.424215181013,11.217093339157513,4736.701519310689
6561,4669.513920256117,4680.346777164542,10.985783912770472,4739.52466239499
6573,4695.984672707259,4706.057631224013,12.761804982991048,4741.621109403118
6586,4708.685140402641,4718.152758457919,13.795075928637434,4745.635981057065
5970,4710.560672985251,4720.157638711274,12.831643016306089,4747.545033079261
5962,4717.16055747565,4728.059670128978,12.132328125785815,4749.28099281093
14147,4729.799431276493,4741.205458637773,11.945762598365185,4752.559847652445
6621,4745.236578542557,4754.117107737198,13.985686853351135,4816.318680623461
12030,4747.552467492424,4757.073089930421,13.128297749288093,4819.1070618046915
13457,4749.678553162304,4760.369239576939,11.524329314542769,4821.32788401322
12804,4751.435667295038,4762.158041507009,11.367581047115323,4823.533363965515
5902,4763.536369475198,4773.133010990832,14.714113165640718,4825.547050782728
6655,4787.096798485746,4798.244487733074,10.9182979753476,4831.346191529281
11519,4788.92374006044,4800.057015399487,12.425948969323418,4833.296312716814
14250,4813.137871265282,4823.073274832367,13.360204524064622,4835.064769268362
12738,4832.206441974273,4843.265397951818,12.099221002576453,4906.27360263885
11422,4834.327400305412,4846.414081297855,10.822945797245719,4909.136163940176
11399,4838.477145513185,4848.403896201307,11.279172354648722,4911.35159273694
14650,4851.258378983295,4863.079829076121,10.612602008446778,4916.191164262131
14656,4855.726888309577,4865.324216942349,13.464786965278162,4923.311592829356
13499,4869.189655975362,4883.137181656043,8.803532415047364,4927.978862175839
13503,4873.098444894333,4885.181115278337,9.466657376469486,4930.771375082481
13458,4875.444338567856,4887.163372615166,8.52151560007747,4935.048567017352
11402,4914.629852083119,4924.037253585521,13.255970994470466,4942.176132107238
15811,4945.509017457,4955.477310672727,12.99158815641283,4996.321964781791
5908,4973.058701112697,4984.098885755475,11.727063617632286,4999.025549733473
5891,5175.596605447629,5186.38909045261,10.64691297247385,5197.503066438403
7258,5177.398546823404,5188.352899647171,12.337034158598257,5199.356440699531
14643,5181.560874075563,5194.497269023446,10.113586483034045,5207.5745395531985
12751,5183.466165049863,5196.455504344692,11.235058895400249,5209.50814206369
11394,5264.043974942907,5274.511793457395,11.919448395104606,5285.47511754436
12768,5319.1262270411,5329.56372188094,12.910945546319184,5371.799760696132
14181,5434.832298602824,5444.242044338646,13.99852241743195,5454.055211715072
14667,5516.469497731745,5527.015780235382,12.690433059417346,5541.563043857044
14635,5526.402871543398,5536.14693148569,13.812598275043877,5546.409915336588
12729,5532.345840219234,5544.198958747741,11.254085286760805,5556.23595443191
15091,5547.349440038752,5560.36630003205,10.099158498480858,5573.875490340326
15094,5549.370388001066,5562.3857328593995,9.161654463597285,5626.946567762492
7227,5556.247966092554,5566.114550947417,13.212174287490074,5632.011418717943
12749,5560.0653065977585,5570.232370675898,12.646198924713376,5634.6279323469635
12773,5567.730165811105,5579.056559544168,11.443629713497492,5643.358103881691
11393,5715.907648666415,5726.429620779434,13.255701040843158,5736.701741442458
11432,5720.049948014372,5730.354995045633,12.967094979729447,5740.863636062422
11398,5726.199062465223,5736.2304990056155,12.752608955008599,5746.476185579389
12023,5731.845773087071,5743.52466674719,11.15996550916249,5812.1104011858615
12068,5733.765229277677,5745.298956571758,11.085183587311269,5814.573381782615
11411,5737.717686048521,5747.271197379049,11.840118417883255,5816.677884076663
12019,5739.466323259193,5749.333120058999,12.857706963478305,5818.863274802201
12654,5749.507991036196,5758.264562681135,16.06604657424286,5820.7293323997055
12746,5751.7497194016205,5761.379400877272,13.43377496616727,5822.631665136934
12784,5759.842291776851,5770.446701031942,12.839347821264235,5824.3621595033
11371,5783.453568658341,5793.5510317625985,13.09705143875986,5826.27644443072
12777,5819.751375857252,5832.005739925419,10.207885406247389,5896.145260506645
13517,5821.944688162898,5834.3878939739625,10.01743652140795,5898.909788066419
14207,5829.563998022325,5839.110174000752,13.314915002681518,5901.205158777911
14218,5831.385947292108,5841.32802536274,13.283698039180319,5903.578793163812
14174,5835.141441416821,5846.529655528124,11.644507388120953,5910.120178396648
12775,5959.722218013684,5969.122241986601,14.409113148479856,5986.1673501798705
20126,6027.598446473916,6036.240080827797,14.819500510698129,6083.6770226242115
11433,6093.362406919212,6103.566359731626,12.81284578627954,6166.765633958946
20594,6315.675661916577,6324.09016396934,15.331657003000997,6376.594136119171
20124,6361.209722189063,6372.17821566825,12.422696374049849,6383.417503689763
12092,6398.444726089534,6408.440796585327,13.354616233982455,6447.670660899941
18931,6411.872814619955,6422.0315573861635,13.159395504150087,6449.759499075269
13466,6415.525514542844,6426.513308711518,10.97929711850609,6451.868656498048
13474,6417.363218245209,6428.402555346383,10.805063720910416,6453.714400524835
20146,6419.270077483996,6430.285254784617,12.229717851948669,6455.563049022882
16895,6435.486481902804,6444.519590017337,14.75855284743635,6461.254544589466
18939,6447.1359646996825,6459.391381094056,10.271637147357325,6471.581805950956
12053,6452.673089339288,6463.189662563624,13.240348002330604,6526.32755047734
20136,6463.806288786462,6473.482790820995,14.596465553594156,6531.283856577983
16930,6465.7598800208525,6476.483351849419,12.523998395197152,6536.871354936866
20154,6508.18802621426,6519.044986780782,12.338554103223478,6548.262976193825
11944,6510.4550431981315,6522.28795359058,10.805642490701317,6550.221875873649
12688,6512.401987569246,6524.222505923756,10.8415078039167,6552.14968288188
20178,6514.035667273282,6526.058080922878,10.650494122428185,6554.084310082492
12730,6523.163833688824,6532.4491387714415,13.766226100813013,6555.798132914685
11397,6565.805522041589,6577.228460416343,10.710829255800178,6619.888261720162
12057,6568.1682115257645,6580.417123232005,10.514994520792717,6629.229954803695
12628,6573.932930830139,6585.076715146596,11.62426460551059,6634.864147554803
19032,6591.3916956222865,6602.308032385766,11.212270141595758,6709.479055426777
11376,6651.618731481435,6661.365584147003,13.506474778341136,6713.602198184863
21285,6909.498379592843,6918.583991678706,13.73369055507641,6977.919787617558
18296,6950.599423108498,6960.515715765346,13.159735181034739,6986.19264005389
12725,6952.376983159063,6962.223150858438,13.191140625390187,6989.289307495039
18969,6958.315671181361,6970.001782912406,10.68565478464327,6995.73925730984
12720,6963.538973135311,6974.119079804977,11.960403950752864,7000.527050373978
13407,7011.732986221808,7021.49855025416,13.532143297973324,7072.016033478929
12748,7013.575074219321,7025.006919791719,10.899457952730284,7075.342492816866
18174,7021.062139660693,7031.187627392758,12.827988565481938,7091.93255611581
12660,7023.333988114663,7034.05735558665,11.575007320132919,7094.345192289665
18129,7029.390897907052,7040.013053705933,12.446682595160661,7098.511756066756
12661,7077.733342667573,7089.387537136313,10.724730464423082,7156.254119598972
12640,7079.722695094155,7091.2631719454175,10.073268509419695,7159.113275912084
13527,7081.865749948288,7093.17585280712,11.931797697603301,7161.658012336786
12683,7083.693997823044,7095.107682993479,10.292078881273202,7167.937854854504
20181,7133.762868235595,7143.542775418664,13.389888886057484,7177.809905048095
18115,7160.3614586117565,7170.53537592863,12.672500090234271,7182.303558673428
17446,7162.070624642132,7172.273136217548,13.617276521980607,7184.54393525181
18222,7295.182940667245,7304.303664309499,14.13066298190519,7341.110985177926
18965,7319.301628763272,7327.522253909903,15.835144873850961,7343.20148174868
19004,7347.771890777894,7358.1341950161595,12.197444637180483,7368.586282902758
20143,7360.873419002134,7369.594390789676,15.92232905808775,7426.335540943957
16881,7362.998382591564,7376.468954369728,10.033912388804957,7429.172754109983
16903,7365.000039282313,7378.477525682455,10.325905048529943,7431.468317427974
19031,7367.0047034028685,7380.342922564898,9.77453393826139,7433.603495874328
16904,7418.032726545725,7427.371505205616,14.41492848319266,7436.814144683925
18979,7465.04707632763,7475.202303289459,12.460558752735166,7516.351555474589
20261,7519.420091254987,7531.3197699018,11.24431234142616,7543.156831595592
18279,7564.253030833634,7576.033262857599,10.870461913550812,7613.430195154248
19811,7584.995440326739,7596.068511198136,12.316042683949265,7619.542084967574
18213,7587.669286531696,7598.01669373552,11.778434187856444,7621.316205162248
16519,7633.203988273041,7643.309199640908,12.359124665734788,7699.3476929415365
16520,7644.646295705471,7656.495169209016,11.200969425144343,7709.517539969375
19718,7667.411632821812,7677.593962344485,12.750737897479011,7711.5654416179505
19742,7673.848798121435,7684.3192071606,11.644489757589232,7714.041624803473
19695,7675.576471610934,7686.115687876871,12.085324602911676,7716.1965012134
16522,7687.975076515097,7698.509967879257,12.849174675279516,7719.8429738132045
16949,7698.005444779821,7707.186831417156,13.450525382672707,7721.742670845406
17005,7700.224312806567,7709.5785247328095,13.642109614870616,7723.411761466308
17599,7705.064440086613,7714.023972077449,13.262957863010167,7725.23892657303
19750,7727.413010498287,7736.629419356442,13.701674873065855,7786.200860500337
11419,7729.411268412626,7739.431685651203,12.215473280634297,7788.69453444921
18992,7733.330763810444,7742.622573791557,13.825972511506182,7791.037017775425
18211,7735.3902742257305,7746.297706330379,11.60179530728143,7792.981719244737
21972,7741.36197052445,7750.051836452705,14.79490138787791,7794.958323161975
19697,7747.574895785518,7758.30681868484,11.743092587907435,7797.064759367993
19024,7789.418519054836,7799.334172829701,13.20868482749649,7809.278962887391
17587,7799.401217844513,7809.560455043009,12.198086649332687,7819.922308635148
18223,7813.696716242141,7825.145821101613,11.264028647623823,7879.074888734761
18283,7979.208450521099,7987.4900656068485,15.684870972071037,7997.643276040268
17615,7984.6416317262,7994.341678581282,12.491873833639882,8056.409981661287
18284,8037.2190018055435,8047.10569862395,12.560777296035448,8059.1683626713
17523,8040.624916575628,8050.343811636473,13.589499015050526,8061.490838520794
19014,8042.794935611813,8052.474334855249,12.855191262950997,8063.578336296338
18282,8044.563984793829,8054.282461272896,12.975549199281591,8065.426569856064
17603,8050.431641330453,8060.382285884536,12.497432830367204,8070.47350584143
19033,8052.291956381749,8062.224899696589,12.806490394734766,8072.247116842638
19011,8095.685388535378,8107.102514184589,11.064996249057375,8146.159416851869
18214,8097.699815855741,8109.177030550499,10.949119122532462,8149.053490308342
17557,8111.57252497084,8122.576501877454,12.450710703029058,8157.0455036611565
18983,8115.338555840785,8126.5189990402905,11.669257209800152,8161.086661419734
19016,8117.390731505008,8129.20036569217,10.659406014221567,8163.137439053843
19006,8119.248625554422,8131.091396205952,10.211598292102392,8165.015534037824
18220,8121.052965534793,8133.034853966358,9.909317922505082,8167.22077677103
18175,8163.5450486239815,8173.073682918715,14.282627268078098,8182.5450936689185
18988,8165.715549240071,8175.065935402752,13.626158632578539,8236.47765674784
16912,8174.118371532419,8184.000173731746,12.889423075526569,8241.400297261409
19015,8177.7565993761455,8187.4320646636315,13.592553200113112,8245.503573835264
18280,8187.069596537999,8196.038041535849,14.844244056053792,8247.412455075235
18968,8202.149545184036,8214.279469072222,10.920739034259066,8251.406393262498
17539,8204.013596638077,8216.221396844998,12.04371438460934,8253.286441582191
19005,8207.59688597133,8218.286915775116,12.44311855525958,8255.301633925075
18293,8209.491126264316,8220.174215448096,11.512172367672962,8257.300707993829
18156,8272.28084839275,8282.41434640559,12.935752095369999,8326.23449498959
18225,8335.658441453887,8346.38423105376,12.26844850641786,8357.340819700674
16891,8337.510917990792,8348.081473414064,10.869716625760239,8359.126863248208
17533,8367.824988190725,8379.401000605845,11.007380191744351,8421.134644596428
17559,8379.553918623062,8390.081415784152,12.54792867054776,8423.437661468452
17530,8385.676891086416,8396.034169805378,11.844958865971591,8428.966297130475
18281,8387.719311654344,8398.086616324803,12.07160205897717,8430.734481092719
18953,8390.768649017551,8402.092058436954,11.701520995252844,8432.830765305238
17564,8401.696296483087,8412.516079412007,12.477645700714856,8434.557896254062
17592,8451.656910950987,8460.277945228288,14.343769390069639,8506.31879180282
17541,8708.087477923704,8717.627273047052,15.531870533503403,8776.379296746105
11388,8782.036667043403,8792.421387750912,12.139968058192487,8804.04165859393
17577,8799.916081253856,8812.431991175083,11.440612848095345,8879.49111539524
17516,8845.644363397325,8856.442028249876,12.066281237993449,8883.405600472597
17567,8863.265407079289,8874.473579264806,11.93652139744637,8889.71164709556
17610,8866.239918766458,8876.346437244523,12.156521065639994,8891.427856461327
18266,8911.623943018116,8923.109088479127,11.010292327181315,8956.235681257836
17520,8914.070715241945,8925.42795656022,11.227485963457674,8959.286699150043
16905,8919.649649820738,8928.526062794948,14.540229232544746,8961.35802328161
17576,9064.130627226816,9074.305410634339,12.858820108660872,9136.364558613488
17584,9119.435273308563,9129.15968264879,13.147482620632859,9139.699658494264
