1638,5.0,12.38474108717236,13.296285468570314,46.824787655203664
1680,19.0,26.560327916804855,12.85460112527462,49.516452483069244
1146,32.0,40.47487480548433,10.848491858319802,52.06379822960418
1663,34.0,42.48502798898667,11.544248740441875,53.94697967004896
1804,48.0,55.13369473841634,13.975093566348841,64.31565550538741
1472,52.0,59.16713379342425,13.04356206487683,68.53299847997249
1292,114.0,123.46413741234913,9.487942950061802,142.08762563547026
1273,126.0,134.00975033396102,11.439963381810914,144.51896909614177
1715,185.0,193.01456203112315,12.02775746271143,226.39971610664236
1224,199.0,207.40239883267398,11.07663728105286,229.0903885303684
1755,225.0,232.2625620062447,13.069957373638536,241.47889636553876
1192,246.0,255.0914996360175,10.557550626942984,316.5763435208628
1216,249.0,257.11660368710415,10.905354626569947,319.300933423695
1613,302.0,309.5240829631905,12.574314258671524,324.01235845159016
1298,309.0,317.4570561003251,11.13045619397066,328.46690644945477
1162,311.0,319.39837968461575,10.905309349207242,330.34016606870443
1742,321.0,328.51925910436574,12.826368491040808,338.3336115752235
1377,353.0,359.5591895694491,14.653944383423143,406.53649111643796
1244,376.0,383.25730143751684,13.534446380696322,411.4257039494463
1151,387.0,394.3671448655343,13.220279098007792,415.37106083977415
1604,399.0,408.4182650038454,10.232583055765222,420.4189350337648
1544,401.0,410.4095695780354,10.408491002129335,422.3892971099636
1217,402.0,412.32902783763285,10.55203944599687,424.30249236872777
1685,430.0,437.0762559238364,14.209431783537836,446.071145695346
1429,434.0,442.4287249560895,11.291585817741026,496.30131537127494
1633,449.0,456.43171391915513,13.009070933495924,500.850725028868
1170,483.0,490.2421879614313,13.370077118749029,504.5380369615614
1267,511.0,518.5819081260754,13.17557663632906,528.5234272098558
1640,512.0,520.2649812947487,12.231407296528294,530.3543753161093
1470,584.0,590.569336528132,15.291406616605967,598.9105242276174
1331,590.0,598.3398757675959,11.461126414536368,609.3196775284954
1765,598.0,604.3131667656521,15.671786351737687,612.1168582534397
1129,600.0,608.0593385425725,12.489131300361581,618.2386694356159
1385,620.0,627.3834533195522,13.67591497819064,681.4370818288944
1736,628.0,636.4126282650253,11.163484097903384,683.3934252172119
1496,634.0,642.0152798215955,11.736625389196686,685.3156460572059
1778,670.0,678.5218714765049,11.345118271315656,689.568379491201
1364,671.0,680.3125003663903,10.355181343668837,691.3890060222391
1777,718.0,726.353899833259,11.392199101239308,771.5640404989379
1352,789.0,795.6352031926398,15.364466123190404,804.0492976875607
1150,824.0,832.1006785433889,11.914374857129808,861.3565991202978
1641,825.0,834.084541050109,11.643389149723275,863.3222579648441
1481,826.0,836.3070127212161,13.144076585141663,865.2262524985578
1726,866.0,874.1507315768021,11.571146778204525,884.8772420934295
1583,871.0,879.1468215686591,11.749341532991409,889.6364611993293
1768,927.0,934.1595768759432,12.95650906428839,949.1622602312768
1740,940.0,948.4275651377118,11.760447022341882,959.4086185266452
1612,955.0,965.297740325117,8.93756847956589,979.2067180517553
1538,967.0,975.2897927935082,11.876580917290712,986.0946830450715
1644,997.0,1005.0710273607051,11.739105477527838,1046.3560058693517
1594,1018.0,1024.6116675350042,15.34924582283183,1048.32821681769
1770,1057.0,1065.204362403885,11.949379282651005,1075.8960633732747
1658,1100.0,1107.0231642250271,14.485426235363208,1129.6514938000382
1559,1128.0,1135.3010007600244,12.514326556425202,1145.0662838504513
1140,1158.0,1166.4893506406972,11.220224113220384,1225.2563607051368
1676,1191.0,1198.2872101520463,13.2908920053561,1230.490494258687
1370,1229.0,1236.4179514626694,12.550764058380334,1246.174291947797
1783,1237.0,1243.40464902815,15.03020026970337,1251.5293226701915
1444,1255.0,1262.4583759165841,13.278093336523122,1308.9998536819653
1181,1288.0,1295.5625321157463,12.385338095807839,1311.3454994884976
1420,1305.0,1311.302147467942,16.407603188542296,1319.1770159114099
1806,1314.0,1321.2921960320734,13.73694929155335,1330.6945365979561
1805,1327.0,1336.2472315045918,10.278404881002162,1396.3907750293954
1329,1329.0,1338.1285952846592,10.799165840003598,1399.1543662833942
1373,1348.0,1356.508455301118,10.734829174042558,1403.21344191515
1323,1358.0,1365.2244769292681,13.554837777605096,1405.1872060931698
1375,1374.0,1381.4266713371733,12.870755154321886,1408.914376189557
1405,1377.0,1384.2105597956904,13.50491459067467,1411.0292364129082
1776,1427.0,1436.1101761459654,10.10317610650584,1489.4381878787826
1591,1469.0,1476.1033564218435,13.511034747978366,1499.462479737078
1455,1526.0,1534.0626017577974,12.171300784279003,1581.6507211264939
1629,1529.0,1536.0027841536073,12.154809432254382,1583.8226954595189
1369,1574.0,1581.5597474418432,13.350818023420265,1591.2249080715944
1748,1594.0,1603.1484200793427,10.18301050958734,1615.2678474922623
1734,1635.0,1643.5064033863662,10.98734803518355,1669.0948519042945
1254,1647.0,1656.1662898732504,10.601090434549652,1675.074042494509
1223,1666.0,1674.386484179156,11.81449362099184,1685.0268506876089
1533,1670.0,1677.5207693836005,12.728633883413021,1687.3383311410312
1121,1683.0,1691.4189178349511,11.879545537619695,1702.6732837318596
1475,1723.0,1730.0548649176217,14.264726683590894,1756.3919374711127
1764,1746.0,1753.5840143804157,12.718214890491732,1763.51353406567
1197,1752.0,1760.0178655393493,12.24599556738027,1770.5900556622723
1306,1761.0,1769.127902100336,12.165004234502653,1779.7661518776843
1631,1770.0,1780.0309848799825,9.539703292183386,1793.7478368983466
7103,1844.0,1853.3766083439536,11.209873598007928,1864.7409672594067
7161,1850.0,1857.0816081031232,13.383007186574853,1866.6833535470223
7305,1863.0,1871.0388290692104,12.109168913148027,1881.4568380188712
7069,1867.0,1874.5016147085528,13.042441663268713,1884.1210071521834
6737,1870.0,1877.3600034688445,12.875887237944463,1936.510195676143
7200,2000.0,2007.156382384894,13.489455467098397,2031.0826702592751
6949,2028.0,2035.4585067186022,12.993381147336185,2045.2145488510187
6644,2072.0,2080.0806363130573,11.614086829203373,2116.711108067927
7101,2085.0,2093.1427895507168,11.94424389360722,2121.9420686921053
7070,2093.0,2100.1199350975558,13.94822505603309,2124.004823347769
7260,2128.0,2136.3889624855688,11.732092845348207,2147.0731495412824
6906,2161.0,2169.110366165999,11.259168863546924,2209.4377953531484
6732,2181.0,2189.024030299508,12.095077541498643,2213.880472844995
7134,2203.0,2210.313145722454,13.088230795241252,2219.691738138745
6733,2211.0,2218.3195234857467,12.933532545149083,2227.8021742016263
7128,2212.0,2220.01392142985,13.405087141584058,2229.630749801139
7131,2273.0,2281.074601251336,12.244792907765818,2296.679939580151
7297,2277.0,2285.4343840860056,11.156444378983924,2301.4940149827958
6715,2291.0,2300.1871733096878,10.754855480257003,2312.3880797487313
6735,2294.0,2302.03861790041,10.728255508120887,2314.4256407610537
7036,2302.0,2310.3697480885376,11.595629232672339,2320.4670114181863
7102,2338.0,2346.314905955695,11.988892666615651,2391.3629736457488
6954,2362.0,2369.4922629821885,12.818682188599201,2397.328733454899
6742,2398.0,2406.2220691455655,11.439034361058328,2416.82090836515
7167,2410.0,2418.370362572282,10.675911095825898,2476.409148420299
6905,2418.0,2425.007411629545,13.978870074207366,2479.1584738852575
7059,2435.0,2442.310659003989,13.587574507757637,2483.975650543483
6927,2445.0,2453.043806550381,12.534740478926949,2485.896854902813
7126,2589.0,2597.1354268137807,12.575791625850522,2656.4715943821434
7010,2617.0,2626.1948115235036,9.677004656008812,2663.8916929304246
7114,2633.0,2641.168696083473,11.870161621054343,2665.745140693786
6677,2660.0,2670.1358230612113,8.856338467721141,2683.6387402540076
6739,2661.0,2672.1576768635373,8.66705769498555,2685.5304667453347
6710,2666.0,2674.372756903691,9.406091298949331,2687.280298961667
7090,2673.0,2680.5176000715014,13.068264093221275,2690.3192890157447
7061,2674.0,2682.249224727226,12.47408325496858,2692.101761676944
6795,2676.0,2684.0040701795856,12.166610583652528,2693.8126152297127
6632,2690.0,2697.1737544666316,12.9549345576184,2746.43626207331
6824,2704.0,2711.091426732467,12.830194370189782,2757.1589943711056
6734,2722.0,2729.503166677691,14.02582303222879,2762.503006406344
7075,2771.0,2779.00961882543,11.330952825588652,2836.6905005690014
6917,2786.0,2794.293062166288,11.639731573611002,2839.4712079606747
6798,2841.0,2850.3848810615,9.868986604758707,2862.7337067807207
6663,2887.0,2895.4838597470293,12.54090731532648,2931.3747205525515
6831,2901.0,2908.156552506681,14.04902824310376,2937.439280253167
7193,2908.0,2915.0149062863106,13.320298986015153,2939.455136184581
7175,2939.0,2945.283769939121,15.267532177228619,2956.1917311254438
7191,2952.0,2959.477200885266,12.753450221285943,3016.623937243503
6842,2955.0,2963.1002220382284,11.437462000894731,3019.3859142212436
6901,2975.0,2982.385350529009,13.274033230740105,3027.2199797045164
7016,3017.0,3024.4613274322633,12.679534553335511,3034.655757619338
7296,3040.0,3046.612250744592,14.771004763618699,3054.8104499327383
7107,3062.0,3069.113742806921,13.577546375961566,3106.855808950279
6817,3076.0,3083.1247337182817,14.16324608907643,3109.4140204402424
7192,3081.0,3088.5195912205654,12.060852779458147,3116.348086701417
6641,3103.0,3110.149395227986,14.01205801748599,3130.4350276790396
6678,3131.0,3138.2711329082354,12.916006011794375,3196.6844839051996
6772,3134.0,3141.4151930900907,12.95719537449451,3199.514667634425
7243,3137.0,3144.4995718600635,13.33753765500718,3201.92151787641
7151,3241.0,3248.346287370671,12.970995610054013,3289.0855480942173
6684,3242.0,3250.1252403261124,12.803021423816178,3291.343054455829
6930,3260.0,3268.481472561006,11.344806660876856,3293.9056557289364
7176,3265.0,3273.4373152332246,11.894548119320355,3295.9569181775937
7183,3276.0,3283.560100731902,12.179313604074382,3297.7730334984326
6655,3291.0,3299.374505151956,11.37809562038043,3310.3156407295937
7065,3318.0,3326.4090561165262,11.431695232697994,3376.3383416432366
7298,3319.0,3328.162728687045,12.079793239652174,3379.023217621731
6780,3327.0,3335.1498446175638,12.160438367447952,3381.617390057206
6724,3334.0,3341.076348562693,13.580863137327354,3383.795145750546
6653,3447.0,3454.3402477246364,13.29365231476301,3466.08358993685
7057,3452.0,3460.407069472092,10.79823599727378,3471.5471107586727
6966,3479.0,3487.073511774442,12.537468919340258,3497.5558114430582
7038,3500.0,3508.168042360889,11.094631642329272,3559.3100890634805
6914,3502.0,3510.0549596319725,12.451237315911658,3561.5091909999187
7145,3514.0,3522.3852543290695,11.498600440401619,3566.2207226814767
7048,3518.0,3526.0614983650726,11.676523501162224,3567.9959889804513
7288,3542.0,3549.3454087531372,13.302629321660246,3571.813911892911
6679,3578.0,3586.4540204475356,10.835389726177421,3646.841212273443
12213,3622.0,3629.5552172746006,13.199668696174903,3653.9133712151033
12503,3657.0,3665.189426988683,12.210482338486646,3675.750154344522
12474,3659.0,3667.135530821727,11.116905785332623,3677.8454426835956
12673,3693.0,3701.229926883773,11.47709666527952,3736.5154904175906
12121,3694.0,3703.0578885299237,11.681266509287617,3739.1750899871995
12521,3706.0,3713.453622683535,13.029221385946848,3743.6950832584303
12489,3738.0,3744.5723373810024,14.539451835913335,3752.830897172958
12128,3762.0,3773.137614249589,7.848869156514914,3826.6664528565225
12181,3777.0,3786.4175932854127,9.776893452331578,3829.3540498575876
12127,3779.0,3788.3118203842278,10.341091517194162,3831.504200464701
12540,3793.0,3800.4379974625435,13.573561137440686,3834.0358430308625
12533,3797.0,3804.0226690030745,14.362464120644198,3835.8329323883613
12212,3820.0,3827.1368065317315,13.678669328363759,3837.8294936006982
12134,3824.0,3831.1933175992117,14.004882049546639,3840.4910567176494
12644,3862.0,3868.3568961889487,15.309435514799988,3916.3178405727463
12390,3895.0,3903.4945963996356,11.8672189803089,3923.7235552830352
12322,3906.0,3914.084758124542,11.797944152500223,3925.7350213244813
12394,4005.0,4012.125971253487,13.381630294304477,4021.403922854279
12280,4013.0,4020.5911540126153,12.742764777613473,4030.489601855621
12302,4020.0,4027.1779347558772,13.621515291665618,4036.4779238241895
12306,4023.0,4030.566027118916,13.168789319691376,4040.252489113318
12267,4033.0,4044.2648368598366,8.715609092597798,4096.468350356262
12686,4034.0,4046.3684299790575,8.222038432025718,4099.052754158962
12275,4089.0,4096.49238609999,13.493460767111346,4106.116998275886
12483,4116.0,4124.293225794315,11.549274618887752,4135.152561149592
12284,4140.0,4148.246129254924,11.101092044268254,4189.1279148943195
12285,4143.0,4150.337119851561,13.238793507247152,4191.368782151069
12500,4149.0,4156.380204493531,13.352647818755905,4193.414566915284
12763,4160.0,4167.091602961422,13.67027852724624,4195.252554208855
12717,4164.0,4171.405537037617,12.820660437706406,4197.037936795821
12232,4189.0,4196.144902057011,14.47538791191334,4205.097499847198
12809,4198.0,4206.150266223107,11.290708843512768,4216.864091713327
12451,4233.0,4239.620886944812,14.515045347974016,4276.668569332712
12184,4272.0,4279.313146114407,13.773014469180904,4288.854388935883
12268,4287.0,4294.397248512682,13.226187498428668,4303.623220739137
12501,4301.0,4308.46014304141,12.662220482436227,4366.7596378067765
12593,4308.0,4316.165391557276,11.862540616337093,4369.549684963512
12158,4309.0,4318.010233142705,12.06146455398819,4371.799595251663
12612,4319.0,4326.306191524187,13.182814502176637,4373.9346527364
12282,4327.0,4336.064137101624,10.872934613709964,4376.0580919309195
12600,4357.0,4363.40647032431,15.388933981893699,4377.97826943459
12391,4368.0,4375.18546648976,13.607407332765229,4384.355042962202
12632,4419.0,4427.40666204419,12.001622210640306,4456.841476188494
12773,4453.0,4461.357591213124,11.373646412243918,4472.378023182392
12553,4460.0,4466.54614934494,15.929800657681735,4474.791119950766
12431,4474.0,4482.050238867511,12.437705447533771,4492.49524995641
12242,4508.0,4516.501549637854,11.446774233677449,4553.936914319689
12427,4509.0,4518.331666656919,10.42994180010085,4555.95753936277
12162,4511.0,4520.219513410734,12.795161298396351,4557.802257756235
12219,4512.0,4522.27896565799,11.621680514908874,4559.528184404109
12630,4522.0,4530.17665139377,11.878596851881488,4561.529993717584
12370,4530.0,4537.372240101605,13.468445135046135,4563.422206878378
12124,4549.0,4556.5110226245815,12.418321230716186,4566.165799970807
12682,4574.0,4581.51230454582,13.243668884483341,4636.4678828667775
12239,4583.0,4590.4176862985505,13.400330405152909,4639.253286897606
12147,4584.0,4593.3938954128125,10.054119174579478,4641.561157978731
12659,4600.0,4608.0251497519175,12.054590855252966,4643.61230933158
12459,4615.0,4623.237436267827,11.534898298619108,4647.480059443239
12561,4626.0,4633.415410599907,13.799422813472436,4649.332188940504
12167,4637.0,4644.512505355925,13.606272950963376,4654.091749733597
12526,4638.0,4646.19613431898,12.995992059520647,4655.763663824865
12598,4712.0,4720.017680913237,11.562598020848007,4733.2481502239025
12586,4716.0,4725.282306985118,10.449167242842275,4737.936928449277
12292,4752.0,4760.13744136401,11.275247984387827,4818.011978858496
12788,4772.0,4780.148311533911,11.77639223947987,4821.264299241676
12558,4777.0,4784.0604851428925,14.263824353277524,4823.99342924644
12238,4780.0,4789.119232993826,10.237459510290732,4826.332679750104
12488,4830.0,4837.4945314697525,13.613268021097511,4847.085322953268
12175,4836.0,4844.564526685161,11.594283717251729,4855.630500320613
12450,4897.0,4906.439070463995,11.94794264850638,4917.262857892345
12608,4914.0,4922.406172262337,12.348636295967221,4932.594253021468
12265,4998.0,5006.068667155662,11.600228925176259,5017.658486773418
12449,5045.0,5052.224433718608,12.819707349233004,5086.861151382401
12542,5046.0,5055.104618992318,10.197653073267507,5089.573291048476
12720,5076.0,5084.077076271264,12.514197970089594,5094.400394745089
12207,5080.0,5087.452945270811,12.757098266640442,5097.068888109891
12534,5113.0,5120.181469571968,14.206309114209315,5177.870389368593
12772,5148.0,5155.549072170689,13.074648376210456,5183.555180408614
12298,5237.0,5244.392539154723,12.985293973251443,5272.535533739207
12342,5238.0,5246.199413689607,12.4677943423113,5276.672997649846
12754,5254.0,5262.1244829830175,12.349034373910984,5280.015711780208
12160,5261.0,5268.257638989272,13.977953899644413,5282.549560772641
12638,5353.0,5361.299156269401,11.118020721108664,5372.100376050305
12701,5387.0,5395.15841982444,12.18148042963883,5446.448929429008
17624,5404.0,5411.441634456671,13.833671324652087,5458.672710981417
17798,5418.0,5425.420158339005,12.765227694949456,5462.723381153444
17832,5419.0,5427.048521033648,12.509519572793437,5464.663691695626
18233,5515.0,5522.566032781491,12.437860292888823,5538.854869885244
18291,5553.0,5561.327665896044,11.320805037975294,5572.228428124804
18097,5557.0,5564.540491930356,12.646315021945016,5574.391957165039
17794,5560.0,5567.4488957100575,12.525395066489216,5629.042451522292
18256,5582.0,5590.436950592156,11.246060450637662,5721.069036105769
18285,5613.0,5620.254290849282,13.218885322665423,5726.095753802973
18145,5699.0,5707.0502783982165,11.565994236977318,5739.641545881096
18137,5706.0,5714.551684861294,11.297353093206544,5741.599350298263
17847,5731.0,5738.09950752405,13.865472958152889,5747.442384193404
18033,5743.0,5751.344633829561,11.205281526822843,5806.673830155015
17982,5756.0,5763.568100975858,12.757326819358896,5809.260638615586
18271,5803.0,5813.348206334461,8.467591169454577,5827.257737548102
18015,5813.0,5821.464206143269,11.632557785460236,5832.39459352839
17898,5821.0,5828.359272570088,12.968680665777164,5837.710030314768
17680,5841.0,5849.006802383039,11.97658418121615,5897.528818042244
17698,5846.0,5854.3913795581175,11.815166834497479,5908.900389751893
17877,5866.0,5875.438680369279,10.096720854693666,5913.344758077639
17876,5868.0,5877.359835381039,10.71656825624481,5917.533272225273
17856,5872.0,5880.008339675586,11.426440228956404,5920.142366332585
17806,5919.0,5927.160106895643,11.588187046170475,5986.6726451614395
17954,5942.0,5950.070424475263,11.929176272908844,5989.356372871845
17892,5976.0,5985.501461498447,11.167369665115988,5996.955401175424
17873,5987.0,5994.1648045679085,13.474766047551205,6004.397623968873
17922,6028.0,6036.218174289135,11.258850828722489,6076.371479055267
17773,6038.0,6046.284418187406,11.404726823766286,6079.065673307046
17684,6053.0,6060.379239931155,13.532832323570782,6087.451030460946
18252,6132.0,6139.5593317877,13.556498003069226,6169.564368693038
17662,6136.0,6143.099650965265,13.303322017875084,6171.686276221576
17779,6152.0,6159.618529241431,13.47218936671359,6173.665318791938
17911,6158.0,6165.400747978096,13.44501775004162,6175.669033956274
18158,6181.0,6188.142033553507,13.315528558155018,6197.502346033111
18107,6197.0,6204.201053170496,13.235712154363966,6256.338283566269
17981,6226.0,6233.4070769408445,13.08213351904163,6258.862936490444
18052,6229.0,6236.592839394448,12.821979383176652,6261.333508789028
17880,6262.0,6271.037134282265,11.02717882824495,6282.954512797049
17733,6302.0,6310.022999371492,11.726315272034586,6346.8054105507235
18024,6303.0,6312.210582636476,11.054895099761666,6349.74720669446
18266,6446.0,6454.379179522747,11.079394015566116,6465.210007881937
17860,6518.0,6526.485427523244,11.092403748879969,6538.524359910781
18014,6527.0,6534.308801710445,13.119498896966014,6543.928747858312
18254,6585.0,6592.146761759349,13.637112113832359,6619.504203306375
18101,6598.0,6606.2414975123875,11.194640753229445,6622.172881532257
17835,6699.0,6706.395715512948,13.523673978698577,6716.030029732912
17626,6758.0,6765.106118601593,13.285122075233897,6796.517109028525
18065,6763.0,6770.270951475148,13.538968382925711,6799.26129039144
17670,6778.0,6786.018969570203,11.651370481650813,6803.468818118348
17777,6792.0,6800.363543032753,11.22434786566799,6811.025950303172
17996,6798.0,6805.439348619889,13.174180675094446,6814.903945185201
18116,6823.0,6830.1625716511235,14.186020200931246,6886.291333196373
18175,6838.0,6845.059270576359,14.407515385258396,6888.799172563088
18261,6843.0,6850.5438959897965,12.58582841771276,6891.261946270489
17870,6852.0,6859.565375437922,12.952757372089721,6895.273773818082
17622,6864.0,6871.136051624274,13.328488265371487,6897.145885616371
17671,6908.0,6915.186143003749,13.731414290743697,6924.4331581296665
18238,6914.0,6922.22815128716,12.246141895723486,6976.544122737278
17978,6916.0,6924.530385222262,10.829215987625354,6979.102126126949
18121,6918.0,6926.378822197606,11.74273774628988,6981.214246824078
17734,6942.0,6951.183478287772,10.706390951192402,6983.304047967204
18190,6970.0,6978.404275949785,11.794809512232423,6989.150065826192
17964,6972.0,6980.255293672612,11.654220069423033,6990.7790738758995
17831,6981.0,6990.528617704954,11.58962216841965,7002.03980436778
18305,7012.0,7020.248559333097,11.976093694047512,7066.6485302511555
17861,7014.0,7022.075938830589,12.274428370915391,7069.5174037848465
17927,7051.0,7058.0128481439715,14.131316986932465,7071.939466968559
18102,7097.0,7104.211081339549,13.526595327637501,7156.595892905834
17770,7160.0,7167.464642029123,12.648715103040571,7177.154932919056
17973,7187.0,7195.373105231985,10.824537832339772,7246.651746263387
