182,318.415565846037,322.2348020777503,14.056952351913901,325.0224048206723
189,323.13506481059505,326.3088857605509,12.612536702135168,329.8446777260779
162,364.34182345988165,367.28191168994294,15.829953031449625,370.02406200320206
178,395.49404911165317,398.47029732925006,13.24059288120407,401.65428903756094
206,407.9899634805822,411.3488919495545,12.695660977093254,414.77575291127755
173,414.2899625535531,417.20706516278324,14.492404037843423,420.263356194254
193,592.330192222439,595.3284735414467,13.083484398005215,598.6428785443611
181,685.7800370246075,689.1273902453679,11.608956492439573,692.846586764564
588,778.6512468936634,781.2611523466435,14.111337425214364,784.1308974540385
598,904.2704668381332,907.3788544921368,13.77604197538964,910.341042463678
571,967.3456650140029,970.080802665561,13.803175608645525,973.1233700568303
434,969.4189539251522,972.4039727933109,12.667230189705363,975.75985498639
1062,971.1977057204535,974.1130485247843,11.908311728114384,977.484677544282
143,1084.228604848808,1087.2303260306346,13.42316739789582,1090.3943489757755
164,1128.3463853707963,1132.0984441441508,10.176691830029643,1136.107844236448
595,1174.1066387143817,1177.2745709591093,12.324724136152174,1180.623429597591
576,1245.3913847543492,1248.3645337814417,12.379812829713249,1261.1485673763186
141,1389.2632663064985,1392.293585193044,12.047269414675856,1395.7691594527494
151,1488.0620768122587,1491.5504329106298,13.51866300361255,1494.6893676982552
592,1514.384901036367,1517.1756561078037,13.40293815023275,1520.2989395298248
565,1624.0980343839462,1627.3477627125133,12.665998348912519,1630.7206496097888
172,1636.6797930239966,1640.2524596914966,11.057859643885267,1644.1512906199216
584,1682.0874824319678,1685.1985101169907,12.808180166473994,1688.5664453832103
579,1690.3578826013015,1693.0396860751011,13.616616634088462,1696.0095382687616
160,1758.4783718305532,1762.0471818351373,14.175671606181734,1764.745910223192
145,1760.693680402668,1764.235695668499,12.153875151902549,1767.6460267871262
599,1772.9012724652052,1775.4935855336512,14.839500921764111,1778.358698563418
201,1847.89970069694,1851.3872225862888,11.194323171437055,1855.0607693574016
139,1857.8833049799282,1861.0019789965,11.926902517533637,1864.4550732795983
586,1894.359936178756,1897.5825904634341,12.088090864121098,1901.07603162548
6077,1954.732659778385,1958.0799048255474,11.105368328864595,1961.7427112290932
6105,2046.0705978599956,2049.013488809945,13.580124918584318,2052.1050401772804
6091,2048.3217508936327,2051.3038569477935,12.7507269381301,2054.608734329839
6084,2132.119893937333,2135.132894865703,12.95083673792821,2138.379958965302
5685,2210.9159792260816,2214.3895453495184,12.216928310978977,2217.9204504799163
6085,2238.3230134301944,2241.0496441811733,14.129621376077134,2251.3422969298163
5732,2264.6056470933536,2267.474562970631,12.703659112697151,2270.6649612363253
5678,2298.228419985391,2302.101513212778,11.266414281560964,2305.909165198287
5656,2300.4048956853635,2304.078486446724,10.490915900976516,2308.0383365977514
6103,2311.768236418133,2315.3123690720586,11.134170300076185,2319.2653448876954
6078,2316.414278139961,2320.175278565845,9.540356072571019,2324.4962467642135
6086,2322.912566878143,2325.608886776286,13.664193737929487,2328.5771490558577
5703,2390.8369487974887,2394.4648093327824,11.104841626671488,2398.4415265900675
6182,2414.5281669662418,2417.133804276465,14.338603726282455,2420.0562560450576
5757,2529.4789040617147,2533.028037823917,11.89954406335152,2536.5307903234557
5704,2614.2191184740136,2617.3237244173592,13.793034138018024,2620.312939088926
5661,2658.045632348993,2661.482227874168,12.94259512075915,2664.8016030929375
5647,2748.0354150990156,2751.5211004152225,12.319133777470288,2754.925792782313
5606,2837.917856373164,2841.4454553473734,13.837302821788517,2844.4921611448626
5693,2889.26065239391,2892.4990231961733,13.486271820334574,2895.6444220598846
6079,3040.342626433965,3043.3232789202425,12.570580827103713,3046.663420809444
6089,3154.268927277889,3157.4125524087544,13.28420522051979,3160.6280436928873
5666,3198.394149851964,3202.280840941149,12.612517183007705,3205.5737597359785
6139,3316.5251036746263,3319.346502657437,14.034941922883617,3331.0958574038514
6154,3321.336703601781,3324.3319441944545,11.743869255906803,3333.8112081357835
6149,3323.0878822176724,3326.089222622599,10.332116489447603,3336.128064218798
6108,3324.891869831743,3328.105866089726,8.7003084983976,3338.109534914629
6136,3378.347859721963,3382.0668220650405,11.112006450721685,3385.854522622269
5945,3380.5177648515682,3384.008100591815,11.215067288269966,3387.7170192788953
5580,3386.7016794214283,3389.450081385435,14.064080688369632,3392.560665191546
5665,3424.1511758108345,3427.4583588397927,11.564476147796523,3431.1187073715373
5686,3437.638471138521,3441.439547618945,9.779807657727298,3445.6452613908336
6093,3514.2681093413144,3517.542558945439,11.48070199616977,3520.977800921562
5695,3558.2492831737654,3562.1983716729055,10.950395756728177,3565.9940463867156
6074,3665.011342557475,3667.522864099472,15.173968021675721,3670.213515968401
5694,3694.354859844955,3698.252081522919,9.707997235916302,3702.6304593908258
11573,3749.3081039752583,3752.0368204369183,14.603320736467053,3755.0334625791443
11576,3759.361334685218,3762.4041520270616,12.845638078570634,3765.7760505031583
11629,3928.7250821669263,3931.450638053295,14.165243841855354,3934.5637844144358
11675,3952.289721109781,3954.625115662428,16.269287024168403,3961.2574783351847
5583,3964.2981245436667,3967.463704410451,13.329428138893018,3970.5928091074506
11195,4144.233209490537,4147.458559124343,12.275693782227817,4150.90547682559
11152,4178.901937708719,4182.068214141873,11.97286957834108,4185.571769681217
11233,4234.082406857708,4237.112668690356,12.555972857103063,4240.31450472364
11585,4294.746148211656,4297.351625298499,14.166947649169575,4300.276040271692
11443,4298.031593794472,4301.109454287886,12.376208895905842,4304.441287180154
12072,4301.598478159307,4304.612226914066,13.176953133553065,4307.987825251239
11597,4308.213992100236,4311.287364293461,12.172081522918903,4323.870230029739
11980,4324.24784475157,4327.355733700123,12.44511241476873,4330.631437697609
11593,4384.003454401818,4387.027157066447,11.953262688909764,4390.502249126196
11146,4515.380310776625,4518.488357659031,12.098783233864488,4521.864432000613
11116,4517.138731153419,4520.202504240661,12.400003881505945,4523.615779750505
11513,4562.369116092842,4565.497998359342,12.422499473224685,4569.032408033351
12021,4565.11254583474,4568.504852951532,11.143790629802488,4572.304587293384
12038,4568.466264591009,4571.370386438617,13.188426226600136,4574.600798091099
11099,4594.828363208531,4598.427451554588,10.603157228986227,4602.310825410562
11174,4627.409153735927,4630.519217249122,12.088179012673208,4633.9487591218785
11207,4684.241104028305,4688.006367439982,10.645498713924134,4692.138033046042
11632,4686.790163442889,4690.259780168925,10.55259204415406,4694.129631914365
11175,4728.510482179507,4732.285647175653,12.520422972292199,4735.6092605660915
11131,4730.669858055044,4734.062087423051,13.426959054294425,4737.351763906785
11139,4732.676870358055,4736.233415026028,11.12273113192006,4740.0422843759225
11575,4774.2548083317815,4777.338422437365,12.370988423608129,4780.612792230118
11689,4831.914606288026,4835.283394365339,10.903630366314701,4839.088960774609
12071,5115.801339655292,5119.334980317415,9.768334919938434,5131.252309481762
11538,5117.693134113547,5121.237719740505,11.297145228042785,5134.357772973741
12044,5121.252372410514,5124.387422294993,11.821381130337576,5136.755331395085
11682,5196.206311785553,5199.326677289301,11.922694455319828,5202.73203366102
11618,5200.216791541739,5203.326093967314,11.440215498657912,5206.805527147247
11600,5202.196369676862,5205.379885180434,12.045109262560885,5208.9021566563315
11704,5224.434555325661,5228.0859337188285,10.953490541172126,5232.114709998183
11190,5268.410954913822,5272.186756418298,10.6185755580754,5276.13586102225
11206,5358.150956089746,5361.559409446252,13.89183838928201,5364.7088513571625
11192,5364.087513381866,5367.165101532454,12.26844299083231,5370.608180740273
11168,5383.834590264767,5387.261579575214,11.075829404988012,5401.327051400327
11580,5404.315695282985,5407.461251425772,13.561899423904938,5410.694457357481
11145,5447.979563684219,5451.493552779216,13.680449805653941,5454.626866905523
11213,5494.249517038762,5497.232536460721,13.859102598060351,5500.163622321802
11658,5496.222224739078,5499.35411991766,12.475081026415394,5502.649336782433
11101,5498.375088822759,5501.483276611873,12.249647499851488,5504.823316067229
11716,5502.014971377896,5505.437037912277,10.46986272519191,5509.3424414703795
11591,5552.024976898604,5555.062914928771,11.879393800200958,5558.441274406149
11201,5584.424159932976,5587.54137018994,13.098211210404413,5590.7539221541465
11692,5586.201624967256,5589.292205726185,12.854173005061272,5592.539691944865
11743,5588.032237835065,5591.188351024352,12.068858270847251,5594.652864470402
11627,5589.8711201347,5593.246838792887,10.998859077381663,5597.12893122842
14391,5766.390739695518,5769.420577386229,12.02565021646623,5772.9935982185725
16692,5800.553498592493,5804.093774987989,11.372953333449807,5807.785424224715
16664,5892.240262196161,5895.460738233503,13.43351319517178,5898.711167056393
16653,5898.488564083351,5902.100828381645,13.43855303425599,5905.268084620652
14345,5902.889377199908,5906.3892912604015,10.793234109199629,5910.300449918567
11184,6034.229226444349,6037.499925822271,11.39391263726997,6041.0386341742815
11171,6051.742816719285,6055.194803869602,12.130452356205224,6058.588386620323
17143,6102.367497446422,6105.462866647059,12.044611539076215,6108.847617182872
17090,6123.8837120752305,6127.122399179208,12.168366738299095,6130.550799791588
11581,6168.453237840536,6172.218499414626,11.62299047104021,6175.868294450129
16663,6225.329311634113,6228.34438692433,12.655174541973228,6231.727663240282
16682,6304.178895900755,6307.465658273314,11.08416350035312,6311.183223618056
11564,6346.541236016829,6350.3411172612505,11.265370603769385,6354.122669034553
11690,6360.770751157691,6364.008408797838,12.03275500928606,6367.5226828416335
11442,6398.3413050511035,6401.520807256814,11.977459987801726,6405.081759056277
16683,6400.207674658854,6403.30031225438,11.57750045885154,6406.904412578898
16705,6402.2718319178875,6405.267118756142,12.226862587769578,6408.760572566353
16619,6405.175167450131,6408.097663446827,12.982916540378008,6411.360939027283
16706,6410.312747676105,6414.1847502035625,10.342465931068984,6418.424157519013
17119,6454.1289943372685,6456.477754992779,15.94628084602559,6459.0457306359585
11696,6461.121458516869,6465.095164540621,9.35219738065928,6469.527938916504
17160,6467.780881191195,6470.391160969759,14.91743058038225,6481.203036053473
16656,6484.460838161534,6487.404594873038,14.024000548453083,6490.499601831094
11714,6487.043738641219,6490.497190756941,10.797872912798159,6494.278605422729
16696,6528.107173052469,6531.513676735831,12.440701613987882,6534.832242124947
17118,6542.457807925643,6545.544476807201,12.812307938076609,6548.870821455528
16648,6587.32793608065,6590.338421893842,12.783484342366053,6593.672011418585
17235,6633.671996951234,6637.292900521681,10.769236405221484,6641.172912825533
16958,6637.112203045089,6640.3309536157885,11.405449773303284,6644.052054855049
17609,6639.062449760225,6642.3893851852,11.194932981259713,6646.142332369803
16948,6640.990118032567,6644.251017377383,11.85798504876274,6647.956514098872
17089,6644.775448350878,6648.114637312231,11.325899594660747,6661.107136379336
17059,6664.111076820286,6667.324373618919,12.609069856618184,6670.757438972646
17173,6708.494018605473,6712.192930860412,12.606883579069091,6715.564175564254
17083,6718.165984337793,6720.533194342177,16.010397109155576,6723.135924694384
17097,6720.833716494005,6723.58918234925,14.19388709932879,6726.603682289139
16726,6965.972643311541,6969.061864678062,13.309759673185706,6972.331693512401
17219,6990.8983316255735,6994.326081325443,10.586569186428875,6998.006520997354
17246,6996.447295546867,7000.0819215646625,10.153338289299214,7004.175853881577
17025,7000.312859379858,7003.42335183057,12.55977051556988,7006.7760577181925
17013,7024.358098621066,7027.44111923734,13.66798434436691,7030.491186634128
17168,7028.729143697158,7032.214147726471,11.18196508086628,7035.9899246734
16636,7338.502650811677,7342.326568593051,10.778631376659233,7346.184958896235
16713,7428.43559607128,7432.025161601576,12.227713264710378,7435.453102656951
16698,7430.786110815556,7434.151662612114,11.333808497370127,7437.729185281814
16754,7575.377218269255,7578.535020899303,11.610279384351127,7581.984472789358
16593,7603.125818850584,7606.2071159975285,16.23469911697336,7608.87921817099
17113,7626.801918634249,7629.57143955132,13.915566415335759,7632.637311112972
16643,7628.783220496013,7631.608028919236,14.09857643303464,7634.768336416297
16610,7630.569557396696,7633.3330240682035,13.657182537785843,7636.475096536718
16650,7632.330332330212,7635.103068790645,13.316703338097367,7638.26198958473
16995,7637.141527815627,7640.1130822014375,12.584383325260974,7651.170492859183
17128,7641.883680190196,7645.096277930516,11.306925636484767,7654.124531824171
16625,7658.867387988473,7662.015315760178,14.157383217232171,7665.024123912259
16740,7668.160292526105,7671.419421210209,11.752990961049603,7675.149397993563
17073,7670.159334175203,7673.5765365412135,12.043033207970963,7677.175191055663
16748,7744.112683622458,7747.403696896797,11.927309008179913,7751.009330284023
17122,7746.717043624749,7750.429832679827,9.777674983561878,7754.55797649141
17206,7815.44745310126,7818.439020431116,13.142589180799648,7831.132754475578
17217,7834.348566322857,7837.476899327706,13.27681240402817,7840.678838297099
17092,7878.477198978836,7882.10736998516,12.579280879323097,7885.425493403518
16700,7924.2574732897265,7927.368567562536,13.580383378140395,7930.47830111613
16688,7934.139206392187,7936.583050845853,15.470227241326777,7939.338126128715
16704,8117.938405192971,8121.1427630419785,13.018423821446213,8124.315556557555
17593,8156.636508877249,8160.031046577268,11.211520309724254,8163.7689204156495
16946,8160.535751397823,8163.161089013148,13.753326379320542,8166.135055416838
17144,8194.170048912743,8197.463355925845,13.02710423140009,8200.813978199556
17231,8240.8832265436,8244.002861566338,11.963373232217144,8247.350586370385
17192,8246.44205947742,8249.147004124165,13.667244946075702,8252.14720473398
17103,8256.316005571813,8259.462703837182,11.048270000135076,8263.042188059942
17165,8389.936846694562,8393.331691378631,11.660804482444986,8396.901310583524
17091,8436.262069256365,8439.451457397117,12.327129595020095,8443.063019875723
17125,8438.12867798351,8441.387164911657,11.534947663560278,8444.921878874544
17042,8440.017103476286,8443.446144018655,10.927016959380525,8447.251251388938
