969,139.64425219729935,145.1745321203896,12.267022550798982,151.283164096996
946,145.53841906881493,151.39511335924632,10.20347351041102,158.07885373079475
1104,147.42909780943975,153.33540873776303,10.245013618799465,159.8587534915952
1720,396.45914134613855,401.45682716013965,12.521575245404119,409.8899716359414
1755,409.55867552758525,414.48031251028243,14.159298454270207,419.71150787265657
1656,425.0706253699242,430.0050263987549,12.935552296643694,435.61879726517935
1570,432.18492319326003,437.5961860876178,12.510982320996881,496.3908710658932
991,501.77437971472017,507.4814299702447,11.387917001952077,513.851323333769
838,503.8139644815829,509.2908461860765,11.167501888870168,515.7072276410852
926,527.0623311012652,532.1748347243556,12.898404046545197,586.4349501304657
500,605.4798122853136,610.5770412387882,12.13399828847734,616.4132884854207
207,632.97712322932,640.4000288136303,8.359438047860971,676.5496429421297
1678,647.9236267005431,653.2521006525541,12.100261845166333,685.3202916863003
2458,669.9008263351917,697.0247729071086,10.058171284056291,710.6389161468923
944,683.2579281876801,699.0077518100939,11.340175351725897,713.4657038368271
55,685.0790314012442,701.2265081627139,10.931562060568483,767.5143533301236
847,694.5045882806737,703.2456014284115,6.994804361791983,770.881133426485
952,708.8278608347503,714.3991850026479,11.865620226738194,781.3220453201606
272,723.0949161003686,728.5504359848012,13.32681295031696,786.2639843710127
471,725.4048109074429,731.0176308975093,11.133003381913138,788.582833515863
1800,727.6749906303417,734.2958274723906,9.958491270260646,791.4931378225888
1607,729.6476545277752,736.1968215129399,8.12223589887131,793.7178060400579
951,790.3975706138713,808.0865612797216,8.432731286303046,887.7194576419568
898,873.5193326591639,888.0254567256752,7.8111167104458135,954.1822007404144
1031,1148.3643753473318,1153.4919890736346,12.60856903625561,1159.5862147800108
1108,1238.1104396286025,1243.068917870841,12.53896987154042,1248.8654652329053
1056,1269.9984997046652,1274.3469965370095,16.940536408594035,1322.7209959361987
1046,1273.4582915815488,1278.5540519259862,12.878782711105803,1325.3678130402589
1058,1275.6860726470927,1281.2942003600738,11.43389749132667,1327.6323409862243
1655,1336.3326063574175,1342.1721728403018,10.641271129275228,1419.0575661928735
1751,1338.2047038784733,1344.0023201275185,10.464560137558935,1501.687848424269
1561,1346.4429717556716,1352.4738538991398,10.487004080321082,1506.6613834598104
1008,1593.9286256014516,1598.3856847485526,13.929972080990936,1603.4737559432947
1007,1761.5176738323676,1767.4543137153519,10.433535960990508,1774.2330171871824
882,1763.4235969348672,1769.3464768562314,11.196400432133595,1776.06258197012
1027,1765.3138981184488,1771.2345532334825,9.967192524263847,1778.0558295457984
1038,1836.7058748343304,1842.4499464454875,11.609422086113467,1849.1869892917164
1049,1851.961866237943,1857.0623040220548,11.893205506406842,1863.6075022674706
10,1855.7440692916985,1861.0082452230502,12.740191033704871,1870.6688429797828
1734,1876.6128148476625,1882.2804582953027,10.616435591333484,1951.5184653504987
1533,1878.4092651524568,1884.1000699683334,10.75986466076881,1954.4365972525818
1121,1880.3700492386051,1886.109281833795,11.417058901558468,1956.5162680424285
374,1892.9757722866361,1898.393479880159,12.626752452640911,1966.3853470532329
1691,1993.25051231007,2132.2517467716216,7.2653847645606975,2141.7845588206264
2403,1995.83989949612,2134.444497383999,9.09360108028874,2143.67095246006
981,1998.2326683395952,2136.456134832434,10.11258560850167,2145.4441268710157
2298,2001.544931765611,2138.354459034697,10.304899401044537,2147.234769971376
1623,2173.1205984248154,2178.101784983432,12.11400362900361,2213.7311620919327
1020,2191.9629978742346,2197.1706264936147,12.706102310765699,2217.802653490829
1725,2259.4523686201323,2265.483025543384,11.057830263724302,2296.4701920130533
1580,2374.964619579131,2381.2477352475757,10.229562407360735,2388.2420213526743
6544,2404.4630266576755,2409.45330846985,14.130049221902112,2415.083523464799
7,2417.615079173764,2424.1976319959317,9.288655066564678,2498.522501625294
1769,2419.479530539055,2426.2686440217417,9.476247376830104,2501.4817824690313
6406,2421.4930036510546,2428.3604887095216,9.792561193228602,2504.724659411934
383,2423.462518577518,2430.369191797764,9.684245374273182,2513.392344083661
1039,2425.48799802436,2432.3555140598282,8.40603811710364,2580.575876414993
7188,2484.424012505787,2509.371763540916,8.456423503366667,2746.5825818562757
6537,2613.197958455883,2778.2967744395673,8.17910016145446,2852.5059259868003
5522,2618.3737350033443,2780.2528851388033,9.595449417212091,2855.48001493829
5510,2623.52368402503,2782.2563298283644,11.069048214181521,2858.0628629580724
6487,2793.181374609838,2799.5175837041,10.723393411770738,2860.290994879131
6498,2795.22218102421,2801.4536967500267,10.038214441236121,2862.2540518442356
6547,2852.8358018622125,2857.5013653503447,13.420157361237331,2864.503179126393
6492,2929.900979577714,2935.003874527252,13.148051231636378,3016.379599381237
6504,2931.7429478301015,2937.3628231179923,11.645767341395397,3019.0159443402936
6441,2933.533013729563,2939.189908192091,10.456555817401098,3021.361758087046
7034,3003.3814658699807,3008.453697905605,12.758918067035758,3023.2971593467955
6420,3111.814827261238,3117.2115535637613,11.516033942348901,3123.217755588493
6605,3114.0995502994097,3119.1143271965043,12.022948308607202,3124.9794820808547
6485,3117.7557743539737,3123.0461014698158,11.513888069700952,3129.190709282169
6596,3129.648363331425,3134.5058314676285,12.306134853179096,3140.0189291692864
6370,3216.140628919625,3221.362873082295,11.600050137978965,3227.4601597498636
6483,3217.9361596114522,3223.2135906807966,10.724851318173592,3229.097252990223
6460,3227.6049874290093,3233.2305479319934,10.990836722799319,3288.7817198938546
6444,3305.1934198003246,3310.4526154055516,13.62188113883893,3316.0063100826237
6451,3307.1732557367977,3312.278309613838,12.855213590101517,3318.1356287111953
6595,3309.1450762006957,3314.285832639465,12.295612009852407,3319.969383631846
7191,3313.3753848445176,3318.2499089494154,12.431167630322523,3323.844821461132
6554,3319.4981515544346,3325.0013139336957,12.1182391798587,3394.580210720482
8399,3333.9706534899797,3339.18762357641,11.743249539218198,3403.254558938344
6021,3336.7824690880902,3343.215711263368,9.984101527549846,3405.1753704008734
7024,3339.315517261096,3345.216187450999,9.208800371896828,3407.0859797960425
6026,3364.3320556011413,3419.424226718,10.788520741802595,3665.441436287026
6014,3414.4840409148787,3421.3878376683156,8.643403804486757,3668.0947972560657
7960,3429.0856857491144,3494.042482589162,5.396354461370221,3675.7263825469877
7125,3439.158880502002,3676.0990996267237,5.7311428503598805,3750.837351160206
7781,3902.9216516327365,3907.5729570624926,13.150419723430234,3916.3424558002507
7106,3907.379172688408,3912.352007584957,13.74516226969865,3930.9322738959104
6486,3929.299998984208,3935.402224838448,10.917274805756643,3942.42629522497
6413,3946.742661395727,3952.534504705526,11.01855418355902,4020.800571272982
7295,3948.676230920084,3954.3813582155067,10.197913189970905,4023.599041513226
6493,3950.506847277496,3956.223947194733,11.20477348114314,4025.8408132751756
7032,3996.609574039052,4001.384966561876,12.601403499502263,4110.507094091562
6470,4017.7379622087033,4023.375192949244,10.87262657947655,4117.604107804176
7145,4026.4979016484954,4032.2594230910768,7.641796749177247,4384.447965482942
7156,4031.902028077939,4037.074588040215,11.475370141100626,4387.914816560153
7903,4056.121925348858,4061.3436856509074,9.856949512387432,4390.473739338837
12680,4236.990097661373,4408.036306039132,5.207607567469617,4559.280764688696
13289,4418.0204231253165,4566.077189258218,10.8492165381197,4572.600025784201
11436,4427.660417599422,4574.026420467195,10.34802808823246,4580.6790379031045
12201,4594.15008341508,4599.109362624917,13.847893660539278,4636.700523724035
13201,4804.263029476828,4810.257664140522,10.95818339377057,4816.955926057486
11163,4807.238637041514,4813.480117513078,12.629128286088868,4821.478557748131
11941,4825.171319231484,4830.545011952676,11.383915460704559,4849.188297748209
13917,4827.178866495652,4832.440543071733,11.231785267840056,4853.2766624252345
13975,4829.011938243497,4834.2607107986205,10.682667253999677,4906.678027879388
12445,4830.996526448549,4836.227049765791,11.021984574119433,4909.407591157737
12066,4845.416208953375,4850.535958938647,11.926883119902072,4920.562327376493
11921,4847.217327270695,4852.3054349731,11.733096052902003,5115.33712249061
12093,4854.168691783241,4861.173448065819,8.514641736507144,5118.201953832064
11904,4928.330724288647,5207.0568969976775,7.326703004578787,5281.584134171477
12012,4933.519247140984,5209.210065040143,9.704845985700144,5284.387935417814
12048,4943.611212741542,5211.2279744461175,9.460071686880092,5286.626909090405
11838,5137.247696520829,5213.147627714835,9.421348261872753,5289.19670684598
11865,5139.712651894834,5215.229234532061,9.460508366381086,5292.889596280918
12067,5142.498981488073,5217.253661286977,8.575373205535838,5295.796426062578
11879,5146.5961641417325,5219.439323938719,9.43613871289855,5298.237430912939
12585,5406.213852068177,5411.519837955817,12.953639263969567,5477.516018418408
13908,5430.859173836249,5436.370086873114,12.350726112177131,5482.462591636552
12737,5450.10252861536,5455.518837258553,12.570626483615172,5552.345612629877
11463,5452.035379982982,5457.250400955783,12.18434520672058,5555.170015953423
11928,5454.002981218673,5459.029269056659,11.100945704283163,5558.124357384218
12113,5455.959333778502,5462.003071696755,9.588182408626745,5562.821534235957
12062,5665.334711389734,5755.008815054513,8.331046489280027,5816.0958871815565
13338,5739.0142567060475,5757.077757753565,10.476064914187843,5818.175814153167
12581,5741.938262658949,5759.138765032108,8.455698785561168,5820.412924776394
12675,5744.3705858540325,5761.146121217981,9.55854690267505,5822.5730512374985
13514,5764.826519525108,5824.010354427051,6.807583402774512,5833.325044849402
12661,5770.0208621880565,5826.335411997883,8.35254889440428,5835.345739868721
12668,5854.564680560564,5860.4956577531375,10.633090613494716,5901.373433243462
12683,5859.871106520438,5865.029610574928,13.081717430999642,5903.218149043784
13526,5863.487013200774,5868.501914467165,12.051626642095579,5905.100448543141
12542,5873.103179947483,5879.272472099426,10.56361009427783,5907.016977044537
12772,5875.116669894999,5881.160910536818,11.257963782566472,5909.661939454118
19405,5880.998873586043,5886.475141455208,11.051414264863157,5911.530706061209
12559,5945.984390975715,5951.389946494594,12.154975555079307,6005.73005923484
12529,5950.673741665526,5956.375877989035,12.103185942944194,6007.976194927421
12642,5958.527849402768,5963.326162682927,12.939003278190027,6010.3805517181945
12725,5960.374557028238,5965.245455081723,12.967242354719787,6014.312168902694
12701,6004.6872359512,6010.177061734485,11.747021761209384,6020.188469284838
17436,6006.89452592893,6013.004768278064,9.988026303572438,6076.116634826557
11381,6010.859265938982,6017.2822624233995,9.92256384170265,6081.616303497187
11006,6012.85128504516,6019.286957301935,9.250072826099762,6083.752957859817
17511,6014.7610568228165,6021.313931768644,9.835980036245232,6085.740740606019
17002,6016.692233828217,6023.340874314715,8.081843555349533,6087.564111992977
11055,6033.117965318759,6039.2161445957245,6.811966475900903,6093.057957580312
18760,6040.177994065377,6092.035540183642,7.465153367440563,6099.137337010363
12102,6050.1998308057555,6103.256905991622,11.016822807730328,6181.238642266607
18294,6053.037846378834,6105.157306265768,11.83027866278166,6184.43731116514
11403,6102.967972541542,6109.070909756973,8.720904965090924,6190.616806783387
11050,6496.055800600358,6917.020432208721,6.920308886661229,6981.6289374433745
18037,6565.094515151907,6919.273947309068,8.98429021493569,6983.541584026785
18280,6669.695712167206,6931.074797878287,6.430628407177285,6999.647508280138
18888,6926.267190753096,6990.005684564582,6.274547287404902,7010.81294378413
11430,6932.956316390723,6992.276381180485,7.191818253531931,7013.473407523885
17522,7207.36436325289,7271.049825697457,11.656050933742224,7277.452503938168
12041,7292.865378847672,7298.305334254609,15.050072343722382,7336.543305701174
16798,7299.408227625295,7304.520220954764,13.175317364875067,7341.423199692441
16504,7301.32366550141,7307.10209962936,10.746037961970027,7343.4886821132895
16554,7326.93234456366,7335.07327632761,7.78062230883383,7350.025428152519
16934,7329.096501073882,7337.255316984762,6.991244369841074,7356.576761671057
17005,7505.230378972329,7510.239585145369,13.513792534614506,7533.287635709804
18060,7519.492080512641,7524.541272645066,12.995494987093664,7535.69904823379
17452,7523.556969508628,7528.543966595623,12.337864719484388,7540.109800761706
18795,7804.474751667439,7809.075473042203,14.098270026842732,7814.103251100688
18004,7808.935754414145,7814.179229207382,12.261023583691593,7820.209211218938
18008,7811.049730563015,7816.429361770135,11.60273949966368,7822.998489830988
17440,7812.812522335075,7818.255876088383,12.89831346015803,7876.387064509528
18065,7814.745164801212,7820.006490919599,12.293291997237477,7879.212790971273
18266,8106.040795690269,8177.150801952695,6.341809368383286,8257.995420809035
18216,8194.265970017645,8266.215822117161,7.218360277073354,8427.7727177602
17339,8739.705143169318,8744.404505031567,13.203016192362014,8776.740190273213
17481,8741.518092559354,8746.588714582826,12.287511866309323,8779.74551174067
16905,8781.340658124702,8786.60476708425,12.73431504656817,8792.360111884362
17517,8788.154754018766,8793.234312890498,12.796452446112985,8799.015397932411
17474,8790.217906205158,8796.186923548168,11.10821435340924,8802.957296375198
17528,8792.138574842334,8798.230223862372,10.263831992279092,8805.3413433883
17576,8830.056733854342,8835.065446184399,11.760081128714793,8880.594212990241
17594,8845.242032156295,8850.122261504326,15.552241335206164,8883.43459755034
