3413,231.46841098282877,237.35328454320484,13.97269654392616,243.34357041406815
3377,413.3211976288198,420.4899362204937,11.01953677241437,427.60295386586796
3879,415.283612738342,422.3839304279158,11.082152260682918,429.48351840599076
4324,426.8112907875045,433.21842468126954,11.866988268964478,439.4555587182279
3890,429.6064736116471,436.316192007079,11.04379282023289,443.1835980800892
3889,431.3881608274974,438.19670897346634,11.2126799930814,496.3522082991613
4274,433.14558163990307,440.0541313356311,10.492689981664743,499.0911795765447
4363,441.7453460710139,448.0923509952672,12.658352664942257,503.423845901761
4329,499.49719742425316,506.41496035097674,11.85736510593376,513.2161533726653
3892,501.7133149241104,508.310921157391,11.671555469484549,515.0426098391214
3836,503.6429927110915,510.16456263714485,11.18749721963967,516.8876496476937
4217,532.7727941155705,540.1345100149459,10.343841817455495,591.8210823213884
4341,589.690822290146,596.2652096946445,12.478377254736278,602.4429080493595
4314,592.0351659715382,598.3561122702752,12.62789691830697,604.7789748330026
3805,593.954906279647,600.0801700952004,12.70522084314835,606.5032848705475
4190,679.6989034231693,686.048593602731,12.457366404419083,692.1576587049984
3417,683.5931367459674,691.3095403474769,10.350673472864258,698.7453692530722
4173,691.4589339799412,696.6465059501688,14.550942022307288,701.8164390278674
4860,697.0877917009739,704.3524311496234,10.445680754814456,711.8622136505267
4316,699.3797917229098,706.3247134807041,11.102670013953468,766.3928546890365
3449,769.8295004813643,777.3434643806222,10.101559264466514,784.87604955047
4350,793.654048161803,800.5118609007709,10.724788586508836,856.636138721202
3791,816.1399248267246,822.5526693828625,13.346856523243707,859.1559764010368
4169,861.8643761041939,868.0387092988565,13.295743103440824,874.2615246802839
3444,865.6731819965057,872.4423717956603,11.906880470333379,879.2422752462826
3348,949.4724364943158,955.5504445601283,13.123357289936951,961.7240371315639
4366,962.911029621582,969.4223450398907,11.97668142936223,975.8317716253723
3418,968.2270315272463,973.5573335619941,15.289780145783123,978.9590264176019
4348,969.9338733279913,975.3130912537341,14.909605289102272,980.8379178429603
4300,974.0072839713399,980.3865044886429,11.984620672444555,1036.7230621964434
4313,975.741304355227,982.2470911904674,13.552626139485048,1039.3292041792868
3893,1052.1884936171623,1058.58429102798,12.663221850279589,1064.9397854628658
3897,1054.2527508558726,1060.5656985676171,11.603546970836573,1066.9012086353891
3856,1057.2820464581196,1064.1575242516503,12.100687778487561,1070.7870454633262
4184,1069.3324379696805,1076.3061966513771,11.643386744974046,1135.5522131573146
3845,1129.8036810253082,1137.4791596845687,10.42650706506284,1146.0884187197928
3458,1131.9516232598564,1140.245811412334,10.12097090932259,1148.5057476450697
3882,1133.917748630971,1142.1655409509494,9.46582711223634,1150.4297192791798
3904,1136.0823323584757,1144.1131486319632,9.962935706254758,1152.4289573141791
3945,1142.735849020272,1149.090646335365,12.94101691989308,1155.3545545799266
4346,1159.2376199265427,1165.3187963967275,13.977466978570172,1219.0380083643097
3823,1176.6348802687446,1184.0653697186121,10.874483437968138,1223.5752323656748
2728,1181.6293418496919,1187.5595641036955,13.758287826072271,1225.4116777141296
4170,1221.4061512068831,1227.6092090845966,12.900838910661557,1233.7763680648288
3895,1225.8738554018503,1233.5249436333695,10.89001279894415,1241.237565077467
4298,1228.0414363616933,1235.3692081783956,9.105398798701367,1242.977122195335
4323,1229.896284938273,1237.3683283712205,10.311166339076674,1244.7597805055188
4236,1236.7960472122006,1243.2497427510493,11.876512070741981,1249.7010624755753
2649,1254.2081254244395,1260.239032066864,12.306827351185623,1312.397286134615
3342,1264.041421934804,1270.3105009478857,12.5976709491183,1317.8558779476018
3426,1309.149121275474,1315.5865771300512,12.81042265521439,1324.204069936904
3421,1310.9826829518404,1317.3623868523498,12.493297058504684,1326.4354866964288
4261,1320.7458101190502,1326.156723796386,14.270350166087923,1331.5362461532234
4898,1353.0121588284605,1359.4872134601064,13.759477164469203,1398.1147434366717
3396,1493.2434715434397,1498.6069064080975,15.289421033780648,1503.8258795174654
3459,1495.2995381924713,1501.4061869200061,13.247266892093343,1507.3263414667506
3442,1579.7150589400258,1585.3969964167486,14.584386707526185,1593.4415311345954
3869,1581.6818457241116,1587.3429428107363,14.93100586174513,1596.452643228415
195,1583.4792991110928,1590.0168539093258,11.693537416070592,1598.7121483189374
3877,1614.433968601286,1619.5258814743777,14.817351370838292,1666.564980617333
3868,1632.5013895770942,1638.5238170893638,13.215529681933027,1669.446629356041
3864,1699.0584720847444,1704.3611624896146,15.005016016206504,1756.3858251771398
3847,1702.97787656186,1710.356010619557,10.514782082018913,1759.0561461896536
4234,1720.360233903361,1727.052645920744,12.34559663371201,1761.3206773154184
4359,1759.55938765935,1766.463139332954,11.986418180949455,1773.3131980150024
3866,1761.6806851287326,1768.2934100505581,12.286177574207837,1775.1436882714888
3394,1763.5995376644769,1770.0267710277585,11.314476609141472,1776.9950617973243
73,1768.1577928780016,1777.388604550619,8.209679696375746,1786.84601388024
3793,1775.2543420721765,1782.1147058204847,10.382729576756999,1790.8976533631308
3916,1783.7489219617635,1790.4833085359776,12.794079676943406,1846.436947179098
1946,1789.7308933441782,1796.4612520980586,12.336488833698267,1849.0703959577347
3909,1791.6687345643031,1799.263180949326,10.872404042411956,1853.3704236796739
4302,1793.6551515955427,1801.172487493204,11.33195586459836,1857.871958489939
3903,1864.8571485184602,1872.150258514432,10.677921424478358,1879.4960638661737
3870,1868.0983566391144,1874.1490149461602,11.168751565295583,1881.3865959252455
3783,1870.0457717114418,1876.4807966828462,12.14145497557291,1936.3745522020668
3843,1876.3308374152552,1882.513950845597,13.158729520758744,1938.9643801316615
4340,1956.1945353454282,1963.4992317466995,10.158958197179388,1970.6073787729424
4305,1958.1396254064086,1965.369284060107,11.926254107020927,1972.6093648065946
4317,2029.5230019930364,2036.3694656879356,12.31351327393207,2043.0243708739467
8960,2032.0211463315081,2038.202972617334,11.865422591112806,2044.8579223872907
5702,2033.9677192269535,2040.1852698371101,12.952365780210757,2046.7063550317673
8911,2035.701969479626,2042.2362979504785,11.778629312751878,2048.8196987502993
4259,2042.7021911652755,2049.0342534151087,12.622296769351092,2055.3587046760404
3851,2051.3020003453335,2057.4119663700035,12.904544384457797,2116.381119277179
3894,2061.9225428669297,2067.164740320515,14.706932150703881,2119.224269778403
4338,2065.042253195782,2071.2231271931914,12.468297140184232,2121.3362716092533
4281,2121.1944542773117,2128.366169323058,10.650098187334036,2135.6291800173067
3346,2123.2970561355446,2130.2147041525127,10.944147766376162,2137.480364042245
5586,2125.1817541025944,2132.0752311600677,11.794335659974772,2139.3990779327205
4269,2142.986008054567,2149.076049425038,13.5168156446486,2206.692129650416
4246,2144.8853156783525,2151.068613483498,11.991803328501975,2209.5166714297993
3841,2152.1789554336087,2158.5719230634736,12.768568134411382,2211.8574139935827
4336,2154.792652309745,2161.1956699999155,12.127826699793285,2213.9665812329536
79,2182.2257700793216,2188.632735635243,14.13086525201069,2220.804701979049
2232,2198.1234168677847,2205.2925528165715,11.34793715183901,2223.299218074945
4194,2211.3828413540587,2217.1054777328363,13.601627132929435,2225.403122265357
8941,2213.5451557379038,2220.3053074706395,11.081858393040006,2227.5351894808573
5677,2215.4986781288762,2222.1714865866497,12.280048781978138,2229.428430173974
10492,2223.0899499628713,2228.1889655290056,15.39896436174869,2233.2476673172005
10353,2227.818111972546,2234.5483905825345,11.453132554871685,2241.138544237891
5709,2282.561868712806,2287.662923154229,15.512732430586954,2303.6590224984607
5692,2299.411225354086,2305.415238879474,14.425178782437225,2311.5416699102316
10446,2317.374604023495,2323.197117162057,14.178592264400619,2329.2606310308565
9759,2327.543978651646,2334.136750245083,11.650097463450486,2389.02935065996
4880,2404.3766278084045,2411.1591590653707,11.43441331535174,2417.8192118946276
9378,2406.683508362175,2413.0037830897054,12.845129420437571,2419.5541004421098
9724,2410.627783481251,2417.2070315742963,11.411573634697072,2423.7615164927593
10027,2412.452471423595,2419.0992175493293,12.350735380870235,2476.4865511850444
8943,2418.6999034909413,2426.449491947609,10.001348807213684,2492.138254947351
9366,2420.7399197934546,2428.321997051725,10.706035827795604,2494.5838549179903
10768,2422.627108568691,2430.230953325509,10.889374529879465,2497.3300837012484
4944,2424.6809016304865,2432.0809803854136,9.618479485515934,2500.6890169202884
9426,2496.690700510938,2503.272443513245,10.060023782962748,2512.7409300787517
9809,2498.438994612492,2505.246275170802,9.477932295400601,2566.439743109648
9813,2511.126632525655,2517.305068641269,13.041858512053503,2573.640823054313
9846,2513.2739698046516,2519.5337050568737,13.21752457600646,2575.730106838829
5678,2524.1749101942846,2531.4557907532535,10.99810991888055,2577.5889994693466
9718,2593.5815792116177,2600.326562607209,11.753903599037383,2656.484967266746
9365,2663.462758310835,2670.5147507124993,11.962480375605917,2678.1553121155634
9721,2665.3687070548817,2672.283057212548,9.83357850299444,2680.0352380088802
9704,2673.209308136015,2680.4608599387548,11.498920510748478,2687.8871177080937
10421,2749.922522715719,2756.1567875143137,12.429674195415792,2762.1376223549228
9308,2751.7403540105615,2759.3629165170223,10.092316646385031,2767.000655001089
9379,2753.6487255987386,2761.336133736526,10.35756097771648,2768.901493114547
8946,2755.610477873559,2763.2812124393213,10.526750539690399,2770.572685243987
5676,2757.651471216269,2765.165924837426,10.97128941870455,2772.383677140414
5707,2759.4951454475477,2767.02975920517,12.294478005035439,2774.1227128842997
9843,2765.7320293634243,2772.328391137043,11.743726057001313,2778.964061721028
5729,2801.109586510464,2807.161063383599,13.03160068938194,2836.863684946039
7015,2820.741160858711,2827.5817432630997,12.08451266395258,2841.9670980893043
9393,2822.840947332126,2829.430616407552,12.570746715520995,2846.043042210216
9364,2835.128033960153,2842.0595444711435,12.439591862184093,2850.4403903871957
9376,2840.364801017331,2846.202955429475,15.749921443634022,2852.5135330012263
8931,2844.0770429490763,2850.5813587594735,12.905450339712662,2857.1145871677186
8912,2845.856818248349,2852.350498716288,12.127590601634529,2858.953530629435
5648,2853.2619613435295,2860.4522145986352,11.029069544642402,2867.3478083085597
5664,2886.5663805502054,2894.148943269027,10.08021557154868,2958.398865582651
9825,2893.8624689539506,2901.4666864265923,10.916515407768047,3016.5999310250168
9716,2896.59714280464,2903.43374608472,10.962231707829561,3045.5880999943256
8845,2908.4306414532557,2914.5527430642082,13.044148521325964,3050.6873296191243
9382,2943.0109516650778,2949.4385519669354,11.75827747893431,3110.102007021478
9734,3024.1707556327624,3031.3847876232194,11.34601454716479,3119.6000602737336
9380,3026.3917016812666,3033.240717713742,8.990010874458058,3121.5330211785845
9735,3122.7571495443253,3129.146745972626,7.16159900223602,3137.996952572486
9269,3140.002889875868,3145.62640329048,14.226397118727249,3196.66193489815
9744,3199.641971587146,3206.201765622557,12.366678446049223,3212.7389908534083
9714,3201.7415419304084,3208.06532075721,11.457064191659622,3214.501582175402
8890,3207.131860641078,3213.130191769533,13.853278391129965,3219.0250949157917
5626,3209.21525727045,3215.4215716426725,13.061273839714428,3221.555308529042
9681,3230.952333737092,3237.3706112739833,12.878289667887234,3286.6470787117537
5637,3294.2778860378503,3300.616111717787,13.478814045508518,3306.5012350724637
10351,3313.3739000179703,3320.117948985076,11.267046331269219,3376.420688751056
8930,3381.150121632923,3389.4553217166654,9.551466646203682,3397.869366425503
8950,3383.4465828674115,3391.5092347551135,10.55381811437595,3399.9025491871416
8869,3385.6101428185248,3394.2485457117036,8.94817599153518,3402.898687549256
9748,3398.863469323858,3406.2168570129083,10.129423759034943,3466.393890600259
9388,3489.603365832207,3496.1966031421925,12.25156331083258,3502.3908641710354
8860,3493.925320529632,3500.350411310796,13.111399264235324,3556.447005337524
9770,3498.2928141267826,3504.0621679185933,12.91197985171685,3559.0460484033088
9789,3500.1976983482436,3506.079527339958,12.948824524148,3561.3031601038056
5618,3517.77757301075,3524.339335572472,11.668425508155913,3563.2853348454078
10389,3527.5986991594764,3534.3979854194513,12.834083090864379,3567.1583134407483
10399,3559.495452386052,3565.4203236112826,14.013107918386241,3571.0577651303834
8949,3561.7988834957205,3569.4685401262536,10.041181240981182,3577.2631858946866
8870,3563.672972861508,3571.37410051487,10.143138859770973,3579.2158946363093
6138,3607.3408871661213,3614.3770275240136,11.004456678740269,3655.574613273902
9750,3609.348919960418,3616.204724965467,10.91784261068984,3657.3859833747206
9390,3649.0829970506584,3655.4420556502737,12.472440708705104,3661.71447693878
8945,3657.6661405957852,3664.5740437482013,12.18440934942531,3671.468896065321
8998,3659.469832014792,3666.5337376111165,10.728639524914854,3673.516424403178
9663,3667.307350473826,3673.257281341797,13.553313249236037,3679.16636867093
9848,3670.6153860410523,3676.4409068538325,13.856557593815806,3682.2397632571106
9675,3672.431432826103,3678.167660481281,13.665782233048722,3684.8861317344895
10438,3676.105829130916,3682.505644242601,12.789467751956535,3738.3123942260245
9790,3682.178789617783,3688.185992064609,12.94837282864364,3741.7216176358593
9722,3753.8341326456475,3761.077027454976,10.42195602598692,3768.343310761656
9664,3758.245026615074,3766.219523154428,9.468016415929542,3889.2111061059645
9329,3829.4361426308215,3836.4673456920823,10.798637928711338,3916.6898515628523
9698,3831.494621396939,3838.367727518948,10.184368964482163,3919.4976270751117
9793,3843.6583091601387,3850.2632062345724,11.659674984491314,3922.056567935641
11227,3904.2212437971725,3909.0378379499916,17.05656537887776,3924.146361901163
14414,3921.3738130764946,3927.4128640501194,13.186660818799767,3933.3581875573054
10383,3938.2360986930876,3944.53712840662,13.084351060596987,3950.7427626899193
14358,3971.827248865783,3979.1599895900526,11.52874924416972,4021.4957604038277
9862,4009.70349527315,4015.480512798783,15.024812426703816,4027.177385188642
14368,4011.9710557169924,4019.3374443235743,11.205067446191029,4030.727567005114
6057,4013.754067176795,4021.2833756117293,11.09080588585781,4036.4607806840763
11215,4016.178566697813,4023.4294901284316,11.091209400317414,4038.8848269966147
9707,4030.681508318483,4037.1146430437943,12.719802380123358,4096.226501536263
9727,4038.660890657229,4045.414858816721,11.884250790667215,4112.441502585783
9265,4040.513056747729,4047.2381783650953,12.129503179813192,4114.404916625788
14428,4071.8968300554943,4078.05900018269,11.796821653372442,4118.386365072859
11156,4088.38832676073,4095.185818840356,10.057446667883859,4120.259823355127
8923,4113.468091283411,4122.172138684324,8.3046565736912,4129.222104397577
9360,4126.057993391815,4132.508036712626,12.3797468089446,4194.022555936466
9336,4130.623169263298,4137.197380603752,12.397425786783126,4196.145267487387
11173,4149.579001494978,4155.281173205726,9.264853645001514,4204.268859246036
9723,4205.695227223111,4212.452916711071,11.681588591080882,4218.920620073481
14873,4207.628344256529,4214.21633722616,11.45332763821855,4220.723355229418
8174,4233.342064089727,4240.394658682414,12.579732774020375,4283.638094736022
15229,4279.95956043375,4287.09991931127,11.31580960614017,4294.116180837926
14844,4309.578247683913,4316.047398089587,12.828602390497513,4366.618382837893
15898,4312.6987219318935,4318.261287885452,13.908716461960688,4369.418311554377
7450,4325.81226670683,4332.575676699789,12.183965385368118,4371.957326946435
11236,4330.305001337724,4336.425047912311,12.692114474622631,4374.523096967334
15223,4369.628106089023,4375.593632688718,13.602806023895903,4381.23776263352
14354,4371.433241605021,4377.329780389933,14.250133364255415,4382.953873403173
14389,4377.361576997184,4383.607612871651,13.718584182465252,4389.312797625092
15172,4400.992148785464,4407.33826897102,11.852605463958309,4456.667091459715
14854,4485.563731399993,4492.392581504574,11.94539247784341,4549.2740121844345
15213,4495.49013052327,4502.182260923493,12.14421144172463,4554.84312097256
10387,4508.826727832215,4514.4827953600325,14.712690938559167,4558.799281878677
14469,4549.813918058706,4556.143476046899,13.032121428891344,4561.947560625568
11132,4554.7126650688915,4561.465125605379,12.1698061443904,4568.051085845787
15224,4562.389994709295,4568.502069459184,13.533157967548444,4574.690372876871
15333,4564.325559207403,4570.449512361232,13.18677289422978,4576.458158139956
15249,4566.043328891143,4572.151750782872,13.62030982293552,4578.239466380832
15359,4569.562213365546,4575.591436856388,12.399665065830128,4581.606358164029
14884,4573.337932157485,4580.270622409643,10.867741002693505,4636.653712380131
14440,4575.156038478394,4582.226288075297,11.710394538222019,4639.182556172984
14456,4576.994845105138,4584.044198195699,11.995326416107828,4641.598873102421
15334,4579.35767013714,4586.178910343258,12.040922873120717,4643.5456046373965
15212,4583.623713015423,4590.208811622832,12.775006545274051,4647.5284614177335
13229,4597.133594588851,4603.417895908385,12.935531324106105,4649.551182861094
11241,4611.588968124548,4617.542013594623,13.633656633051494,4651.34621636595
11163,4616.462827879039,4623.066470721798,8.481868861904998,4653.28043956919
15271,4641.669187530825,4649.024733680734,7.641273212960036,4656.914249744121
15251,4643.5233085348455,4651.199793731197,6.587484710197136,4658.952975631871
14468,4649.569466581922,4657.475773228633,10.02389308740193,4664.822555717756
15343,4651.467797264243,4659.340964707413,9.364482679691408,4666.497686470114
14438,4653.416591594675,4661.271863184091,11.428692020603167,4668.423118113503
14441,4655.320612587729,4663.086315820015,10.737919116466019,4670.200096718792
14774,4657.552246513833,4665.23710444872,9.784450628675224,4672.992224023604
14407,4659.400574447292,4667.194523196171,10.279546886425964,4726.702747657198
14424,4661.315056301227,4669.114140360638,10.439354360174322,4729.194420718365
15219,4731.812619658404,4738.143864783208,11.108258274829247,4757.385429327269
14860,4738.950360207511,4745.433473573346,13.049032347991611,4761.327388536284
14429,4740.772640425526,4747.199886514503,11.192725588972229,4763.038210657965
14465,4742.568917310797,4749.367910939581,10.734780396649295,4816.460553367133
14856,4744.320379283658,4751.217105312301,6.56992865180015,4819.442370164425
15324,4835.379773592476,4840.379197954153,15.145568684577096,4845.485661067319
12468,4862.88603026479,4870.118824472882,12.093940971026436,4906.512009247215
13961,4865.0370399800195,4872.322934763041,11.349946090676902,4910.904823825931
15908,4866.998072513386,4874.20450031744,11.208466942349954,4915.403390649067
13983,4869.11796232,4876.100441141031,11.347960386813813,4918.191640331397
15258,5030.929510618678,5037.051359775759,13.286698853481656,5086.750182959549
15584,5089.656147994555,5096.055001511874,13.064851586658056,5132.487687074936
14797,5091.901423096254,5098.241326943736,12.347471058208269,5178.782157370257
14359,5093.955154895888,5100.03841108047,12.73644323285562,5182.630049359551
15588,5104.504035330974,5110.539782858348,13.623279593366567,5185.0785653064495
14886,5106.273181713703,5112.297498868051,12.489264938430226,5187.113699979507
14813,5116.454580703446,5122.519805390769,12.810401036925274,5193.485413220073
15893,5118.188330599924,5124.38941980046,10.578545712848111,5195.218463216741
14894,5196.960156540987,5209.357140930642,12.386939878713115,5269.216100365813
14775,5199.250247494834,5211.029835429731,12.048530854842763,5271.541801506346
15226,5224.210064075147,5230.139698851856,12.849812627773993,5275.303730619981
12493,5241.300542366294,5247.505197792862,12.77834701387718,5279.504576552637
15358,5271.834941513648,5283.225304764455,8.417944793653415,5290.654251276819
15195,5273.769342194553,5285.353292316082,9.059205215029586,5292.6090780574605
15311,5283.030379420676,5289.516843340071,12.059820683621087,5295.8885981777485
15170,5287.056042018648,5294.4640298611785,11.169021787209271,5301.949431978721
15256,5288.940693575756,5296.380021264182,11.204098140395189,5356.327001399219
15365,5296.013689026412,5302.368156163877,12.778689966174849,5358.930420081073
15342,5297.7764366056035,5304.136935665944,11.50095800482429,5364.011526438589
14851,5299.6968751976565,5306.315811765627,12.257924459986949,5370.0694979594045
14883,5301.518278850215,5308.067552741297,12.332405272755086,5377.53318301822
14416,5455.436759179327,5491.078254275367,6.884675390498702,5569.315820376865
19912,5726.080675439308,5733.168635982904,10.841331576295515,5740.377396971258
19941,5727.931051290921,5735.152550305091,11.211521164211447,5742.240009181818
19951,5729.963435295175,5737.3086399388185,10.690901930923681,5744.593270414566
13693,5776.173660647843,5782.173100630307,13.270297127785334,5809.14605514957
19992,5815.755424299808,5822.5123847396,11.7929943701988,5829.321388696804
19981,5856.225650385112,5862.340920781034,13.91955201880601,5899.356606414637
19958,5862.132940038546,5869.344958570243,11.930684896587193,5901.892007110244
15345,5899.270063166982,5905.134251107639,14.119523857281374,5911.4541092959225
15187,6420.067561371842,6426.428859911792,13.326970341445996,6464.741029179035
15340,5929.1466081911285,5936.477165888711,10.773815322012332,5993.554004874573
15951,5930.940298332056,5938.450778313921,10.837677754134495,5995.697818598725
19918,5946.2532888753,5954.028074130508,10.44999465941853,5999.943795374723
16048,5989.33039809872,5995.34924826284,13.267507331039194,6001.8118589279
15316,6005.613639782585,6013.3541622867815,9.994917987874718,6020.996605204946
15259,6007.591629086174,6015.260106198059,11.473304712440049,6022.913830739255
15317,6009.461948394492,6017.136703875624,9.603681656426271,6076.6751307418945
19950,6012.472734933645,6019.244226477246,11.712398142485016,6081.98711809613
15277,6023.981343728275,6031.144772949791,11.30110801361873,6085.149216364275
19924,6089.370143595954,6097.442742701857,9.491484353423752,6105.50355396187
20724,6110.66695463595,6117.020028788779,12.73729734746589,6166.52268003139
19939,6124.383408776223,6132.01042149034,11.0283981948603,6169.137585990462
19232,6129.356327047134,6136.415752176044,11.873907095124597,6173.48378796815
16749,6139.1295354315325,6145.449646035599,11.863451724834361,6177.556245291431
20714,6169.394606007804,6177.076734580072,10.313708997137992,6184.5490382835815
20710,6259.473238729083,6267.0046821951455,10.724363155335942,6274.3682754071315
19915,6319.23152811135,6325.538697364477,12.874537441891812,6373.538750555952
20678,6364.451460228806,6370.576719095086,13.081762525363692,6382.0077146526655
21423,6409.65243463422,6416.402993670269,12.61571215349606,6460.109466067159
20380,6442.2074202409985,6449.467178645948,10.25084787461262,6468.8926039078415
19901,6447.927899028776,6455.294469812022,11.259199495130558,6471.522985107392
19947,6450.156618371901,6457.123209331926,11.488287114716647,6563.11074130837
20863,6454.7962214606205,6462.176213291037,10.33095042597104,6616.453212163102
20847,6474.417344340425,6481.193365277205,11.027925866207175,6623.958687177584
20696,6486.479559068367,6493.522206480059,10.84876340485074,6627.902018330553
19869,6493.366747357692,6500.089163051562,11.627859711856226,6631.5679802608975
20387,6728.280632052993,6734.14041801149,14.626719133460494,6904.507399953814
20711,6897.105661972574,6903.193029119928,13.38456645151901,6910.940683079973
20673,6901.057650740291,6908.278973108395,10.522844499206638,6918.017252435857
20740,6902.919005582585,6910.152042882231,11.654167725809044,6924.209297606739
13688,6981.7408195524695,6988.248957919549,12.296420982500841,6994.688610693015
20744,6985.147448301175,6991.120893734939,13.452593945600713,6997.178251113111
16642,6987.233892031625,6993.309340620144,13.146939911816016,6999.21119996574
16617,6988.951166781178,6995.074450158934,13.132779253857693,7001.152894406065
19952,6992.510232485299,6999.257531201648,11.031968644807604,7006.072942403363
19934,6994.319012153122,7001.216903162409,11.628504198624501,7007.850480009218
16717,6996.097217665421,7003.032968807175,12.157191010274822,7009.707440229684
20822,7008.582752442712,7015.535053336358,11.4048288559701,7073.745516971845
20695,7069.882393391224,7076.490342195095,12.518193039127103,7083.096435834439
20778,7072.123955959642,7078.426717058689,11.815635610709363,7084.674633164374
20296,7082.46667509921,7088.496993900613,13.234208140070885,7094.422168480821
20738,7095.232453563398,7101.402473660585,12.646093384048386,7156.677545432777
20786,7101.039475558366,7108.11677619296,10.978021078813585,7159.485799467381
20777,7159.367929552123,7165.360670180302,14.549789868631748,7170.8174068346
20841,7192.0628447967265,7198.4407343255525,12.4459662222331,7246.676609074117
20749,7193.769645907171,7200.23535691665,12.232383794774888,7249.822065783542
20775,7249.323538645852,7255.459390663224,12.873250402703352,7261.458065735792
21011,7264.397790329996,7271.473893593828,11.264777394700348,7278.588298574429
19891,7309.555669569031,7317.060960032412,9.898605948325375,7341.147794077648
19875,7315.395917587355,7322.374271887352,11.255778212983788,7343.187109392783
20716,7339.480966097429,7347.195076218173,10.044509730907782,7354.678717027903
20806,7341.461518214548,7349.149074833473,10.331526666350275,7356.635703959203
20694,7343.485928356098,7351.047729491131,10.83316451744444,7358.479593052874
19864,7347.010899624706,7353.19739736046,12.044302927840928,7360.380660719399
20860,7355.229156690243,7361.4998852546105,11.854194751208773,7367.970961665367
20276,7384.295017674087,7392.083617823738,10.644564709124793,7426.347324772336
20789,7431.528697105089,7439.245383369561,9.82594888955167,7446.902967839538
20864,7433.447264486108,7441.140483801561,10.276349498317016,7448.848412887849
19925,7435.4356609654105,7443.116124851878,10.115348685731066,7450.670481243678
16643,7437.427628868602,7445.041390771633,10.222855556648199,7452.629851456766
20760,7444.867190904243,7451.391247294283,12.742515856450185,7457.78579218377
20745,7457.86647557941,7465.498341216808,9.968225105553763,7522.139370635838
20704,7459.811642015061,7467.439811447155,10.410222334407628,7525.127363552768
20689,7462.098907467137,7469.393214809407,9.197890145512714,7527.256903485963
19896,7577.548796546677,7583.398694094008,14.049455174144116,7610.177381401998
19926,7579.2573319912735,7585.139985196749,13.416906665883527,7696.512210461519
20355,7581.536621057375,7587.004307342225,14.603347475089263,7699.357893005037
20669,7583.25585764678,7589.090135674973,13.230778148857162,7701.520524117828
20350,7609.1711085609595,7616.1466590341015,11.729020329341212,7703.838163432886
20331,7611.808105046298,7618.3149419787005,12.509728398055675,7705.71431988607
20821,7631.517271568706,7637.607739686133,12.871618440146838,7709.498310069442
20800,7641.345472549396,7647.316260353642,9.202635084826367,7721.3451249230175
20311,7699.322939430429,7706.0777583546105,6.6609311421855715,7723.693272654872
20269,7794.001151903256,7800.109975957271,13.564359280865034,7806.100447977524
20395,7809.757574750058,7815.584369127206,13.572918464576725,7821.413212319309
15967,7811.511433540373,7817.320132847272,12.601372124734446,7823.216762082426
16709,7841.71013302092,7847.249791274081,14.57730390453506,7879.379058679989
19945,7843.769920693197,7850.059118614744,12.57130955599252,7882.395143451519
18727,7922.837869765043,7929.087043522958,14.496617565607062,7966.399672419664
15885,7983.2182189984305,7989.089477437537,13.931940471789982,7994.89397828394
20356,8005.263413727296,8011.134186516621,12.661313161880752,8059.211825438758
18483,8013.331331163783,8020.471205243559,12.128167795946792,8061.254600334166
20328,8059.308983395054,8065.245773012637,14.263764932070329,8070.811585745957
15957,8061.370011093054,8067.084738349708,14.00951320681628,8072.565543083382
21450,8074.684243132972,8081.018495307579,13.214478737223857,8087.122685250555
21410,8254.224236986107,8260.011122752843,12.985817261873366,8265.837883541855
21439,8265.846436350172,8271.305690454406,14.571746810822377,8326.57768842234
13657,8362.61295095749,8368.568921978554,12.823158261255848,8416.497601246316
13645,8421.32777985753,8428.064672480325,12.073573052754844,8434.579468846954
19451,10158.26352523255,10164.334603667321,12.716060122105723,10216.733179685087
