2280,102.04838713624196,105.0101516988112,10.72215508756492,109.71154153439544
2474,187.12982244724884,190.3002185761658,13.43791794069856,194.7767494826652
2292,189.39425819734507,192.13166470070857,12.188304060608457,197.65197113428766
1883,193.56550511874968,196.11671326401802,8.604517729452867,202.63508569594478
2429,195.35870706853308,198.12823680381686,9.621119627985083,205.69580679697106
2319,273.5243817627578,276.3352020055468,13.371064898837105,280.7105715479054
2153,280.2245078021162,283.1790885201441,11.956850728037965,287.642951286069
1293,363.07309883732046,366.09945622073764,13.007043969871779,370.6304410850593
2123,367.9475857417095,370.36620128658257,13.589625662414132,413.35677045681916
2146,408.5761793054692,411.4679287142741,11.62084881646963,425.0913561122926
2147,412.82341236786135,415.44561158559543,12.012298025911647,427.83116525563025
1851,416.6852588794215,419.064740566714,9.874758629169227,430.54098593270703
2536,461.02273542618383,463.3749996021368,13.690176314345754,467.70752059025955
1845,462.97389144187605,465.242742993723,14.291539078073015,470.78822472740404
1888,466.5150969158493,468.57961109997524,14.512559007075161,504.1510642506593
2516,470.19767257679393,472.3195641509271,14.423724257456977,506.83932421531694
1867,500.8692222511136,503.54922984911934,11.37324449130869,514.7316572053302
1318,545.3631090969495,548.199960936748,11.351465650318191,553.5460184574705
2533,547.6139426393995,550.1286986512879,11.842155363070026,555.8502678200158
1892,549.8669072680451,552.2404647526633,10.212884912299879,588.1327192037356
1893,634.2035001438438,637.2142756737044,13.5694667661329,641.6441844145468
1313,636.4601848596348,639.372275224098,13.147877907483062,682.1460164465691
2502,638.5910584564123,641.2186808117411,11.656302066408111,684.7940305031308
2330,640.517395926788,643.5053060104202,10.465337331969865,687.7554707818952
1392,678.4340655714394,681.4087261499786,8.78108614234658,695.0642254979243
2352,724.0226711120006,727.1077863654771,12.937257427086834,731.7070889196892
2287,736.0277166693493,738.5099184616078,12.390224641633942,744.641448046208
2385,743.7842539807586,746.5182546971186,10.849209112610833,756.2131212234972
3906,749.924603038759,752.1979409825858,12.682846345251173,769.2437123905114
2337,757.9391992176576,760.2218575934712,13.849672295451807,771.825506218477
2529,819.6910034386782,822.3281178965558,12.035661178340478,827.5975499470885
1861,858.8031423299473,861.5158173296876,13.32014214836782,865.7017179468519
1908,905.5568693555084,908.0564992767193,13.381253637360478,912.508705893144
1327,907.5217411106659,910.395591095633,11.216247993441613,915.8132507301127
2143,909.905573128314,912.3921422038868,11.524468644298608,920.1121315566714
2112,915.0514518062943,917.3742127868696,12.240851853321711,967.1639857305305
2317,919.2105448308752,921.3497018265916,14.3577380899352,969.9782931738364
2131,921.178439496455,923.5578191748789,12.381905040016822,981.262942449141
1398,995.2740490684602,998.124181980814,12.248391758118869,1055.1118498523085
1850,998.9084478551662,1002.0096502726566,11.273974876037595,1061.5758485504725
1402,1004.1682166945029,1007.1451435376512,10.356010577155487,1066.8116387829082
3494,1082.9843551440626,1086.0537190372174,13.07436493877359,1090.635253801882
2322,1088.1982619658745,1091.076625187827,12.747268831620335,1149.8227887181424
2151,1090.4665454305973,1093.1492523815289,11.39888635038444,1152.5684199181248
1838,1094.3710423734456,1097.0231819594478,10.299376032175513,1154.878322124967
2156,1202.9398054484766,1205.1285523984852,14.060507809807092,1228.962139542701
2472,1220.691719643535,1223.3477878362105,12.391141163017664,1231.6772945300117
2163,1222.6409488997044,1225.095782797671,10.843073185329343,1233.8397448528901
1897,1266.647360104507,1269.5951163937918,13.298930318766049,1274.4952995126325
611,1270.0379378503817,1273.0779006131654,13.851138528779778,1277.6854407865433
1853,1276.340217064524,1279.4437036731097,12.992082847967323,1289.3872537365198
1828,1283.2136470458609,1286.1994584078573,11.811049107427921,1308.5349032054157
2390,1285.4813943447325,1288.0582570678337,12.631092813875528,1311.3527137868423
1840,1309.1119026309902,1312.050711068842,12.23623032474016,1316.6805634511054
1368,1315.3766877146434,1318.30448577968,10.646020121352393,1323.6142105705806
1387,1317.477856112754,1320.2229290826167,10.535210285486913,1325.7468946318713
1877,1356.586971634685,1359.2453293970545,13.136621425151192,1363.694534473962
1822,1369.6569591439659,1372.3889578793076,11.053148352304628,1377.9111345840038
2304,1371.5395778414731,1374.2325750194377,11.298432509847936,1384.371609990627
2485,1447.7501834805075,1450.0696431342988,14.895250655723713,1459.9866057588752
2332,1453.971425471427,1457.0592375845026,12.570472712686165,1462.7416395670255
2301,1457.8661123902264,1460.3957341085172,12.601518942901514,1465.8787349683369
1836,1467.472089559812,1469.5235734247474,13.380810651491519,1504.2477847331377
2124,1477.6139788865758,1480.2006424763676,11.658572127216345,1507.8024870470645
2461,1550.1723611748134,1552.47805346163,13.195189354743029,1591.4887589845414
2397,1551.9172130710485,1554.248164243431,12.978351844057864,1594.3992955992126
2127,1553.852472273593,1556.109414618692,12.101889207470977,1596.6947656218642
2460,1555.6690563915956,1558.0507589135846,9.622941021066032,1598.6873974853586
2376,1558.7851010335276,1562.1864509649913,7.8443485848161565,1613.271791412523
738,1691.37861503303,1696.1137146447588,6.649494201895642,1702.7567372356998
726,1713.1206814346413,1716.2099618886548,11.287496607849722,1768.0354137960908
1875,1715.705960762845,1718.4695056687958,11.728869532002696,1770.6083362240888
1349,1718.5483826192888,1721.53342800419,12.512291616430813,1773.6130125024897
1361,1807.800613171038,1810.398109251706,11.416700933173683,1870.8430471733357
656,1909.4068853794815,1912.1348105848128,6.826745943954058,1959.7550938549139
8015,1988.9456283822967,1992.11487613586,13.051192251946793,1996.8826295422514
7972,1994.5315830171905,1997.5434297669437,11.31987151769708,2002.7350037388303
7982,1998.7645757327973,2001.3951838265589,11.387952336476086,2007.564529718777
6847,2002.1796449406393,2005.4617646868526,12.065742401394479,2033.372066096078
7309,2004.873393903987,2007.4143739942144,12.981280921579174,2036.0364753154654
7908,2013.3802430226397,2016.0367110558557,11.21147080825071,2038.7383284952807
1308,2032.2602593131596,2035.4653271764541,10.830986605085638,2044.1509334582158
7392,2076.9248764224644,2080.061898254592,12.287023016973102,2087.146572641891
7997,2169.944828972905,2173.118281248117,11.344887852202453,2405.2423262707416
6857,2184.647297818068,2187.3472548780082,10.556498078349774,2413.458935360463
10518,2199.355480629113,2201.363651994598,14.008589645047365,2426.347743302929
7385,2208.446658892544,2211.0042849492456,10.88002759757493,2428.9489242155732
6203,2778.78692481824,2782.153704243759,6.117203051578367,3298.5892959186103
7637,3560.99627649282,3574.128737586191,5.972146764252492,3587.5704710997325
7866,3608.010400816743,3610.5074588555476,12.027675344222919,3688.2927313782952
6109,3787.0712995503723,3790.166820467515,12.732441000217374,3869.1188382288087
12309,3930.493012263698,3933.229774135151,8.847267967610117,3945.952465575657
12345,3963.282306961457,3966.3932214622832,12.782993863576774,3970.682556267752
7395,3977.2667837568156,3980.1793026934306,10.508369765860724,3987.058447246963
7382,3993.494634698323,3995.599251865103,14.784310179322027,3999.6555678107848
7401,3998.8535703791604,4001.0124041052695,14.07006238744598,4008.182329159894
12876,4012.940951555204,4015.5668911896064,12.40820715179028,4020.5010362002536
13529,4075.6428450922026,4079.07826209396,9.04195856209707,4084.611204201947
13482,4082.784459151716,4085.4831789625932,10.046784948337413,4107.761687668698
12839,4085.059819814068,4088.038241962679,9.057881011954338,4109.81608627115
13434,4087.0889365506373,4090.0592574319985,5.855980360574763,4112.689952197215
13156,4146.582583177137,4149.262787589615,13.201427030949786,4175.502183304676
13416,4156.557102052261,4159.402875504818,10.13138160326306,4183.066750991677
12882,4160.356198196331,4163.002742982145,7.600174526043238,4192.446753205381
12889,4237.877811550515,4240.3004916863765,13.18765788340966,4295.551529203275
12834,4253.599829668556,4256.058013994725,12.574665514170645,4583.24341255467
13290,4255.6285390487055,4258.067375901171,9.811438968430377,4586.145281069094
11635,4598.882479394121,4653.164717129774,6.562320018248217,4661.545521845925
13534,4982.437676062906,4985.099422599031,12.04392366751715,5106.593162291001
11646,5240.150583830657,5293.058175152373,6.297918316204658,5397.191688156695
12836,5329.255747161188,5407.052243431351,6.684394392831897,5503.187696544902
13533,5375.304051503724,5412.079024889458,8.45559609163992,5564.162613626202
12871,5420.898985130771,5423.39978247765,8.850189711649055,5568.057695163602
11634,5766.707917473155,5770.035782665163,7.297614709731354,6091.82160847542
18775,6150.570712193946,6153.139432809578,12.676804411701792,6368.460855011798
18820,6154.528372758281,6157.150506183273,7.4199421563215475,6603.8940974685665
17899,7655.255226159439,7658.16085968186,13.46975283100362,7698.231691305265
19999,7661.02685806463,7664.089644422643,13.527782700476616,7701.092728377232
17846,7663.491237920231,7666.298956474982,12.347328429594432,7720.12663348619
18914,7677.147640418407,7680.374691767512,8.724799447777206,7725.756741946653
18970,7743.533017307339,7746.391829932046,12.810612273810474,7750.643434923941
18654,7754.79432854943,7757.377282770251,12.082584837087436,7761.834070347861
18335,7760.533586837009,7763.1812192502575,10.811186579672217,7767.723909460522
18887,7776.728469787906,7779.045240430062,11.077753249170135,7795.790414387533
18781,7780.146585772725,7783.132702521716,7.955744640535676,7798.840828496952
16736,7814.86808815807,7817.06862778333,13.51536971492654,7821.59524383066
18817,7843.898647513906,7846.063394940217,14.212416951102465,7885.401556345482
18955,7847.775524330472,7850.285286118032,11.504715857144486,7890.648096451749
18958,7849.534717392234,7852.145470932173,9.805269840440202,7899.106231977912
18954,7940.376312887576,7943.05508807069,9.558322227000623,7948.714241946552
18794,7947.005939401606,7950.258214029863,11.677963778867326,7954.739367477756
18940,7952.718593258933,7955.594730985227,13.102778452556198,7959.754083566152
19014,7954.775739749409,7957.295138747458,12.075770194768033,7961.704290913995
18804,7957.234934454761,7960.095712021159,10.628969635782905,7964.7939566464665
18346,8013.613981075888,8016.444345954574,11.886091562216302,8021.536804012469
17213,8017.072568636825,8020.374599727863,11.398391707470799,8025.6842390972015
18983,8035.414998517528,8038.149061048372,9.550138518181528,8044.628064381154
19029,8037.131996325588,8040.187181523483,9.147150506252201,8046.965234740268
18370,8038.946193550818,8042.236497296635,6.584910220320075,8058.126066882073
18392,8041.944654328896,8045.035690094411,9.770096260397398,8060.742819298811
