2876,125.50391640759288,132.5952967364527,12.63751881756421,139.96841552962752
4481,147.15429154627162,154.54220817957065,11.753003814759996,162.2865035163671
3536,203.00553775088287,210.4022075266634,12.494084488674824,217.814392209477
4498,215.6274030169579,222.40093459665053,14.0662004695411,229.36665633082768
5134,257.4704687442312,264.2484476396456,13.92531298972553,271.34095720591046
2883,376.8585842911287,385.0838297362075,11.945522272510049,393.0946003538102
3980,485.74697184068543,492.2568123264143,14.324655054984985,499.01510149413116
5139,507.54856849472355,515.1262749385382,12.059150788625914,523.1432025390443
5141,513.546914348011,520.3531639044595,14.205416286687639,527.3499180943612
4457,692.9977722375951,699.5755035858989,13.656464515997754,706.3523918496693
2877,708.8370919584067,716.1593222596345,13.164974035042254,723.4917129625345
4447,797.2382815386597,805.5514864844669,11.588678931251208,814.1495924241453
4469,866.7020943631851,873.4319636940795,15.061979031362531,880.0559120603181
4464,873.3567354556095,880.255980001604,13.570162735064756,887.0701337171467
5196,969.6574803671002,978.1720702935365,11.161536972325248,986.5228348608916
4460,1060.657502534362,1068.1148683579668,13.060670175757984,1075.675552211258
4513,1062.4734237822745,1071.1390336411632,10.980908522561105,1080.1837808436653
5146,1113.0121216614823,1120.5606503852828,11.870774259972627,1128.2653166707273
3959,1129.0342111261132,1136.5415769750098,13.26229432117397,1144.1496946674702
4465,1131.0449077048804,1138.269444270506,12.034049779586875,1145.9062867845817
4453,1132.9910347678356,1140.2804464749024,13.43748764807262,1147.748378232663
3969,1261.2914669812303,1270.187746175736,10.985388268700119,1279.2340052992863
3974,1265.630530905122,1273.0813786750662,13.04020389198183,1281.1203930027277
3963,1414.4202207841583,1421.397136854395,13.768433429534836,1428.4332907386756
4473,1458.8269923111905,1465.0246509341277,15.304818223170674,1471.14740549626
2879,1505.3799243358321,1512.3474065359417,12.77913426567244,1519.515884138474
4495,1536.8352522609332,1545.384591736939,11.506987441372068,1554.0592410885777
4472,1539.5601361654785,1547.1770424868444,10.821619907443317,1555.8684051140103
5169,1570.14550673197,1578.181576203156,13.735096132590249,1585.367753732081
3978,1607.3145704388642,1615.1267669921197,11.992293789168897,1623.2860344891953
4475,1738.7964658196124,1746.2104518391984,12.762116229599775,1753.7984000851063
4427,1853.3578869628423,1860.340925300281,13.444797479185606,1867.1551996249123
3968,1938.5224562087824,1946.2401964148646,11.62888378677171,1954.0887074821426
9051,1996.8073073414178,2005.353160903396,11.23470826839348,2014.258024754523
3972,2053.0037474266783,2060.334910107827,12.904189306873894,2067.885113362298
4450,2086.8633872801593,2094.5038076060755,12.060504168712042,2102.101970062471
3985,2088.7478907368723,2096.360399950289,13.525955278841154,2103.8540128978957
9450,2183.008740000309,2191.394072283227,11.408906206936546,2199.9998782566913
3976,2193.562315046151,2201.028011642193,13.144459786494714,2208.247613531633
3546,2195.4742823087186,2203.0672417593773,12.80752745087704,2210.616961084842
285,2203.3110789162038,2211.4635879644115,12.10607803243906,2219.6294824362312
5152,2231.417197350389,2240.254869174816,10.692688024627367,2249.4144573890494
9481,2248.9920711742875,2257.445140467463,10.88790487683659,2266.201129115721
5165,2305.367619171024,2313.4738079045032,11.736294364727781,2321.3632822094246
9468,2324.9947563598603,2332.209945446146,13.391074842817725,2339.592416428609
1388,2484.0,2491.4645412396803,14.951711837996587,2497.93471481828
8394,2492.9017433210142,2501.0719863346703,11.49736193681497,2509.275890873669
5133,2499.3416614049042,2506.5856145177395,13.0189333350666,2515.8124951455206
5153,2547.10882849281,2554.0905355671866,15.03698632911987,2560.273528723178
9989,2549.499245417291,2557.352959755225,12.154906702639133,2564.8517464589117
5959,2713.2441917604697,2722.0847561161404,10.475994025367408,2731.285238912996
9972,2719.4461484339404,2726.097150423332,14.838344141479661,2733.2902298803274
8391,2747.554293960377,2755.076026283462,12.913080285737797,2762.2507810059856
10628,2833.175218487359,2840.4184484987322,13.745684123916895,2847.52915283257
9977,2912.6658386052154,2919.3637659857254,14.387311122574525,2926.242868509347
9987,2982.1229234289767,2989.1966481047275,13.9090867697072,2995.9713029914546
9953,2984.4511803548776,2991.011669151771,15.009481053969242,2997.746246649442
5777,3114.207263323889,3122.523636642102,11.322497088368765,3131.053437330616
9486,3119.603982854439,3127.4904816457133,12.04967099528149,3135.6978423855176
9032,3132.978424764231,3139.633101422515,13.684721182462866,3146.5193315301485
9471,3145.303824318687,3153.403887338072,11.794641091688227,3161.8894404470434
9033,3239.2587519152576,3246.1125626040907,14.349853000393313,3252.944343243879
9029,3309.298486391886,3316.324141725333,13.607158696760937,3323.523365270772
8384,3343.180795560045,3351.5261025730438,11.553447022119224,3359.9566065255526
9999,3426.1151949120126,3433.1163180523235,16.35674780777425,3440.2843071806947
9480,3436.7840027482416,3443.6325524565586,15.040243822750549,3450.2485705064396
9956,3550.743000739346,3559.0525149726986,11.798412897528129,3566.8639724700483
9472,3572.7477002679116,3579.200518059846,15.436598600513305,3585.653026166649
9036,3635.015908852383,3644.056510524377,10.042495565048105,3653.534434739313
10694,3684.375886212871,3691.4967340117314,14.647058688968237,3697.8571071309816
9496,3701.121262462511,3709.0423742362605,12.027448465764087,3717.1644011437716
8389,3768.028736246483,3775.2399177160173,13.497338827930827,3782.361063017626
7647,3886.0388487558434,3893.1642468257523,12.462492678957055,3901.0
10686,3943.080670131,3951.078969320801,11.951059623548897,3959.210046371421
9467,3954.562725337282,3962.1398361378247,11.760567078819761,3970.0266671916415
9449,3965.038737245135,3972.459351387208,12.28779045308823,3980.153014888467
9455,3989.671442957184,3998.3077188243064,10.549276595434891,4007.2934669494143
9454,4016.8199428545,4024.535808713782,12.084403227921143,4032.1649612161755
5780,4033.33142819234,4042.075239910554,11.489755155509267,4050.834887296575
9980,4067.037350036237,4074.5924392326197,13.624382613790772,4081.9206788467545
10671,4097.099190522128,4105.068058734968,11.987051675562055,4113.419071070612
10684,4134.357302462974,4143.018754739238,10.818125570155445,4151.669121609142
10693,4169.740093815632,4177.226126941114,13.227191795500154,4184.644705545815
9489,4218.891026793403,4226.170370829833,14.011019620980246,4233.132737244076
5783,4299.859539253669,4306.353557985217,14.659061630232673,4312.778494682629
14991,4437.444985323109,4445.145849832939,12.872445548517836,4453.0438720453485
16132,4463.293313755176,4471.290146110106,12.550926641654984,4479.094810774433
11007,4536.0,4544.233210884628,12.570924646041938,4551.9809836067025
14965,4558.60449500571,4566.189036385647,11.927000902879394,4574.118337994477
15475,4572.549302603194,4580.36982251992,12.711170583595718,4588.076245001012
15462,4580.370003025351,4587.29166690741,15.281660626330584,4593.425661901973
12891,4605.0,4613.451975325324,12.621261913007968,4621.058864597691
16164,4738.306064883441,4746.579892291198,12.629262713780319,4754.045235500193
15455,4772.982134946659,4781.337518452191,11.391749234222429,4789.905268559915
15448,4848.273715958762,4856.214478330677,11.92820595574487,4864.361492652563
6017,4858.0,4866.188111113069,12.559242755599582,4873.741963093852
15480,4910.2316737149895,4919.074200370559,10.941162063175826,4927.876950355381
16140,4991.496399936107,4999.278016271833,13.375066602757162,5006.5103509385945
14984,5022.9352409329795,5030.493687910697,12.785833001317757,5042.935334653421
11502,5140.0,5148.113910031866,12.519116700913315,5155.641021403146
14958,5218.610460330276,5226.101120224397,11.893922294049318,5233.862791121776
14983,5291.693158629577,5300.015117245235,11.138831820744056,5308.702803483941
12897,5332.0,5341.055765124232,11.956745328486484,5349.432440732729
14964,5351.452964920007,5359.175758803022,11.981299409901851,5367.02065698137
14970,5432.400603652377,5441.346304098768,10.929558529207021,5450.284027539519
13884,5466.460805590955,5474.308665813826,12.917875152954116,5481.745126518506
16152,5468.67721213862,5476.559569946577,11.682883951307613,5484.5132714265255
14980,5484.800131922957,5492.149600359796,12.722829063082342,5499.37752644837
14988,5549.084861527792,5556.343041703572,13.18828264564457,5563.73843024388
15445,5554.716608701526,5561.600270586646,13.52615391611289,5569.497012299605
15470,5616.160160048092,5622.623505102732,15.580062059356571,5628.780213872817
16165,5798.456528457424,5806.370107327091,12.894507876561143,5814.037861395071
16195,5818.114109232406,5825.325064176016,13.0658927957481,5832.451318825682
16169,5912.871712256074,5921.526088064572,10.788452497875467,5930.206999234373
14960,5917.335381794733,5925.268318415877,11.201137479409532,5933.478626549846
20019,5944.52462114706,5952.512960528303,11.265160631488827,5960.7773561066715
17695,6065.0,6073.150931744752,12.052734087948405,6081.023211139861
12119,6112.0,6121.199875719224,10.846620856949432,6130.304094250921
12123,6115.0,6123.315994518992,11.371027150982597,6132.2385774951435
11438,6123.170367606546,6129.603182009138,14.886414625847959,6135.835061293632
11514,6131.1688861292205,6138.078972951269,15.40591129164538,6144.588183163411
11053,6183.0,6192.392832622597,10.743614114805606,6201.309206481814
21666,6250.59998865315,6257.603837706385,14.744650601960684,6263.957524543319
20976,6274.730330635579,6282.237460888651,12.321508899205096,6289.950313631286
20983,6294.501404079762,6303.252623644218,10.178947490519322,6312.181361590974
11465,6333.0,6340.356370771366,14.838725787612798,6346.915182833321
20938,6364.873358723621,6373.266180061537,11.442556209531315,6381.804896751343
20940,6375.069227228666,6383.239297242605,11.92187920276434,6390.9521954472375
21670,6377.113536719651,6385.017175344794,11.649252307601925,6392.714371823914
20453,6540.794480753766,6550.006022931788,9.58323573916915,6559.5129824658325
20487,6566.999320619889,6575.07390732169,11.927619189424272,6583.465214793995
16969,6647.0,6655.393322092315,12.750299852057285,6663.354897912233
20949,6707.837626615607,6718.3528840631825,8.104758090580994,6729.445643784291
20473,6739.024963250187,6746.197078639253,13.791087011438897,6753.02939728283
20024,6742.80851622469,6749.084274811422,15.140891702469851,6755.293860079327
21657,6775.162374251568,6782.50143031915,12.756633117792537,6789.9506020548515
20972,6868.89881793252,6875.424346271058,15.127994393495511,6882.008173454879
20023,6873.082587862784,6881.509365996349,11.478913356758545,6890.710979103795
19790,6954.656899981408,6962.131786193402,12.788427069673121,6969.418996641991
21626,6969.132013161864,6977.086325679888,12.481107018198834,6984.568243507852
20494,7000.714149078481,7009.410125855442,10.328467523043416,7018.40192062074
20462,7008.232257471584,7017.346090727917,10.601667762932367,7026.686836469797
20988,7066.7643970786075,7074.0017510630805,12.453144229422227,7081.278974245865
21656,7073.516109977884,7081.520326888532,11.606906700505647,7089.637303171309
21653,7075.472213827236,7083.464720663657,11.78697588289976,7091.708588147958
20479,7077.337045046289,7086.11947087385,10.599661239243838,7095.034292206143
20028,7200.693729204237,7209.191398620416,11.495251414221194,7225.534192177344
21678,7304.339431269618,7312.483794632231,13.202673294371461,7319.988186384308
21635,7306.551208501745,7314.570339135551,12.839302428243167,7322.474206437615
20996,7435.641504057682,7442.608915423685,13.579271208235532,7449.528909092032
20480,7603.885849096538,7610.208213316215,14.204134192174921,7616.770389164502
20490,7726.692569914778,7733.201193081114,14.511262619867178,7739.66996919101
21630,7746.812518878367,7754.2255348274075,12.607745090679934,7761.90539719069
20964,7748.774411455157,7756.290177135482,12.238654220663483,7764.076780758154
21006,7813.715862255254,7822.0817819648855,11.249802830653438,7830.692914846837
21634,7835.267154061477,7843.077791551399,14.647544112120556,7849.727985354073
20447,7859.335339002157,7867.46452768453,11.13136353870758,7875.871909050445
20484,7924.4195859857855,7932.0647591441875,11.84421062170618,7939.954959927655
13883,7981.498408319405,7989.477737289451,12.773575828742713,7997.342977350571
21655,8074.873396230687,8081.191709660368,14.48757863365824,8087.78261571121
21637,8161.508971595173,8169.536960426636,11.8025001579781,8177.639628492204
21689,8235.185471136923,8243.214818480492,11.378360336789862,8251.21012381918
21654,8245.088788478244,8253.135034886163,11.25356307713844,8261.404142810114
13873,8361.200561823878,8368.076419548173,13.868927738746224,8374.853599454194
21661,8372.565308654699,8380.552889117584,12.209476111556533,8388.714782118308
19371,8621.28703164882,8629.128718898592,12.001784051032221,8636.898712578786
19379,9037.00139838154,9045.331551070321,10.758036763207157,9053.740686507523
19368,9147.109607852643,9155.428674612998,11.668182137843639,9163.269507504512
19377,9153.565768073242,9162.467503984311,10.842062880868596,9171.443512272399
19385,9483.565304182493,9491.199114391044,12.019798618160252,9499.235923835642
19375,9811.339043064618,9819.071070291575,11.994854996080324,9826.969667063384
19387,9875.766684181977,9883.133135861372,14.141023832075128,9889.971445540186
19390,9883.428324458786,9891.248238988941,12.52356152424528,9899.206329414868
19392,10139.443963839914,10148.088414571866,10.864989653612803,10156.766756665562
19369,10145.837553899299,10153.329523802813,12.266388440812593,10160.719636246271
19378,10209.271696750511,10216.521909960018,13.392388612133175,10223.837524787024
