735,194.8277346238114,201.20754044539373,12.408078710786402,215.92727609978698
1431,204.92796689404213,210.1289312025722,14.290630681582634,218.06137490963079
730,288.1991812493145,294.43579405708317,13.419833759457969,331.5160854996348
256,296.32320411178273,303.22224884970734,13.30784678912123,339.1412865739428
230,318.8714999803571,325.32832476259296,13.190450648295194,342.3927712029967
657,365.9221199915362,372.4730140693995,11.56315271528845,391.28885056177126
1192,389.04182985412143,397.1043607164761,9.480203069277609,402.61934685950905
1216,396.2554955309361,403.193721460747,12.583876935073881,407.58293740947505
297,408.9770530165458,415.1940905082428,13.496970686560253,451.2158536685023
693,425.52749496769326,432.0438609490263,11.647312887501108,453.9278032697804
1298,453.93120714306974,461.09039852841386,11.065674918835192,465.8230355880509
492,460.8661390289486,467.1352324992274,12.374211026480117,471.4911988960715
672,469.6401116546645,475.2383948430978,14.174732722236275,513.800098336884
684,519.5066528410838,525.3145192335724,13.168321013093909,529.4047249446656
742,560.9879783659978,567.4569798095434,10.36265554901847,580.6470508495161
714,644.0940887340017,650.4767813299236,12.58856072022573,654.8382503254957
692,645.9928860975484,652.1628997889334,12.939659176964318,691.3571012868866
669,649.57888977446,656.3473782455096,11.879172283408193,696.8669804781739
713,651.4352439326015,658.3067557321651,10.877946114785583,699.1641239141221
698,771.0282901844076,777.5116462093382,11.446850608159417,814.2203181652528
633,772.9537070430283,779.3495086179253,11.349496244971332,816.9048626526409
1364,820.327851373459,826.2973141316745,13.632102120776047,830.449298926357
639,826.7147248938252,834.0948839306283,11.284468806271127,871.2289207716661
734,832.6156846727396,840.4505841848548,10.444782240509653,878.7920770100048
1366,835.9421208586331,842.4650698442221,10.781326394771327,880.8981212428758
1300,839.699184576152,846.0271662012925,8.235633259210205,882.7985424942
654,903.415490517673,910.1101302401842,11.295882400960522,931.3513269451757
1171,1011.4194552087723,1017.5734328419537,13.83270780673396,1051.3216349734425
745,1040.774095145928,1047.0359432468965,13.186755244561006,1058.4632138046763
498,1204.816720806946,1212.2399931616014,10.781801383483863,1231.193829201727
675,1208.2709119753567,1214.393617038676,11.909272983858266,1233.6822014973836
655,1268.9591649701235,1275.3991903973545,14.435428868629828,1294.036058004333
625,1343.8493596001472,1362.0528354630585,6.185020903464216,1371.448161026488
617,1403.4706306018654,1409.5478507337682,13.276488729711302,1413.5296848431544
644,1405.649650143165,1411.5746365256018,13.923916196686273,1416.2887168421216
38,1420.76400664428,1427.0408897892414,12.260508721262491,1431.2772187890646
1213,1458.4089440921805,1465.2748899731655,12.323983645156071,1476.3651219868134
1140,1465.1344896468388,1472.1804058889174,12.167983121620654,1478.25875148031
1370,1470.3744129444776,1477.0611808030462,12.558030296786832,1481.282641106877
699,1536.0075445237335,1542.1070691745756,13.11234944898963,1546.0886423242114
746,1555.5713811035812,1562.4298754470158,11.217138368747742,1598.9886316839695
1420,1557.4576974675902,1564.355727097507,11.253587598025373,1601.0959822389966
223,1598.8963617323489,1605.2008874460264,12.371515915609553,1609.5394206568535
741,1600.6835684724608,1607.0207316585015,12.867529935521457,1611.2681766124576
643,1605.9562066368615,1613.3356281825252,10.593598026008642,1651.2615025390144
607,1607.8646782074054,1615.2167331158666,10.940029778336228,1654.2058146913816
624,1609.7410957549664,1617.112494923735,9.412285030675728,1656.5036932205012
733,1611.693988899467,1619.0542407846567,9.91373972381704,1658.722639137227
224,1613.7950248276056,1621.0082049071866,9.434980321430526,1660.7458328303621
737,1623.7093525285634,1630.093498798701,8.759760251366568,1662.6189764444368
254,1670.8794920207101,1677.5056858823655,11.606513424277212,1714.128086849995
681,1673.0124893626398,1679.4450629524129,12.48350823181273,1716.6408267653787
712,1728.3348555221048,1735.1686402306354,11.622374962381071,1773.8037853252786
671,1733.9028333917743,1740.4951007498623,11.71581653051633,1780.2530702549398
476,1737.7169032270301,1744.202798005071,8.772493499743716,1782.3589884982077
1121,1813.5726562179814,1820.4258874201012,11.091142997221764,1831.2049324708544
721,1816.8278921302935,1822.6035743161199,12.956089132535384,1834.2647578635997
211,1818.6415549607425,1824.5265227217285,12.440681490765327,1836.523513653418
739,1824.921481776461,1832.107436019233,10.174312462801714,1840.6796897876768
702,1828.3106950964839,1835.0547922793269,8.595560886022135,1842.5740125359748
1306,1833.70220120278,1840.468019609572,11.25867373058457,1845.1855161565256
215,1848.6105589015374,1855.3506850056026,12.173528756081067,1891.4068296768783
292,1896.3973096109714,1903.2560392971902,11.785416866441087,1907.9906533811286
6241,1901.2304989306745,1907.5550681133625,11.745177280398112,1912.076497812038
6880,1907.823982207215,1914.259394481385,11.612660486551759,1951.2183932935043
245,1939.0736054971371,1945.2831110861796,13.366107241171951,1973.2746720066573
253,1941.2849932701045,1947.5348345035788,13.834565893482328,2011.4924586425534
716,2028.783513428125,2035.1549401430018,12.889606317365597,2076.2596432660653
6008,2078.7714268894088,2084.5557878327745,14.129104803000612,2088.600552794851
5978,2080.715400298772,2087.0266192761983,12.14949282118902,2091.2817641841893
6244,2082.4646160119823,2089.421727433085,11.44769022643789,2094.2826246673135
6697,2086.911785657381,2093.206644970734,12.54981787002543,2131.135010525265
6185,2165.693762076024,2172.289802949595,12.073255691138836,2192.1020577547706
6118,2167.46938538882,2174.090849908234,11.657183896358486,2196.9267377648534
6173,2171.415895434537,2177.615910480183,13.086181794157477,2201.5924286550203
5964,2208.9078065782537,2216.3065094873155,11.284139926145212,2251.1854399423664
715,2210.836188069342,2218.1491960803123,10.533859292198047,2253.8675797467226
710,2212.6170030528892,2220.0519587873678,11.298925364180374,2256.0747854112
6906,2297.7300317860604,2305.228295999875,11.984661262869313,2310.738336800536
6815,2343.7392575559325,2350.400665679721,11.621865975638038,2371.7203908747733
6878,2347.5339174276,2353.060972196319,15.260311414318949,2377.070533503972
6197,2351.778127145745,2358.24740211406,11.714143501447888,2379.9919844343685
5965,2433.5267651570184,2439.297376282956,16.327631103600957,2442.5282182336396
6723,2443.020122911939,2448.5796417697493,14.238935345115925,2452.356403063128
5937,2452.456503295618,2459.374898694483,11.49889446060736,2498.243495085504
6165,2489.1997207774016,2505.066373304558,7.542488004729263,2553.6386453385453
6144,2491.2804546916973,2507.1216042100855,8.705336594335542,2556.3363719119284
6203,2493.312593436569,2509.1357372478255,9.559661826893427,2558.307540631534
202,2495.31726277397,2511.443146523981,9.51126957590876,2561.075968297691
5731,2507.941825906775,2565.048316837895,7.273387465152107,2618.396018209423
6250,2513.9796341013257,2567.298559836295,8.043035700849961,2621.9635456202545
6122,2573.7906631583596,2632.2180973894588,7.906318685035723,2677.1653963733465
5719,2576.683614531715,2634.3641145369616,8.066235017379109,2682.2665888513457
6243,2719.867508459529,2745.17147736584,7.098397321454112,2793.738656575294
6137,2721.8758141077187,2747.2791387130374,8.617525274541274,2796.0753894451727
5777,2842.621476108661,2849.5241700602764,11.745869805367148,2854.395986621158
6917,2904.695217176508,2911.4382213195886,11.230977189436096,2916.448773118545
6877,2906.594930431548,2913.235133900213,11.494025008540293,2923.3498577443825
6932,2914.2138977565246,2921.182220371464,11.93354876639746,2926.4935488585847
5723,2935.083936347434,2942.209704506884,10.549046296052005,2972.9172330846395
6831,2999.4961393814224,3005.247201455829,14.142175476952827,3041.1209796273793
5722,3079.861733605882,3087.50054578757,11.341988903331055,3095.8520292733856
5952,3086.0979146787045,3093.106407966337,12.757112871105004,3098.151044264102
6901,3097.670168728378,3104.3668648175226,13.08094837790407,3108.3922950649576
6018,3109.0429025587937,3115.412942269657,13.951505836911833,3151.60626048965
5784,3113.8681839181118,3121.1205477432263,11.203419167225034,3156.7245639439925
6037,3128.5158489858613,3136.0076153066157,9.907218774133268,3158.734218807129
6213,3171.3123564626467,3178.0461552941233,12.162303507793894,3211.099955321328
6232,3199.0656511501707,3205.480022020864,12.853751004982772,3216.159983185539
5740,3201.1030436071546,3207.308491479226,13.448190180812915,3218.2435350309242
6225,3256.036125809396,3263.2427986742528,10.668888597616721,3280.740713452697
6116,3257.897528372516,3265.2409714844916,8.475610753445782,3282.7091163489285
5750,3289.0356333097247,3296.3860004026906,10.951548007322657,3331.9505878553573
6015,3305.1212723991375,3311.417045241586,13.186677724180226,3337.255892027346
6896,3336.5174106532863,3342.5776980204573,14.181303527882946,3346.490218120704
6196,3340.3616669865514,3347.5151903421715,10.698904444050948,3352.731193294662
6583,3348.0560357071777,3355.483540425473,10.943782561241344,3456.6681508385727
6139,3473.543965868055,3527.3167582842702,7.559444299640065,3574.4116660925624
6154,3475.597135514515,3529.3159937748883,9.97262695439227,3579.7812780704708
6149,3477.414081461851,3531.2450785756196,11.876883273541553,3589.6123491784774
6226,3524.64486315385,3533.0915405140377,8.575157430305953,3592.9479360479613
5936,3530.0632058620504,3537.151843328537,8.37081332274578,3631.611897755232
6235,3648.61859301739,3655.142851231321,12.676623728449128,3698.261530692648
5754,3652.817568523109,3659.300983894006,11.995995654035223,3703.9267251724614
6156,3670.6228386054195,3676.5982671912493,13.576010518826404,3709.3670358463037
6168,3674.2755378851148,3680.328055628781,10.148639880083474,3713.4887838798973
6172,3701.25490275379,3708.2708757040746,9.159673745551938,3754.1475610302296
6679,3715.086865819347,3721.126234848739,13.029553874457632,3770.474198571402
6222,3744.271744483933,3752.33365830338,9.209265029517354,3773.32849440248
6210,3746.276098091921,3754.2806152852804,8.162375281780841,3811.3760449753318
6240,3832.5834230612227,3840.314176726663,10.055732703633064,3878.8224784274603
6200,3919.1001115455283,3926.4870888323694,10.683704780657473,3936.511565496166
5569,3921.020173843833,3928.435706367673,10.773729770760555,3938.6549749071514
5724,3923.254581985765,3932.138079379301,8.448684535838936,3941.331544888786
11209,3925.2531847544815,3934.2738671158254,8.606869587442294,3943.513500383493
11229,3983.1495570011793,3990.2229351811934,8.732150326695553,4002.4638447330867
11742,3995.83135609697,4002.3118883304405,12.377031958961163,4006.765260643948
11733,4012.4919706791893,4019.5147093838214,11.453894939725005,4063.2771564931604
12395,4066.8180979008575,4074.1618689713,8.569392129882635,4291.406359022028
12394,4084.000086970075,4090.4829309560496,13.624328006023097,4294.243839319758
11496,4151.69204214584,4365.2774001027055,8.092292424138778,4422.242260126536
11461,4315.069852935123,4428.039254074357,5.4628752602934245,4434.630125866998
11528,4503.45908740701,4547.049751013599,9.462350107978503,4600.707712131589
12310,4508.735746437347,4549.088301333538,6.464407129858321,4603.017971155658
11718,4564.385355238918,4611.10739602008,6.168658892434895,4662.636696003167
12427,4610.2544627385105,4662.124733427844,5.925715588663175,4668.06253586378
11713,4652.94647867712,4672.575798015706,12.026656248811149,4713.912097870769
11249,4654.746348730804,4674.375287849028,10.72797258043158,4716.439082175571
11650,4661.202740336288,4676.260433797922,12.235716880221958,4720.379964262903
11435,4663.299414664342,4678.30508576452,9.047454319418579,4723.384210431796
11621,4775.639998631027,4781.562942301483,14.42592834847831,4785.36610271806
11708,4875.285579682073,4882.285214457743,11.783599926001548,4894.260274104523
11743,4908.991228925564,4915.529930634926,12.462762353773572,4951.230468691361
11689,4910.925572448126,4918.1738932782055,11.683637119521114,4954.026562751911
11680,4960.242466354987,4967.074590189756,11.405489685387575,4971.8308538194315
11634,4962.1663364786455,4969.505723009412,11.154562034705759,4974.54629378671
11620,4965.536341534731,4971.528809236334,11.588881539749078,5011.3240589163215
11741,4971.956306597718,4979.487878817993,9.875400030930422,5018.789001747967
11669,5003.936509021933,5010.419351359435,13.015566072730433,5020.655259289135
12185,5087.0087301687745,5094.001318709113,12.922424715159753,5131.285136197938
11228,5133.8231068461655,5140.353772003742,13.451541877049664,5144.4244182969
11240,5135.799574507129,5142.108044831812,13.220435516812286,5146.28108636609
12195,5147.228045397078,5154.0164182098,10.684281848354404,5209.341598229945
11740,5152.411150770445,5157.601846067852,15.404437073739507,5212.186163678292
11646,5154.015698907442,5159.291371682705,15.010020500630176,5250.897068912665
11687,5163.053686775955,5170.307024243795,11.330589261366079,5257.155413415599
11686,5176.845845855842,5183.497616063949,12.595752681008845,5259.790523225829
14407,5184.035614985243,5190.223281733865,8.73482767337466,5262.2100029834
11219,5287.399805855485,5294.042900225675,11.162468694272619,5320.5724276367355
11695,5296.945252438076,5325.072844779395,8.912661255669017,5371.397595521875
11489,5298.731393654886,5327.385255845083,8.62732242419316,5374.25702735171
11257,5301.406411269363,5329.344811757356,10.952292988594133,5376.462029195582
11220,5303.326890532923,5331.15737544447,10.08538759501175,5378.402405166424
11237,5360.909376930168,5385.180390026321,6.619838901234048,5437.56105816091
11617,5417.3881362829925,5451.030486883199,7.451382317247803,5498.34135756355
11279,5448.398969001415,5455.448693070162,11.584627778319566,5501.126628309804
11242,5450.502664891497,5457.32384532328,12.220524339880672,5503.342536726101
11484,5452.621703595667,5459.131455367393,12.530208863396041,5505.447783855285
11698,5473.288030122719,5480.302324231351,11.071687998418913,5507.508885080047
17798,5511.063096211327,5517.190240549214,12.933916270852412,5570.26224995426
17874,5518.59971603189,5526.010722139989,10.645721226462822,5611.250255428423
17221,5685.835714881798,5692.5211342107295,12.076276940534182,5731.255650680885
17687,5703.962556436833,5710.275505611297,12.157836717456528,5736.567680501821
17660,5709.513664977935,5716.077148974651,11.581570214086783,5738.6802199411195
11003,5718.752353186778,5725.2141964973725,12.41899182053672,5740.561398765322
17146,5750.348436466895,5757.437655252722,10.842389053136332,5791.493069761628
17117,5773.97675384994,5782.114749527934,9.20440860445555,5798.84894468054
17175,5775.945569180542,5784.16632169245,9.975433535503091,5809.343974983135
16729,5815.445025376119,5822.190949462785,12.386671164010561,5854.7741615910245
16955,5817.315709534604,5824.046044798042,11.699431752904514,5861.153959774932
17216,5828.721821831354,5835.184006301008,12.353190184991147,5866.2698099639565
17194,5833.3715932933865,5839.424146707447,10.498291099405069,5868.302470855159
17898,5886.625685907937,5892.4503778288745,13.27038557923649,5930.25871175546
16558,5898.66457759925,5905.059248740665,13.044857115652487,5933.121547140879
17210,5946.025772818375,5952.0717039153205,11.468540059346774,6100.884498306534
17164,6037.588335136741,6164.167741753562,8.201715002144928,6220.0021561321755
17204,6043.814873392601,6166.3312850238935,8.856335127572436,6222.377741774713
16785,6171.977829108001,6231.037297478306,6.419036791320283,6290.485978174051
16761,6174.15946504311,6233.271314211893,8.249906000313198,6293.3641300404
16534,6176.190723125473,6235.445631109663,9.66011745220894,6452.5202955381255
17006,6178.194469660227,6237.441480295342,10.116859947537495,6455.980184759206
16968,6180.251076986077,6239.310362699205,10.26694989288559,6463.341062304937
16996,6315.364161941965,6527.198760313468,7.887527213489393,6586.801960963139
16768,6528.523778598643,6593.0295879920095,7.9159173527595,6751.300687444933
17111,6531.159487008117,6595.106285429029,6.674560442349931,6811.14525484328
17004,6945.75195302221,7062.162460065425,6.094717002575383,7116.514031859728
17178,6967.436975902598,7069.018125551502,6.564092971648366,7122.59410018998
16717,7073.341139563305,7129.067739621429,11.669882296325927,7176.728152641394
17107,7081.2986489951245,7131.084884157697,11.32113885072187,7181.717365025144
16803,7083.248149221369,7133.048050600762,9.136884688780267,7186.553884444733
17229,7090.3395826211,7135.278082023258,8.233082247269754,7189.398394337732
17177,7339.115679045873,7345.204422266904,13.685065042724684,7369.15603793868
17231,7340.90884661183,7347.494881640703,11.977074395519507,7372.12139956952
17145,7342.881257313154,7349.266492754558,12.360563867327695,7374.314973576183
17192,7345.375321459693,7351.11360527816,11.317641689392582,7411.220223592363
17220,7347.236061754878,7354.360924283235,11.59683242938586,7414.066565883283
17034,7349.19066073698,7356.156247131536,8.305454529023327,7416.339221327308
17245,7391.7563284269845,7397.464172284906,12.95057834081942,7471.256572006604
17182,7393.511907444262,7400.395424995088,9.187837871808867,7473.993053946534
17927,7506.079445195623,7512.490383647024,11.330131673985834,7533.86631412757
17888,7508.425428237054,7515.009636827826,11.894282193762471,7536.3029980606325
17555,7548.796631519654,7555.502903925744,11.550152270130752,7591.222429146243
18290,7566.253789184272,7573.02862281634,12.525298189491512,7596.423944455607
17586,7609.154941688714,7616.498348396005,10.644287752118128,7651.226287696347
17201,7611.120130254812,7618.4391632369425,10.061942078334697,7653.8792028563585
17218,7612.987013830476,7620.407651648506,10.107929160526558,7656.404315880137
17606,7614.962572563756,7622.293893797265,12.222380361541463,7658.385840153244
17228,7631.795715759813,7638.0063348183285,8.576919172316321,7662.3183443112075
