147,308.083819071744,318.305863028937,11.008283155232775,326.3169337081448
2114,365.0096879726909,374.5993120707863,13.082757716417728,382.0
2073,367.1477656239264,376.4073100571797,13.33172116966299,383.5147742870178
2070,369.08268535955165,378.15143210742764,12.793922833240218,385.0
4994,409.4402415927082,419.4064730886949,12.058452764510765,427.0
2820,454.25694468633543,464.093552591744,12.769532191220378,471.3272184813042
2094,459.4816657262505,469.15745319692996,13.282588079445915,476.0
2081,469.63967553517074,477.2202599078087,15.84966780189136,483.0
3861,475.3699952069318,485.54213033348947,11.73102344921404,493.3652559604208
2756,509.94830623618896,520.4730746403505,11.009864651262287,528.6222676803983
4353,547.4455493387306,557.191120527128,12.980390310771039,564.2712345185012
3889,644.9629187665315,653.5839153016436,15.48346076653098,659.8061641539932
3879,646.8886209353911,655.3309223471118,15.325860665156462,661.4333096192187
3854,648.9311703256686,657.5768765592123,14.767500743763687,663.9490029059215
2072,725.4847784217841,735.0157490131126,13.23446766908102,742.34987976417
2787,769.6615546088674,778.3713969922798,14.332783668332622,784.8418129594785
4999,775.7552184226791,785.3526511932616,11.855436229510982,792.7218991800813
2099,813.1642001397447,823.337780963178,13.878049245022195,830.3334728391135
2763,828.6902313197473,840.2261995129984,11.546992197973344,848.6347020140844
4288,830.82376231236,842.4113796699837,10.177082418629855,851.0
2106,832.9966839613435,844.3626197897808,9.989345509261643,852.64280198
2800,860.0702790768446,869.1562558350188,13.03806640291769,875.9464213077612
3449,870.1384193772911,881.4889363499375,11.052083163289149,890.0
2775,949.9206261181461,959.127848378323,12.912391142914744,966.0
571,1021.539370838671,1030.0369673381535,13.678339833834006,1036.5921441556545
4980,1039.687773189906,1049.2230812769308,12.591032259200645,1056.473273646949
3842,1065.7173510377086,1075.1851067707732,12.70730196279691,1082.4708785605599
4976,1090.0889435976253,1101.250188818962,10.42248204524942,1109.5331507045544
2816,1129.660669024331,1138.0957040369753,14.484645831909368,1144.4861176607076
1266,1175.2702894309887,1185.0998460634364,12.774475638807106,1192.3161795004157
177,1204.6552541316848,1214.2395815525058,12.377137725784268,1221.5612119798911
2743,1225.8995752700798,1236.3036500860699,11.527689074463071,1244.0
595,1264.5966457118905,1274.5398447780533,11.873171046743458,1281.8566807076788
4986,1315.8834350649192,1326.4655028418922,11.86946781295665,1334.2291331822014
585,1354.2861745997177,1364.505441836085,11.395929536125493,1372.306436188534
3904,1401.716121400948,1412.538650078031,11.313592930849156,1420.8717441330245
2047,1453.9144807763687,1465.4966177878077,10.723235020097466,1473.6960173491627
2035,1456.243882218572,1467.3832934859072,11.117889030259983,1475.4406552924959
2840,1489.4954886975236,1498.2748351556156,13.837240812560882,1504.9311955810333
3421,1491.5045640197075,1500.1749708059297,13.905067612598387,1506.8512002652385
2053,1493.665897958532,1502.2488726522038,14.05886957098882,1508.8281983592403
5022,1498.4929864442151,1507.2542612182424,13.629033490699785,1514.0
2066,1533.1773449712055,1542.5226624784689,14.081244241586008,1548.8936526237628
2060,1535.4225830688813,1544.3830841764268,14.548525428442924,1550.7305838475872
151,1562.9137010690072,1572.230222783962,12.702866232383938,1579.4390654825281
200,1573.4342682948964,1582.455385056274,14.462498521489659,1588.8200888546405
2768,1579.441917120946,1588.201858661575,14.724130122017778,1594.5792905626502
2746,1585.9143564548035,1597.305935421685,10.586373366505473,1606.0
4276,1587.7433874703577,1599.2231423878725,9.68924211366438,1607.5845681275214
2083,1604.0830234237155,1612.6320397278864,13.866027960002288,1619.0
3467,1624.0948206647836,1634.439653247757,11.878412839402573,1642.261418708129
3461,1630.1249039075574,1639.3491106825484,15.288371551900873,1645.593121559536
2015,1637.99735056733,1648.2818241423365,12.26669225947577,1655.597235836581
5007,1651.345004680351,1661.1934583820253,12.412516893689162,1668.713777404173
4978,1660.7545843514297,1672.4111091682128,11.082151696505015,1681.0
2835,1669.9056129826615,1680.3702646892805,11.488686616480223,1688.5376454797508
170,1715.8304520636889,1729.2114766605923,8.959691465083358,1739.0
3877,1717.8710436007334,1731.198489494406,9.986427090166323,1740.5752398657044
3447,1725.294217524937,1735.3145067438138,12.031048349584559,1742.765821557717
2090,1730.7455451469987,1741.3827099418477,12.121235705619178,1749.0
5005,1759.6592075580504,1768.0420636468893,15.512679433274347,1774.0
3866,1840.4681283952634,1850.347516245796,12.755515098845713,1857.5376175861138
4359,1842.8690174583285,1853.254423118983,11.265532857493866,1861.0
7598,1893.501230604664,1904.223219112079,12.220219266668552,1912.0
2811,1941.0373703456096,1950.305133513247,13.515744178294199,1957.3123978017818
2823,1943.0978464372952,1954.0260436751735,10.558881940944572,1962.2809193453927
2827,1948.322964375777,1958.162844665385,12.91892530419692,1965.5611239630396
168,1985.1715324489924,1996.4948601882618,11.100053802584277,2005.0
144,1991.1604466767917,2003.0675690478338,10.429779129318465,2011.951073715234
3843,2057.865564074477,2067.2327213192093,12.29653197747342,2074.346301608318
5654,2197.1445640199618,2207.314366906716,11.250240772622869,2215.0
8960,2198.935983932708,2209.2222641544317,11.67875977813857,2216.8184483500027
7613,2219.9625846839454,2229.3524137047375,12.404126724604108,2236.5644904293526
3441,2257.8511014266514,2267.4280230921304,13.476636376070575,2274.732427854436
4982,2261.1609074306807,2271.3766199048023,13.571099690786376,2278.3858239197534
5685,2285.4589031879405,2295.4454332705395,11.919276552015406,2303.0
6072,2287.2567171240667,2297.320640942479,12.542548083566384,2304.8393910849272
5658,2289.041062865694,2299.0723016724114,11.56314851830007,2306.6613044335295
8319,2342.765623405103,2353.1893900612376,12.527607847792103,2360.857840288698
4336,2395.563405403349,2405.3770357642566,11.903745162477193,2412.980992883607
2777,2397.502635752443,2407.367159098345,11.775699900578694,2414.864627634864
3452,2403.791882781544,2414.2934620981014,11.939854817900326,2422.0
9355,2524.798570786668,2535.1806654274314,12.586987626433235,2542.704182492302
7603,2527.6508497786085,2537.1772812926665,13.735479374169696,2544.2862875023147
10538,2548.6003080350806,2557.1637387564465,13.560346186949447,2563.8890676680758
5667,2556.998596798054,2566.376201505783,12.97177865896634,2573.661190507396
9378,2562.1230171214215,2571.350251951862,13.744809530786673,2578.2487177834555
5010,2575.2089122383804,2585.256621163959,11.530596676640828,2593.287009927297
9798,2614.4420998520586,2624.3970054906877,12.912656129410566,2631.746448954258
5670,2622.9130956635313,2632.2357078106493,13.90060032542147,2638.740295150854
7559,2625.6344630065782,2635.4483175904447,13.217422854713396,2642.3377526350755
7541,2632.3713914698915,2643.2342470886088,11.063231697907852,2651.6937645246003
7615,2634.221610970697,2645.064274002118,11.360968296486298,2653.3454856197513
5645,2643.282803797157,2652.300411457254,12.790976505377294,2659.2921375844553
8966,2651.4320548768956,2661.051645700446,12.242100493755634,2668.278496146026
7565,2661.817472603809,2671.5214210662057,12.18706892067929,2679.247014383901
10492,2663.8308459968775,2673.30425148381,10.057631625521127,2680.918600812776
8274,2688.592738969669,2698.4979996660854,11.917221255224751,2706.0
8343,2690.6962282287327,2700.3431335499845,11.384218911224211,2707.8576626834747
10485,2704.6228127158884,2715.0156764524418,11.974706936839038,2722.8361130098797
9393,2719.004769544512,2730.460069343772,11.479145748394131,2738.6458309852505
9846,2725.602072933329,2735.4016159867515,12.613220674595185,2742.5603567828316
5661,2733.7757772719197,2743.2952153762767,13.270974532357727,2750.43735340982
10536,2740.589789149195,2751.165883146216,11.506429317074309,2759.3362122719427
7553,2812.517479247472,2822.245478001515,11.849536104228555,2829.9161032158145
5663,2824.6819366486766,2834.5385814516044,12.252504009725047,2841.794344013523
5647,2826.492871696803,2836.4094010413073,12.519419580969304,2843.7512638106755
8921,2841.2147623478586,2850.4932104787604,12.91802169808386,2857.429899420387
9795,2943.5008798541776,2953.4748594458265,11.810403200022364,2961.3930403735812
9374,2962.3085294507114,2972.5679072010494,12.23650461577551,2980.4918397544056
6785,2973.3799549940477,2984.0427843805332,12.444854188209192,2991.7756470033114
5036,2995.3511500215977,3005.264475870159,11.814137908717186,3012.7833769575013
9380,3019.925635422834,3029.129600981837,13.248314655473074,3036.0
9843,3055.32355959605,3065.459396958139,11.566077854337701,3073.0
8927,3057.2418350306966,3067.212916253283,11.180767154235927,3074.8134871670727
9796,3117.6449891640095,3127.5873272141807,12.446838328632452,3135.0
8928,3125.2969129793596,3136.3542458450534,10.947596461708798,3145.0
7558,3161.731867571216,3171.281036172402,12.814465571696914,3178.576123202297
10480,3177.8503912682218,3187.0904083420114,12.44868015808089,3194.513405875635
8924,3188.8811937505457,3200.325211659934,11.189008068760007,3208.8590720648795
8270,3199.9843115657823,3209.3590434031576,12.815539243462018,3216.338016187811
8278,3213.700413984304,3223.258774256434,12.12511684325175,3230.602111984494
6772,3245.7536448478572,3255.4418844861057,12.957510320445548,3262.5957579578494
10469,3267.573025317986,3279.2636668951795,10.245632950457612,3288.3988539849274
6765,3269.6618694309473,3281.172757528614,9.806936584228065,3290.0
9776,3340.204414641161,3348.6053073333605,16.126608065854466,3354.2162167446513
8929,3342.3374892577262,3350.501242660428,15.397929317647462,3356.327655970005
10517,3344.9119471537642,3355.0708860659875,13.71851127148863,3362.0
8938,3424.1479837877414,3434.447683118408,12.578694233532785,3441.9610169303796
6780,3426.8367592515056,3437.4634262704003,11.927024342989307,3445.0
7549,3434.8633931974364,3444.036050259556,13.352077445654901,3451.0
6097,3469.7153947367315,3479.1097807662427,12.560839355655295,3486.0
5662,3541.7134244142853,3550.5905803812543,13.337860990315713,3557.3589686185383
9337,3559.543217624044,3568.1407027763803,14.929109585469176,3574.405405177285
9388,3587.9153821115624,3597.367035472708,12.826334479051463,3604.719174296352
5695,3639.10940813268,3650.1906022043045,11.179686617738206,3658.868385401963
10495,3651.8647412138703,3663.4222497736214,10.771928953521208,3672.4196577556695
7588,3693.231171505654,3703.3084266463948,12.508694331608933,3710.3842600331527
11576,3815.6151190439127,3825.437835715817,12.370676114694263,3832.8587433671814
5674,3817.734658199934,3827.5940899887705,12.659436290793789,3835.0
9770,3819.4791448960236,3829.3905769025246,13.111111956849513,3836.818364513886
8295,3831.8119822139934,3842.5130021315344,11.14552461102037,3850.696643333009
8949,3844.3798889076756,3856.323924845946,10.456417082829653,3865.329882884097
5646,3876.2859883290184,3886.181412790142,12.486163615895137,3893.2788989434052
11147,3902.6557578487254,3911.434722652286,13.765423799887781,3918.0
13088,3921.718098742939,3931.3824480118474,12.454967176058517,3938.849448084422
8263,3927.8109450524666,3937.278322295872,12.263546134388188,3944.6555941728316
10458,3947.171704513092,3956.5050564982585,13.151122637995952,3963.509493456372
8923,3964.472200805816,3973.6042654898833,13.657357277109169,3980.0
9793,4011.1693087938843,4021.153904494398,12.142757372569637,4028.770714383385
13828,4020.245705721942,4028.463012155688,14.743722991650206,4034.72842708007
8304,4055.2479258396575,4065.4352118038455,12.608034545489513,4073.0
10467,4057.2391349068603,4067.1550244361997,11.80480534999179,4075.0
9360,4080.5082229793975,4088.212742947419,14.93653452047719,4094.2163323060795
9862,4105.45033602909,4114.250312353765,14.243426183495977,4120.502765301504
11139,4146.459709379092,4157.163039452696,11.23006557750542,4165.385435580679
12276,4167.33386458786,4176.012812480856,14.090647935968699,4182.664517356788
9852,4249.078269545669,4259.480660267313,11.335209849653971,4267.458328248306
14893,4255.426180024009,4265.457648231558,12.301542086884387,4272.847305212052
13062,4262.964891864559,4273.379598158617,12.257177127879082,4280.847957603943
12278,4265.228613351081,4275.295516831673,11.783450203982976,4282.863958379188
13809,4292.896111988027,4302.279790091796,12.805669874202014,4309.485356778705
14858,4304.47138530594,4313.48325188794,12.928001602232566,4320.482874503081
15274,4326.158719799574,4336.230051092501,11.458656902270207,4343.895276308686
14836,4331.307213205511,4342.002154757359,10.842579184624816,4350.0
13084,4336.005512876003,4347.233751556687,11.47539678606949,4355.518046294584
11146,4361.303545507109,4371.444009954438,12.115995591312176,4378.950348380766
15980,4373.6936319486185,4383.251461389051,13.00475801682436,4390.46131443252
15321,4379.432555306464,4390.531461277187,10.95805522116596,4398.9355250297285
13099,4418.455261213521,4429.429476319204,11.553793728272266,4437.804505360809
12260,4429.639170441246,4439.202949783197,13.157215576368786,4446.521635455794
13791,4460.069103692294,4471.489888923591,10.144826151761015,4480.469619693736
13763,4462.320362807179,4473.474118370772,10.696859650053693,4482.0
10484,4492.851009247201,4502.27073450125,12.763700622889575,4509.411312206075
9856,4497.74077519566,4508.518388101097,11.653697085936027,4516.694349923912
15333,4549.985669055574,4559.540152754384,12.587373731313917,4566.58806496298
14865,4554.54517652681,4563.513336620558,13.956094562518068,4570.294321258052
13109,4558.56069054626,4569.4420359030855,10.795216495913499,4577.610104724569
15289,4560.366188081145,4571.300703933302,10.997115269964407,4579.401602032922
11203,4624.413076379106,4634.123631554175,12.14236461229192,4641.736652618771
13743,4645.694752956879,4654.384579380477,13.340076766082438,4661.0
14438,4667.86097026483,4678.270820324131,10.886781561470574,4686.367533776283
15364,4670.300266678602,4681.131087043112,11.651401483643706,4689.373215371684
14873,4693.006304213966,4702.388335078486,14.20408862013982,4708.791431645903
13069,4702.530619458096,4711.226488296266,13.978529140287032,4717.882604211049
11179,4706.124665978091,4718.331027871634,9.967100219442125,4727.700217222585
13045,4708.130387561327,4720.248043171087,8.682971858898368,4729.298393018744
13079,4772.936419207003,4782.552598294756,14.246852404249205,4789.0
14854,4776.030294879345,4786.303767101984,11.277125193679051,4794.0
11584,4778.226105652001,4788.274152913211,11.689587804403056,4795.809582250895
12277,4792.035522472993,4802.465104513778,11.496239443220949,4810.587871067811
14886,4807.866314535433,4816.122537975892,14.37574993776343,4822.48154072233
13039,4822.154644496485,4831.222712798466,13.887705192961805,4838.0
14902,4865.529361880823,4875.057419486549,13.69081613876873,4881.9035686988755
11186,4895.222085384461,4905.189174171495,12.082414803549723,4912.946437072691
11153,4979.981482450447,4988.325436922356,14.742959548476353,4994.722185166543
11162,4991.30569909525,5001.2182616488135,11.410625533529581,5009.0
14894,5046.172699743577,5056.225195325295,12.111536051481963,5063.811409947812
12286,5078.465082267767,5088.3522860713465,12.455380357311828,5095.9281260449525
8300,5269.672196830169,5278.083333628107,14.031631096073044,5284.395445502105
8266,5271.744917208391,5281.109499782461,12.769903971083293,5288.0
13020,5280.723229510345,5290.3691120346775,13.258725406153276,5297.833611677819
13050,5300.461101704525,5310.434554138929,11.747591588465948,5318.0
13058,5319.963277961869,5329.444947020468,14.491557633575773,5335.989139022107
13086,5333.398985481666,5343.363936595509,12.605378939837196,5350.8147276127875
15311,5343.60711612737,5353.459993803729,12.791231325768626,5360.916964618165
14869,5351.014968419564,5361.263001012987,11.660681680290432,5369.0
16023,5365.958587682949,5376.242449752734,12.582930176906258,5383.845076731405
8325,5372.293359832501,5382.237347658305,12.465184682947532,5389.681740048882
13805,5374.1316025636725,5384.000529256657,11.566634515129174,5391.333557128623
11582,5391.8711559123985,5401.014586546772,12.633575993909908,5408.0
13750,5422.419053287233,5431.469114356592,13.792620296619942,5438.359778786652
11605,5433.785031824594,5443.248852901252,12.140137527149529,5450.418700758911
13046,5451.635955175301,5460.275418782712,14.434188736288776,5466.83580469123
12264,5492.706187919608,5503.214406188847,11.992694198444932,5511.0
16027,5520.368776601123,5530.150521700156,12.235061966822432,5537.626772310284
14435,5616.395368799032,5625.519642997962,13.418313485434812,5632.4868788488775
17786,5617.987758299683,5630.378970188311,10.109977280984051,5639.821896380542
11148,5621.014168226912,5632.350034167329,8.85790982320504,5641.593273518725
13782,5629.263928451679,5640.301846798568,11.078643515784705,5648.692114914794
18608,5634.105280152621,5644.091896762403,11.496471785203665,5651.800267688393
16052,5636.152089808319,5648.230830396607,10.217898370908431,5657.323806838201
15975,5638.856569970321,5650.0984134221535,9.978976207625703,5659.0
15265,5674.376387190883,5684.542310138609,12.133114385125433,5692.358687869435
16026,5721.728781931757,5730.471653108132,12.878232683951294,5737.3103542508015
14840,5809.585636254772,5818.601614144216,13.752045491459695,5825.2903463462435
14457,5954.222302801238,5964.474547769838,11.792773024364026,5972.394549945169
19244,5993.807468716764,6002.435082982978,14.723185338164862,6008.791756049348
14449,6038.123480468339,6048.36289997597,11.112099476696214,6056.0
16683,6057.933592457275,6065.349493912768,15.817573534826938,6070.933009904759
15965,6083.494407436239,6094.242706990018,11.331925636981293,6102.543566553999
21457,6098.6560112642455,6109.081616892387,11.7854482316245,6116.981510886261
18537,6129.52647023698,6140.0541227867925,10.955922350286404,6148.0
20840,6170.1481249878525,6179.067787724175,13.214053585996057,6185.659502779511
16687,6227.253157878728,6236.490043918898,13.357446568939041,6243.0
19951,6229.293727020152,6240.522926547293,10.497527649566686,6249.0
20347,6243.696348113051,6252.572232819607,13.554054834301045,6259.4105416665525
18543,6259.298818802595,6269.097052977007,12.81275887950257,6276.664905921783
17789,6304.767464156164,6315.364652458051,10.780635341709424,6323.561713362462
17071,6331.716058668222,6340.270591228495,13.478633752270525,6346.854270947221
17084,6349.686061478705,6361.335377392113,9.56778670055073,6370.657438412762
13767,6351.896748680818,6363.294913763967,10.552865794637858,6372.461943409025
17785,6395.184987763554,6404.442645028652,13.909384349765688,6410.942488818038
16680,6421.397785258792,6430.285254874149,13.02474172482545,6437.0
18593,6489.514819970087,6499.1403284155895,13.436279712757825,6505.927025967446
16658,6520.286898511533,6530.013479892915,12.792778200589916,6537.508018351041
13792,6529.6361204379855,6541.171947444049,10.685617311640753,6550.0
21460,6531.515729967015,6543.093560986585,10.555628191087504,6551.61487277614
20384,6576.329835662358,6585.232327198967,14.700903693951572,6591.629658438733
20863,6578.254169221523,6589.275590639132,11.385897909595407,6597.56885444207
14870,6587.375753941907,6597.440623347443,12.548952873281737,6605.0
20387,6619.875676799299,6628.418721325606,15.165130604513818,6634.58994414532
20333,6624.58472920625,6633.303962501487,14.593743154028608,6639.762996720456
18521,6670.865658611996,6684.171533535201,9.529423860984451,6693.927323929673
19944,6673.085626807673,6686.109189754982,9.154751566780254,6695.730772806085
20847,6675.2410119323495,6688.123257165433,9.357820112099988,6697.571869504083
20839,6677.251838267985,6690.195652319101,9.481584474275383,6699.296144188159
20771,6679.231324360007,6692.218544423498,10.145303277918293,6701.0
19966,6694.656911430421,6704.199290652881,12.392943016809822,6711.66336268282
17070,6711.694536156314,6722.43111308108,11.020866668706887,6730.837685808252
18564,6757.924054944151,6767.109819267793,13.281547999727144,6774.33207464629
16022,6845.097176632761,6855.015047335674,11.448320725092886,6862.806982493012
18556,6897.279752188728,6905.644242969434,14.144320812687768,6912.0
16647,6967.029387853659,6976.486358071751,12.052355548583058,6983.626220984222
19335,6982.018467776756,6991.270604438161,12.883619261448471,6998.35994609261
17101,7024.553273270675,7035.214847265164,11.21423681990688,7043.292162821319
18581,7114.956499479026,7126.0230799105575,10.671620703697934,7134.0
18592,7163.79220958396,7173.471577836215,11.790742719267238,7180.869617723353
16662,7207.45275497067,7221.048244631814,8.983813160103741,7231.368621119024
13832,7212.514438400433,7223.287527932523,9.497227349094153,7233.0
20365,7237.340096730919,7246.099071876446,13.610550588485404,7252.926994848691
20370,7240.463708226092,7250.105567414779,12.64652672839937,7257.564884551382
20848,7251.604212600459,7261.52507021346,11.184159424909206,7268.988838730334
20829,7253.301296704755,7263.419638618081,12.291612987923767,7270.6840416527275
16643,7255.226828729062,7265.226183842266,13.679078277934641,7272.470282000907
16701,7257.0374155675245,7267.276893069593,11.534240903966836,7275.0
17761,7296.664831176502,7307.445031953858,10.583793834060193,7315.708454175845
19940,7367.673336320332,7376.564523101159,13.28418036529928,7383.251560203289
20355,7372.663174756842,7380.246992744477,16.447467107906956,7386.0
20337,7433.777579342017,7443.170386735318,12.132220877506033,7450.475867712
21456,7435.7336080836985,7446.06898103861,11.822157874528807,7454.0
20791,7509.729569059378,7519.461615364048,10.81556718088682,7527.378466422247
13816,7519.598604594896,7530.17173345519,11.431674963883541,7538.0
19929,7564.569578844006,7575.40370656401,10.96319853989291,7583.74209300242
16669,7566.635247705326,7578.39352442247,10.728267331542634,7587.457842504745
16005,7609.81289923641,7618.526727482365,14.458339905056881,7624.982552670545
20785,7654.664335217379,7665.206366334633,11.558518410130413,7673.312298072426
20841,7658.7913097101255,7669.018793335805,11.595036111447943,7676.9219084965525
20777,7673.501367533991,7682.120393888269,13.54783308491423,7688.762439576418
21521,7676.307787747642,7688.123964560801,10.524393365286835,7697.0
19934,7680.023603329833,7690.462731293005,10.83802569021065,7698.74049064824
19946,7688.339282291513,7698.422824558077,11.685906610828152,7706.0
19959,7701.7240262746645,7711.192924344147,12.192323697438525,7718.47153248649
21450,7770.00021893072,7779.44660952145,12.357879931580385,7786.766243509154
21526,7771.842051840081,7781.4891574374815,12.826901292377835,7788.880103163705
21488,7789.484761171324,7800.003253581247,11.420618224740425,7808.0
20789,7791.530094517788,7803.1315656508805,10.286699073489315,7811.9099037153155
13814,7879.780499493889,7888.614071307365,13.826361598105828,7895.0
20821,7881.651184637869,7891.150364075326,12.26112105852896,7898.333449305559
20350,7955.896703261033,7966.261167803508,11.866514222100406,7974.0
20331,7957.654075386814,7968.014226783824,11.646435330168016,7975.929982212307
19313,8065.628824346852,8075.57279615346,11.927389758021947,8083.0
21451,8152.0055519479,8162.433852982278,11.0555230713384,8170.0
21530,8153.919982890387,8164.318930861434,11.126714741051414,8172.0
21485,8155.688264165334,8166.195161992873,11.338279174663235,8174.0
21531,8159.239882723076,8168.467642901437,13.347527453377129,8175.756619711617
19298,8165.401021023465,8175.527453632661,11.180309791484339,8182.976308056268
19245,8330.048285112882,8338.585803567981,15.191914764859229,8344.665366979738
19307,9049.491120388444,9059.316132852697,12.718127646657544,9066.558018733629
19338,9499.44240912007,9510.374838091046,10.887421441444117,9518.668976137868
