4422,100.2916625046822,104.58012796125364,12.461872801652767,118.13510709849021
4481,103.84461538793683,108.42666389588199,12.155379583978553,120.18420416611893
5219,124.34336516894972,128.5414236505912,12.880031166018062,184.52380566595335
4498,170.80626673786543,175.47609299167655,12.27152490027211,191.6293081770386
4392,172.66647737079435,177.26087261639663,12.985880296650388,193.85156859117325
4198,174.4730193683794,179.09652387618945,10.695820047064736,195.7719425744167
4355,176.3479844922519,181.08786682150446,8.345616234873416,197.55877492200455
4882,195.44453097297693,200.4769881864035,10.313090973143197,256.23682332573736
4933,197.33179730234127,202.41171929416302,10.294895665308026,258.44868911198205
4884,199.22992204360972,204.31532429208698,11.09692265972813,260.89214355157304
5098,201.14071087632254,206.1763652642042,10.695266300800732,262.74676254511525
5284,203.0107189299127,208.10434556675452,8.143211672162117,264.69571536069463
4859,212.04245073790082,216.3958759141996,10.975588044944361,266.5301459219008
4213,245.14631670757504,270.1391149419532,8.066481857677418,327.65225210166966
4274,246.9518480303309,272.2669923674627,9.448070866723945,329.6046800758622
5241,259.4409378752426,274.26444524627794,10.524606431599818,331.47279017330396
5285,264.4303355017926,276.1552452805523,9.762835867254024,333.34157204259174
5046,276.48754450849924,282.36440423047213,9.490604135173516,336.17642825062364
4379,301.9587666733954,306.34578473713816,7.8125941169074835,338.20959533041565
3950,314.9099937217855,339.20289488282344,9.615395552591474,398.37402089627665
4963,326.29236567805134,341.2353845007047,9.383419828460617,400.47791640036996
4870,333.75865931263735,343.3150244578342,10.419536763454092,402.4687115715433
3980,362.0363545573157,403.0225459147132,5.96822104580293,460.3861896722909
4280,389.91879903923433,412.1667096781232,9.813731535096023,470.04849997917756
4225,392.54815642462654,414.4732660627402,9.643017552083686,471.92315277508897
4439,431.61942414024577,475.1427878588129,7.37037625957412,534.7092516646687
4412,433.4350078403094,477.37900322141877,8.317372712182795,536.7323974530195
4354,436.9028858945127,479.47858106110647,9.90351810422533,538.6171665636858
4372,438.77372472351817,481.46334250786407,10.53494840250607,540.5099094568656
5090,485.33496621996267,544.0234654243325,7.637480174217455,601.3421439247495
4360,499.18819232669625,546.1500869128245,8.138687761520234,603.6798976312783
4334,500.98681705339914,548.239488675243,9.36142784270686,605.8318728816515
4291,502.82713240239,550.2884937851525,10.47692391366262,607.7293988455457
4466,512.5991643848032,552.3032259293624,9.859431729437356,609.8597664524649
4312,516.6937654257658,554.2532229531676,8.137336148518996,611.7401432414483
4940,630.8858487508434,684.2164767595799,8.914227347578082,741.2734667353858
4343,637.7015002975426,686.2037351975719,10.368356123996975,743.2738521040636
4418,702.5341603569123,707.3594445883175,11.510778666969312,745.7032435537537
5091,733.346823200344,737.4404990025964,14.108773714821595,747.7213625677919
4883,746.0286598909747,750.3570927385477,12.691399667629694,805.5879462963899
4464,767.6636665805696,771.5751875572224,14.302040490018822,808.111028314533
3977,801.9206707598987,806.0329110940238,11.202531996230132,816.2945272412366
4890,810.1102934653758,814.5082143721631,12.905341684637166,819.7427203955036
4916,879.9023036628064,886.0653779387102,6.696148721345583,943.3730133880827
5009,881.9673971038585,888.3469585537023,8.552466712900857,946.1206891019066
5028,888.5705114998067,893.3048511289774,12.07162788561909,948.6250924951056
4318,913.6764538807239,918.3562579201384,11.933176911414623,952.9888134299347
3923,933.6874982580749,960.2822992039165,7.651935243788791,1017.3166986000742
4949,938.4838792572774,962.3908865391155,8.852899161804471,1019.7146724746372
4855,940.241890924897,964.3151388574153,11.004453374117903,1021.766426562746
5124,952.0078071778445,966.300769150139,10.606808801967876,1023.848844259291
5018,954.6136022310793,968.222467749671,7.596826990484329,1025.5985700744927
4209,990.8211414445245,1033.4446024715605,9.888147233266663,1090.9520469899026
4453,993.2453610185612,1035.4700288378551,9.993341986022557,1092.6789729502834
5277,1037.7599084006943,1093.040896210368,5.292115198824453,1150.32894882247
4430,1108.35982487188,1165.0326321910766,7.075723228937474,1222.388582560975
4175,1110.7131318095517,1167.220834639852,8.411877839045546,1224.542960134001
4369,1112.57970173137,1169.3010907377939,10.351128553075345,1226.5954507243368
4907,1114.650669938475,1171.3892992754324,11.786456704120145,1228.4502019479983
4409,1117.4830691378888,1173.254151391617,10.427152265843777,1230.5003564274266
4391,1121.1824455696828,1175.2540702403378,7.234770974481424,1232.3216064069775
4337,1177.3237519673717,1233.1066405154302,7.484598082313311,1291.1896347768338
4410,1183.7533990129407,1239.5467559256651,11.568801924855743,1297.7016622864178
4414,1190.3948434201966,1244.0182970535413,8.179973285771696,1301.6585371790277
4319,1252.1120797735923,1309.5151266776609,10.993831430780507,1366.8885081825867
5037,1318.0559188976315,1374.2916642050523,8.053310235067617,1431.9343514798654
3924,1320.0007419516237,1376.337440941405,9.543841931916338,1433.797252248379
4212,1322.2490548734877,1378.4713801324679,10.622233609577902,1435.9634946892027
5016,1324.8452253985538,1380.318854216297,9.998593250500402,1437.7409448245055
4384,1385.1450095801063,1441.0597559639489,7.938370669598172,1498.3403498398347
3994,1387.0510265065825,1443.2978041796825,8.568679230791126,1500.7526533752932
5132,1388.9950891743576,1445.3620253672084,10.073370560535558,1502.789753910898
5144,1391.4772231975655,1447.2091669946674,10.37601138272044,1504.633553177534
4473,1394.0347129324953,1449.1280042451576,9.978684115173365,1506.5949029374513
4421,1397.7885198584806,1451.0393643728173,6.401585109479039,1508.4097721280007
4484,1455.1099902306635,1512.2172234791656,8.245452212091546,1569.3034341848377
4491,1457.0077627609608,1514.2257219624535,8.931348231307778,1571.3456594738045
5032,1459.2775813575615,1516.2433097650808,9.691290040305281,1573.3437612812031
4454,1461.7475528367922,1518.2056088172621,9.953020420926498,1575.2068726478212
4902,1519.9925852263802,1576.0743045179931,5.486608762885893,1633.4605682769597
4304,1592.6796948395056,1650.0566587728833,9.491495654471901,1707.4601300628053
4869,1596.6913726241594,1654.2653482352362,11.335631799094937,1711.6775600919639
5063,1599.3539438269192,1656.3160050537258,11.832036596856925,1713.4076103574866
4504,1603.3235221685131,1658.1226657375305,8.090041454243778,1715.3392080657525
4953,1662.3871218744348,1719.3983462409597,8.917531230178641,1776.6751283736442
4881,1664.3799060937188,1721.3265429665066,10.463001997770961,1778.9097418027206
4431,1666.5062102358218,1723.223165216295,10.501802806943338,1780.9162113280067
4301,1668.8289157168265,1725.3461645542802,11.00014499290499,1782.8023537537374
3955,1799.5550483953868,1857.008966664864,7.958883413676742,1914.9746833106553
3971,1801.6650041374417,1859.085594410351,9.872719825593252,1916.93918416057
4345,1804.036084263848,1861.0408318191057,10.34118647708062,1918.7465518303088
4867,1810.6883993230422,1865.0421615918408,7.7412487661642695,1923.198406610177
4376,1934.7624077955252,1993.1414052101693,6.877335549147349,2050.0916789539065
4311,1937.0577922846528,1995.3261198856437,8.03821907894111,2052.4900243463458
4273,1941.1120447357703,1999.5078595142104,10.557324869946948,2056.6298005403237
4417,1943.6372048254193,2001.4049005395327,10.398603172221252,2058.534772621594
4357,2074.3319486435757,2131.0610938466243,7.780355045521785,2188.242232824756
3972,2076.284476546912,2133.281573403304,8.70215862366241,2190.2914858204113
4385,2078.2654890547856,2135.361561159549,10.135585816987913,2192.4684608407206
3914,2080.495430258426,2137.2158827241337,11.183442397676629,2194.8780823159304
4390,2083.109177075264,2139.1170075634514,8.476603152357015,2196.866067676406
4371,2145.3216848416914,2202.3037850867445,9.301098122581383,2259.7470183647038
4429,2147.3963274150606,2204.2665930609046,9.250958893579774,2261.887748878985
9851,2149.596977757432,2206.270538328938,11.440754057804428,2264.0020713620793
9775,2152.022051992655,2208.3540154725465,9.15448678625625,2265.947785450961
9891,2356.2643714995493,2412.518767981128,11.464679026654684,2470.625783831637
10422,2358.93303024039,2414.5164334993788,10.4975949801872,2472.624706296193
9915,2420.474579449123,2478.1808379114095,8.582900660765212,2535.3095354666493
10493,2422.421933737951,2480.171912055677,8.9101396915253,2537.28844684465
10363,2424.638423885697,2482.188393325635,10.297334658538201,2539.1870521365277
10461,2427.4457345773385,2484.2032857211175,9.1148392814435,2541.084812899086
9913,2431.1013966975024,2486.3730444189864,8.555556379193124,2542.9261947048667
9861,2488.5404683746224,2545.219275746125,7.54286260742909,2602.161935794926
9961,2559.9708617503147,2616.066948044824,8.59325046677152,2673.4773657393293
10561,2561.975110491457,2618.1710091294585,10.811007189963284,2675.492875175364
9819,2627.9865863839746,2685.06624956174,8.483443687149547,2742.2315124964766
9972,2629.8917846626177,2687.467814213263,9.432122279569848,2744.1500437719583
9860,2632.1657060190923,2689.3871618359863,11.115962608843823,2746.26543367804
9758,2634.646251600026,2691.5370950521037,12.04321280290651,2747.985403678079
10583,2638.3478761769093,2693.4076844895644,8.795742912579945,2750.0488272739894
10436,2702.0591320391477,2758.4450909217953,10.082612215500646,2815.5407157729214
10093,2704.8205001386323,2760.3635688924396,10.034318540523069,2817.383024215987
9679,2708.412800234171,2762.3864610502314,8.515949170344555,2819.278712045359
9902,2766.280615169202,2823.121718489406,9.796571446123554,2880.486214460485
10356,2773.0512202365394,2829.511557811763,10.829075684424659,2886.4809289838977
9686,2835.633015029144,2892.056797116601,9.559465085117495,2950.025392899234
9423,2837.6587704893304,2894.240594977288,10.717842079785788,2952.0958101431615
9410,2839.8012372666863,2896.1575965092916,12.765191018802449,2953.9884614576263
9987,2842.949663310946,2898.0551994630855,9.19178088031335,2955.7108082511472
9422,2902.9600544174486,2959.0363475373833,6.331149219083882,3016.2296924649645
9833,2905.0405503888483,2961.330529616081,7.868023644400279,3018.3556324274014
9910,2907.157805251207,2963.384409691102,8.785914738994387,3020.352897002142
10528,2909.090987661484,2965.3490640166287,10.537740546975463,3022.1535071638914
10520,2911.627708178181,2967.21159653624,11.104323486502553,3023.9467917642096
10423,2914.90928265352,2969.005085279599,7.120654076607144,3025.9251889149978
9845,3039.9461992498896,3096.243995740158,7.145562575835465,3154.575671893397
9983,3041.848216856342,3098.323705177265,8.198179086704693,3156.741597269372
9486,3043.999047305436,3100.29331809246,9.719201225167453,3158.9795000079903
10543,3046.1425102885614,3102.137799421917,11.236927178577353,3160.844501743636
10425,3052.333830196178,3106.1071998975294,6.6432641370027,3164.5899115162388
9971,3112.170607743432,3170.4369306416875,8.999971995775384,3227.6573696816467
9812,3114.3895345247474,3172.4086055881344,10.007215182927903,3229.4386934129993
9931,3117.2493048890374,3174.401738971324,9.672574816548883,3231.436226188855
9921,3252.3894539570283,3309.328257034206,8.998094504894192,3365.916825505021
9956,3254.4873322755284,3311.3397444790285,8.294203348624068,3367.968629293946
10429,3317.31098286832,3373.1638623668673,8.066341471035889,3430.2561320919817
10379,3319.4741964402115,3375.4086289217744,9.000746912551772,3432.776847624463
9838,3390.0236228233725,3447.1045560323573,11.535260622964788,3503.4316139313455
9966,3392.3327728113695,3449.01984586326,11.308348037990921,3505.7655099011617
10495,3394.787848442353,3451.0969684213524,9.57298540851377,3507.8094468635522
9871,3398.7764349684157,3453.0895183559282,7.1806966654243345,3509.8112628897748
9807,3525.8178719320526,3582.128277651285,9.227807003559226,3639.514677422794
9962,3527.7400574282383,3584.2307371225097,9.743162475323132,3641.491416378749
9880,3530.0479068407185,3586.2085997477516,10.474560211250035,3643.9566739897095
10376,3532.4951866882398,3588.192600199802,10.644989279331584,3646.030199644021
9476,3536.1247827293428,3590.237609251286,7.809890044385926,3647.9840193976765
10355,3592.5473723888013,3649.286045831223,7.342481415079121,3705.7539630719684
10586,3594.4681534623005,3651.335580539556,9.249036578751596,3708.054075660107
10354,3596.440961298382,3653.399839579153,10.586398263228208,3710.4620512104493
9805,3598.724331043244,3655.5146870809476,11.187034366031522,3712.532048320677
9867,3601.40508718056,3657.444713166978,9.92457210206871,3714.333551998587
9449,3661.742987708119,3717.3282240853455,7.690761191704255,3775.5228455250804
9849,3665.5414940653313,3721.481142666208,10.67849172661111,3779.9101218219803
9723,3670.2811766807804,3725.4502743646226,10.010998867890923,3783.873223656501
9909,3731.450146851559,3789.179315390568,8.474132897144907,3846.7139115192435
9836,3733.6391800481993,3791.2059498445633,9.718151345284681,3849.044621335391
10010,3735.578393363138,3793.118505727963,11.475004743479651,3851.0689391454302
9896,3738.1607469727905,3795.018375560468,9.598160114915325,3853.064231722198
9727,3741.7315955678464,3797.2740901137367,7.518239641562762,3854.9666178255957
10491,3799.27421086931,3856.0362300731244,7.805235117109792,3913.95085099101
10489,3801.215834405142,3858.21610948217,10.082162543140265,3916.266248894058
10005,3803.330488693118,3860.4163468702427,10.778588664434604,3918.657400383573
9917,3805.6626133055756,3862.4425007901455,11.763091972423055,3920.6044004464406
16257,3872.9503905089787,3930.119528600018,9.685888980750711,3988.6612463861406
15861,3874.864599205957,3932.0923056050347,10.487310951797804,3990.7787301851195
15385,4006.01781488625,4063.1540433707182,7.7694028437751195,4120.150940453261
15434,4008.0502808902065,4065.2198272205715,8.651620870620212,4122.299898500925
15282,4010.160913801455,4067.223081260668,10.184117854427981,4124.347830997191
15183,4012.243608546222,4069.2041551993816,10.315742240908063,4126.271951393711
15898,4014.9436638089774,4071.070209268278,8.597851978133663,4128.371847253292
9489,4018.287383147458,4073.165141562897,6.534196849092283,4130.108179687137
16266,4149.981045802148,4207.427751601694,10.306760943621398,4264.429180972169
15283,4152.823595983158,4209.4385012208995,10.25764559933732,4266.456791191555
15913,4213.934900916209,4270.039621022089,7.116850946417028,4327.463085665669
15417,4422.177594978774,4479.2215700480965,8.310452346469368,4538.9443905271155
16119,4424.177371192539,4481.185842661196,8.15260842711922,4541.019834420457
15589,4489.310033098185,4549.121396909541,8.951506965436819,4605.519557500668
14913,4491.526131410789,4551.0882160930005,10.872810183580624,4607.644191586636
15298,4496.747709586732,4555.21951126529,10.419907485471061,4611.510542337431
15178,4559.604685853244,4615.034430684492,8.066662367724247,4674.938589094165
14995,4561.628628126182,4617.254544131452,8.33496814376635,4676.897976779218
15430,4563.671205816426,4619.316361128733,9.250439743795592,4678.9537967469
15339,4565.87606501103,4621.2966281600975,8.934787621393296,4680.854574251209
14955,4629.28702036485,4688.034847934149,9.04746029497548,4745.8266845221915
15328,4631.651238110647,4690.07971753705,10.14075513894846,4747.6262177153085
15455,4634.3902220171985,4692.066416531475,8.687498312366706,4749.56291040577
15421,4698.091175406611,4755.046992296792,8.721412161363395,4812.242403628457
15407,4700.311936930703,4757.017644525566,9.54759447490105,4814.341988319525
15480,4702.607122355411,4759.03979194773,10.698488970500629,4816.587001428315
15252,4709.179966486862,4763.121287471936,6.250640190888601,4820.217962631072
15448,4765.339855845478,4822.1854178677995,7.0409541659274115,4879.684285235602
15500,4840.949912112806,4897.210548094523,10.705696701280544,4954.559467106241
15310,4843.4320430097605,4899.163087046804,8.447320600752786,4956.530451064847
15903,4905.514086618608,4962.136012851505,8.48962720107605,5019.871443430552
16023,4907.521160791879,4964.34430522079,9.892764594496606,5022.082393229858
15369,4909.656203961161,4966.154726786135,12.142207607505755,5024.285662117832
15232,4916.219919968502,4970.080416605983,6.357192824421777,5028.471893889324
14941,4972.596132712138,5029.081510631845,6.200495179468983,5085.798263147058
15371,4985.352036699696,5040.062257863283,6.956968035496655,5095.532200267873
14982,5042.140066473343,5097.099729703059,7.453559020249991,5155.0078291675845
15467,5179.426153406209,5236.075248685836,7.121178821959221,5293.3777760946505
15877,5181.3826201007105,5238.218704955959,8.625758608572855,5295.862372584157
15864,5183.263369952101,5240.298318534413,9.125206339530486,5298.086153618711
15187,5185.699388028598,5242.246422538341,10.057986186900983,5300.340299476413
15419,5188.569597049861,5244.182613873979,8.710289840350482,5302.356129354862
15411,5316.3175628433,5374.053372450526,6.890017314604334,5431.074994887319
14945,5318.468871205119,5376.262164134529,8.256081268708906,5433.313766402386
15454,5320.497123854849,5378.291670986782,11.100001190988559,5435.342897499151
15375,5322.771686535153,5380.35112336314,12.168618672690357,5437.260623556902
15379,5325.38546059036,5382.469376691041,11.525153128741414,5438.981948094703
15445,5388.498818546814,5445.20125543445,9.739661975962465,5502.214141888201
15501,5390.539717798909,5447.309245985729,10.082745483162714,5504.733450163862
15351,5392.73596601299,5449.135465962944,12.000893255255662,5506.529876014023
15247,5395.512792989364,5451.412420124849,9.48905407812234,5508.565388088486
16010,5529.981133784715,5587.041359332346,10.933394555890692,5644.606093103058
14996,5532.556992989785,5589.019840504497,10.046905880063074,5646.484083894182
15294,5594.99831381223,5652.023956759913,9.151298244964043,5711.7509070984415
14970,5597.173601442084,5654.004243349993,9.886328705954819,5713.649008702811
14949,5602.2371925702055,5658.0415354623365,6.885614123560287,5717.591890740463
21551,5660.010783388695,5718.244747794133,7.083193376720498,5776.2141820587785
20415,5800.886005014552,5857.145364494785,7.556548554793367,5914.303031242391
20779,5869.950334483687,5926.182060371912,8.397461617226707,5985.5196211362545
20873,6006.5897338946925,6064.119244603275,5.897147282458641,6121.333055777537
20880,6012.677394551199,6070.370049417443,9.640135365666636,6127.76136464435
20887,6015.302716144313,6072.260560325349,9.467865701234386,6129.786242235006
21423,6076.114129746399,6133.115823669825,6.857028099909657,6190.507741198192
21400,6078.207245164655,6135.386985068413,8.523976043162397,6193.002383340216
21420,6080.315122512385,6137.47321017188,9.564376611753726,6195.297525939108
21396,6082.459369719594,6139.357795923281,11.633432460360591,6197.207524914599
21510,6085.074959928725,6141.395392645047,12.066079984909125,6199.3197902412785
20810,6089.7257813776805,6143.33983450435,8.555434497321473,6201.179498190528
20952,6151.70324259109,6209.051497266657,9.414235915935587,6267.433214050851
20764,6154.216760400973,6211.20142068596,8.779050720547833,6269.388618195756
20849,6217.1262928692595,6275.062767182288,9.414244993724916,6332.693017098595
20850,6219.322755535946,6277.08585268698,10.473015481370442,6334.604275557372
20895,6221.722266003832,6279.007875675204,10.42921930056372,6336.689483154209
20798,6287.230326676543,6344.3121001455775,9.755322329661958,6401.897463642025
20999,6289.412375148279,6346.222070999521,9.898803036874261,6403.731586315322
20468,6291.903236505806,6348.260016928811,10.289048344531704,6405.598662805075
20906,6356.387306930453,6413.1710869947165,9.750994726585844,6470.4014035013815
20830,6358.973473200335,6415.092808417463,9.84778147505385,6472.548646987475
20842,6361.560651563036,6417.308067037078,10.355809753776672,6474.543022280879
20960,6560.802874597362,6618.096452702815,8.154953272848163,6675.441032723698
20892,6562.895842562487,6620.186292668081,10.710441432932686,6677.544882393616
20750,6628.209443866367,6685.081282305991,7.499077199393486,6742.525955535505
20933,6630.204187828565,6687.143231160682,9.175577269393177,6744.887536107179
20918,6632.242444629363,6689.191192962167,9.810963926492267,6746.975610023107
20462,6634.599320728443,6691.4815410691735,10.338865089955267,6749.0117969953435
20679,6699.850615408756,6756.243450044656,8.001444504672953,6813.266948057529
20923,6766.803854902136,6822.165105525202,6.958938703283079,6880.152892472116
20817,6768.761865029817,6824.296464267622,8.700860058210424,6882.43510093101
20975,6770.738226719962,6826.181086397384,10.312733705537383,6884.472621657937
20968,6773.1166778818915,6828.005430799665,10.319773228803722,6886.3692703107
20767,6907.7238242612475,6965.471051334494,9.649781408896384,7022.5938731269025
20823,6909.868162866177,6967.3185175137305,11.262193036739164,7024.714959982123
20886,6912.802603595059,6969.173014574823,9.322643123993352,7026.8690459785785
20758,6977.726138252016,7034.460569839172,9.512344624033387,7091.777399143712
21429,6979.809885902577,7036.444301640188,11.465007443442454,7093.883009427498
21421,6982.346902267851,7038.425033234377,11.204741598355328,7095.662292917498
21392,6986.479973227707,7040.325229874834,8.833245460459805,7097.605742919651
21006,7111.817095350094,7168.07787288292,7.887264965904274,7225.324984960462
20868,7113.718848656163,7170.283764274534,8.362989017060567,7227.478345026553
20809,7115.604320951424,7172.345244635988,9.072828005569935,7229.416890839962
20883,7117.718632183834,7174.358899071495,10.640688593418965,7231.275410938732
21699,7120.242075320842,7176.3993359945225,10.924032534646186,7233.336609404854
20788,7185.123898487429,7241.108171851837,10.698654579761358,7299.398986789554
20662,7187.386899808778,7243.050990352358,9.648522460459432,7301.414482675705
21384,7193.61309888909,7247.049520706888,7.989451505068875,7305.390321398
20437,7249.182782132972,7307.116988166218,7.782836227167162,7363.279288753964
20898,7251.214088638274,7309.397118313698,8.983194282153205,7365.537806270251
20495,7253.1832165512205,7311.308738018478,11.284499049642386,7367.460533827682
20780,7255.355412627957,7313.247069942836,10.652968002411203,7369.476975475537
20912,7257.79635807934,7315.481787722762,10.58796770570545,7371.490391637919
20985,7321.808585603837,7377.184014592583,9.057519421125116,7434.641717297404
20899,7324.042506827606,7379.173061389713,10.243894472028142,7437.133946185208
20774,7326.187828631412,7381.078556977015,11.288737028425798,7439.28661433006
20989,7332.7470556566905,7385.059599289406,7.273062302381482,7443.251146912147
20908,7386.800465134206,7444.194014853587,7.1807867059870825,7503.902264720312
20969,7455.271432575215,7513.009987431127,7.817759532243672,7570.703559709905
20826,7457.398404052873,7515.214647945876,9.582541918694348,7573.000208909419
20872,7459.457287580208,7517.433112997089,9.08089074116466,7574.890833876532
20854,7461.444849824534,7519.379610138995,9.841912363029742,7577.2400880283985
20919,7463.730712612356,7521.314168319665,11.457150680855342,7579.128970045792
20834,7467.375867614224,7523.29086362172,8.267834857288504,7580.972650310582
20431,7629.146705301835,7634.096086648443,11.540855436407679,7645.80777839947
20888,7678.585689580892,7684.481451140164,9.772221541426957,7708.168483369306
20902,7680.674412459595,7686.480829087605,10.82969051427489,7710.545946018
20395,7682.6351731786035,7688.481746276269,9.680138916393187,7712.490646677905
20391,7694.866589271142,7699.099584012175,12.67291920888463,7714.569555524838
19434,7876.080420897091,7880.323365919904,13.077961095427364,7912.3851382399835
19313,7879.017188443563,7883.5630617914285,11.567606536688528,7915.152690627283
19324,7880.7713847439045,7885.366517889929,12.60310876868716,7917.704870791979
19181,7886.586412654011,7891.49727721298,11.258315300012297,7919.780446226166
19394,7888.461263766151,7893.367772680175,11.309199715674968,7921.882817684193
19448,7948.686249535322,7952.4872700129445,14.146328013635081,7981.5543025640645
21451,7973.982644107049,7977.503109691397,15.792832197999138,7984.098110957116
21465,7978.3605277296365,7982.574658038332,13.636687408822818,7987.3731942701315
21462,7986.659473830347,7991.539495217014,11.812216142896803,7997.215713821445
19227,8152.508475579022,8157.027602944941,12.377360731368094,8188.376698196676
19446,8159.557708802425,8164.172622965789,12.331947905424848,8191.175199417672
19238,8228.002792151954,8232.166480963202,13.326237065560122,8257.776177312535
19239,9168.273081446412,9173.224453315968,11.70808586228051,9223.376713846756
19224,9173.841461368445,9178.541490361577,11.003505906295993,9228.288907185322
