230,238.61203597735488,242.08919557306086,13.538052096156454,245.02546000579494
297,328.1056064796871,331.62381814964067,13.295250098605877,334.5555673405566
392,331.78340127250874,336.2554104812371,11.555868794755261,339.8110381816447
684,400.61297093503754,404.32680697609464,14.20332185490211,407.1132287409648
302,402.5456968913414,406.49758474197876,12.106806313085494,409.66303425842517
216,404.46271553499514,408.35800526659403,12.735646545392928,411.4761289834209
3465,447.10031224123406,451.5366139456239,11.272112267003372,455.2546716635456
1055,625.4605904346057,629.1400297243292,14.57567436853047,632.0240579547838
84,664.4265809891107,668.26671434278,13.205394211557245,671.2766649015057
545,708.2583918159751,712.2858356464266,12.038827747256388,715.652958187038
122,842.706065113541,846.5915794800994,12.670362747112458,849.8365451485867
3494,844.7620508025136,848.5188377914137,13.12708244003906,851.6700568866491
1117,917.6564795861033,921.5022414610393,11.927508293757748,924.7060644127899
1033,936.0981399147535,940.3406946939358,11.188595896812847,943.8631255562972
444,938.0300914172434,942.1918466273422,10.976422832884744,945.6261768743186
236,961.180356506727,965.0368489124836,12.17015173344197,968.3170427362514
212,971.0151052294735,975.5389111617505,11.862539632236386,979.050338914682
603,981.8057726039979,985.5925527815925,12.792386485655777,988.8245370747969
265,986.7666659071683,990.463530368674,13.192272312510704,993.4519592882335
17,996.039379615643,1000.0117441021855,12.964604027935732,1003.2097160437828
411,998.6325659254793,1002.1001445773386,13.07683749452677,1005.1424303486115
465,1000.7414482057277,1004.3664895162982,13.793516568613207,1007.3424048130032
135,1016.5427102488172,1020.2976549051639,12.370230492541904,1023.4187188786099
1037,1018.9183822496675,1022.5095834237043,13.65318604707872,1025.4665699673799
732,1021.059693751609,1024.4774661827644,14.135974231321333,1027.3565260004234
719,1244.480699468039,1248.1592860891958,12.879924271718098,1251.2960385145857
300,1308.0747378613041,1312.1494411818223,11.843705711044919,1315.4577205500825
200,1368.7601738166395,1372.3755257866706,14.976462145297404,1375.0466445714392
150,1376.2774534283808,1380.1002894793771,13.029171892114851,1383.214921655474
3432,1433.9738863554005,1437.316758316431,14.063690845211903,1440.1209251202727
161,1456.446933225488,1460.1189811693403,13.914907584795822,1463.0286854783235
74,1475.6030822996936,1478.64872684456,15.667591752460861,1481.1694625570915
1020,1504.2273641352374,1508.2024483319178,11.792334834909685,1511.4942745915203
290,1544.4345736522853,1548.2629109629231,13.067649907311653,1551.2786212319484
61,1553.5230866498703,1557.522152880114,11.492519500619503,1560.789053269197
107,1571.2825198869732,1575.3715969623854,11.484687444519366,1578.839809089333
1094,1597.6267521384023,1601.3559497311958,12.72549249253278,1604.4425344661006
1048,1599.5408561238867,1603.2052579428996,12.900005019283025,1606.3325037841719
523,1605.2227755901254,1608.5988298327388,14.287509796844281,1611.4923880588462
208,1607.204691382637,1611.0379734246349,12.129428482921284,1614.362704261802
136,1636.246745238716,1640.389756571963,10.870563202251873,1644.3878556181378
132,1658.9871687144716,1662.444578002169,13.88067639345148,1665.2862506493752
78,1726.133373976175,1730.2032909317895,13.479745960001587,1733.155441212843
653,1852.196891102706,1856.3732176504302,11.435797428372014,1859.6692356391763
608,1854.0063044540732,1858.0932648778905,11.658640841312138,1861.5282120717293
480,1862.8356511310055,1867.405227503527,10.534884186063017,1871.295216044253
213,1868.2048667225622,1873.2517609939134,9.868290214668324,1877.215434133943
710,1870.4701268618212,1875.2033495464427,10.33770941090011,1879.2180035220524
140,1872.4414623050347,1877.1561409486171,11.024136575458696,1881.2088191994383
144,1874.4865519653233,1879.0773983797174,9.989267553511585,1883.2069691936415
128,1876.3688460629212,1881.0481991251515,9.682042743403867,1885.2439385223029
3344,1878.9888998215413,1883.4943826065603,10.386757752869155,1887.3706619032694
628,1881.1291558463395,1885.4067710179495,10.81239152342546,1889.3179041404674
3423,1884.021217460624,1888.4880959000984,12.276153788104844,1891.7308225631004
7,1896.1219712338323,1901.0124418031821,9.070077179123611,1905.475204640239
366,1898.1084104743798,1903.139872438075,8.859840479162235,1908.753897845198
234,1900.2712936873509,1905.3166538341547,9.742529655949642,1914.398674376809
138,1967.7697331412703,1972.2527400328672,11.359255802919787,1975.6728922702541
246,2072.4784155192588,2076.380856005366,13.439550506804613,2079.304368468349
220,2076.341024707863,2080.5155154582335,11.153469428091375,2084.06970508866
6593,2115.7596247330775,2120.2760319854556,10.625561741837995,2124.0946539714796
5999,2190.2089281165195,2194.124378147458,12.3891452771653,2197.3214599155563
5670,2196.0539112080537,2199.2615539104795,14.709441624787576,2202.0321456690817
5620,2267.4646183621708,2271.378341458339,12.671573964624029,2274.6790275460294
5719,2338.171460676868,2341.5520605721576,14.651789181322444,2344.3826086540926
5610,2354.0578473504324,2357.3493848263124,14.661476424235955,2360.142259178365
5757,2460.668582993751,2464.4644350466433,12.573990096619314,2467.6145968141664
6177,2476.0013538334115,2479.4600023658395,13.922799389258973,2482.2760685373823
6029,2477.7218119621125,2481.197138723867,14.021342054622382,2484.097888559722
9325,2501.584294356527,2505.4311951372983,12.304305828095064,2508.5590503212197
5704,2518.815469992249,2522.508681254607,11.965555183423682,2525.7077852101224
5731,2533.5825810832393,2537.525939449277,11.836945688784445,2540.8395855063222
6042,2558.3226257734127,2563.3941050335775,9.788582158363656,2567.560811145319
5979,2705.2819179091507,2709.429927446041,11.667482018000308,2712.960775993935
5980,2709.693589314596,2713.4875515745643,14.466343015897953,2716.1375232530045
6552,2732.562017308594,2736.4558962982946,13.099796418889511,2739.6481815169022
5985,2734.4886153875573,2738.168494434968,12.049658899254572,2741.3687817517066
5716,2776.741377209385,2781.246479867657,11.470976945236362,2784.9139626933247
5563,2778.681489958245,2783.1462284947097,11.081344989832925,2786.766864246173
6030,2821.963619439983,2825.4826386936616,13.949928519421302,2828.3142664464744
5713,2824.478617735829,2829.1916536574363,12.920031007658883,2832.1760138634327
6176,2827.7537354507463,2831.4075344964494,13.559246323976005,2834.4683999588624
5993,2831.5698419583796,2835.043524600472,14.414062371261148,2837.8941501873783
6564,2833.4957246404224,2837.292075198208,12.857918345582945,2840.4676166256677
5983,2835.546247708793,2839.4539742882034,12.08529622244691,2842.636553404205
5744,2854.7281214849154,2859.4779503248474,10.103669725699303,2863.4138194668217
5697,2907.196218767034,2911.4525292679264,14.170679049924109,2914.3830245034724
8936,2911.96885157965,2916.434774107064,10.668497053033187,2920.1397415408587
5659,2914.0836369922795,2919.0451248003915,9.255008226227275,2923.08146201215
8858,2916.0890021846762,2921.008060846794,9.1531300205315,2925.134700369011
5742,3032.8359800961966,3036.0889072860546,15.150516855818857,3038.7610927459505
5723,3042.8011953139844,3047.249066974016,10.632585644668785,3050.9013259075405
5680,3044.762016549506,3049.1321177725436,10.943484635193784,3052.7902770730566
5651,3046.7233110063266,3051.015875061239,11.493656604972958,3054.6111243649243
6015,3150.177140191159,3154.0501724637925,13.583731077311025,3157.0227874362067
8908,3175.606871233277,3179.280152011223,15.972796034311003,3181.7375954326285
5750,3216.9769339472073,3221.348625461655,11.373766272566105,3225.0587832394403
5867,3306.3831313213855,3311.2620811576403,9.857058940932944,3315.4121529624485
5807,3308.561199190826,3313.2704284310694,9.602762935728729,3317.4344821543905
5891,3310.6414911665106,3315.2195552284716,10.44939304815616,3319.4035681234604
5590,3312.4533679510346,3317.1928343281725,9.917634594756521,3321.3984427475707
6620,3314.3172965705025,3319.2128759901834,9.386798688406632,3323.363325039661
5902,3316.2649696513677,3321.184320275972,9.899898681958552,3325.3190286001895
5920,3318.355758725671,3323.1497020948273,9.619910239430816,3327.3385941333745
5930,3320.2759438587923,3325.001482851309,9.014529870001118,3329.2230388450694
5554,3322.172962276364,3327.0196334526613,8.58998422513018,3331.3216883127616
6214,3354.9304822015524,3358.414180328175,13.428135380312757,3361.2558948764927
6140,3358.678330350141,3362.4142244195036,12.578724187257205,3365.543178186658
6161,3365.1879138423915,3369.164066412699,11.146034095383706,3373.0748424540257
6139,3367.457092071823,3371.150000654692,11.575450058168604,3374.9165058146305
6154,3370.569508054884,3374.550529786453,11.75736389136466,3377.7010279760684
6149,3372.4217509566643,3376.3130724049324,13.009413780235553,3379.5098317986913
5889,3390.6795325928892,3394.1948450445393,13.267413083148131,3397.0587030373704
8926,3439.694866325018,3443.411027709565,13.346890184954724,3446.405909592105
5577,3442.7288200557127,3446.602812216809,14.861414732620062,3449.1712960172904
5562,3482.667776823651,3486.473587638213,12.93172932737654,3489.6226753493975
5752,3485.254731461761,3488.591103900512,14.032672506730945,3491.599524311931
6575,3526.646645091953,3530.523942909729,13.320322730491544,3533.65661552698
6219,3528.434394581065,3532.3758812438755,12.53282959529105,3535.4516667909675
5974,3530.3087221193096,3534.3017371753804,11.439533860329535,3537.72093019377
8839,3547.013298795457,3551.189663695313,11.526795914340314,3554.5373034741137
6011,3612.3156980131685,3616.5675546677376,12.497545505104814,3619.8097116928375
6006,3623.900545255184,3627.589064744523,12.878305636614845,3630.735350331094
6247,3640.0113751694726,3644.497723398304,10.336610772643334,3648.1023693591933
5705,3641.9868483575688,3646.3911329489024,11.96406770406943,3649.97351389307
8212,3647.7328688576704,3651.1098727561757,13.862943522810356,3653.9995570129936
5583,3658.710730807624,3662.5565404102326,13.563757438714356,3665.422085961143
5739,3666.943551150874,3670.5958594792937,13.307812140560756,3673.6858337387775
5679,3672.551745977584,3676.194712372695,13.228655752012134,3679.2866604858077
9306,3701.867315486134,3706.08565943289,11.089195857089594,3709.576396137172
6017,3708.286444317746,3712.1210720632894,12.039156817651865,3715.305888024906
5962,3710.129283107262,3714.2214474956245,11.493671276362205,3717.572450234009
5717,3744.242006431291,3749.082476398416,9.646896804224179,3753.121692642871
5754,3771.35205508387,3775.2469121603494,12.895128246801292,3778.344310865601
5674,3775.101858050416,3779.02218077054,12.278051256284215,3782.2716330455687
11209,3832.6919299904284,3836.5409435369456,13.704055843456752,3839.444198238836
12079,3928.2536584719114,3932.462931909461,11.858669863380163,3935.7887087083864
11432,3939.6273656324006,3943.2940236922227,13.026859533026249,3946.3963747707485
5724,3945.5049741826915,3951.0065802408612,8.371022016513136,3955.4118617336876
11199,4028.388014715787,4032.4091099281018,11.70449244137458,4035.860079419647
11106,4096.528442209113,4100.275409559343,12.85264771368922,4103.33088648691
11082,4098.368500935377,4102.101213967457,13.450004343947287,4105.176438876407
11018,4117.76498812105,4121.550628847109,13.107664077211917,4124.704729216695
11267,4202.9725952274675,4206.367165124862,13.459177191512413,4209.281918420417
14391,4240.388722217747,4244.530479930139,13.901533393558424,4247.453556636657
11263,4248.48897420224,4252.101097235278,14.591898437231945,4254.91393246856
11205,4251.9077616050245,4256.070759452834,13.779669837969339,4259.091078245141
11295,4298.498361793403,4302.5414626031425,11.371006815731379,4438.476172338483
11231,4341.373594652672,4345.342220168443,8.863835729973285,4442.192061949164
11247,4448.126952110973,4452.500889090409,10.851268075824008,4456.577182639904
11655,4521.3205686098645,4525.215607157201,12.091561792225995,4528.468716986256
11450,4536.386306990095,4540.237635311013,12.491367376869054,4543.337746182605
11217,4556.276621186689,4561.367444840809,9.45187351087922,4565.477813890895
11254,4560.687829350504,4564.619007498345,13.94323914686502,4567.845126257765
14379,4589.248104711037,4593.542530004591,13.458564534712579,4596.657757127785
14351,4602.444296849285,4606.267933459193,12.24607424636767,4609.4400305793115
11134,4624.2312232522245,4628.126276499542,12.883614646755552,4631.188968945391
11222,4648.126286611145,4651.509192557166,13.749082906944363,4654.420471710023
11477,4869.829684257105,4873.55864863017,12.663411515331966,4876.689917524756
11445,4940.056941178103,4943.519008148528,15.477583981432744,4946.218907716447
11260,5008.505685220301,5012.138112771443,12.74507846026568,5015.201506823822
11494,5109.704322840123,5113.588517507961,13.394200689289184,5116.550869660252
11438,5117.593157510832,5121.3636223666135,12.49402319865071,5124.539020828447
11517,5123.568107012737,5127.428494772795,12.116372356209206,5130.739342500631
11044,5154.297376320682,5159.2713786448885,9.873442548175577,5163.403812323624
11113,5156.439875605669,5161.202366951378,9.378045400998246,5165.435223850085
11159,5158.724610775766,5163.235036982221,10.311593117238397,5167.418144009831
11141,5205.404947423336,5209.257389139533,12.655908685655724,5212.344444358502
11283,5207.3661636702855,5211.518701207254,11.426815622388737,5215.062634409417
11176,5209.2058843850955,5213.399893416665,11.81586573044091,5216.881143691729
14349,5214.451503299546,5218.185736232135,13.071584595893679,5221.249475743547
14439,5224.748310927804,5229.196896948011,10.965122060831082,5232.855377854941
14437,5226.527328640599,5231.086795773917,11.790803276525246,5234.781363918936
11250,5250.169678856872,5254.184218784473,11.879477415537822,5257.552683142406
11090,5333.74310870817,5338.103637335192,10.997685171280896,5341.700057764142
11242,5336.076477942818,5340.000007506054,11.453008735080894,5343.542771159116
11158,5464.172005310858,5468.137806529859,12.13981229594567,5471.405222131396
11226,5467.978732120431,5471.253018910215,15.318724586724088,5473.830484506104
14447,5563.92230574178,5568.445770656428,10.484856368378997,5572.160934496076
11672,5580.301217940135,5584.143546668116,11.942212787031627,5587.38400300989
11224,5604.547901310419,5608.302032206826,12.648465309471144,5611.47404247701
16729,5694.198563608849,5698.315076889106,11.371272895403692,5701.697848424244
17032,5746.29345803615,5750.034326568154,14.853277136173897,5752.697699073305
17581,5757.873958203223,5762.121844704174,11.656422672916017,5765.548765565435
11002,5770.649242422228,5774.0715207015965,15.919689230979806,5776.627369072701
16558,5772.742671346553,5776.495384253249,13.229197020733208,5779.649602625714
16710,5774.493092543021,5778.227745114166,11.585798619302489,5781.440230415562
11208,5816.514549491551,5820.225950358465,12.59406621335021,5823.378871751966
16969,5818.635181663474,5822.497717930828,12.702258943013293,5825.710522445609
16579,5856.596543550891,5860.469668010407,13.074133095110142,5863.526923793415
16696,5871.367188590824,5875.029638032215,13.455715232533684,5878.03213225155
17236,5884.711212782071,5888.451422750792,12.861476362991631,5891.533133861061
16961,5905.640379188662,5910.095190224676,11.238838675044137,5913.678639026471
19837,5909.347009793033,5913.6022144147,13.228106205262433,5916.596908633549
16745,5944.472608516787,5948.524560795225,11.905035917819772,5951.9566485723235
16752,6038.905889812238,6043.146238594774,11.816980054046121,6046.6202394387665
17246,6084.446796377674,6089.135426356041,9.731097388747868,6093.119221393301
17235,6086.3794099335555,6091.122826537745,9.689874474222135,6095.050540367506
17234,6095.768667947849,6099.248655976661,14.145781084390368,6102.116863950765
16658,6237.152158223159,6241.116327352727,12.108639471183942,6244.416714116418
17007,6305.00424605862,6309.002942987095,11.77042654539588,6312.240920852696
17498,6333.093753475107,6337.081885636161,11.868032018050798,6340.349224734205
17013,6340.232878358943,6344.034238627617,13.491668477814553,6346.976731154672
17241,6346.185291605856,6350.309686775728,13.005328490883077,6353.37418184636
16940,6352.49959912577,6356.41514177231,12.02233014839496,6359.793998093956
16776,6392.186835934758,6395.44861980043,14.802360733485333,6398.138436335542
16881,6396.335600009772,6401.415542740774,9.281269797311488,6405.643458394684
17576,6412.593450019425,6416.456155767057,12.803411943942255,6419.637738422629
17185,6417.189004306201,6421.386961340231,11.838196373630463,6424.7707697372725
17546,6419.014123840236,6423.2139009509965,12.424303780933275,6426.557844236336
16629,6456.665871254095,6460.428525138165,13.691754328406716,6463.344096208225
17243,6472.203466171329,6476.139698862921,12.841784325099578,6479.11275241184
17535,6610.781433997758,6614.589386975314,12.285886384623291,6617.780767642433
17022,6650.685699590443,6654.369924541162,13.757177128220013,6657.358849711463
16997,6742.29912009006,6746.062761348204,12.483437704536424,6749.250267792626
19878,6891.036863938901,6895.116401436526,11.837069837884512,6898.514465897774
16870,6935.6699453641495,6939.58610816418,13.635766401552315,6942.542616378842
17206,6964.299089616236,6968.05661606816,12.715163220890943,6971.187462564554
16965,7000.495966356899,7004.371457073232,13.186671928088279,7007.522509681695
16952,7005.497736552339,7009.274672385155,12.292965769953225,7012.453935273746
16533,7007.404145973484,7011.122944300751,12.66247832983219,7014.229551420624
16701,7009.305516006817,7013.4644198085,11.853668664750895,7016.907884944815
16601,7014.488501338756,7018.033398120352,14.009241231500393,7020.93208490169
17589,7052.255325493382,7055.55910032998,14.596648940507478,7058.374893444592
16750,7088.792767875214,7092.403908664132,13.73225679507259,7095.163522339779
16744,7301.647523045713,7305.559080953984,14.34864442028595,7308.269796962107
18420,7312.8957017235425,7316.6253584949045,13.390020374596272,7319.536056606675
16695,7315.737292488538,7320.418696193917,10.850246491763725,7323.910078262105
16697,7324.713995145036,7329.303612503217,10.43830357167533,7333.081240547429
17214,7329.638188369638,7333.248829576394,14.296608533997125,7335.997834615308
16751,7334.469411439333,7339.004121051773,11.073536893299675,7342.616561714252
16703,7338.556022653618,7342.45419382414,12.597761559922033,7345.6293556658875
16708,7397.144242826785,7401.2681619408895,11.412407748511438,7404.656013523565
20338,7408.996787617041,7413.243267152683,11.540211902086408,7416.787954977234
19940,7410.927756857723,7415.089067220243,11.422896840754325,7418.632573066676
17217,7490.494234381813,7494.17082565514,13.28938008158684,7517.472640437713
17177,7494.009447173688,7497.381379417231,12.420552401699325,7520.199570755376
19895,7766.124768328803,7769.553478291374,13.810185883994635,7772.431787008121
