3801,48.9359383183952,53.163861144351195,12.487609904715205,57.98847102591195
4101,107.8427642454448,111.20921034335316,13.787257928885957,139.21223169016457
3829,129.27771111038643,133.5304090731448,10.730165341474862,141.48885112811018
3943,138.63064802238864,142.59602402808085,14.09784189437773,146.59553620840774
3932,144.2436065738447,148.54044689932115,11.10795630587498,153.7738398147792
3833,228.67263000090097,233.30690691016994,10.566634733182138,238.95988318298012
3961,232.75293126515933,236.33119951614842,13.491750998584676,241.03261774510224
3717,248.4962356920443,252.46835583711203,11.666074645332516,257.8419497410766
3741,383.0482410498493,387.0772901297439,11.907060808230595,406.435970703441
4116,393.98993689113587,398.01398013661844,11.058869068751456,411.68628571932993
1071,459.5108378562238,463.4283190354639,13.74432817007034,496.46381165570267
3749,479.3321558343229,483.11133424567373,12.839519084436022,501.2956228059593
3763,499.3989668515779,503.4971394869626,13.527607985070372,508.0467646722905
3873,505.5358725808669,510.22954791647606,9.51580354614833,516.2915517577632
3876,507.5860274949305,512.2192877993095,10.191231447008908,518.1553566641196
3937,509.413504394055,514.1844882983451,10.599041371018007,520.1308107055685
3757,543.7969982796137,548.0559093527767,12.322067695546531,587.0064193654899
3798,598.6691790136575,603.4738830870568,9.577295836886485,609.8037352504701
3720,600.6766432691227,605.4338459104715,9.267942452837035,611.7818623268241
3977,621.998067882434,625.5669188816202,13.116804404076952,676.641721897807
4100,645.2810322548337,649.1993313470655,12.238989099028856,679.2841625937627
3818,678.7887925795168,683.0838731780482,11.30691702825845,688.0917159472111
4000,681.1453460770646,685.1234101708907,12.126389824195389,689.9364268619057
3845,770.7159410438885,775.2394471855243,10.968031527090059,780.7508024313688
4119,816.2948843258185,821.1183990130098,11.018206531340235,859.254578671988
4088,845.5807131271715,849.1482170459075,13.244381439916655,861.546285248312
3959,858.9949513060707,863.1132106685553,12.32805320130424,867.7148890155407
3947,861.199524145437,865.5107290316147,10.537269748122764,870.9496311407253
3702,863.475487304376,867.5003212862166,10.447065607779331,872.8098776296222
343,1006.4154977086807,1010.5043897552819,11.093793653559139,1036.5259487539722
4125,1017.6895961247441,1022.0533764748836,10.685239554845563,1039.1382807761465
3919,1051.5486351875138,1055.2758161255908,13.349028569574514,1059.896610650079
3852,1062.8567252390221,1066.3235096319884,14.030226758291489,1070.7279023808971
1678,1086.058077075407,1090.2051714992047,11.971235009447538,1129.2982534676926
3832,1130.9606476710683,1135.478841353045,9.732738285700416,1140.8694986854266
3963,1133.058302328692,1137.3285777812712,10.500281833843852,1142.6179639264058
3762,1191.7052041802933,1195.400222416799,12.121710618252786,1219.0388386599002
3814,1248.6863711041067,1252.1563552454436,13.197059994881197,1306.3848229498665
3868,1273.8443155354398,1277.4790182252973,13.475286780708378,1312.0293967572543
4099,1276.7690082790186,1280.5325596476991,12.251562197525157,1314.27777434976
3733,1280.4504009554087,1284.129217469027,12.37809051990862,1316.4138229234898
3813,1286.6997782074657,1290.3339814997796,11.49245508613785,1319.0303811158053
3848,1308.7018951806642,1313.1943382119412,9.058448327893535,1321.7100719313285
3877,1323.3509754601275,1326.3665067040683,16.070375335772837,1330.2504080395288
1023,1354.2645259052526,1359.026316486431,10.572100001300171,1396.4143507327665
4082,1375.8432156699587,1380.026682240807,12.011911407441135,1405.7676164637721
3723,1444.0022627958551,1448.0033773718897,12.398322518361011,1486.3501617994332
4102,1463.6024933035944,1467.3644052073037,11.938551323722827,1488.9542088689664
406,1480.0488240726968,1483.4217467911071,14.02619212447274,1490.9572915344686
3716,1492.7181634228355,1496.4011332805712,12.614343268368405,1501.9188256251257
3754,1498.3812932574194,1502.3423384948035,13.982961141824994,1506.5480828507757
3719,1517.5552721599845,1521.2093943921368,12.324862565538185,1525.8059720852327
3975,1580.666527740439,1584.5784375919789,13.44335484901354,1589.004848016179
3735,1602.5643586243882,1606.547561012486,11.324547679260913,1611.6367675728427
3922,1607.541340571156,1611.2629771548657,12.972521594046567,1616.058206891094
3968,1610.1847764470572,1614.0356126958561,12.299716188723469,1666.3730236073582
3699,1612.2152036512935,1616.0891724778787,11.878148133511667,1668.8136150183493
970,1628.6981507175105,1633.2208947104352,11.184808385724198,1671.0078475746402
3722,1638.644038664696,1642.2919088697304,12.512241176602567,1673.2629324880709
3878,1672.7151007795972,1676.2406624306293,12.086333850481973,1681.6291264422114
3966,1680.857741953129,1684.5354708112627,11.876117786641608,1689.2733927228915
3715,1699.8444342975927,1704.227156677781,10.178770558241105,1756.465214763141
4067,1732.0414378833027,1736.5350982720486,11.853975541959135,1759.1778744380722
4095,1734.183878815151,1738.4316134327885,10.50114136747532,1761.3075676942506
3915,1760.6947733745294,1765.1029561097416,11.063650887902842,1770.5639402414656
3967,1765.6818076744041,1769.5220636340011,12.190949575079708,1774.3440786831318
3991,1792.6575499236035,1796.3472956744235,12.856981098179974,1846.3603209227551
980,1808.160816227252,1812.0369015584736,12.04705837311796,1849.281151736204
9450,1849.0451249097023,1853.4933200008566,11.174171101811172,1858.9027576642384
9435,1851.363846886683,1856.040284755997,10.00658987555225,1861.8108586438639
3644,1893.9967452656047,1898.2766834930985,11.89927340918999,1936.6570202895086
9210,1901.99355935353,1905.2758721936027,13.890093289427574,1939.4130716166935
4525,1914.7739435370377,1918.1046045357734,13.145648792342572,1943.7947958734132
9244,1965.9510432485495,1970.0853023706136,11.404136192814844,1975.1675785881762
9216,2029.0675319092995,2033.1751241789398,12.538034522762977,2037.7043550918352
9625,2093.887046287009,2098.0238813329047,11.015095244736308,2116.7074638500426
9621,2098.906741875963,2102.472853780538,13.801564624086158,2123.1132474033757
9365,2120.2104170644666,2123.5755766824077,14.331427466979447,2129.9690513818377
9374,2149.47600969344,2153.422072653069,12.014397985404626,2206.577080006228
10171,2173.971532440001,2178.125420550185,14.267187930891009,2211.258238910926
9303,2191.080265222423,2194.3537615841306,14.33019348815562,2213.3992023493215
9379,2306.8644281352445,2310.278726063179,13.14051751690719,2314.6475709983342
9495,2324.7262098503384,2329.126017331806,10.51410307261336,2334.7249304651536
9258,2327.217924002878,2331.106023251658,10.38569848799396,2386.278987103846
9206,2353.5437510333327,2357.2949131561104,13.170156866886215,2392.3334874199218
9448,2388.4228972499723,2392.505552316033,12.152252934634397,2397.2135964413515
9330,2390.648237128944,2394.348270599405,12.553277173589098,2399.042625182407
9301,2465.4702282021995,2468.6392294940965,14.787806529684783,2486.323525516397
9281,2490.9736666157296,2495.38689478193,11.363646044089178,2500.450976626792
9274,2493.018141318116,2497.161587838861,10.793832973883642,2502.3259598718714
9380,2495.0297332143264,2499.049962714764,11.715379769437662,2504.0794857962874
9351,2512.55662434971,2516.288383839351,12.154326597876757,2566.3213709552233
9394,2581.0614028330906,2585.6112937993453,13.725301043392667,2590.036760101211
9249,2586.610600274378,2591.1446706432635,11.006101244009804,2596.376739759266
9269,2594.8329888362186,2598.2536807243246,14.286513118997213,2602.4731007656123
9469,2598.269845778655,2601.3270764354265,15.247288246079238,2605.235405641854
9446,2661.399906776878,2665.1926988728083,13.463329792133997,2669.6883411420363
9410,2672.1805964941555,2676.474541210354,11.176758962481898,2681.834261195768
2372,2705.821833533059,2709.508476132635,14.418771016735427,2750.1565768826445
9486,2759.3881741774953,2763.503344512091,11.316262052352867,2768.5084818073756
10180,3093.401000954277,3123.083976998559,7.263467591821931,3128.7599903257883
9246,2808.8042214720226,2812.6156174400667,13.996799882519873,2843.4603979758167
9212,2816.9026347887634,2820.4533353141887,13.431178206238865,2845.2912923139274
9429,2863.4795766544103,2868.0375026527713,11.96453254255858,2872.989762753998
9440,2954.257459674329,2958.1459439552086,11.821235558624643,2963.131514906504
9458,2958.8206272126586,2962.5615495396787,12.8206697027385,3016.322106490155
9309,3003.232958001713,3008.1399961487,10.498056534248715,3019.075213842765
9597,3020.190404776082,3024.4836728877513,10.147554098535766,3030.040722515627
9316,3024.1347057258185,3028.346209268109,11.209129953874312,3033.5722880645503
9369,3026.1697206275044,3030.2474753034558,11.337010563672349,3035.407113814971
5904,3056.907781737719,3061.309477988902,11.35667682232662,3110.0163570265263
10177,3064.8782148357373,3069.135032336096,12.20277744767644,3112.5877386137554
9339,3143.329674327377,3147.3263709907123,11.545087390461884,3196.6909566230293
9470,3198.705609757415,3202.5565341397783,14.98010135278455,3208.218104724403
9441,3203.0102607121926,3206.579125257182,13.391491133416086,3210.986330719167
9354,3205.1079501897298,3209.4749913614464,11.303950913998301,3214.895630008202
9352,3212.4160074096585,3216.098525520384,12.65121541644088,3220.684583269941
9209,3246.1149385311787,3250.0466812504696,12.419405040172961,3291.2690915850644
9198,3248.194409247148,3252.043152929642,12.139072654918591,3293.3930749808806
9596,3250.2213532075784,3254.012524305828,10.455777736331573,3295.231524956032
9600,3262.497056936812,3266.2991799042634,10.468823401030598,3297.3600297706485
9245,3295.057667920081,3299.37612510378,9.174481408526754,3304.5167681030957
9060,3356.1332560463884,3360.1216519411428,12.91964327213996,3380.970195676629
9617,3365.6599481162843,3369.2277096596604,12.882969143949852,3382.856407170379
9335,3378.429907876507,3382.4495464013416,12.649639091698877,3386.984558443333
9449,3380.4524118099353,3384.3665385880163,12.041881364568612,3389.094407868462
9319,3382.4852847152315,3386.420063297626,12.20091266960612,3391.352804251722
9257,3389.1768869864813,3393.138406285974,13.761138660859876,3397.4364998118535
9611,3433.329927528772,3436.2821032869892,15.952459012892211,3470.837936101265
9259,3475.454637244528,3479.211584286555,12.975918347886095,3483.889324576723
9607,3513.5238946588056,3517.60054534218,13.658297243921535,3556.554821568837
9619,3527.62790460617,3531.398827150805,13.185832287201864,3559.2882586155433
9239,3532.6747490396674,3536.2839288565956,12.979411636591635,3561.784832408023
9603,3538.082985039533,3543.099992340144,8.882941655946869,3567.126569644637
9205,3544.2457221890986,3548.022309267691,11.597066221798435,3569.4871430818616
10148,3602.9902903805264,3607.511279493396,12.997205836692103,3646.328515316369
9513,3615.1729636269515,3619.1721963764608,11.766831333571014,3650.8771431612777
9514,3627.37833872462,3630.6182480152233,13.341292061954986,3659.427598659978
14926,3649.050327485481,3653.0172874456034,12.672266297476906,3667.3263214364024
14890,3655.386433959218,3659.4164800403264,11.589586299745154,3669.9324492726614
14911,3657.3903430784676,3661.3287699781536,11.678050261338592,3671.9897960939743
14998,3659.650144904236,3663.358197022519,9.339715608914736,3674.6135475465767
7850,3693.5417015534204,3697.4059850961944,13.332935666816747,3736.5910889781862
14881,3744.7792438591396,3748.501606416294,10.339778863406828,3755.4560504877727
15067,3799.3249492634936,3802.5510633502213,15.222150167788929,3826.7055784137633
14712,3801.4030161183287,3805.4837445995963,11.649205982190658,3832.195817654013
14844,3828.3110565354814,3832.2989704246106,12.572401569464288,3837.0304919641076
14873,3861.3653953504945,3864.5968877394957,14.061834029369859,3916.542576136435
5850,3889.7610009314913,3893.3547460441805,13.052762362255049,3923.9706096037876
14889,3918.9207623218417,3923.036100782188,12.54132935325673,3928.420081067349
14871,3923.328771456037,3927.515654737173,11.441782329137263,3933.8934986613285
14930,3936.8411297756184,3940.3369907866722,13.576798088723528,3944.6667357424103
14900,3946.023923960517,3950.4636538079203,10.452687528164017,4006.4644347541093
15020,3962.6966575655415,3967.487942891439,10.633799803830511,4010.5773364989996
14773,3964.989113381969,3969.420516086805,10.181748804333571,4013.815931645234
7201,3968.8423148045076,3973.1477444787865,13.590863643750987,4016.0547899403887
14835,3976.9059063610316,3980.159437132732,12.680181370931523,4098.222099855348
15059,3982.2891971461763,3986.292966820678,11.365704655100535,4101.016489514571
14954,4012.2711499441557,4017.19969309486,11.081284587866163,4103.2419936849055
14811,4014.5077471221407,4019.01476403468,10.230646723403424,4106.105399938398
14774,4042.6443307451686,4047.2850084710904,10.753927284335944,4113.4005914541285
14697,4106.727824569072,4110.047724676318,14.188542526683317,4121.844036883891
14839,4278.443441289666,4282.500915994089,12.8539269784165,4287.344446494105
14903,4290.998656591723,4295.21758004455,12.467737884281595,4300.3931834730865
14710,4292.951278808638,4297.368241396995,10.614018943872965,4302.734805443577
14821,4294.887957539386,4299.311499696874,10.851003095828254,4304.577151404451
15652,4322.738161365128,4327.263001827583,11.38648521473263,4366.336319450585
14622,4336.80478209092,4341.139961804936,13.839813818652686,4369.929891327873
15185,4339.891684303295,4344.589554995735,12.460925160232039,4372.485520498838
14729,4345.516818160597,4350.231907375334,10.62628283235597,4374.767207162821
16416,4349.469093196753,4353.528861063014,11.288695671873553,4377.063540306075
14756,4522.875203803411,4527.335625962421,9.999998874445863,4549.3499631012355
14790,4556.068855190201,4560.052341708214,12.982137575381168,4564.392360350288
14973,4563.173639866356,4567.177723024634,11.756290218764548,4572.105468901989
14948,4565.249990532732,4569.187728241241,12.355921802838184,4574.102331551141
14931,4575.819689764204,4581.226495555085,8.4365095377201,4638.293857625026
14944,4577.976895343559,4583.254925411316,8.565656957458456,4641.875920149655
14979,4580.042366097258,4585.340517099888,8.633598120309008,4644.448116097792
14747,4797.083602987228,4801.360545405368,11.089695458881177,4822.513204943049
14874,4824.649198820555,4828.376962837166,12.390435043994822,4833.070683650051
14929,4826.416550695612,4830.129175203809,11.05739151235261,4835.025406964956
14992,4828.531693899825,4832.115137708004,13.301941977028154,4836.851672032011
15033,4832.443349757058,4836.455709587836,11.32625159169281,4842.081954471094
14869,4834.2371514697015,4838.372886719458,11.920755521420682,4844.768733776344
14861,4836.182008495264,4840.202108192163,10.948407454727214,4848.787288734321
14927,4838.294410940285,4842.505034243698,11.37764596055715,4851.300923859322
14798,4846.663810471735,4851.1337407252695,10.300398544975245,4906.356547674484
14831,4848.5671870099095,4853.0557415211815,9.555281000593235,4909.251384963144
14706,4853.950011214907,4858.3227570684685,12.071748607051967,4916.27672377563
15054,4865.528567477567,4870.070503855809,10.390169604226989,4923.224678230267
15126,4875.39847010842,4879.21970209159,9.706239245788746,4929.16224126765
14820,4985.060565557683,4988.340920979629,14.418672707443143,5003.377617769273
14764,4998.464323188559,5002.274545113847,13.02461599669326,5006.706387324371
14868,5004.445036229785,5008.499059818816,11.473965655690202,5013.420505750654
14736,5006.353818183159,5010.3098276019255,12.629563781179018,5015.280862601654
14745,5016.099660187106,5020.305206604334,11.298266506544586,5025.573077119709
14769,5060.249691364174,5064.188695626003,11.881765274480172,5086.672272521307
14970,5088.857535560406,5093.427008123914,10.928269921265438,5098.838172294529
14822,5091.17020356056,5095.415038737191,11.736422624051807,5100.810150777072
14898,5093.038741712182,5097.181801714825,11.200719770216848,5102.653666397411
14705,5094.9192205962645,5099.285556549626,10.650781711553604,5104.524041947604
14834,5097.149255935905,5101.2605760343995,12.094721348375884,5106.417299080981
14980,5099.024506085586,5103.1576943253785,12.03123188904924,5108.418742446983
14917,5111.244270659162,5114.623936521938,14.672505698072724,5118.964948466392
14936,5178.610758188115,5183.118032260114,10.613981411465895,5188.563700332117
14988,5180.673335399541,5185.0958212041605,11.682597597757697,5190.460693632644
14730,5192.437847354183,5197.083163808366,10.848088219830563,5202.50688510383
14897,5202.724254694493,5206.485735164233,12.431019341454109,5211.314602596593
12582,5228.981674593646,5233.0019404078075,12.026108576570309,5269.1936956260615
15102,5239.983613256432,5244.289606199111,11.37334136989411,5271.707874008191
12096,5403.441242241584,5407.338927209149,13.688279802131685,5446.571948334345
16352,5420.22425109225,5425.093604419055,11.911482154670729,5454.1757574004405
20603,5430.356045399992,5433.586170113027,14.661681995791586,5458.183025759431
20364,5456.677070454594,5460.486935055136,13.108826977460504,5467.0666818416685
20347,5462.67653662217,5466.146869238558,14.084953258188357,5470.480085081468
20467,5538.965649700349,5543.076392482814,12.50633963855164,5549.134932032663
20303,5548.8350612514705,5552.589980302963,12.413596937874821,5557.276155151744
11348,5596.942520809711,5601.128310519112,12.707675229289848,5626.666302548138
20137,5778.069216157416,5781.603186783808,12.767292249024608,5817.137928302217
16313,5791.356412842568,5795.456842542932,11.059872530876742,5821.419254635386
20458,5832.799649450852,5837.286957352658,7.788663333647784,5905.777693908254
20359,5898.9201516813655,5918.179382063878,7.789597766249562,5933.249052722291
20408,5913.883599320407,5920.338551504521,9.038790528883444,5935.385516977028
20348,5922.352844051747,5926.523162209474,11.194274936877314,5986.408826985222
21101,5944.992460917751,5949.35256372701,11.795362499963279,5995.09338973246
20370,5991.1783617971405,5995.265780785564,9.287088932033642,6006.226992836942
20476,5993.083356260269,5997.303516277618,9.06200092033293,6008.514090418451
20417,5995.029997892693,5999.403470548625,10.850582560413805,6010.531985286811
20361,5996.87076613435,6001.390711678201,8.666817657773802,6012.50188371667
20302,6002.328725438093,6006.172015258146,9.96842014943484,6077.654610729322
20216,6023.676584175764,6027.318249941546,12.619068682651694,6082.361493532476
20387,6078.561720077035,6082.473506810501,14.889195233678073,6086.466015355022
20393,6101.0406970429485,6105.239111550934,11.213744623144583,6110.446096387268
20218,6105.898624663567,6110.114874289775,13.53241522881749,6114.6962092833155
20334,6112.657534654256,6116.392625434514,13.10721245232433,6167.439904926764
20243,6114.816577807437,6118.316610561808,13.356665782437524,6171.8592805480275
11933,6128.937514352037,6134.363435545906,9.123801108727541,6176.656539331024
20486,6179.652124691703,6183.365894513873,11.376105852387594,6188.613218161494
20224,6213.4539149783595,6217.561438057271,12.389628367514025,6259.184510967905
20602,6239.8030848998915,6244.2495701158105,12.651165511338913,6271.369087858108
20397,6283.658489154974,6288.221160606654,10.325191170164167,6294.002817462294
20120,6303.808420099261,6308.376936322745,11.742505323305666,6346.331480663834
21244,6306.600948279291,6311.494462107338,10.574814461698956,6349.6924244394695
14100,6316.198887586,6320.54529364525,11.950839926771003,6356.788560464053
17598,6320.588229099475,6324.346788414309,13.665731948451047,6358.933659319037
20418,6333.621888956602,6337.449850854512,10.904586774760466,6361.8647660894
20575,6425.565405339679,6429.471790997478,12.056123793871736,6441.024376463347
20212,6430.514009547492,6434.3085542943945,12.334869260651171,6442.999472116014
20474,6444.53121574447,6448.458210455152,12.595064424630529,6453.245743097079
20578,6483.348259921124,6487.086166651972,14.168562994226168,6526.308975958255
20320,6494.667385515874,6498.417666289707,12.571390421434414,6529.359770524568
20624,6583.516235330033,6587.095691916611,12.674418975175051,6616.335984324895
21221,6752.705791999819,6757.201068546027,11.058326387328135,6798.035505997267
21159,6784.802054299572,6788.499008435417,13.219544394853203,6801.0850113788565
20247,6789.807694609152,6793.495934454789,13.12762401100968,6803.6294261736075
20378,6801.022549645881,6805.329984291678,11.099821629331688,6810.785770016568
21138,6852.350036892924,6856.481184424321,11.815876449824378,6886.351539120555
20614,6854.027052781522,6858.286454632189,12.231935892324199,6895.217997746392
20463,6888.73856917071,6893.217392024362,10.216716520047271,6902.757392229423
20435,6894.113346227831,6898.408051046544,13.222664892171716,6904.797025256811
12010,6935.7120148079075,6940.272171993355,11.198392763662854,6979.230681839805
20271,6963.710172804896,6967.5552271604765,12.82949675408828,6987.776398169701
20611,7055.528656463008,7060.056496128928,10.12907791889966,7068.894261181902
20351,7068.992857548627,7073.3322808488,11.790912142004116,7078.063737638981
20420,7078.596707118937,7082.51837262935,12.67365957483065,7087.406938577842
20584,7123.974305034398,7127.438386906694,13.973967159013249,7156.473185532414
20240,7129.255613838585,7134.0776130403,9.608515966835201,7159.278059241071
20194,7131.386395520624,7136.103034485891,10.248939108684539,7161.560328059584
20201,7162.122003816393,7166.507767478516,11.547797640293423,7171.372267402674
20183,7207.647052666772,7211.337352695534,13.696475217956742,7249.155421766068
20502,7248.667095551553,7253.326465572799,10.396738891215795,7258.806055656235
21817,7297.822352024154,7302.1234748379675,10.957425847056127,7341.339742979254
20127,7299.949848279412,7304.032241441884,11.377357597068515,7343.969653979693
17435,7565.698542574723,7569.518471841232,13.331955710247925,7606.366784781748
20521,7585.351217970384,7588.426870829535,14.283317773607882,7611.773741706491
17548,7746.758873401755,7751.126357404463,11.510176757631825,7786.379147175556
18143,7930.388669069813,7934.59040438553,12.70901938485849,7966.8803122319205
17588,8108.102492504489,8112.046904284439,12.095738702442175,8146.749540841745
