2089,165.97313591803197,170.03321720329498,12.755160388754089,174.49398892282213
2033,203.90749164223234,208.0227054535869,12.730882935844114,226.320456560035
2861,230.87567493662658,235.45213518713223,11.859451628287523,240.36340487415205
2783,232.80832978099235,237.18609094420935,12.345646387830413,242.11720959324464
2070,282.6197517178818,286.19241889981436,14.656485246231298,316.5128287809826
2093,318.8393969118145,325.32256322405465,8.067815518022096,332.20421060127626
2052,343.1838240121487,347.3449527555193,12.837570829288463,351.924496018227
2121,384.4727356249448,388.4643642492089,13.169163985785591,406.54033467525005
2107,389.1195753447745,394.0088224178022,10.210848919630255,409.1194288495156
2061,412.0273655941648,416.59647149140005,13.063157874917213,420.83551693716987
2781,413.9857119239515,418.45956295228615,12.054910340114084,422.9793290509588
3428,457.63100543259554,461.53362965570824,12.875988949182664,499.231386802043
2113,469.6280793412076,474.3884278918394,10.996886379267774,501.3739484154808
2857,498.68967545036634,503.0827483371348,12.123935555266996,507.68253340069805
2755,501.0261248620936,505.1283844782084,12.50771926046696,509.57528881442727
2846,503.23342313364,507.1511585629326,13.066414267543731,511.3448485543438
2765,589.009082508168,594.3989180679212,10.210169723657568,600.1844044473573
2767,591.0863511019104,596.3553164149071,10.316103198249424,602.0888880214467
2072,593.1905409196468,598.3885843067555,10.649991933858333,604.0324730277066
2141,595.0570302927564,600.3206905545115,9.797911354514163,605.8205557654557
2063,620.7392616009425,625.5143627799107,10.362439204595685,676.3041039576984
249,642.1224366352975,646.0473153899475,12.263156144627185,679.0060885507634
3405,652.543615360737,657.2556387991552,12.027070909768598,683.5598593888892
2814,727.4587518263464,732.304304716405,10.484634577762991,769.3019064033737
4280,773.7698594442315,778.2879264557632,12.312517379031249,783.1943142525666
3431,775.6859627029122,781.1025173544499,9.380719931768118,787.0207422815196
2825,777.5703272817345,783.0705468875444,10.150696238042915,789.0173780945648
2074,815.8367759557846,820.2477556809031,12.677618401607411,856.55804738216
2805,858.5981332019807,863.2720652267277,11.451796921916367,868.2275521309533
2852,860.7909721101373,865.4996334048814,11.041182260926306,870.464818677173
2764,868.2055703026748,873.2731361205564,10.459788087349292,878.7272020789824
2793,875.0259496225804,879.0646662791157,13.149508963687513,883.5679015988558
2026,876.8855833477384,881.3930726278413,11.982645497343967,886.3168973997875
2056,883.8080063990731,888.4585394377488,12.976311066838186,892.817103617301
4987,912.3668235918107,917.0088466475778,14.911691365238509,946.4702359841908
3464,921.0810669869692,925.2605404337066,13.756890495475483,951.8695106853709
184,927.8841697487121,932.0827294029096,8.947387834931353,957.9433894884232
3871,935.1513657757399,960.2205430568454,7.999122170351623,965.5080739365684
2744,937.0798765734163,962.4324482106571,9.013976032614497,967.4018774269107
4922,948.7553767372503,964.4769413511992,9.580179106095821,969.8298086876472
2058,951.6178039407874,966.4357866160443,10.517801586533789,971.6752023849567
5054,954.0766689649511,968.4469073809621,11.447746148478195,974.1201807450741
5013,963.9817129808622,970.2436598957015,10.9518473978811,978.0597268504678
2808,966.4738420146356,972.2480738212467,9.604065368473648,981.0578175681275
3884,968.7418599519864,974.218099199701,10.808245045971761,983.2988810487844
2821,970.8658084484006,976.0347256352346,8.96305831358992,1036.408227172957
2022,1040.4747197847857,1045.4566608303958,9.823270829325567,1050.9901087565838
2829,1128.9446064230783,1133.4308053136,12.915078397180665,1138.026002904882
2806,1131.020681755322,1135.2271136070435,12.664197533562279,1139.7305763983845
5109,1175.1956954502882,1179.2504979871094,13.467127423827606,1216.4000971617995
2040,1197.925665162758,1202.1361487667432,12.471732932528711,1218.9229666137967
2766,1218.351258104527,1222.5339569078822,13.67899935824294,1226.9522285563937
2794,1223.484588616115,1229.037109617548,9.540994831629687,1235.0110603387623
2028,1265.2645335084565,1270.0005724337445,11.338675823404813,1306.5610278187664
2856,1308.344378633161,1312.5736046768782,12.877274091520405,1316.8219736156957
2035,1364.9208273087356,1369.2743270011713,11.939667688229244,1396.308422734847
2043,1404.702501376183,1409.4550968603432,9.719173544863134,1414.6022367070348
2037,1406.642453802513,1411.5218455458403,10.539501123187428,1416.684587236458
2077,1408.5469428875997,1413.3380171097301,11.598855842776397,1418.4962002732718
2133,1410.4446520534043,1415.2298970413722,11.024168003577298,1420.2563278515024
192,1443.8852027780115,1448.172899265648,14.486802443414794,1486.7960667134437
2181,1503.5579617805838,1508.1451420577246,11.675358794662158,1512.8716918735804
155,1552.4575000932261,1557.2847517257755,11.200812658408902,1576.3461552996773
3409,1555.7880020044076,1560.0986043700186,11.44781816464849,1579.2049487329646
2866,1593.1639793372726,1597.4862668883995,12.992698497986204,1601.9902433875095
2085,1634.5921064857298,1639.0581935407467,12.281076530806631,1668.84812396964
2088,1640.0032493407077,1644.4798268153115,11.932711636452423,1671.2013072351021
5122,1641.987904363876,1646.2732538479588,12.24115842343918,1673.3658665768246
4361,1654.762909878351,1659.1113774854384,11.756720236081792,1675.2596308757124
5020,1668.9048377089782,1674.153744607551,9.594105005085343,1679.857870706511
4970,1674.342410852731,1680.2028054607724,9.780710036093536,1686.300634840767
2833,1680.8859793411457,1686.2775990120335,10.193882333220477,1691.8164494746654
2120,1683.0739348957438,1688.138346285496,10.78510356005861,1693.7652463889638
5064,1685.333905776915,1690.1464461319833,10.593304530286591,1695.682880752507
5094,1713.6634376230973,1718.5056015472405,11.748668050282879,1756.6954120751707
3436,1720.137273215063,1725.1615829216423,11.392332577241183,1759.1480058628604
4286,1722.2830778506136,1727.047269175516,10.428733276492313,1761.209366982958
5007,1727.2998139226545,1732.485758312069,12.45833165457652,1766.1391935419638
3455,1729.6175727537186,1734.373731406049,8.838395737683676,1767.9768627303438
5025,1803.3869490830273,1808.5232985637454,11.226668454613423,1846.6077467870248
4296,1806.0026919526301,1810.5218285156916,11.451142173164506,1849.1869823474892
222,1821.2565922732754,1826.4288752409254,10.2324878881656,1851.4804761995747
2752,1869.0873510118029,1873.5138202496498,15.887793272855296,1877.1072503078594
2021,1881.5415808993362,1886.188028212623,11.678585674215961,1939.0534482035337
7583,1900.2022000716308,1905.0218917823754,10.200582314290683,1943.5934706885826
7611,1912.7902140783947,1917.3233837024104,10.117524934507074,1947.9792835017859
4997,1944.5370307579824,1949.295851692631,12.742583706631512,1953.775572113042
4420,1986.3088624647282,1991.3075755675193,10.673185395620692,2026.364133605599
3416,1992.8846313019023,1997.2952033580782,15.23234837902709,2029.1811589933504
3909,1995.3668337584638,2000.4094005287602,9.920364049646302,2031.5712890252196
4983,2028.8285718997488,2034.2070633337437,9.51428960494593,2040.0710155938455
7517,2030.9811112156012,2036.2810569751034,9.89070261187727,2042.0328990664052
4960,2032.8550948916254,2038.1468751884897,9.688196531517724,2043.894173717556
5060,2044.265876460734,2048.445377811,12.134470434843545,2053.03983103199
4406,2046.0368712297534,2050.241710756089,12.431775498678931,2054.805855797449
7625,2108.1180016250187,2112.18483981986,12.399031668519571,2121.459961143687
8290,2118.8936191056105,2123.421074093342,13.073761038973343,2127.759931037988
2826,2125.1092997617316,2129.5616828798175,12.719183087717683,2133.955728072157
5044,2127.5339955522136,2132.3217041257317,10.968864366456703,2137.5376168226203
5000,2129.51229545114,2134.1124113643677,10.122971252147973,2139.348951076236
7699,2162.7428827983026,2167.5031711579186,12.593805615785502,2206.507429810249
7586,2164.946513856467,2169.44503345643,11.733475437280864,2209.20195454084
7552,2215.294083491146,2220.4618710489563,10.111286584763787,2225.957193184602
7518,2301.1330709935028,2305.1623402064733,13.525513277982578,2309.4495515225854
7538,2303.158320204069,2307.1026879513624,13.30677174906721,2311.255932179825
7556,2343.0171554995777,2347.619282309712,13.780718964254197,2386.9341020744205
234,2442.6276020117393,2447.355369666566,12.663131189980776,2476.5818874514425
7580,2451.6004665811793,2457.063772015721,9.065981231230237,2479.153205810472
8281,2479.105111773928,2483.0940603314666,14.814105673823832,2486.8905557598564
202,2485.196294972287,2490.3686196869326,10.57052764793234,2495.8489920875268
7540,2512.7565767884334,2516.4896065512703,13.36140300259718,2571.7607379125725
3860,2525.8579932870734,2530.1150382290925,12.652238071799637,2573.9823376966488
5709,2529.659598951605,2533.1967330506914,12.20258803259565,2576.0748662612996
8962,2535.31808572493,2539.417932274295,9.771080683547405,2578.0062091907407
9782,2616.415514769916,2621.243014365136,12.45574659784219,2656.6997153135376
10482,2619.3506686905894,2624.4536363274597,14.139016324483404,2659.345147564861
9832,2629.0053735778115,2633.3876338428736,12.57468303675528,2662.149090492727
7638,2638.9043013117657,2643.3831687279585,10.784911613763695,2664.3655473279605
2782,2644.52063917273,2649.0571012740547,11.04626861535314,2666.411462308312
9842,2660.674391782568,2665.1143061410326,11.784455049129702,2670.0578045093553
10450,2668.0019373827813,2672.4349976105573,13.872837589231349,2676.4920712645016
9923,2729.2577614453917,2734.366302667087,11.684901188175974,2756.0158624403844
10481,2731.892375925048,2736.3779651282903,8.454757588410205,2757.813982640486
8335,2747.3562170991113,2752.281622106266,8.065764074123585,2759.7610955087184
10561,2753.7466490690813,2758.5183962430674,11.638674836711337,2763.5737428564457
7527,2760.745358091529,2765.01714171279,12.593278411003404,2769.620537409429
6107,2793.9212057311192,2798.491920182622,12.587535263080015,2836.3491502391284
7533,2796.729430482843,2801.435990085773,12.923537685325842,2839.087703779836
6147,2798.9371948961734,2803.287726928326,13.297870484869524,2841.3137531109833
7582,2801.626443947539,2806.2933721947056,13.493096715191058,2843.2718041081603
8982,2807.504820899027,2813.016153757762,5.279667763311561,2849.5508766230523
7525,2815.6138665515587,2850.182578028731,7.916101777034952,2855.316952972565
7568,2885.7010771222176,2890.4426653703094,12.053107347576804,2926.3274110933025
8284,2887.626440995444,2892.2542657427257,11.684638837649201,2929.024584336237
7545,2902.3490548702175,2906.524442331838,12.882735426735369,2933.614071673261
5673,2931.4166537950346,2935.5501013409985,12.761527189458084,2939.842323457658
6174,2973.624432542438,2978.136179754475,12.852393287820027,3016.6233809468745
9819,2985.394398591141,2989.561423155072,12.208900752261831,3019.040969408883
7579,2987.203982181152,2991.3278827885747,13.733401966454156,3021.5491388678297
9362,3020.977057782477,3026.1671097651956,9.831226086307908,3031.972074645341
9865,3022.8309555242404,3028.1126578669005,9.236087064907704,3033.914948498885
7537,3078.347499654606,3082.4886454174534,12.581668827776427,3106.7478873141126
7601,3152.9778032253876,3157.3615763786947,14.645616613093738,3196.582931987165
10521,3245.688007182423,3250.2382941076908,12.196881673117163,3286.3993818542845
7602,3355.1654561820583,3359.4650198104587,11.963082473208642,3381.852739633597
7623,3378.6786972805307,3383.437239715547,11.378744839276168,3388.4940632872094
8267,3390.6180557862353,3394.10128309767,14.346976568252272,3398.029460581448
7607,3403.848034648386,3407.4560195672216,15.21924993276164,3411.288882588969
5711,3425.6637631558087,3430.0627407970105,12.046803345643431,3468.898232646567
8918,3457.419058938797,3479.0523023264777,8.569717077952868,3484.853970024386
10545,3460.3776496719347,3481.3199902628326,9.074877895078227,3486.6504808201175
8249,3469.058449840063,3485.4536869459025,10.535184850488982,3491.144001145853
9386,3487.82072102113,3492.1505261041825,12.460917698503215,3496.9784789450796
8314,3489.600068387484,3494.0311756369765,11.398085948719169,3498.8712898611657
9446,3495.01273767165,3499.583523947114,13.12655243644147,3503.8743571053583
10452,3531.854954367663,3537.034052327678,10.879837008950405,3563.3686729191595
7593,3592.887655270439,3597.424661814389,11.4198646634995,3646.51110931041
7534,3611.486489265859,3615.3981830790826,13.611261973511985,3649.3266750835837
9797,3616.3322801113527,3620.3098977569625,12.948218369795134,3651.6269141775556
9911,3623.0308375217473,3626.5965065327023,13.72256608069059,3661.156063486122
9383,3630.8792530492365,3636.099240998526,8.608767900595067,3663.7404148199457
8315,3657.1560064776518,3661.534075967127,12.908693667772736,3669.9412522539483
8288,3659.159670004537,3663.4386022461103,9.3467466456622,3671.8261833075903
8316,3695.765862625121,3700.4463553993173,10.862104938101492,3736.7599639588184
7543,3697.8437574611007,3702.3324175338903,11.80717465901073,3739.303859146477
8282,3710.650002163606,3715.195708255265,12.065130913905469,3743.5408627000666
10586,3741.85179325607,3746.498062398482,13.429926214207946,3750.662589150211
9359,3748.127071039625,3752.5683035305183,11.738790326250676,3757.458320731666
7524,3753.6032807641623,3757.5601975114623,13.275015977286323,3761.6705445564035
10460,3783.352622270503,3788.4827242282877,12.25673121815271,3826.5880222013866
13067,3796.2622166923416,3800.2345548903563,12.839445858605162,3831.488632354506
13127,3805.3842517201138,3809.2294550901256,13.222708971712395,3833.7100826068577
8355,3828.714834278636,3833.312488696985,11.861204497298862,3838.040560028096
9350,3831.057753140907,3835.2349253814004,11.447474507650478,3839.8213446299533
5738,3833.0777806129763,3837.134610593925,12.40068348229921,3841.6800440619786
8245,3877.07824292594,3881.153240304008,13.201784962938309,3916.403241548968
10511,3886.8963743936947,3891.4678373069587,11.0649512325255,3919.11662748918
13113,3888.6185621969157,3893.2486960693345,11.30802111400848,3921.4429134633174
5718,3964.0912576866085,3968.594520001484,12.511692079878268,4006.7877344915364
9340,3973.4904271106693,3977.198879460829,14.182094092350539,4009.5744582423654
9907,4008.8708391207747,4013.0511093256678,14.707112451025917,4017.037424838443
10617,4098.521055915016,4103.340583046021,10.99857390108707,4108.62957444172
13052,4100.589538892708,4105.2022149142595,10.246291048112703,4110.505744186368
13128,4103.1282742865915,4107.477984578505,12.453207865772441,4112.449787563342
13117,4122.672191939528,4128.077772195458,9.420645880280123,4134.152783212807
13075,4124.70423777243,4130.150890079444,8.90383654174658,4186.334350064468
13104,4128.831991141449,4133.0539968525345,12.148973587970257,4189.131570256489
13705,4132.596811079466,4137.042514822492,12.260318244288609,4191.42929839411
13795,4142.868643426048,4147.5486937682845,13.10465931301729,4193.6193086591875
9339,4158.618626148293,4163.281448147532,12.10014760579004,4195.833631776658
9341,4163.8723465540415,4168.3603708883065,9.902940910125206,4200.19911283847
15434,4175.600345108293,4197.118874111984,5.867952449440737,4209.271755831075
9930,4195.014614376206,4202.013737144057,7.425937951446067,4213.02964722162
13821,4211.131118659117,4217.024471074441,8.275848504091732,4222.737629689738
9828,4244.5307269888535,4249.129313286966,10.563959694735136,4276.619259481996
13098,4281.013607273606,4285.4021173994415,11.694089310913759,4290.0131820377765
13833,4283.247270591466,4287.356789168633,12.731584143404783,4291.815812754505
13826,4290.971445079893,4294.617155902392,14.29620204633219,4298.623315837825
13066,4298.832389860236,4303.495284978919,11.092513168312408,4308.478473860959
13082,4308.221651869393,4312.078213731035,13.200487016862501,4366.647542391308
10544,4324.548618954282,4328.508511335209,12.549983432023351,4370.904469207695
11169,4325.890838697179,4330.172041019077,12.836315124115886,4374.044155921707
14483,4336.444919317547,4340.0009548016205,13.7614856379709,4376.2205216981065
13087,4368.96260778965,4373.445904106762,12.577285038839252,4380.107673415676
13784,4370.866940205003,4375.3248921816985,9.743171038166116,4381.989150370989
11665,4509.355808295746,4513.385107661579,12.566335284392766,4546.756678494724
13119,4514.662980241603,4519.244635582811,11.680436182932617,4549.510239603501
13007,4516.593028916324,4521.080503300879,11.695279666171738,4551.582010891169
15327,4593.612164172094,4598.516451058107,11.28318515810153,4636.631314651123
10605,4628.0495061727215,4652.020200895955,8.774434008402219,4657.500978044166
13129,4638.844989848837,4654.252175883135,9.586529140995626,4659.511756142936
11189,4647.987122854846,4656.150271975184,11.863198648175953,4661.358338595805
15990,4693.932456432347,4698.03194731751,12.350339417157613,4729.127018222851
13056,4699.363690740497,4704.212576140253,10.736997293651413,4736.305809925551
8254,4734.2727221436135,4738.582381929108,12.632695968093682,4742.98979320015
11205,4740.558897347584,4745.43492598518,13.673909414134437,4749.606484450942
14930,4809.511160355913,4813.382878818362,13.677021765273064,4817.54543527206
14901,4820.508241815652,4824.166330837067,16.28964196258261,4827.596941482646
11183,4822.654979651404,4826.529335521078,12.976604363761636,4830.831072906647
11163,4867.820022846245,4872.226536213726,12.058483810880956,4911.555239438451
13096,4888.329677688101,4920.089881925312,8.257110823971766,4925.559749502368
14511,4889.972589950872,4922.161860901016,8.696227589629233,4927.398722130092
16019,4893.009776708623,4924.269343604031,10.892342402176176,4929.239676271228
15953,4969.474618641863,4973.359566284489,12.808693510396028,4999.575045155771
13138,4981.291326971516,4985.428647594659,12.702837324494196,5001.796944463729
13743,4983.042195427358,4987.181123729588,12.04984221956307,5003.71831781397
16098,4986.754946329035,4991.003939469145,6.643390336611167,5007.732730226561
8305,5000.838550978583,5005.196741015319,12.65144187071246,5009.8588855949765
15269,5013.194990363976,5018.302066394587,10.807007653486027,5023.36053053965
13078,5017.473824234743,5022.027251863564,12.137926178222846,5026.846627541394
15329,5054.879654622174,5059.438736732985,11.146542162677362,5093.45341131859
13217,5137.322799074799,5141.348128900869,13.692728671067329,5176.645561507144
15366,5149.646966963152,5154.306614884878,15.257507403510628,5179.434955325131
13028,5154.974612312011,5159.554714799218,11.852501251088372,5183.973414572554
13065,5157.006434097545,5161.490691377498,11.236751029698624,5185.701797678005
14444,5232.736898956455,5236.326228216697,14.579101021178175,5266.377632453915
13118,5242.853954636758,5246.569549428675,14.084642095428201,5273.143369092156
16018,5259.334272410195,5263.060174153213,9.330273901553275,5277.095431382255
13083,5271.978263130224,5277.010695103307,10.830889995943481,5282.1047141121235
13080,5282.900189026522,5287.293830340864,13.308616440322613,5291.589181701416
13106,5286.684624388861,5291.155175265079,11.369077473872586,5296.015236521982
14892,5327.741556162993,5332.269959666983,11.746709453685543,5359.652371036635
15429,5331.445070464813,5335.077828727845,14.2964437542982,5361.874764385197
15858,5403.313735373368,5408.42299393107,11.532238375620544,5446.645214335412
13205,5405.576337264463,5410.261543231253,12.039556751950531,5449.41493330101
15299,5419.27491902441,5423.304077047338,12.931071244260739,5451.707307102247
13846,5450.809231952813,5455.410641496379,10.973669287345565,5460.601777425063
13058,5452.76438454945,5457.374461951435,10.660752242593922,5463.050034963706
12923,5458.843289180068,5463.563279516885,12.088334003069898,5469.212730039724
13037,5460.910479436895,5465.368117410013,11.901626126135115,5471.224416334425
13008,5462.922718208297,5467.271267351454,12.138982527868327,5473.064813358823
16070,5465.382020444564,5469.328473863524,13.598089053731483,5474.814003669495
13812,5473.133459578336,5478.0512570006285,9.676044850923626,5483.76770008925
15301,5493.326090584954,5498.215597370347,10.447033036318256,5536.684469219353
11637,5586.107670593448,5591.121241037037,10.05805000337881,5626.424897723051
14838,5598.408466361401,5602.410669197016,13.438934932830962,5631.437619475714
8336,5643.82602699092,5648.089036781926,12.364425014372184,5652.598246678973
15369,5645.844682170931,5650.313483657757,11.488426684275574,5655.211691429262
13051,5651.1856869644325,5655.1215944502765,13.420603248554908,5659.426853654134
18591,5659.164504823059,5663.389122312741,12.488140897272423,5716.523748052787
14834,5676.769008733707,5681.456729120012,11.905700774722602,5719.193364628353
13016,5690.879454985059,5695.325137756929,11.858252254398955,5743.7099338018115
15325,5771.237000964573,5776.474368353095,9.902206644680755,5811.368493304629
18585,5774.712199219025,5779.57050472364,12.347199691579448,5813.465918206643
18560,5781.487520432237,5785.388324077037,12.48509219865598,5815.34813895585
19292,5833.9080107113095,5838.384048925054,12.712234497757846,5842.866242181738
18523,5838.707934349058,5844.392920513329,8.974132959493025,5896.484780441237
8321,5840.808881366337,5846.415804679886,10.07600058770616,5899.477407199072
11252,5853.749845226042,5858.529803432063,11.954646570219294,5904.138349382502
18628,5899.186070299209,5903.591499180327,13.240570166025794,5907.996070583479
18590,5901.391668934311,5905.423997363719,13.310709521138886,5909.708676384534
18587,5903.272585000028,5907.244952613227,12.941172170006265,5911.385595544862
19364,5955.941050089088,5960.049002582889,12.967154240809144,5986.651557696498
18505,6035.222778365254,6039.303160263034,15.68420982419466,6076.577948075814
18600,6037.149612395024,6041.409102791332,12.410646658002829,6079.211975202172
19300,6047.601927959863,6051.495763320249,15.07152965489042,6081.401069954502
15435,6049.477038547559,6053.470177761564,13.15993942729867,6083.425533055403
18512,6054.0206130791585,6057.648367796672,14.598511990587234,6085.600262227981
19353,6081.377524347434,6087.1123236251115,7.462970304163171,6093.825403547264
18529,6139.6703971451325,6144.345373549686,9.930688383275063,6177.911083525751
14415,6168.949880247637,6182.129789001335,7.389084880341323,6187.833564107371
18610,6171.039206475964,6184.326097631113,8.80424264578953,6189.655430926465
13101,6177.116427906627,6186.228342056603,10.86076822477695,6191.624560417396
14846,6179.332605044672,6188.153773388988,10.601260788622175,6193.49725109356
15341,6247.3356657145905,6252.118553444749,10.225081199097481,6259.194027760044
16675,6306.176532180636,6310.202106283419,13.830482941220254,6349.042908072874
16660,6308.229828279616,6312.008200318563,13.832605225036744,6351.373898696942
18762,6313.947032452649,6318.173328201977,12.409251677837599,6354.302194926796
21514,6351.197792379547,6355.475993832334,12.421867673630869,6365.255830305197
16004,6393.200925548475,6398.064346525022,16.306878243765148,6436.806778712535
18571,6395.407057736692,6400.266727104276,10.498108662021544,6439.623585000183
17805,6398.613022792546,6403.02748254213,13.609448866573207,6442.1456525703325
20866,6426.134931519286,6430.375199062793,9.737385029122132,6447.964479408438
21520,6442.897045777991,6447.216723848426,11.773786038134578,6452.046930867756
20904,6455.299097138166,6460.101508649048,12.646817831478542,6464.439807100095
20843,6466.094170951274,6470.5195888559,11.45431261567377,6526.508802112417
21536,6484.886486638507,6489.34956348094,12.197800318731147,6531.395076188078
19984,6487.0436564722295,6492.111169250166,10.482444659640908,6533.374642621109
18549,6592.843034937677,6596.121327042855,15.583695758869997,6616.644866690381
18457,6608.547579114421,6613.4504227487005,10.64252450289044,6619.416489264667
18464,6631.78033753639,6636.282428585852,11.408804780393245,6641.262124307043
18633,6662.715943698922,6667.366239131122,13.245923355543898,6708.975249962251
16727,6665.136410105337,6669.085812109437,12.82872533522213,6711.3231859629395
21501,6671.104237779625,6675.440220780088,13.515139138948063,6715.601706115869
18540,6708.85972465539,6720.106036423416,7.683981408854847,6725.420214063046
20794,6711.045916453932,6722.187998752593,9.20987575805265,6727.345972499327
18627,6768.526788767741,6773.1995126093125,10.789939703534262,6801.205595477931
20392,6798.883544708008,6803.511385480841,12.460424698395153,6808.099360586782
21610,6843.233183595912,6848.042884842128,12.787126939893843,6886.840490262687
20399,6863.87790472735,6868.555410574096,11.253776869501117,6893.970186136034
20865,6874.206278647759,6878.56658014815,11.934237788294936,6895.987466328161
18578,6948.259654128286,6952.488764458822,12.07004487177218,6979.213222925836
20776,6949.610734563773,6954.265277745935,11.748524063758856,6981.567548341724
13773,6953.791019172487,6959.067626549362,9.453964612594255,6983.60067393637
20336,6989.322949754295,6993.582554746604,12.376034362409952,6997.934983968018
18519,7003.045161728209,7007.18587944184,13.05631857487234,7011.602437845185
20830,7009.470320898561,7013.229413842737,13.805927854555065,7066.430658748012
18709,7027.878284937571,7032.1672523005645,12.163302967121457,7073.792110181677
18597,7053.6298747923865,7059.013727702601,6.0499174218444765,7080.0005694642305
13777,7079.887133684851,7084.43504221942,12.106844612116289,7089.133103341823
21477,7090.593529348567,7094.312526983739,14.415327339364028,7098.314035397505
19346,7098.021211189595,7102.299499661391,11.889499724456678,7156.358280609974
18744,7217.050199715085,7221.285954009134,12.714868520405208,7249.376252775531
20842,7229.117977502036,7233.040831816983,12.683799213635753,7251.730774452952
20823,7249.065111569074,7253.323340989173,14.212746788873142,7257.460476001245
20837,7250.992552977973,7255.382165481428,12.591543563047955,7260.028419988529
18547,7276.341788844129,7280.4406513546155,13.395361498524371,7284.766670777363
19979,7293.915124382015,7298.542068283208,11.618765774908937,7336.461045445408
20390,7302.051651864167,7305.325012168171,16.1039091457335,7339.352188328291
20813,7308.640788335004,7312.3305592838105,13.819595828788826,7341.608963708275
21546,7310.471796435965,7314.357826220529,13.23462137071322,7343.79859683682
21540,7395.319986607111,7399.203228093929,13.662937299366261,7426.41475493076
20856,7408.678507050677,7412.281630321406,14.692689051091591,7429.283311863618
21513,7418.347285109982,7422.536268868726,11.503851559710208,7434.393746728318
19963,7428.4451242646055,7432.567951312728,14.233053435115826,7438.229498282916
20809,7434.77939861236,7439.338327175362,12.95199664812278,7443.846245006342
20394,7437.235920171787,7441.462743950933,13.548932736019115,7445.606218259869
18602,7443.141279943385,7447.541640928155,11.661881043386177,7452.3677243251295
16738,7445.09583081554,7449.346093672964,11.35064502136007,7454.215937737453
18573,7447.060802817451,7451.4274135748965,11.042395017268857,7456.238560545815
20855,7486.386063039879,7490.319482818339,13.012412699047804,7516.598982775662
19985,7492.822175678768,7497.081927405852,12.556685593508789,7519.401918201983
20781,7581.478532880312,7585.541830405967,12.069724475283692,7606.395413981916
20352,7609.399209787322,7614.383608019118,10.568382318343621,7619.447006963744
19294,7621.231810357283,7625.224735383879,13.224268535485656,7629.629883569735
19310,7625.297470587827,7629.407930030366,12.7347355724278,7634.016823884115
19257,7627.046065533128,7631.201332063487,11.975563956718526,7635.761318614362
21591,7698.969683636285,7703.422908900571,14.199969672418892,7707.456785884336
19272,7701.3248555218015,7705.472087795441,12.606796687247934,7709.94273843595
18584,7711.770976432679,7716.1327102716305,12.559700115406747,7720.819219329007
18561,7716.825772250664,7721.426000799883,10.99495224360569,7726.827474468705
18552,7718.710554894239,7723.32798747959,11.277783222625958,7728.647329588518
13838,7742.635840076012,7747.559554678624,11.735481952800711,7786.499105875967
21571,7745.169997726426,7749.4614542042655,12.740629269900033,7789.242924460961
20436,7760.484074137867,7764.358329440365,13.590774193392846,7791.747277480093
21511,7762.835723085708,7767.060119870749,12.01538160927941,7793.638614101288
19319,7766.272585738471,7770.283780873646,12.575967364156591,7795.875014347718
18530,7773.076922921367,7778.112974348605,8.724841482982864,7797.73148924099
18544,7796.852837656445,7801.253080285337,13.848916193302,7805.279502874559
18565,7852.570284699463,7858.4160733977915,9.127583948161698,7879.192754269707
21373,7933.430913898084,7937.030829210473,14.311628969564065,7966.394895658294
21612,7951.360774119715,7955.550486096862,11.861251364038043,7971.152683798394
18607,7976.312957519774,7980.396231414281,12.194803474136457,7985.2613229648405
21583,8058.742761905923,8063.18845824884,12.47224012444822,8067.5427509919255
18551,8063.023856472773,8067.527807608065,11.322068327875312,8072.393571429358
18614,8076.974794558981,8082.33966775774,9.734217475831848,8088.319034920739
13840,8103.1344172447925,8108.135851342124,10.90390465766178,8148.875564748835
21479,8112.859024283954,8116.457247392001,13.980838652493626,8151.073503238866
21530,8114.86477612535,8119.269157242972,12.238656645719349,8153.311662406117
18518,8123.011251786606,8127.143953073487,6.071947929600294,8158.87181312696
18531,8152.484071642073,8161.32428871609,9.419293840003109,8166.65786778034
21471,8174.339975647825,8178.241439913352,13.192293776756733,8182.529849974093
21498,8183.565346836912,8187.409014359022,12.943449195219804,8236.470559403511
21575,8195.283839037422,8200.23979694155,10.904642113456417,8239.164510578086
21451,8372.801758857162,8377.096136456415,15.798133735241642,8416.350568385416
13761,8374.808410409183,8379.3633859516,11.602078155842738,8419.03121584544
13755,8376.893570942244,8381.219891109125,12.38046312417778,8421.262157754845
21462,8379.09837117975,8383.116837549234,12.390637691067793,8423.755187546758
13827,8381.047721378245,8385.1376615672,10.661521599704963,8425.879680812906
13824,8508.872594136723,8513.039219665508,15.323484674762785,8516.574706083844
13856,8511.107726019043,8515.580999236621,12.505169881632634,8520.127285951441
13789,8598.952260647728,8603.220737060514,13.505117398669855,8607.387195775562
19287,8603.059618002544,8608.404663676281,9.143224814661307,8614.253326818958
19348,8604.987509954015,8610.34736383123,10.394523285253303,8616.304926129811
19252,8868.951894721355,8873.604273806,12.869907100899866,8877.951853463555
19243,8870.932407576187,8875.274451419109,12.337072017913023,8879.69509698221
19284,9048.63603176362,9053.353821937526,11.759069989256822,9058.235067832911
19273,9050.62638817074,9055.252338682732,11.229689374897434,9060.33816794443
19262,9320.89423571239,9325.56382372469,12.024978619589483,9330.653656047964
19367,9322.71637781251,9327.439365495798,10.778491717339753,9332.567323420571
19282,9408.775797146747,9413.287224451255,11.621176348099603,9418.110572742104
19256,9588.945945269807,9593.461290322362,12.852826124553703,9597.908095794777
19311,9768.902169375755,9773.11244979584,12.642785049330811,9777.422149921927
19355,9858.709074672704,9863.099447878301,12.642543398117402,9867.520909919074
19264,9863.363736496114,9867.289725633464,13.733385413806339,9871.271431383808
19279,10071.592297364266,10075.430319304967,12.970261771671018,10126.568798133778
19366,10309.104395365124,10314.10467861629,10.41050650231133,10319.391736607022
