3801,151.32611963253393,155.37542539404973,12.523693151995511,159.44897790354787
4249,242.66856735540009,246.5445986440159,12.512830557131112,250.53977005994773
3792,247.73582654527223,251.1552368933836,14.14376164715102,254.59185409791868
3879,340.23363859208445,343.30371306444005,16.13463866934812,346.3750373363828
4522,362.77601168281114,367.36335695035746,13.097853601273945,406.7522257189663
3356,411.2668207882923,415.5434417914101,11.776588805176873,419.5408122741046
3862,488.4277457417725,492.12751506912156,13.348743635429903,499.2575159094297
3782,517.8070229702518,522.2557902079543,11.533909677145285,526.6718484752926
4253,588.6431337129541,593.2219476212274,11.525853543447212,597.7107955668372
4241,590.7186594994072,595.1504451066473,11.547573184244554,599.5674925118191
3872,593.0404501647108,597.1356122472384,11.24081625577476,601.4653731572976
4196,615.9937292585415,620.2555660133856,15.617541719375613,624.2228426759715
4569,633.0243894708714,637.5739493776629,14.122575784961114,678.3438578402353
4590,635.4813974633148,640.171888340004,10.18937625400901,682.2215498175107
3791,699.8630549180543,703.5142645758036,12.726387455785723,707.2695562071889
3842,783.1700851074464,787.1354590308406,13.208227929292818,791.0604925135057
4299,791.2744732884992,795.5345537649957,11.644871655129982,799.8133075840077
5218,823.9413451906621,828.0018394323525,11.508974509062881,861.6245063171012
4875,841.9281958260038,845.4113501050795,13.753557629003863,865.7309833276487
3834,846.8658248377683,850.5466498845445,11.281149522579868,868.754231233543
4182,871.9551689630325,876.0566375921973,11.22351256332916,880.3199759407929
4185,878.4472135387279,883.1168934424395,10.770213970096696,887.7587312099635
4598,880.7221062587266,885.4719646044827,10.377668246847323,890.2370992538902
4238,882.6271104567486,887.3423136939604,10.381878602070978,892.1564027678761
5258,905.0991600910542,909.2545728085292,13.6747721233142,946.4858231134066
1569,915.3775234882797,920.2349492585851,9.541423064456962,955.250788933723
4206,917.3585441953496,922.222552405614,11.255230079072843,959.2582868691435
4243,919.2161629368835,924.0859330248675,8.715229706334258,962.0660886888032
3796,961.8492183014351,966.1294350494195,11.334066373370213,970.9864409738153
4600,968.8042441529802,972.0881960288087,13.391284680709962,976.520612358576
4201,974.8618386620216,979.4937421565517,10.640200886749724,1036.766239863645
4258,976.7509907304606,981.4385370941197,10.928149609493774,1039.2389378652538
3882,978.5924254487519,983.2865023604631,10.815919445364482,1041.4878254064022
5265,999.6512026887291,1003.1850578216872,12.226389717075964,1043.6122217560228
4298,1074.1695389669492,1078.1099608431946,12.778245889885287,1131.2999802234892
4323,1130.9861525335489,1135.1058098699536,12.515339991808474,1139.0802916950195
3425,1134.5656008756043,1139.2221630064466,9.904114689081815,1143.9715082691387
5245,1136.5317635214888,1141.1081735497226,9.995673072821432,1146.0140592663224
5280,1154.1451806844616,1158.0713373152535,14.518954987355398,1161.806882263191
4578,1173.2948878363131,1178.1280953484277,10.83415469239426,1218.9673004010833
2944,1227.0306771730327,1231.4900577966228,12.011378319404702,1235.9953363695802
4235,1238.2171569066863,1242.5263022792644,11.707063257557232,1246.639007470723
4202,1276.7373777231,1280.4632898553373,10.238168158530561,1316.0096432848459
4586,1321.3617980890087,1325.5216147061444,11.23724448773592,1330.2145063348812
2976,1326.6620646913755,1330.5168819328671,15.925697576304918,1333.6911808844525
3778,1344.5540622891235,1348.3199782890333,15.480430012548087,1396.8985609451122
5277,1353.1370248134892,1358.3333252208272,10.231667288418276,1399.5181791298792
5220,1358.970069081169,1362.5962679492302,14.376325868473646,1402.0186809736779
3438,1365.0842067987264,1370.175858262848,10.545765218299973,1403.9607428312522
4187,1370.23800196066,1376.1001193123586,5.91956611303016,1407.9523731600684
3797,1402.8745514868506,1413.2610398474667,11.32020633315673,1418.3269117904003
4267,1408.3192025725282,1415.3076186772746,10.89315113748894,1420.3429775112575
4594,1413.236198345989,1417.4340090980386,11.62116617952017,1422.437975140661
3869,1430.310335913033,1433.5796607419998,15.108189304656722,1490.2415630259254
4565,1447.1831210277037,1451.197261345454,12.549071808722813,1492.969667159057
4856,1452.3132080745454,1457.2028677258231,13.105677542797944,1495.3762754069637
4570,1504.0203825824556,1508.0114923493481,12.613556961882683,1512.1005168715149
4602,1535.3999021908792,1539.3760609186963,14.01882639869022,1576.6677233908983
4538,1537.8078821329664,1542.3308648788502,12.027103784867615,1579.8559088832392
4219,1539.8344388052435,1544.1572254085768,10.977396201552947,1587.082980896493
3868,1541.6171607412698,1546.035483133434,9.4237491290807,1590.8470871053762
5248,1544.0910891519547,1549.2532708115698,9.818813783335582,1593.913203152779
3385,1578.89853464851,1583.3477549443687,10.929288884863482,1596.4145217843914
2678,1588.632049038912,1592.5311734092145,13.862012280538668,1598.4784090965375
2939,1627.3805661503325,1631.410425984516,13.796323614457192,1669.5012724445405
5235,1629.3800592473447,1633.3333860407176,12.809272384052688,1671.745221148758
2969,1650.9754079457093,1655.2043071178637,11.111885016498483,1673.8616486383312
2694,1685.010297218433,1689.400375253068,11.143510866397968,1702.3353541970805
5255,1699.3997558826684,1703.0338415112644,11.559155174612652,1761.0877354338425
4204,1701.877871386726,1705.4720711143166,13.69018062409221,1763.4680174375796
4518,1758.9388617937138,1770.129030201559,6.254734762823057,1783.4455573421499
3885,1790.7470964785564,1794.1785598331473,13.849872235583529,1849.2778472512296
5227,1803.3898479568481,1808.1137849918887,12.020011777690446,1852.0392864374462
5268,1851.4415751479023,1855.3302571714203,13.33517069933582,1858.987616529515
5275,1864.9277284222235,1869.403710898284,11.44816896278904,1874.0772428772232
3901,1917.7748764206506,1922.2486547804442,10.3759012900679,1946.1007889702823
4192,1938.6221296962058,1943.1317321808233,11.283797257247237,1948.5194574258098
3804,1946.4562485816707,1952.1323352907104,8.338614965927693,1958.0005117428939
3827,1948.4424872388797,1954.319546892418,8.483134223032245,1961.0867106431772
3430,1953.8394072423844,1958.0979346294935,12.527627735908128,1966.3303532817843
3346,1986.4407589191349,1991.0062195447472,11.742550364561112,2026.4596199590712
5221,1991.6743307701229,1996.3483388029053,11.599700970155299,2029.2741080682383
5286,1995.6837273860829,1999.3852461388437,14.556498459140355,2031.4008268131283
2646,1997.5885108641423,2001.3028362312311,11.729978332374548,2033.7992712295836
4573,1999.556566213138,2003.3133523108002,8.3658221466635,2035.9784663972741
2974,2032.9760634005588,2037.19386609268,11.27151073028642,2041.4477068312476
2696,2037.4400476902672,2041.0907599093098,13.667373355436652,2045.0753714701295
9703,2043.0640230564372,2048.0969858648664,10.638066039045668,2052.9440155628745
9355,2058.419004144675,2062.4944204622716,12.638579926116629,2116.7847811321835
2683,2081.1868203305444,2085.466378473443,11.796130214865922,2119.3008084208554
5257,2084.936047194395,2089.2267904959767,11.339421213025458,2121.6809386187647
4543,2091.1455708256776,2095.384078243051,10.328844925738801,2125.7239898234825
2999,2122.187210054791,2126.1081442746868,12.259703762495889,2130.105556734377
9720,2135.0663161246134,2139.0923913214588,12.160520348939393,2143.142983259961
5246,2169.4693660361863,2174.1738343182974,11.255950677716996,2206.422111126145
5256,2171.4989177673415,2176.163651610534,11.08525937542741,2208.9337512223055
4534,2177.080411994814,2180.61385870259,14.18785004111237,2211.2231043342613
5242,2213.2573023819327,2217.561678913855,12.643490931883374,2221.914788405484
2964,2217.7758523194357,2221.3846162940895,14.230089496458394,2226.2134793656815
9678,2225.6503168171625,2229.4236407668477,15.143986126401579,2233.2277558946193
5293,2243.846216398273,2248.5290589000424,12.217352736830529,2296.60893620114
1565,2255.499957241463,2259.528377199641,12.914181512905385,2299.4312876630047
9715,2329.5425977691766,2333.4010586154395,12.865202972002512,2386.8734447953907
7731,2348.3576882957154,2353.2920891562135,10.56015796986124,2392.1801044655645
7717,2350.2970295662317,2355.167522956047,10.346886681624294,2394.237752449448
9426,2408.3993022999393,2412.2995548479576,13.095613737436029,2416.325984020681
10712,2413.261020459799,2417.152684750977,12.916423086966477,2421.325138127139
10762,2416.9528029453877,2420.361971142846,14.561259129140025,2424.8379949384084
10740,2443.266695827704,2447.391439209885,11.41803245999971,2481.5002403202207
10753,2454.371541892115,2458.396395465486,10.576140976412644,2485.720638551953
2703,2488.93264073572,2493.1237161963513,12.44475405206465,2497.2108202900945
9393,2508.7441648140807,2512.4253947960315,14.229691902376102,2566.549653402565
9284,2510.8777759490495,2516.3737451384523,8.827463417664088,2569.355805307706
9364,2512.926715643395,2518.354456653614,9.443124869795776,2571.410183241944
10364,2597.50607883764,2601.4026686666593,11.705323192806707,2656.4358846433474
9267,2604.0516180750365,2608.178254503983,12.821710068555936,2659.0178569817795
9347,2643.620656136989,2668.124987803868,6.584045495612288,2674.631481373649
10718,2644.8332379112203,2670.267041985869,9.001210065227628,2678.069921672629
7706,2647.316152121725,2672.2337438769273,10.135708720592179,2680.502267591575
9312,2658.766150105225,2674.0709256014225,10.264679625975667,2682.58856375573
9281,2682.10261305416,2687.060581629858,7.456111880147992,2749.178457985883
10736,2683.974275659941,2689.1819991269645,7.586237592701337,2751.425533165216
10751,2713.3817679884132,2758.038055862212,7.373486973997857,2762.840626581624
2657,2715.653197968753,2760.348896400428,8.73057807819752,2765.113100866177
10732,2717.657767729799,2762.3678060683105,9.747495486722812,2767.2589670058896
8969,2748.6794598385236,2764.3550924869105,11.043429595023053,2769.084273155546
10391,2762.249382848601,2766.4369431466894,12.965493110167243,2770.898982991539
10062,2767.3230804303716,2772.0090130020358,11.078874687102132,2776.868575274556
9270,2780.781524199884,2785.1987611812547,11.830910659200583,2836.319588672244
7779,2782.7451967127745,2787.014680153468,11.956717137334032,2838.797103294076
10441,2795.8917786862894,2800.1923046080933,12.394371293919113,2841.3058707382083
8531,2838.960385745313,2843.09444033325,13.820653506353972,2846.79949714545
10178,2841.1744959652156,2845.4708182242607,12.139756752159053,2849.7656675197513
8476,2845.039750083899,2849.4420773087522,11.407123665376607,2854.0945430652505
8445,2846.986574692892,2851.3003775097304,10.463680722010254,2855.9451966293095
10823,2885.17556849126,2889.4918377983427,11.479832751449862,2926.601131796371
9370,3019.021460811057,3023.360464526364,12.994362128670032,3027.167711240518
10037,3037.595588294325,3041.495110052994,12.73705102639977,3045.4330589384654
9764,3047.7336705544376,3051.425188149653,13.539229775167051,3106.466510894151
9348,3114.9594575406086,3120.140312597513,9.027433558779801,3128.9713592311896
9666,3117.266330981851,3122.2384765473707,10.064963972326847,3131.1613078752566
9673,3121.137307897582,3125.3155243063757,11.79431875314477,3133.426993096347
10352,3125.342144166817,3129.0044165656195,9.726992140887605,3135.590857593807
9342,3137.540583754182,3141.4026139879975,15.137165204662827,3196.2871270344194
10031,3154.9845853352663,3159.02973884904,12.629927541616889,3201.4633915088652
10074,3157.0293386110943,3161.1370246572715,12.303458586122991,3203.6126985900582
9708,3159.372776153728,3163.2263778884685,8.67828232518326,3206.129587677932
9680,3214.4430502754285,3220.002140181264,9.588147048671424,3225.427196432442
9328,3227.9074248419674,3232.0700946979114,11.78379467191206,3286.28278653952
9296,3229.9580242026987,3234.252214922462,11.644681610964826,3289.278430728543
9293,3231.8309012616874,3236.083593019792,12.415463641498365,3291.5398871951875
8475,3242.7983440285593,3247.493589405643,12.236978807889928,3293.6621818906833
10017,3291.3286572432894,3302.3693527819073,9.884319956880042,3319.004653144687
10784,3293.2859705458045,3304.401342079785,9.013616806939398,3324.321154070271
9292,3324.7390350889764,3329.5007276106076,10.754239000346418,3383.4080182067732
10708,3346.3899245293405,3350.0404745730593,9.2359873874831,3385.4088552494704
10716,3348.298151931777,3353.1035872380007,6.241608770133239,3387.254214068958
9305,3384.92083272034,3389.186683976461,11.09726109836122,3393.7912063431127
9751,3413.7137594953056,3417.2353082060376,14.338873871540306,3466.335911268911
9696,3482.332221952006,3486.120369287219,12.634910483832149,3489.9343689371367
10051,3489.6664387619517,3494.449708731128,10.674607892657846,3499.3334984515627
9319,3574.3748511025474,3578.440946045919,11.613124617893616,3582.693218159918
10046,3576.3244645242776,3580.374454561639,11.629531850774612,3584.6064298056654
9699,3663.4084370717515,3667.386816012994,12.879522681576523,3671.330176099339
10752,3671.9777607078604,3675.334677355802,14.78653326444987,3679.3261266455997
9329,3693.527361824528,3698.043892665276,11.76849080390169,3736.4582014036887
8452,3716.7333960628785,3720.5643653933207,12.55381527660105,3743.909210695039
9732,3739.1376744924855,3743.501011981319,11.829767002003972,3747.5867008916707
9074,3741.467420419796,3745.5196988061866,13.377975500764657,3749.4056354474824
8959,3743.622060308677,3747.502346842237,13.008115609601985,3751.250373779456
10393,3745.4275626315857,3749.3706673959855,13.429754306479873,3753.211603871561
9736,3747.2518809761423,3751.1127565158913,13.263434476055945,3754.8648735103516
9291,3756.721909406975,3760.6024614740936,13.077738706992537,3764.9414339764994
8885,3758.6002520904713,3762.3638539715225,12.598942180134483,3768.450751515178
9698,3764.0973693963715,3768.444676934859,13.259984671672479,3772.908154291667
9276,3766.386418309935,3770.501409382013,12.687272838903128,3826.5921189537876
8197,3803.5431102150214,3841.007779591398,9.638581985133058,3845.4137265754193
10395,3815.069388948031,3843.0931930091547,10.422183982754444,3847.7691777498294
9317,3848.5225068410464,3852.161890779215,10.896238437007701,3862.708407588273
8402,3850.223264940857,3854.076799209331,8.01389457817258,3916.659295943356
10354,3877.426500291415,3928.184912517847,7.351533028909413,3933.3966830345903
14817,4027.524094301049,4031.10396414367,15.745224194686486,4034.278068316284
10401,4124.68084802332,4128.524292361736,13.42167763925697,4132.278092081772
15205,4126.471941582448,4130.249019142555,13.424120616163487,4134.109450770808
15191,4200.503375987631,4204.252857125058,13.574826498188422,4208.043113706681
14811,4210.046670339452,4214.425015845774,11.254476798359354,4218.7905126158
14871,4236.381182422424,4241.078716020398,11.093161175300704,4276.289353960518
10782,4239.043631811099,4243.622606934321,13.404533566751228,4278.788295640658
7052,4247.569652530745,4252.255404726318,10.174192164748622,4280.991771060199
15557,4253.342973652207,4258.000519730853,10.559670458673915,4282.911403549927
16226,4262.405120361569,4266.357214565439,9.84715923987911,4285.004842458876
10413,4280.282842421749,4284.521170999388,10.452249271118463,4288.856719016355
15563,4296.695003216341,4301.310898475374,10.33348372411401,4306.263793220894
15174,4298.620033798856,4303.204213589879,11.049927218504132,4309.949271603534
10726,4315.747344747212,4320.001934666775,13.379451882654031,4366.5636451248865
10368,4326.267965611719,4330.508861169365,11.55612342722425,4369.023071881307
13248,4329.071052303356,4334.03003947054,12.037502801164718,4371.676910521148
10439,4333.476697280892,4338.199286871173,11.184043468430248,4373.799748542175
15189,4376.648409484946,4381.205610877414,11.208171040806215,4385.633207077024
15912,4378.657772260477,4383.0714811401685,10.72872832565489,4387.430475992427
13927,4388.976751553718,4393.444077924749,12.639002094495831,4397.402122291542
10358,4394.755988516136,4399.295504926386,11.74107645420061,4403.40267508157
14776,4396.953819834977,4401.144062685872,12.654264445301195,4456.382866319409
15527,4401.341997505926,4407.067027248459,8.586193341083877,4461.468548392679
16230,4415.02277407369,4419.284974506068,12.012606464030444,4463.604308854724
8466,4417.060328109929,4421.375666411316,9.226770366570154,4465.613972398554
16259,4462.923071312912,4470.221683289983,8.984989624416063,4475.438995355516
15215,4464.810241707558,4472.216584457141,10.396553355156804,4479.497295929593
15364,4467.3073006720015,4474.461245026929,9.741442937272511,4482.443707224938
15541,4469.7499286590355,4476.284562075463,11.569137555264867,4484.719574922142
15190,4472.288546689589,4478.158199207193,10.456771926392253,4488.5768284735
15517,4475.788594566419,4480.14406615629,8.275378928900702,4492.486759114114
15202,4482.911895027057,4487.368527679182,9.185145245101877,4549.3611568260185
15925,4552.53303641392,4559.037974295708,7.262777534810991,4571.683200501256
14856,4638.908587421644,4643.535778421972,11.987845688067038,4647.669484883853
14809,4640.92502178567,4645.3305365958895,12.693253145551163,4649.458663612832
16207,4642.90950472801,4647.348373013284,11.875548701964613,4651.956253470652
15179,4731.161100663722,4736.406611485374,9.544028202613692,4742.026024052266
15238,4764.790238035267,4768.608129280409,13.377948970775794,4818.092700340768
15897,4802.448278984533,4807.116391621198,11.272236009997265,4823.325322451058
15244,4865.245593669027,4869.553876832791,12.013612322724441,4906.322734631091
15589,4873.23849810911,4877.059824471874,12.97855002040764,4911.0809600147595
15234,4912.679885971735,4925.241169541974,11.804073669062713,4939.686213103805
8182,4915.0175486646285,4927.054031872525,8.519377676205085,4942.270147519089
15923,4966.432529243362,5010.010329930423,6.792373997414146,5016.036088591272
8438,4968.559608443876,5012.317653017901,8.750534766211477,5017.865542292255
15553,5016.088140614549,5023.03111528133,9.932454824141253,5027.9855867673605
14431,5025.765969467665,5029.596595277588,12.989084662600368,5033.542572184997
15533,5033.179375601724,5037.4470941808895,11.535570307252808,5093.256149689413
15173,5051.515347012791,5055.268499054029,10.370269575348999,5095.619467975656
14370,5074.602510685136,5098.150811017068,7.0518520587625595,5102.819165745786
14363,5089.104737735464,5100.250774480397,9.318314996676145,5104.890960189953
8423,5095.0518573836525,5102.184572376788,10.476353360950599,5106.676459015326
15559,5098.6050313980695,5104.092224887409,10.070224590299691,5108.825316935757
14778,5111.198080356448,5115.136753168252,13.347840640285606,5118.955950256877
16300,5115.655319285618,5119.504528723844,12.917923291447178,5176.29695365935
13942,5143.584353706722,5147.573832859731,12.680036246918624,5183.607010755027
15193,5157.400480232371,5161.3561627818935,10.558482410100108,5185.93455863536
15896,5165.996008812998,5186.049538106261,5.5609169110828764,5191.781620552158
16206,5213.389366439497,5217.031075940786,14.137900894136745,5266.329257811367
15230,5226.988610640131,5231.506774584616,11.768493842360428,5268.937757769027
15946,5230.025777385084,5234.453571931298,13.55743278962176,5271.124825826368
8406,5343.183690684035,5347.385506602123,13.160207663586322,5359.341627468424
15873,5345.119040018714,5349.176592508493,12.796192456642892,5361.332803166207
15221,5393.1960397020375,5397.53326035369,11.177164757451193,5446.646576817581
8477,5405.476169296869,5409.62493010485,14.173132571616842,5451.951846489938
16270,5407.713158913601,5411.590007008251,13.323023825130356,5454.096581772507
13923,5519.5868258833125,5523.435398450376,13.335668812804292,5539.151741888282
15239,5544.54145349751,5548.241837010174,13.064435071956336,5551.989712222731
15166,5546.6104128707975,5550.269111374255,13.795024094242088,5554.005734466097
14765,5548.550455387562,5552.165254412789,13.894687048087611,5555.843483346292
14450,5598.72683422027,5603.3642084521225,11.008165231199882,5631.535024139655
16217,5601.607769870179,5607.304156149364,8.374021433871727,5633.615124525277
15204,5648.041604025053,5652.512869349512,11.869327818086118,5659.536844429151
16286,5650.337216753438,5654.405920220151,13.641980177614094,5664.080604317578
15556,5655.930756740155,5660.103909574442,12.815196327209382,5716.446346997828
15600,5658.852432701653,5663.003123171327,13.65707854136526,5719.122775975543
15515,5660.905212129523,5665.284533700894,11.998255167632243,5721.225637181561
15532,5662.782709443923,5667.134862979442,9.049855448905431,5723.101220747483
15937,5762.823963713772,5767.320905456042,14.409665672577884,5809.465520678911
15901,5765.090699077709,5769.323353631655,13.828311836396864,5811.777464161818
16278,5774.319496345036,5778.590328719813,12.218402041793592,5813.781777266211
15880,5778.27209756642,5783.393520474131,9.66402548886038,5815.783416618977
14335,5812.306020262248,5816.616901817714,13.412680423742264,5820.346685288938
15257,5821.297344694408,5825.536742471343,12.72999836235241,5837.550282254487
15199,5833.793368626167,5838.251700286187,9.218715813593962,5899.3978349362615
15941,5907.811422032061,5912.257728129653,10.725086914716778,5916.820858020777
16210,5928.278274670168,5932.557671552854,12.01728951377779,5991.000720465635
20319,5991.29214069233,5995.096202503268,13.48767881426256,5998.773143428022
20310,5993.4727055805415,5997.18508812007,14.077148366841312,6000.764609078837
16264,6014.589809880696,6018.604717452913,13.46897013734871,6022.776924002542
15235,6019.758037097298,6024.427752457811,10.824896777074226,6076.532210720531
15921,6024.097718292761,6028.3292284326335,11.643299640602626,6079.280955929419
21782,6041.505677648316,6045.386943166005,12.207906241805356,6082.008357227301
16236,6046.779442621635,6051.43123455148,11.222598050292383,6083.945572275813
21074,6048.901391591057,6053.360774751599,10.59363303224475,6086.324525683425
19909,6090.071747594118,6094.349522429276,12.038770208552542,6098.419890155705
20368,6109.424943465661,6113.467541158817,12.684444645916667,6166.684510890637
20330,6111.235103699341,6115.562995951665,11.692766243782721,6169.601984946548
13962,6122.999565092852,6127.593791172675,12.693498069233613,6171.977802175
21368,6139.201663560766,6143.180333178548,6.995298295629506,6177.829540834029
21398,6151.043988635641,6179.07525074047,7.822579350036922,6188.081122249425
20715,6168.792473026847,6181.051826825443,10.01006735355951,6192.522860615028
21070,6170.831904786822,6183.186745303153,10.081995900518107,6195.361903066224
20348,6172.797825240821,6185.258402070831,8.930514929903001,6197.908480565852
20365,6175.489757459176,6187.3147657133995,7.603979705788391,6199.957339433947
19557,6200.271173304901,6205.043426599457,13.763237735249033,6261.697878659949
16205,6287.457342163091,6292.375049459693,8.377268506315431,6352.0337041356415
21713,6316.515224475013,6320.100080103085,9.226279019400105,6356.271059859666
20684,6352.798799073495,6357.207472651948,9.619150480214886,6362.071973719446
13949,6357.623096993605,6362.082206543893,11.654863202488794,6366.871696994894
20696,6376.568280133136,6380.6252644300375,15.929306403950156,6383.872388752726
21717,6442.891593225365,6447.038021331834,12.13004554139454,6451.237055714897
21014,6635.803131844944,6640.1481234104385,10.821488928188405,6644.694104503567
20362,6653.905626940815,6658.114101253564,12.927585776883875,6709.337379503976
21383,6733.540551015465,6738.0231528426875,12.478916749689162,6742.015879942227
13981,6770.612013608169,6808.264153603817,7.354152934705416,6829.617048523744
21027,6828.202467725298,6838.194899122474,6.571241724296875,6896.0590446075
20327,6943.214004783518,6947.606478289159,13.68175370891063,6979.27514145709
20279,6950.710189899061,6955.263786426108,12.142712578046222,6981.94548170977
20743,6956.427037956568,6961.032719091211,12.225799286262804,6984.076101385303
21037,6982.474193526535,6986.433548235438,13.570186884473426,6990.199957306835
19834,7054.810829967408,7059.229886802011,10.625170928919195,7072.024985794826
21376,7056.977788636904,7061.287309626535,12.282830754188872,7074.189616918572
20703,7068.300456672874,7073.231500753972,9.72697035253876,7078.21032607298
20761,7081.6458805980155,7085.420244580508,13.92341674592664,7090.428318810321
20272,7116.705984491851,7121.128454394602,12.935753990915924,7156.471287853885
21744,7121.763279926229,7126.258519897397,11.551165982945749,7159.2069639738
21747,7205.001467530063,7209.172689567048,12.734891369417307,7246.793149808109
21045,7212.554691927858,7217.14019848274,11.64770190812422,7249.574634808806
21093,7307.15453201315,7311.439100575096,12.90877943053234,7336.535209085711
20827,7343.054537642973,7347.0324255680625,13.24723226622645,7350.717688437658
21755,7399.905141471353,7403.545663969174,14.893354719021918,7429.090085264814
13954,7405.707592699987,7410.186491307447,11.38675224810892,7431.758907522418
19853,7429.067920619616,7433.488421068281,12.552759104945208,7437.629764064118
19852,7441.039788540002,7445.1449915189505,12.658837968637824,7449.049400584818
19896,7446.327877833063,7450.170096855488,13.938987738937183,7454.515155694759
20355,7455.2010974244395,7459.52414333819,11.038538338273227,7464.353440111378
21741,7457.119081485907,7461.376245774503,11.606386198728044,7516.448597368585
21359,7458.904486867326,7463.495640472438,10.517075115397049,7519.0786906822495
21069,7460.773829835222,7465.373107251057,10.020492406114233,7521.534728684062
21748,7462.676205470549,7467.286400360562,10.46299907368593,7523.745350424456
20697,7525.101664809483,7534.4632672895705,10.719127593906492,7538.965430507635
20699,7527.766409225348,7536.286990418312,11.56127029210295,7540.773696047303
20283,7531.560792557373,7538.340797014175,11.48129947992009,7542.749209937779
21746,7534.824049811346,7540.120632350283,11.039072205744505,7544.609420718702
20718,7537.340900281483,7542.111633449048,12.358564673043777,7546.463792374881
19472,7562.90688287909,7567.502089310939,13.320299518171543,7609.380055162996
20756,7588.212772823302,7592.333371020172,12.00774639400493,7613.626108099354
20504,7608.800679125293,7613.207125247985,11.45728846683303,7617.660240673011
20502,7610.972414066893,7615.533239524535,10.986977898653166,7620.142617960171
20311,7613.0090728597115,7617.442314979922,10.239208843269424,7621.859208105543
20299,7614.782802373372,7619.303944037448,11.122094484038747,7623.576089131095
20321,7619.522541228984,7624.116312729217,11.729955621604718,7628.747814257712
21384,7634.320403039865,7638.488438245425,14.127840104844768,7642.75560368761
20515,7702.294436501313,7707.041724726583,11.008247837390948,7712.4285284404
20709,7747.164048754209,7751.529797964923,14.782426076605283,7786.438679086666
21783,7839.684611527636,7843.517937967492,12.782936824357561,7879.1008597532455
21701,7886.161572127019,7891.176592443638,9.649312699383438,7896.2714447714425
21353,7903.599880410817,7907.217878577062,13.29705247930144,7911.105860378974
21763,7925.800099985629,7930.0333255143805,13.506435439477269,7966.28748439018
21016,7927.816465108005,7932.2905564957755,10.60246212430887,7968.876490879251
21445,7931.480886694717,7935.016381108456,13.435115626944372,7970.997531465155
21362,7981.094270495994,7985.069522067183,13.18588278498265,7988.970785600433
13982,8017.5688766641015,8022.036917196336,12.964580435230026,8056.408367770218
21365,8021.518724258072,8025.496211673553,11.816321104761002,8061.425606484694
21408,8072.983656012298,8076.5294021162035,14.036260953703211,8079.978993593206
21424,8086.631356351036,8091.053353468523,10.605339424399219,8146.532745854613
