188,102.31030714212369,106.18990506929609,10.325847705248998,110.79263209773721
3374,273.41704772446434,277.0656911587273,12.570229831215164,280.00336249576173
109,290.1774670673397,293.11788556303867,14.737083991230488,295.78927246483556
216,381.11686872250425,384.041179489707,14.36561386870154,386.889026623424
70,383.9216857184469,387.2130508113624,12.97845921158501,389.99562419848286
3381,408.49299105958835,412.1050298477771,12.288779704056282,451.3429669846335
3369,453.8210571699938,458.25581905513155,9.589217548415537,462.0171183950238
3365,456.2333514333417,460.29859361210634,10.506723043676821,464.0033327193713
167,473.1715777531137,476.4675895355755,12.443803717850562,479.3473316575073
3360,543.7036532139904,547.3754365732257,12.51032678290735,550.2503624163108
181,555.4958767973633,559.0145755144224,11.696544850967225,562.1175959465694
4522,558.4791624150108,561.5739248319226,12.923990316751498,564.5223149986326
84,601.0491938843444,604.2503906301195,12.585196262606646,631.7119123886199
3770,633.6408460066576,637.1770885024013,14.812389754679206,639.5208286316144
3338,636.1261075047543,639.5695330871475,13.08670889331511,642.4840263429439
3784,644.1880028336885,647.0816211600767,14.649103169673761,650.1504300755421
312,648.6978330088178,652.0342722493293,12.899555832133725,657.5613883972866
122,783.1957132772089,786.4580974020424,12.74420643211653,817.5942506307159
4542,814.0091851336002,817.5056715186016,13.045978999867614,820.3488018815007
186,825.8357586792087,829.1989724320691,12.359504578249854,832.3774104326885
3337,903.925854596594,907.497816995268,14.209603179382917,909.7794503518305
5234,910.437253578705,914.4935393071737,10.375952375995412,918.0747699573103
4172,912.6496816815715,916.4954847257387,10.017297785320121,920.0674760707361
135,952.0790442208956,955.1786826612793,13.12830590229688,991.7216098004936
4179,993.7238239612952,997.2302590093232,14.195984777258758,1000.2663380766244
4252,995.7639734614735,999.1146785956064,13.08482989460654,1002.9396481031913
3787,997.8318607977805,1001.0967239250341,11.04623635495792,1007.5529950712373
3810,1092.4522859509636,1096.0297546563122,11.816095010624416,1099.3989681958165
4899,1270.6196774744094,1274.2161966329238,11.281103471795983,1277.4354704234313
5247,1272.547394874628,1276.1446412477483,11.017941429796194,1279.4196491566997
4015,1274.4033809224327,1278.0358060204214,9.935729228234178,1281.7906333676876
2922,1308.7251216413772,1312.3421042813638,13.06818148362088,1354.38729319349
150,1310.7163826362664,1314.1267464360849,11.391724182796208,1357.2185074726797
3376,1443.6840977492366,1447.3078053355725,13.366507264851125,1449.9563752921028
108,1445.7885382953984,1449.0624373054422,12.887331302166958,1451.7436586152046
74,1462.431886952669,1465.0246625772027,15.159699893443976,1467.3290129252223
3401,1538.3710042087575,1541.6188364413,13.68885430199426,1544.2512305669939
2967,1542.1844144039865,1545.4598810714401,11.87929853284433,1548.329251064372
107,1553.6081188519618,1557.0404356104848,12.040465062530608,1560.0406532319819
136,1586.473287445312,1590.048955205992,12.125910605979502,1624.0326682246298
3828,1624.0054131854888,1627.556087813472,13.146209409790991,1630.4151593476513
3813,1626.0280729786268,1629.4146071852472,12.845361036395168,1632.2333764872787
3358,1713.5379198251858,1717.4159874594047,10.962672762821535,1720.5118548674147
3768,1715.6598669471662,1719.311899424145,11.764658063438253,1722.3656023986116
3806,1717.7677323889861,1721.4108024095997,10.924904095526434,1724.5225775922984
120,1719.608775540164,1723.5111397685753,10.846536180460316,1726.9878271368182
4215,1721.3807810050068,1725.4209142005473,9.312312348365111,1729.0096647393539
2678,1723.3719607646526,1727.3684604346727,11.259016571992442,1730.9700187162714
2656,1725.2194114873955,1729.230703013591,8.279963606440527,1733.93724285424
4528,1727.1396376228477,1731.2992175716163,8.916449599223816,1744.0950587407985
308,1733.7354627464867,1736.3696139652877,12.770519736236233,1747.3381737728641
128,1762.7137269489708,1766.412805253463,11.74248782291328,1804.2333642515853
1912,1803.5302972172794,1807.320212268658,11.44966779515436,1810.455100405027
3336,1817.5223729962488,1821.3757705514581,12.336334360007674,1824.1980099406364
3370,1819.5375271089513,1823.1487304641205,12.795908050531452,1825.876240978642
4240,1862.1356226254356,1865.3080237344634,13.579651765825352,1891.3941185355332
2978,1900.126504110367,1903.2699882409736,12.75335868325081,1905.966604904301
4205,1904.3544894443028,1908.1543453095653,11.31062356158497,1911.3164349460114
8841,2073.8927763092597,2077.455023133782,13.055399675436083,2080.2032337232886
5598,2090.595293791129,2093.5776423571883,13.467737604079034,2096.2103551513387
5658,2117.012664054583,2120.414910571903,12.459265137141887,2167.2198567887867
5622,2163.5650869305673,2167.1327218930105,12.305530686128057,2170.0205501501787
4013,2165.465729488757,2169.0136578579363,12.723523950370787,2171.8390702512384
5670,2181.791266541632,2184.597089215695,14.004024544954037,2187.011615574235
9742,2190.6802893213635,2193.6245281964843,13.727470895470882,2196.1817148531195
5620,2222.6767093765084,2226.157261631074,10.138951859356403,2256.3788969102934
8881,2259.6500979735147,2263.22794182168,10.829938223795152,2266.590563821497
8868,2261.449242559325,2265.079312692924,11.754748744456737,2268.4214945343024
4266,2265.6278859049135,2269.3023225436164,11.083071621203398,2272.4565058378394
4573,2267.480511223083,2271.093266934191,11.101460624735907,2275.411825189201
2934,2276.1118020286717,2280.061729978411,10.770449390483291,2283.4661509613666
5600,2278.719469923847,2282.21090574801,11.480693796338484,2285.404629403798
3825,2298.5216636219575,2302.169340005111,10.511539688955287,2346.1841626720384
5625,2360.5968629321014,2363.3741642019936,15.13601139940534,2365.7537249292423
4854,2363.0993020984097,2366.098374989965,13.553825628459558,2368.6276896838226
4531,2388.729631947994,2392.30094741061,13.68506968428231,2437.116157243215
3826,2393.161543889423,2397.027985942282,5.82770238030572,2442.0158507242068
5667,2436.2488022861826,2444.070647011943,5.754146755843218,2448.2897410367946
5638,2450.919219730885,2454.2882547754784,9.868355285277682,2461.1163764669245
5731,2478.7662012684777,2482.4933350125493,12.216994824956487,2521.381695249425
5594,2480.9612655347855,2484.350028062958,13.052505666236154,2524.0841377994666
9719,2523.866281913807,2527.2542480171023,14.776132528476777,2530.916454061584
6974,2568.726880526613,2572.1475298344653,13.830644368278971,2614.4263460337183
2234,2572.6952084181994,2576.1736459261565,11.849332157362545,2620.2963174988136
9318,2658.854014561687,2662.5462681089903,13.715093372683825,2701.588210584282
10740,2720.5348980192275,2724.4742401722106,12.134650536214998,2727.4924614387874
10089,2722.7171522739754,2726.3389690772838,11.17157001234746,2729.2873302742933
2970,2838.436341662076,2842.2997264418623,11.434117329669037,2884.3192014058013
8843,2840.7825754069745,2844.2359986124084,12.945939706771666,2886.9045030471943
5608,2842.7629669156577,2847.0217403546726,9.019401711096197,2889.068457333242
10407,2904.205948506884,2907.5367962117684,13.121738319110673,2910.1191318514193
10023,2906.3563503581645,2909.473347498141,14.161169453414177,2912.0586627678167
5578,2975.4695720042982,2979.177273907871,11.671141419627245,2982.342928784913
5593,3000.873516137686,3004.3784318675075,12.572950854412868,3007.2263641079303
10419,3018.511609536496,3022.215984616358,13.102115204637725,3061.360307015418
8894,3063.807062890244,3067.2413127367176,14.34077290578745,3069.8116664206555
9082,3066.0206022304524,3069.3184471674904,14.216616279157051,3071.8280969845287
10071,3068.3171210335813,3071.498314147291,14.725957793414542,3073.8581422764187
8470,3086.3854500294538,3089.5392493251675,13.603196882150979,3092.2934345516946
6988,3108.80003321656,3112.435252428023,12.47693607083033,3154.336377252626
6316,3110.7688672654426,3114.1860867763394,12.592835304064081,3160.3768949966393
5750,3127.345142102223,3131.1823581454455,10.378598136412894,3163.296273037366
5687,3161.719034012125,3165.5293192970685,12.029359923202241,3168.5441004235986
9079,3164.0019799150946,3167.34280613007,12.509048144412755,3171.3257155782403
8835,3166.2590891959603,3169.4918343769905,12.987167043368403,3173.441224611638
8900,3168.115869253311,3171.3207016524075,10.839609303347162,3175.3223090172887
9078,3172.300135489122,3176.0997226199406,11.63428690429046,3183.9678809633197
5689,3176.1166575090056,3180.1072174050914,6.155483652201826,3241.385092258521
5590,3202.957689605316,3206.351443437524,12.444005943675482,3244.3025607687982
9077,3243.912384165659,3247.529211701944,12.396959998919522,3250.8512089545
5810,3246.2532036749003,3249.563646850259,14.013016092301342,3258.1230213080016
9328,3383.0821084438167,3386.4091425465826,11.450183336109948,3421.3350129940504
9293,3468.6560867257613,3472.2315364699707,13.310769901381677,3514.431666614877
5629,3603.6057403157306,3607.1915254377873,13.106765722529905,3609.7852604692025
9286,3648.7841370613774,3652.4108536944073,12.613142247108371,3691.8398791019395
8887,3704.199518739368,3707.0895682891633,11.534516177040588,3718.2809774357684
10056,3706.0468877257154,3709.478572521871,9.606865954334895,3720.600279244467
10398,3738.575765876217,3742.0880344398693,14.058712867657837,3781.6481239595246
11209,3750.404015852946,3753.4808809865094,14.097231933880298,3784.2923990867976
11077,3785.696576421416,3789.2565532342246,11.255248348761164,3792.413792990131
11155,3787.766277123698,3791.45302201789,10.44200530299232,3794.6440833080787
11147,3789.789823344615,3793.4268442499174,11.429578200858332,3797.097457663368
8883,3828.5851058231765,3832.140456532905,13.055860674175195,3871.551473853564
6379,3832.7339612624974,3836.4995012242907,10.344935625343744,3878.615876220355
14350,3873.4968069036236,3877.004295894317,10.893065017288885,3881.0358286170567
14375,3875.357697493874,3879.2796743266995,10.291837360921269,3882.856867654746
6957,3918.584572809327,3922.3609579604445,11.73509012755458,3964.8455701455496
10046,3920.821134488393,3924.387647943289,11.919358825917598,3967.9114937846452
11106,4012.0725280760385,4015.1974208889237,11.881811059966209,4053.9029880054
11082,4014.1896974463007,4017.426113342172,10.4351185461195,4056.1431498125417
14340,4053.734002211756,4057.509553113055,12.468241772857931,4060.3695908013524
10435,4070.6068239882798,4074.310239698062,10.704914388876363,4078.133733454781
13198,4143.751123642284,4147.522230482667,11.661415885195819,4150.56930696944
13911,4146.028409157215,4149.570399859435,13.087549442090749,4152.421805103557
8150,4148.009017057701,4151.42868077094,13.090669698649009,4154.319267076955
9668,4163.189805030202,4166.617072455524,13.937854127733946,4169.076871792121
11138,4167.659223946462,4171.064536299934,12.399665509251212,4174.0578314113955
10772,4233.722000993295,4237.35369635423,12.730621752385249,4240.720932651381
14824,4249.5348615691355,4253.130918334379,13.83114311253823,4255.70813484407
10697,4254.066457982215,4257.559323577771,12.277420897527682,4260.402989209749
15010,4255.810722692628,4259.2911129724225,12.380051665966553,4263.074375267077
11167,4257.730438696633,4261.099496233566,12.383331704787988,4265.579778351876
15861,4423.431573690117,4427.08167459759,11.778465539592554,4430.124902350052
15587,4426.693800741235,4430.069436491038,11.713182869533643,4433.016322427502
11142,4431.711498783969,4435.150417534833,11.883566344651642,4439.234516561918
15209,4458.911299035685,4462.539749159892,12.843348928095983,4501.35331559896
11099,4472.399656555032,4476.153248419742,10.834980025572664,4503.8367575807515
11249,4474.203342216011,4478.01925179713,8.51147111606802,4510.41002342091
15514,4506.264162713972,4510.087386127906,8.667875793945244,4515.235540439458
14347,4548.610551544366,4552.352954356428,13.703340610833914,4591.645945347472
10770,4550.6574418116725,4554.264459533037,11.457271060104405,4594.706947450751
11134,4567.889510950291,4571.22566716833,9.707483461098445,4596.894538219821
10409,4699.8960245623875,4703.067877940727,13.189184571894728,4705.697922947194
12482,4728.976155880865,4732.569263531851,12.694482863886742,4771.4852930298475
11133,4825.403688076282,4828.5798581585395,12.353439803162745,4861.33280731271
16284,4878.546693287585,4882.295878700386,12.045100514694909,4885.1496386280805
14385,4880.808347368804,4884.430384250361,12.420941938753415,4887.185911353213
14815,4882.798728263974,4886.209401031469,13.009684240773476,4889.969379671731
12458,4899.279197692328,4903.095193718992,12.175907694882849,4954.348982253582
15565,4901.718749028692,4905.46508920528,11.5358447982218,4959.623420343419
14377,4903.682534699788,4907.2907325935275,9.147384420664617,4962.337179589175
11124,4975.641077110652,4979.081107545811,11.428129421845519,4982.388395233725
11104,4981.448168002065,4985.50636141236,10.652647088260869,4988.957112022205
14342,5002.103904215328,5005.4971404785665,11.756587226467502,5049.06770354878
11159,5074.210912547342,5077.410819984914,13.341045541355221,5131.66021510451
12506,5088.694313227955,5092.279950828559,12.994644897992604,5134.272903367725
15854,5161.544062045249,5165.363330712115,11.577953183754698,5168.9721113162
16209,5182.957559726069,5186.495230695726,11.829294670877198,5224.275373204032
15948,5249.669601836894,5253.338976817257,12.538440100605566,5256.626863948183
11090,5281.4441611989905,5285.177706851452,10.79841884824502,5311.694146912063
11242,5283.374828499045,5287.110117462232,11.652702441784385,5314.221167767107
8423,5339.285470426122,5342.4948880110605,13.111055113570886,5345.251360470126
11547,5358.55706410653,5362.399488606851,11.713398398287309,5401.5491694473185
14782,5403.567308517532,5407.026321208076,12.713764566642507,5409.724939847742
11074,5405.642153197271,5409.0345273004805,14.105166828274132,5411.6404703437165
14384,5419.93559919399,5423.4526665271405,11.527401492722111,5426.479669567367
16219,5538.40663849027,5542.261540335027,10.794137799696394,5585.048471502408
15883,5540.550635272519,5544.211539771471,12.770521225066163,5588.995757278977
16599,5542.594958705187,5546.099584529098,9.688623057236052,5591.284610989088
16229,5590.5448512111725,5594.030094515171,11.899675818842903,5597.204940117286
16729,5645.909824735567,5649.364791668815,11.401897263099452,5671.350081278793
14339,5664.463358074156,5667.561656032206,13.71716788545048,5673.992890763765
16654,5675.40657376563,5678.646554005249,15.438843216738396,5680.946812999209
16710,5731.60078232744,5734.414020492663,14.246659206088054,5761.556674597025
11314,5735.692673273843,5739.168352075219,11.132944393660816,5764.715648430731
19884,5763.867265670511,5767.414334125866,12.046121002267808,5771.668127066268
15253,5772.075540385356,5775.5132923616975,11.77939039781722,5778.5110499796965
16579,5790.999127784913,5794.10449326014,12.865314445239418,5796.813082754278
16282,5802.75022114562,5806.250520223416,11.519472426648218,5854.544330509491
19839,5856.027424449745,5861.094088268565,7.542883137040262,5864.905366247719
19900,5857.9097638681715,5863.274543162996,8.662182308732204,5867.356551206605
14785,5860.530674440772,5865.263847612482,10.280727554017083,5869.789074823667
15554,5862.676560268796,5867.233884875242,10.486456877571005,5872.608110395141
16745,5876.533430743123,5880.008914353322,12.440835214947748,5882.945081010239
14810,5898.321851043053,5902.324260220336,10.019202424766698,5944.320324320526
19868,5900.729948539461,5904.509030094003,10.346379591909866,5946.533232782856
19872,5943.90719956996,5947.430122963038,12.840702890585954,5950.140634300963
14777,5948.034953519328,5951.562439988883,12.108109177872253,5954.594242543018
15928,5949.871520089466,5953.432604215793,11.472064272532231,5958.54652308778
20509,5951.794073142205,5955.310182300919,12.056373220189357,5962.755977960458
21020,5953.667999240121,5957.053301916097,8.971751720381844,5966.461657646747
16237,5959.78697775042,5963.027420209023,9.669245740534722,5971.807827862713
15937,5964.305298668772,5967.194412438373,10.319999548994414,5974.660573161245
13733,5970.274978166608,5973.573557034494,11.787332443541139,5977.54333588541
16606,5979.605690317143,5983.35663503603,10.992771846757918,6125.594041367492
15516,5981.524156391079,5985.207640737312,9.243441026030943,6131.534978837938
15242,6348.522961176792,6352.269567251599,11.825559258346821,6391.751363194128
15574,6500.503295569161,6504.25687203766,14.768284435340256,6506.770007070364
16581,6532.117129832155,6535.487171078361,12.018789724022069,6571.590279153554
16526,6620.127537171988,6623.282121273575,12.962652974569123,6667.045957036537
18018,6683.718419845264,6687.401534637472,14.988728037370407,6689.868765778983
16552,6708.63416617004,6712.316447100789,9.827414878154457,6759.109632530846
16627,7162.7608539692765,7166.079282400455,12.533284326192826,7201.337665402671
16715,7254.133916652377,7258.128413435312,13.700581508530863,7291.361417744375
19848,7269.543530711987,7272.267467914721,12.505754619501301,7294.122257883763
19887,7309.420797430746,7312.567743432559,13.751803429266722,7315.211385838348
19898,7311.224455415107,7314.578999541503,11.989426158839521,7317.510089687572
20661,7356.937764037555,7360.130728465408,11.695405188357993,7384.413332893742
18669,7431.13075674697,7434.562256871011,12.237784047678039,7474.389657594332
19856,7433.055896755549,7436.368641423438,13.012883068303418,7477.055147943534
20754,7475.966472150179,7479.476953552239,12.848583418149673,7482.194525655366
21441,7477.95303789637,7481.261760841914,12.980303190374013,7483.88479869481
20301,7479.962131050815,7483.068206234623,12.935688217872999,7485.675972467767
18463,7518.603728643005,7522.413116369916,11.154191392616166,7561.578057983945
19426,7571.258958954528,7575.065775334219,12.036947584142723,7578.001368846883
20327,7576.175236746419,7579.4736234455395,14.287849947137614,7581.926559868339
18019,7584.422994285991,7587.4001085028995,14.262428788216303,7589.878252875813
20512,7659.253369481481,7663.296577416278,10.587038740351288,7666.628363318953
20729,7675.238500754296,7678.359820410998,13.676323390032167,7681.103743912621
20323,7678.654997958042,7681.537986221849,14.32827080180466,7684.043840381571
21719,7760.720761833489,7764.054162999655,12.170780546983346,7767.053239766173
20502,7855.618411414215,7859.415326565415,10.456350763705862,7862.685003821775
20274,7926.042685180973,7930.153890235331,10.407866326881987,7933.745851809071
21351,7932.449669663493,7936.028068392829,10.862220382620801,7939.267986460174
21043,8025.691881668876,8029.145342510512,11.592922984524735,8032.057650476935
16254,8027.785373398437,8031.4781757819965,10.81717178390644,8034.735781534745
20289,8105.864818028035,8109.480281446065,11.898666556498894,8112.469706894739
21025,8108.080872937819,8111.529073980153,11.547854748695995,8114.4576252933875
21364,8112.547661170922,8116.098532874822,11.882575421196028,8119.07145127715
21699,8195.718155906663,8199.012250523825,14.507154256399144,8201.511845053967
21775,8238.634342964531,8242.061340865903,13.601867152659421,8281.432616305952
