3272,242.26011616171317,248.30606894709206,12.725977099180074,255.8177691647449
3965,261.424995022086,267.02945598678707,12.602519834656615,274.7097923371634
4793,355.58038290935644,361.13579141167867,12.501959454719957,367.6967034723112
1188,362.9440075153401,369.1822207938762,13.217340102320136,375.6698217382193
57,368.036253474589,374.4911786029287,12.037838082285269,381.90454527248687
12,497.16354267047524,502.09793148035254,13.85519615747723,508.6994097492836
3741,581.8868505885482,588.1168017935125,12.189414095490458,605.5457286044548
4839,629.5256705487756,635.2554535114692,12.76144257267736,709.2036572038326
3749,649.763023550655,655.5902484636124,12.773942395442923,712.067719956374
3273,719.9621454392577,725.1091863621587,16.463925278331278,731.8378096645572
1848,764.830861129125,771.0309544039076,11.736415041059567,778.7973269249217
1135,772.9200648433274,779.4577595347051,10.577248897497832,790.2006544387962
15,774.7799878092709,781.3148284969311,11.137263964389536,798.1221163244368
1217,776.5886115160051,783.1844653765357,11.783618577610865,800.7583102837241
44,795.7925740975058,801.3027506933676,11.41737943499128,809.9495479971648
2602,819.8236724352372,825.3597172050754,13.61000377731142,832.2368424603907
1139,845.6402921678933,851.193485740877,13.484952230437528,869.158863144085
3767,989.4798545866232,995.4986779180323,12.931134260910001,1003.866582059223
4476,991.4417598375306,997.2583565994478,12.21480752142124,1030.1376755446079
486,993.6795537594921,999.1405455088039,13.092382016117242,1032.6421664933616
1202,1104.4945630222596,1111.1173608184936,10.104297486723468,1119.6731557805026
1870,1115.8977088130641,1121.084989064588,13.086431604813178,1130.2122611903178
3711,1193.738020062618,1200.0882465374066,11.175194892316695,1239.3898141971824
3320,1197.867497291432,1204.1977228868839,11.286192061189666,1244.6463360149132
3314,1199.7801071620904,1206.0354809228836,11.382879309061442,1246.778231548746
1175,1249.0303646550165,1255.4011012145238,11.329243264697027,1263.8004411969862
1150,1298.1908570476353,1304.485589952839,11.99881933074405,1311.890918040106
11,1306.153726220696,1312.277823448931,12.352302923146654,1319.5479301911596
444,1320.83207270906,1326.5214260005368,13.02597050595609,1340.4188330213178
3957,1329.6748125465215,1335.1880033141988,14.5434966765085,1350.4795663672814
2530,1363.4727823920214,1369.4381621768114,12.176416192215463,1376.677464945414
4789,1382.2117363446248,1387.4737076605645,13.655417497280375,1394.522395611509
3319,1489.9951855150111,1496.0198495935647,11.3965816907327,1503.6332981523838
459,1519.8034917802765,1526.3620638541454,11.441024828341076,1540.1810211971317
3738,1533.4303567030904,1539.1682097808325,12.527079189229118,1545.7118630389027
3716,1608.0938321040421,1614.5071543788254,11.609913427777181,1634.4387490853821
465,1610.0458040620981,1616.3454627022475,11.57020100905076,1636.901353940641
3754,1626.3114512945879,1631.373622761847,14.129822186194115,1646.4492435068473
453,1654.9268177716588,1661.5090229630455,11.579455408336036,1668.690477905574
3981,1658.0147065001688,1664.4903715798293,11.956833738534506,1671.7025249001342
3333,1669.648137971331,1675.1760719548474,14.201000719536516,1681.7114403540236
3984,1680.2518208083577,1686.1251515131685,12.631688725033957,1708.617662957899
504,1704.043846922472,1711.329308285954,10.093391296152577,1719.7198804434076
1153,1709.39042110821,1715.2799505632847,12.54986675544439,1722.8912502568637
3287,1757.4197288408682,1763.1464955787137,12.676657815184678,1769.7553129324472
1190,1775.3589293954428,1781.1349071992433,14.26544910349586,1791.2413252726394
1026,1787.3244303647054,1794.09655796178,11.160774691704644,1804.248528400487
28,1794.7966498780038,1800.3638319286106,13.444374932050968,1824.389128396893
528,1801.4828176978967,1808.1274013437105,12.040062909625357,1826.9369369550352
21,1877.559391204086,1883.2744318915343,12.9552795587314,1890.604857077355
521,1910.8500809395143,1917.0242886418341,12.631018748076354,1923.825928728183
3760,1941.800561370303,1947.4094256231822,13.219171566264446,1973.2483140862707
9226,1965.0444073208216,1970.407766747873,13.579367324634738,1977.7550850452924
1207,1977.868640087991,1983.0996313822145,14.98809522382374,1989.5838237474663
4277,1981.175410236318,1987.6409485943234,15.010806101572724,2006.5000868352329
68,2017.649286535358,2022.2731841260522,15.193677970009862,2028.6326172889424
3,2054.131764472291,2059.5123173797783,12.920798520686825,2066.6860456890254
9210,2078.0001286954416,2083.2861716178254,14.566043679006082,2090.92609084854
9217,2080.3251777782502,2086.389544906066,11.174025900525528,2097.2465745130544
9244,2082.3451894311306,2088.422354119573,11.252681025459639,2099.832692223493
8834,2087.7987808818193,2093.1530264969365,12.70136803178971,2102.6986699214203
9984,2115.0639042483563,2120.435070615169,13.02340595580533,2138.4246155616484
527,2128.591806194187,2134.454666156298,11.95327036302971,2141.8144543919766
10301,2130.236328853892,2136.217398551818,12.657268753193156,2143.813848727703
534,2146.119612482626,2151.4189636414517,15.294819692472245,2157.7287460268844
9976,2197.6630042577817,2204.289843346115,10.572676258844297,2243.1177547436914
8374,2256.3091593026757,2261.335227496996,14.488766948081427,2285.318751674539
271,2295.6684747473355,2301.5153225522827,11.473024030020555,2318.506187261481
9482,2371.5456488787013,2377.3488193920125,11.554154900669323,2395.2023014297156
9860,2461.6060171497406,2467.472940037801,12.506712514886559,2487.992183741868
1875,2557.866095592303,2564.212454070762,10.599604715455428,2571.8918268025736
9442,2559.747880351316,2566.1585397635426,11.209272733648906,2576.4501364545313
9460,2573.456861992105,2579.105783185256,12.90685151136325,2586.518807851756
6033,2594.821008328062,2601.1285608324197,10.690563993293168,2618.4908343245183
8376,2599.7677049589893,2606.281459334829,12.175604932295935,2628.336405785257
7645,2613.5536432099548,2618.622319709539,14.336606446210787,2640.8245009551347
9262,2623.662117130158,2629.0309600394226,14.114810055444163,2642.9888314471086
9219,2626.0444535800334,2632.4346504339633,10.503529479151622,2645.855428527547
9957,2627.8753205777275,2634.254670658035,10.989267882636799,2665.1955799969564
9047,2646.511863247548,2651.6130874519104,13.889214506533499,2677.2018434992856
6707,2679.1618950477764,2685.444998511363,13.19197821055468,2692.7722685165595
6688,2684.8702327537326,2691.166023794117,11.944864427449048,2698.653936188705
5973,2695.5715590585055,2700.4663134555753,14.787117605749215,2714.551792418244
1744,2725.7706227226954,2731.3693301198095,12.471680926272994,2738.5320188468863
1707,2727.956913327053,2733.273967725791,13.433884143914042,2740.6186059709075
7,2736.085509083779,2743.395386768097,9.290790013954947,2751.6512409284073
5977,2740.982155667248,2747.4591490495804,12.661020347417766,2754.6930458073157
5560,2759.729575523615,2765.414295003755,12.832702276592242,2809.1810895729536
508,2797.973890723059,2804.3822360062086,12.30337082411538,2814.6124156530527
8703,2816.0457699537706,2822.307009545773,11.756233227498672,2829.791962764275
6648,2864.1669622031886,2870.488302444338,11.157852404855284,2879.7765277335675
8782,2865.9467634423236,2872.2889563476024,10.843590693212743,2881.76203200376
8776,2899.5306956239324,2905.1613988147715,11.857513396661643,2911.7189702763776
5522,2940.5510214283377,2945.6206431538526,14.563783011885734,2973.1906238407123
9246,2979.267699203114,2984.3811285362194,13.339847303069133,2990.781169728936
9212,2982.0638209902827,2987.583543658994,13.292158451705994,3001.3695912768426
5958,3001.289724905781,3007.388427162184,12.932486601119747,3057.987240766948
5510,3021.604056257824,3027.4691740720045,12.467809089131936,3064.29429948977
5561,3076.7360513964413,3082.339954756709,15.468946171033231,3088.62925210079
5514,3084.0879257430606,3089.5218696548236,12.462751022630924,3104.279373710577
9233,3131.150468271936,3137.1711925031454,15.137618023367047,3149.472826368363
8771,3135.6168048936524,3141.1716947798363,12.71588292001841,3163.2747593384825
5951,3152.9790631469987,3158.3833593450636,15.054183945453381,3175.6789000604704
9232,3165.784582040033,3171.400764878928,13.433129865307281,3238.3858139435347
5967,3267.4636410945195,3273.09142064993,14.374048797786935,3289.1650235857715
7299,3274.1330688572493,3280.4611041755584,11.958906596017659,3292.08500101417
5509,3291.8962946655756,3298.326244990329,11.203074126090522,3305.6255465478507
5572,3296.7801401770453,3302.5806753575375,14.64512798084877,3308.7311018751934
5571,3342.303155563303,3348.539924252247,12.073039294356953,3392.998991161115
6024,3347.8145504156732,3354.4097251059143,11.066772465181185,3409.90642713336
8781,3411.2822829056695,3418.368522316672,9.870111087955538,3426.5859149001726
9631,3413.379236985545,3420.2914289987925,10.90786271482984,3428.6839586161427
9208,3415.757865291423,3422.1458362054354,10.446323133201114,3431.873253375818
5997,3471.3264803212323,3477.0661585036887,12.966141934176598,3488.3334539813354
5989,3477.70445355003,3483.4547418054744,13.226872937909604,3490.7175774587827
8001,3495.2121841927938,3500.3192804252367,13.45639238326332,3506.6667801372305
10289,3496.553660945073,3502.0493056979985,14.008387108185307,3517.2803766713464
9969,3511.079487975809,3517.5094859073038,11.831881093712989,3525.650052497769
9490,3595.8818846158624,3602.309900990207,11.048575436319226,3609.7438287052896
6934,3614.382569254445,3620.3335832253506,13.483153200907237,3672.154194005032
6567,3621.6146758417167,3627.6313896384518,14.301488201937135,3674.804818577762
8811,3628.699937556672,3634.30826966177,13.46292587237257,3677.519017454678
5546,3683.0176081538375,3689.4152422193097,10.972140629841144,3696.6678108397223
9944,3697.1872845561907,3703.4476932334037,12.204939275065534,3712.031353740474
9974,3699.3948567653665,3705.268647900786,12.864410969556083,3714.580500789033
8822,3728.0401028843794,3733.1312989567205,13.299213979387947,3739.660891158761
9257,3751.9678502564107,3758.212678756736,13.882538462581502,3769.1749306527504
6018,3756.688374119893,3762.623801765701,14.07060263765261,3772.0407433785163
9215,3759.149457080776,3764.341181748217,13.721519854113719,3774.7775358007107
6661,3760.949411806913,3766.1150053665797,13.494228110847445,3777.5709988073404
6583,3767.5809686183384,3773.2424378711216,12.71696955642638,3782.704100108761
8807,3790.1854127829015,3796.28982777354,11.41451601448174,3810.153938006425
9225,3801.797836478676,3809.261823261999,9.808771457632727,3817.6760548308407
5554,3816.9951641029406,3823.1657845432487,13.269250248319874,3829.877612962667
5538,3823.279781203667,3829.1739757443306,13.660502755230342,3835.8160937118573
7328,3831.268566710374,3836.556870856839,13.955312556182749,3843.8185541455614
9242,3853.8658071341424,3859.360572606067,12.878684713986727,3866.6175694370363
9463,3899.706006601018,3906.175238438361,12.148002728139849,3913.7594756775516
8791,3955.1692427585212,3960.049171946416,14.314695987288799,3966.6591388715447
8818,4040.7847609757946,4046.5137841257274,11.69597442407607,4064.5848144038127
14702,4051.7362246875064,4057.501504215743,12.486658534574191,4069.6833315879658
10663,4059.1164186574792,4064.5760658940794,12.3573725414287,4072.754844978387
14972,4072.5965418219985,4078.1870946136546,13.410054096342922,4117.228577906214
12850,4083.7404411313105,4089.5732747694096,13.256225684144555,4120.156858899577
12724,4089.8676469733737,4095.4053224273175,14.276115591104913,4122.613539778644
7311,4096.6416175331815,4102.60430982525,13.87895825279261,4124.688624965958
6717,4190.983171547942,4197.23237134996,11.45582317061383,4204.56061281027
5988,4193.1386700540825,4199.122725534504,10.971303684242738,4206.767470242561
14269,4205.037659084024,4210.599888607996,13.021318284691045,4220.24515620402
15486,4234.754115521945,4241.295201341263,12.702399412743157,4247.731965887556
15428,4237.045300655181,4243.308596523836,12.739667818077287,4264.325731611501
14529,4243.341030946565,4249.313764835508,14.565584392781501,4267.067687023338
12134,4287.770386686861,4293.458835933076,13.824509386642756,4299.820482163316
14726,4293.923739545476,4299.539778486165,14.669632349824298,4316.304944556256
12820,4301.769041864848,4307.35195091139,15.220841439129734,4319.015234205756
14537,4304.190873368774,4310.346873600144,11.54082631027105,4325.240247804228
5942,4361.528100010949,4367.379290540957,15.07077711805023,4373.724484077585
13521,4367.518357755303,4374.27224688131,10.128313006647515,4386.223464706786
14752,4379.884488165265,4386.507996350593,12.049015496522363,4401.29998983983
6013,4382.051588255607,4388.366184940093,11.48672281225465,4403.645003812653
15464,4389.548440891432,4395.498755636186,12.071911641220037,4405.748098960111
11483,4395.313929879928,4400.490252774334,15.925746536341878,4408.546450738742
14738,4408.69044184623,4413.36740989837,15.486479925860719,4419.6223207220155
14703,4423.12898518344,4429.354064511669,13.090134093150116,4443.124809773214
5970,4434.620217779521,4440.044521211211,12.644755805829186,4482.2312903017655
13596,4447.115479313387,4452.4503428508715,13.32944728041631,4489.745343514835
14975,4457.603542139003,4464.0536464423385,10.69280901778042,4496.164181627172
12211,4494.2876565898405,4500.0830116993175,12.140557896967186,4506.674809791351
11038,4498.350792527079,4504.089222589399,12.100482932386804,4511.705203492978
15339,4514.972871346131,4521.298624232163,12.952275566954343,4562.264376498176
14328,4531.157937969163,4537.05977939906,12.178680660442701,4586.613752667654
14291,4563.69779243018,4571.359758197561,8.740606287137705,4600.840706538135
15465,4596.2552544103855,4602.270901768392,12.30891656999109,4650.490737948856
15140,4618.061846384668,4624.063269986225,11.625146223197145,4657.130982260849
14654,4637.600480147522,4644.312020093929,10.451012893797428,4662.5512975109295
14707,4661.3712276068645,4667.030938508649,12.47530425856199,4673.771459663976
6649,4695.410665658949,4701.202080628661,12.253462773226191,4717.656975202942
11466,4700.890551934609,4706.217807884808,13.794852244850068,4721.004423719553
14956,4805.901958902804,4811.236455731296,13.451981936755569,4840.574553057918
13455,4833.873958695841,4840.27943006705,11.997343087624683,4847.559040763648
12847,4841.3906667346855,4848.075024397322,10.318278186685337,4855.635983830326
12888,4915.7496221076035,4922.075830249903,12.749200726030512,4939.25172800026
12219,4922.730647302375,4929.365297880171,10.967617834770836,4941.95403144998
14286,4967.930222834567,4974.33606666989,12.059922228508718,4985.441614416129
14759,4976.3574599235335,4983.138263989006,10.85786867240202,5000.330899744771
12845,4981.811101708395,4987.446164075525,12.064240001559972,5041.231098527211
14978,5075.128661450392,5081.224561687483,12.765559514826423,5087.81114073197
14280,5449.573986657733,5456.2092067365575,11.113916419290899,5502.415476859766
11011,5116.867219288798,5122.04737204604,14.288966418206696,5128.5549015742345
11049,5119.10230229745,5125.021439929741,11.877302931268238,5132.540060115394
11461,5137.621878258958,5143.001718293325,14.648130337835656,5149.853333692355
14976,5153.302996787074,5159.390894110733,11.479961195060925,5240.417430672953
13441,5172.2554730599295,5177.655065226408,18.45283495941908,5243.278986668567
12796,5174.240994349628,5180.465543510635,11.80042662505451,5245.796923808007
11535,5176.332298724195,5182.418335147405,11.786795190405304,5247.827738587298
12108,5187.429536810499,5194.04180724654,10.218968083966399,5255.56476332879
14728,5189.582042630693,5196.086142882128,9.400290282793309,5257.751148039837
12165,5264.827702241124,5271.27431129538,12.498492237014066,5318.306463214821
14966,5276.954457124363,5284.24871500021,10.32754055618411,5342.590949343022
12194,5279.013387720649,5286.10240772393,8.732456616491241,5345.257531880896
14745,5280.889200075294,5288.132422610592,9.434625539673661,5347.555865966863
13619,5283.083098226984,5290.122353739647,8.8517914895507,5349.6707613762665
14750,5295.341155363962,5301.019391050036,10.771022127742992,5355.545425325368
14536,5307.596185176245,5314.2774306928395,8.321641204256906,5364.335365862914
8109,5323.710800885136,5330.418155630289,10.526096402753293,5367.4129963208925
14734,5327.868110274984,5334.274496949381,10.623450774455371,5390.297536643024
14727,5329.826418306723,5336.309368604623,7.996714538034359,5393.099332933086
14325,5375.759939365477,5382.002871918922,11.787719907051603,5400.579108420472
15451,5390.326254043372,5396.127438882217,7.880345358086217,5477.899383227483
11451,5464.318193296727,5469.4593967575,10.106127886850292,5523.107496505777
14312,5513.462845994773,5519.097451285375,13.302369796791158,5529.699170536487
14306,5515.354479612251,5521.221169296708,11.66285269580503,5532.4677466349785
14689,5521.384747442646,5528.0900594355635,11.086635007240517,5536.802557264625
11440,5523.387971157277,5530.057814024172,9.864333552665205,5542.139487601536
12907,5542.065418935661,5548.162274272985,13.582906845932461,5560.068869155673
11052,5546.9130961285355,5552.122189911671,13.906420934714085,5562.8192823005675
12840,5593.823329360668,5600.486235652217,10.743498362837109,5608.788705960241
11403,5604.277889014032,5610.193498945735,11.913668775368002,5617.608116459374
14981,5621.588410612563,5627.4979138676445,12.580572628851806,5634.788850335901
14990,6090.182444858282,6096.0987647068905,14.211359642961686,6102.735685834912
20225,5625.527028597376,5631.373538168943,12.35649440858895,5656.160188124348
14746,5633.307240688781,5639.081268409004,12.386995492446173,5659.059348173985
15129,5664.771649190891,5670.27582052962,14.068550969774963,5695.330660361536
11455,5682.178829237408,5689.339492709627,10.593176225511323,5708.295679656808
13445,5715.608323697395,5721.112405819392,14.877067537062816,5732.100355708847
15482,5718.547555877323,5725.029566735193,11.781609981607762,5734.612669319728
13581,5741.251603556619,5747.545062960435,12.792259150704638,5759.172503770968
11460,5754.422051484789,5759.429615668269,15.140015070702932,5779.318160988552
12909,5785.419115084193,5791.421964202935,11.983531193466101,5798.542837851719
20946,5798.9728062246795,5804.3845050559985,12.130446610769875,5819.442195032257
14198,5802.862587016544,5808.363482059216,13.477142341344788,5839.619111082372
11009,5817.657545878668,5823.465819341173,12.746375132535796,5878.386378914315
19797,5866.900481552477,5873.281161092654,11.38275774419457,5900.368871725686
12903,5873.3648019118555,5879.369298580512,13.025822137595348,5929.140798652646
20471,5888.787115142282,5894.624630453903,14.376919638878032,5932.113929420413
12879,5939.596668547688,5945.573210652453,12.036256866288504,5955.229029393091
11511,6005.092669778668,6010.558139464659,14.525535348067933,6031.6087056724
19818,6060.772139075425,6066.417505711776,13.876112993181104,6072.860068771121
12155,6125.3380763585255,6131.382655926873,11.958805661224561,6138.868191814809
19815,6131.2540960287915,6137.414346829635,12.782140997399864,6167.238756838957
20213,6161.264335211795,6170.3080382799135,7.5259365645900465,6179.801053902005
20239,6174.477331990213,6180.000053633693,13.034071365065861,6210.181117950617
20878,6209.68679723693,6215.463121913599,14.495814921459298,6222.7855252497275
20842,6217.264988044943,6223.233932070684,13.472949729155298,6281.183954183647
20216,6235.052360366181,6240.504308336181,13.157837215423443,6288.832615455199
19802,6237.039835705573,6242.554638342621,12.247839463687644,6302.488577310863
11010,6239.179163283406,6244.603337452913,13.549896901091486,6305.221697228227
20249,6246.939244778782,6252.453894821798,12.561741206037821,6307.772071660855
20949,6258.930193753035,6267.353262689196,8.690287385540527,6313.533096283872
20215,6261.234646498807,6269.3528591765735,8.617125039212075,6316.216955787836
20846,6270.497784901577,6296.0364722977865,6.221790598082254,6379.456649298282
11467,6345.591251112773,6352.04689494889,12.367773550124232,6396.490560479009
11458,6401.661108249068,6407.560828959281,12.24213355580158,6414.744378548676
19778,6433.44328579401,6439.326125113781,12.73849293362345,6446.612990996888
11043,6462.807869756036,6468.633696650723,13.72187517340132,6475.636685317486
16508,6469.564465726281,6474.645804727942,14.134636498252217,6481.7880543815045
17002,6471.256267394028,6476.592816419129,13.140792376961329,6484.503580249879
20645,7366.580270858651,6479.343893969366,13.258910270799745,7446.540078287628
18325,6612.734776543494,6619.078810324225,11.45062404457682,6626.573279981623
20220,6667.209220661967,6673.4749850422295,14.113469571776111,6679.665942510373
20255,6671.2382823276275,6677.196252257098,12.112295851203335,6684.517250671206
20578,6714.18920468308,6720.512618954718,11.553061764756235,6728.678770966469
16565,6743.767951576378,6749.56727750078,12.438716093014897,6763.484390591279
16872,6748.6013963933865,6754.152802427349,12.23703000047007,6766.403495920418
20448,6769.833165248343,6775.455162576948,13.234794603547252,6823.401848534898
17016,6815.34511549512,6821.0037920525265,12.25660346199271,6901.237998858339
19795,6853.994141702278,6860.042474605015,11.951059526317886,6986.587578438484
16519,6856.33970782057,6862.155820733245,12.687137107114074,6989.703269939743
20464,6862.499608562312,6868.525576441157,13.633956582333205,7098.464681148385
21316,6871.052857219565,6877.3825932164345,11.717335595686883,7101.34046631051
16964,6875.0478377543195,6881.027689664452,10.690063759895502,7103.892338306075
19809,6907.507021963999,6913.299267246507,10.792776556554479,7109.636720933958
20257,6997.837459002479,7003.197487881802,8.083890054366286,7223.128219707709
16935,7078.547682143456,7119.146523951997,7.5599688253093325,7235.460861739192
17684,7211.978679492022,7240.012724689872,6.762255336620525,7335.769951267255
16988,7223.600840606751,7245.062661899435,6.885685297822105,7393.695455120001
18230,7254.449650173879,7260.192126171926,9.098239072898181,7398.709192037735
16528,7315.575933948018,7409.178673989379,6.598695744200526,7436.283501383051
17632,7449.529822663804,7456.389897105989,11.322557808935237,7468.199571849098
16545,7464.103236886949,7469.505461621462,12.934875867405598,7477.608911524841
20226,7482.6585282797805,7490.146601993712,9.344895840964188,7498.599069306735
19825,7491.577482378059,7497.079655648268,13.145313127121623,7504.527963070273
16979,7495.632566880524,7501.328515942544,11.91924228294148,7510.123134515438
19783,7522.189273866026,7528.333772596988,11.661302362049126,7535.711252142267
19118,7554.6248261806095,7561.0551457269175,11.844853816695299,7569.873768691862
21627,7560.100914991458,7566.0866443914665,11.963091507921838,7573.819025137668
18376,7563.192738591289,7569.244457583086,11.62891013875782,7576.821727648094
17690,7564.4538044046785,7571.418986225809,10.253770040741912,7587.444147905292
17631,7573.829240999532,7580.212500717363,11.473244286096321,7595.139757020482
19804,7589.970119786279,7595.236095012912,13.818407711282061,7604.267143526336
20205,7595.2889462439225,7601.089324944199,14.099261767093914,7607.753214060017
16954,7629.737358015825,7636.020021795242,10.989630086960606,7647.151204654121
17230,7658.220754829885,7663.483965980084,14.069221513627086,7669.7309114069685
20485,7686.843091767643,7693.494985393907,11.651932046604216,7700.686172321607
17642,7696.132671768402,7701.350605813697,13.785152754774439,7709.668508828309
18238,7701.2134100942485,7707.298888819388,11.628514141405288,7718.4645801116585
19829,7755.033667506631,7761.042473536002,13.175167362496756,7778.278206691106
17629,7826.063033460088,7831.418270397285,13.097795136187976,7837.649644394154
19751,7838.682593298527,7844.3875249398525,12.767405834740204,7851.541055289173
16559,7840.443984945307,7846.224599413124,12.523678834242252,7894.485317613262
16991,7866.149310989868,7872.193091567917,11.201711307764942,7897.317213243686
18332,7895.954247958888,7901.501189985549,13.09783760194394,7908.534046991515
16776,7978.244851652243,7983.056376816449,14.38784488371849,7989.635688804353
17001,8005.635026106552,8012.181354381076,10.719977274629812,8019.698497837652
16978,8027.459406317925,8033.554543229871,11.93231189037456,8040.823448588645
17555,8041.099451145267,8047.171399849878,11.461891529820493,8057.1278946027805
16557,8043.279510712334,8049.041478833972,12.098911498248816,8059.843019387007
17696,8098.017639715471,8103.236833797,13.974859001694554,8112.093019963347
17023,8141.94878688631,8148.279877904293,11.437813458177105,8155.710922671207
16531,8197.38261366107,8203.131735028837,14.269770331855181,8217.181911334786
16967,8238.451295494804,8243.556279679187,14.529865879849417,8257.468244878411
16944,8273.920609749634,8279.522465705353,14.590644672205345,8285.659204653826
16958,8307.209648080518,8313.135388186824,11.318041037676545,8320.61853475682
16523,8376.199402653168,8382.506049896068,11.580122036797244,8396.404175579986
16564,8445.79313542185,8451.197575343529,13.171934161432295,8458.715985606692
