1781,48.990187027994,55.30322166303086,13.475873815346471,63.106734161939265
1518,53.80367477948082,61.43223792593653,10.686472865685982,70.52463616171799
1423,59.43122155533152,66.31386012513072,12.357614066820258,74.53044976300666
1560,77.59992346158114,84.36030611941534,12.667416100696132,136.6279283276555
1539,84.4314254781117,90.5906579942086,13.480787916278183,139.20559663062878
1335,94.79619494992139,101.53740524751414,12.867110285639201,143.47829382623888
1711,153.45495743296516,161.01387019213536,10.569505008418437,170.55570662848558
1292,185.49418096509103,193.41730425003922,10.413606179652039,226.66935571205894
1311,233.97162453473499,240.48134359202004,12.50332599328609,248.51256502001235
1753,239.810620857889,246.52355425781244,11.904364321930831,254.86173044142316
1391,241.70089095982982,248.37463745670192,11.618365207996884,256.57673214794875
1530,243.42283082579277,250.16549890315704,11.574100989758833,258.32543903774587
1293,275.4251981926288,282.41094753756806,12.75794855769115,316.88808181516885
1428,277.37025111517363,284.1558904915171,12.208685609098065,319.77740263376785
1354,279.8822327682573,286.0581381305552,13.125340116624455,322.18485685091696
1434,319.6110230494302,326.1434605385981,13.791504994852131,333.69793126457466
1353,324.29691701426816,330.4298319630248,14.415161211966188,337.48321059278095
1556,329.65226560756,336.20316521242887,12.67666004767316,344.0886111766445
1305,365.24977992225695,371.2653519407767,14.87130293722713,410.7318952527747
1318,386.16567648228875,393.1596903083905,11.541181696551067,420.61140207901695
1766,414.433460116141,421.0362887334282,12.082064912904698,429.11165793350204
1774,416.3757655567847,423.07104141435235,12.846296364365395,431.37370706211505
1466,421.17868805633464,428.47368620220374,11.172949933842956,437.41113440186626
1654,431.3331044791111,437.50447254813815,13.204530000186656,444.9145519437943
1610,436.36525148106494,443.3330676980886,11.999867909225854,496.9541197235276
1303,453.11370964822737,460.3412190943714,11.115585087120124,506.204284068252
1723,501.78594396857363,508.59066648135683,13.527987506131216,516.4659840057583
1568,507.4845765659421,514.0284034223996,13.47207829599084,521.9588767658746
1645,513.157452394875,520.2165535181506,12.243318040845068,528.7396107044693
1674,518.8830351311509,525.5441899838397,11.365218503779845,534.0395444051026
1562,520.6967240923169,527.3784385768092,13.015372549081357,586.7130993849006
1347,522.4056477251148,529.1123255229315,9.47271529259229,589.2930457408771
1786,526.1902837700727,532.5691597299443,12.930705377839216,591.7674308765585
1525,527.9507990437421,534.319616478089,12.506475684578962,593.7874470506183
1392,537.0753788045026,543.0322103107522,13.7057981551135,595.6863052910655
1313,544.6849596666275,551.141243382312,12.952387215767514,597.464165062212
250,567.3886679925396,573.0344997277259,13.621711903185846,601.7901964080031
1722,591.4699343826051,598.3008469299367,11.577416957339807,608.6426459970738
1346,595.6319815889811,603.1222044921486,10.245448550447605,612.8860147302244
1348,597.4733683707844,605.0555835501345,10.433677397171163,614.7370956734211
1717,610.6368268698219,617.37756647435,11.695274614791252,676.3929524279436
1558,623.7335376110763,629.1325356979921,14.77030624757365,681.365667178752
1331,639.9408501700739,647.106250091733,11.12685625643188,683.2384490896668
1376,681.6227284009615,688.0244856694652,13.744762772989166,695.4064545404846
1421,723.4636416070434,730.5142134088563,12.04610171122375,766.386365674893
1356,725.7827671994869,732.33027787843,12.514480447569381,769.0181004268461
1326,745.777984524732,751.4191224958987,14.150073658970708,771.3728820942655
1379,779.0288739862941,785.3989288885234,12.683028842280324,794.5438455225246
1419,781.0446019557622,788.0441593211309,11.789666327206639,796.889253952295
1413,785.2742422669132,792.1878743020636,10.960442008043778,801.080294998182
1686,805.7715870082038,812.1614517581708,12.472494635524017,861.5552042707343
1294,846.9565416887984,854.1812133968416,10.850322304492193,865.5860659851184
1209,880.308855187237,885.4962526974496,15.161943562011864,891.9392998909166
1360,902.9174345371986,909.6053171745735,13.892090563898837,964.3510418860928
1390,905.2957542934193,911.4090491744088,13.575978386179418,966.6860042276835
1468,971.7499774809816,978.1513891328809,12.561389427194621,1036.7020843623961
1393,1007.5580933160802,1014.1328077466065,12.050726253839516,1041.4791673661848
1799,1041.9186456590423,1049.2855045750082,11.290976062270351,1058.3309229139388
1454,1052.0490641535544,1060.3365865816954,10.105830645751896,1070.7264942437155
1355,1083.148040296324,1090.4258381279199,11.867365947223888,1126.5118091643649
1312,1114.246523299699,1119.639301104646,15.44905458871162,1129.2020977734428
1307,1131.4092816216223,1138.3630096680572,12.14737532007273,1146.8871775236507
1193,1154.5374326005376,1161.1317429431708,12.72461291327366,1216.5844758441203
1368,1180.2476648369523,1188.1650146430322,9.929078816960562,1222.0357325765572
1387,1184.2594180903,1190.3868672873275,11.96140267000669,1224.0277535057687
1167,1221.5759306973907,1227.4868860853499,13.768965548509895,1234.6240764595855
1321,1226.0656929597114,1234.5016048410612,10.253732191326824,1245.069711063538
1388,1262.7120559176992,1269.1054456778875,15.043118024734028,1306.3923961008863
1336,1265.006396699012,1271.170923204703,14.52378106006497,1311.1028658525324
1333,1296.1520539449446,1303.2006910235912,12.078356365300419,1320.1871140576302
1173,1309.121772294551,1315.3972564143112,12.948845883493995,1323.2064950895374
1430,1315.6597617485809,1322.2637031878146,12.570865863141321,1330.4448771806924
1471,1321.2927010122123,1328.0696042275947,11.543860113395128,1336.3709824688228
1384,1330.8369430936455,1336.354960085037,14.588369178822568,1343.204979565736
1653,1399.3091807281876,1407.1054733904766,10.400327465348566,1417.11684798741
1427,1505.524735395221,1512.1710227221736,12.459504132747226,1520.5796830247841
1315,1522.7992845892397,1529.1710922405978,13.06948559483126,1576.4390682280175
1381,1543.4211525347546,1549.3627099486316,13.114544650639095,1593.8093378956444
1349,1548.4008702492256,1554.0551134956086,14.810767943878332,1596.265361328752
1334,1562.1554485337826,1569.4231866463494,11.180207297970549,1598.317932402064
1358,1579.3037437015564,1585.4065735176491,15.121168239622687,1600.242440302609
1552,1587.1717344829926,1594.0016913955917,12.046435655834687,1602.2989814295295
1555,1589.2251320099474,1596.3404036303157,11.671884664126457,1605.3509770475237
1316,1591.128254081209,1598.3366895625218,12.086234809459983,1607.1943462576894
1682,1596.9423814898728,1605.2293639454817,10.697731993216962,1666.3781989524393
1636,1611.0881284489303,1617.2022605270593,13.543082130970582,1668.9391050159263
1506,1673.2395005505607,1680.177664184055,11.893847712868496,1690.7402081516693
1545,1684.2994175257752,1690.5402563775006,13.525325272780199,1698.237224548708
1361,1686.4728973236636,1693.4474776427628,11.039080415240415,1702.323811976534
1399,1690.5204106027822,1697.54501897151,11.840816065951113,1756.6647542378682
1317,1713.368595129746,1720.354149571502,13.781891631521978,1764.1535120818653
1341,1715.5919363062742,1722.0869922241363,13.58629380086348,1766.0332696878222
1409,1802.761134683644,1810.3356647841192,10.590873174523077,1846.6652517284624
6847,1849.530810735414,1856.120483532284,12.58584222855813,1864.2121729191028
6804,1883.2815733552245,1890.273143843336,12.022704167164475,1936.425152777768
7148,2049.231886215024,2055.394746564883,13.815672778366286,2062.952666894173
6656,2121.6524841351097,2127.5671321195064,13.659748411109593,2134.835265351202
6933,2128.2068134538936,2135.11006576741,12.4213683467862,2143.122157581295
7249,2130.145716808983,2137.2661682278376,11.483762845993256,2145.7223971584226
6827,2141.684407156852,2148.2889888074606,11.695171763972043,2206.626844256142
6856,2163.8860045673046,2171.2176159338296,11.819998014456171,2209.832846220603
6708,2166.7973484925797,2174.055090074274,12.268625622452447,2215.748619757517
7089,2209.524933724245,2216.2459888865706,12.579585990412223,2224.164765340562
6793,2223.3788578714075,2229.45629420289,12.963428826127934,2237.0345264402677
7208,2230.110350790822,2237.518311810215,10.641411831495903,2296.5110167684757
6938,2250.1897381108033,2257.321869513579,11.608079434877162,2301.6822106525105
6151,2259.194962925186,2265.6078639344123,13.072935122258677,2303.670495238245
6934,2303.9868535611618,2310.183751246285,13.499210563906463,2317.8898624198655
7086,2311.070698247256,2318.12273399242,11.549491673924933,2326.715709101303
6919,2331.4006329654894,2338.0053580845974,12.340851128522537,2386.3182444631734
7240,2337.454347806921,2343.4605331486755,13.477196050728708,2396.329493952741
6826,2389.9315051380186,2396.406743731818,13.544474134282112,2404.070196394022
6807,2457.582451093612,2464.0795373091564,12.753592368370713,2476.4398050510586
6647,2481.6653829619263,2487.517507232713,15.542382386275941,2494.285697679323
7033,2489.6681284744595,2496.560949578763,12.489547308086177,2508.3102875966415
6871,2522.958868846293,2530.4850994051353,12.546024656462409,2566.894022206024
5714,2526.983362715025,2533.23620680651,13.062240384051607,2570.1327495440632
6113,2549.3430489989264,2555.5069827674324,13.215713663122136,2577.2081635414843
6936,2571.5202537870678,2580.3200348750224,8.72648133179838,2591.323884220734
7015,2583.8646973212853,2590.522033932537,11.950342305022462,2598.8808766694833
6861,2615.3316118960997,2622.004184829858,12.044592607804713,2659.2916059033037
7252,2662.2925951643647,2669.112378627371,12.565701915844194,2677.176990947769
7044,2664.2585775648104,2671.0287693111004,11.937267821490494,2679.293674181302
7239,2693.00954753828,2699.3807431539467,13.19410562316225,2746.939608825875
6719,2706.494378069839,2713.386616221793,14.05043682728583,2756.11655252057
6903,2713.3562257671647,2719.6103709909285,13.310706054621717,2762.990541350176
7235,2749.539106621367,2756.0599548826603,12.675946457997464,2771.604034780445
6812,2751.7028124922354,2758.3336326098442,12.608528240891932,2773.457071434589
6984,2768.490148698257,2774.1393067667987,14.089960434651994,2781.3431378989158
6824,2795.292651978386,2802.509054554536,12.23512049642527,2853.9508968092014
6806,2797.5892861082243,2804.347175999296,13.064103065312262,2856.23657071735
6862,2804.9508524406897,2811.1214696341667,13.611706117914897,2859.150912386185
6921,2812.750781916221,2821.0145151080455,9.618206751070352,2862.091678236801
6851,2816.576454650113,2823.255657416264,9.852442624676334,2864.334913421316
6832,2883.236351262075,2890.075366379364,12.877642080621042,2926.513129870326
6816,2891.698941580584,2901.240949524919,8.778213509389271,2929.3420457350194
7074,2935.9695619130143,2943.1627758888712,11.037289935591339,2952.192957686322
6879,2957.798634816865,2964.4299821187124,12.477022463842177,3016.6928373691107
6820,2977.0085984478333,2984.193569202169,12.244537091207423,3019.1704075553216
6838,2980.3296599967675,2987.5273056206966,11.968971877168544,3021.454679433861
7276,3019.241668786184,3026.1799721439143,11.78759036278416,3034.7032791373117
7097,3024.491216593478,3031.180709250346,12.412082079769938,3039.4325217867927
6885,3035.9353240683304,3042.3271733352562,13.2252854252611,3050.270655077072
6829,3099.3378959737547,3105.203594868346,13.220091949608186,3113.1189652443327
7024,3125.1676084143064,3131.499512334817,13.024852147033004,3139.548260315825
6811,3155.650735153936,3162.512262520918,12.503184462569543,3196.4333968729948
6858,3157.6403700070596,3164.399549665763,12.882566818354995,3199.077290355677
6873,3201.1109772299947,3208.5132115957963,10.674852337205062,3217.7942113451913
6818,3243.2020735377882,3250.0626923490354,13.866657481983593,3293.8440196904253
6808,3251.459028520003,3258.025732141343,12.776141966927192,3298.6896212887696
7214,3292.875062132556,3299.080227526475,11.47025195579335,3307.8653623712703
6799,3295.8754681679893,3302.214794649523,13.094505455191248,3310.2661200504676
6915,3326.99283809681,3332.503814116168,14.68563614875519,3376.83967888298
6684,3348.7394383700566,3354.542786243863,13.291318677539866,3381.522373066465
6650,3383.787166687851,3391.1609153493378,11.5629840343538,3400.467003168168
6800,3433.224029511242,3440.1087057863174,11.772752014320998,3470.201198756922
7055,3485.5585858195664,3491.3399073575406,14.371356283555823,3498.5441010204745
7135,3501.9222871283496,3509.3067892148047,11.106900097230751,3558.8285884332827
7001,3503.7591137543,3511.121135721455,9.712135943801337,3561.5197099372585
7037,3561.2542659651654,3567.1845259130732,14.038992420217006,3574.517917622904
6833,3603.9391554769363,3612.3363288915366,10.442784324613093,3647.6079787061226
6794,3607.1442851711254,3615.469066350454,9.60103993916666,3653.399067103208
7052,3626.4771298497267,3634.059843986462,10.159511282186278,3656.139587137748
12335,3676.544432941875,3683.49714156066,12.630975782575721,3736.495519386153
12571,3679.0121936127325,3685.3025629266167,12.15352421945499,3739.1246042460416
12413,3708.325141894426,3715.035310109638,11.484286828757412,3748.1680021242178
12380,3742.614375129926,3750.4763452928337,10.274810942243256,3760.0961527203167
12320,3744.656714125635,3752.359456670622,11.077081741649433,3762.1395685195257
12423,3746.617952189375,3754.2555735048277,9.990485232253645,3767.16488566693
12712,3748.457786079059,3756.2436618116108,10.125690761224744,3769.9320381266407
12345,3750.4291950537527,3758.170190493775,10.511396922369721,3772.464101694828
12568,3775.4826855754936,3782.492502388826,11.595675564532398,3826.692249674698
12377,3835.6264531203365,3843.03173367484,11.22026126083819,3851.7730990352866
12694,3842.185006901818,3849.316817208095,11.486663360543835,3858.009511521462
12375,3844.0701959558724,3851.0741723285596,11.429695628410657,3859.7736475195725
12294,3851.273582648484,3858.0047848822214,12.777408423553599,3916.3989027289017
12350,3855.014747306035,3861.441596019131,12.44153626301484,3921.5035835684016
12591,3856.713019590974,3863.155013237506,12.583780772816088,3923.936845250894
12649,3931.3067363543178,3937.3092422263426,13.031230924234976,3944.8939008019697
12346,3963.1456723034116,3969.629827939584,14.360894081610123,4008.9820715322976
12317,3967.8026030972783,3975.4622061048967,10.462385160780451,4017.7837779777087
12316,3994.425303582769,4001.2136721845714,11.739869836364951,4020.44137876113
12551,4011.6369200827153,4019.378667663276,10.4165426109545,4029.2900538820822
12756,4018.2059594511043,4024.1973278142896,13.65383205553602,4031.718422533113
12306,4067.8234644965696,4074.131712340875,12.292516110965703,4098.997145324207
12372,4116.843491876343,4123.219015475118,12.204851154083032,4131.280314412575
12340,4149.921810639296,4156.393827664609,12.973806612676936,4189.965173300335
12766,4189.211600542128,4196.43335879804,11.848842009974984,4206.391680755422
12736,4195.6580111653,4201.352041237115,14.168498841080357,4208.932290324466
12531,4198.117789707095,4205.472127576591,10.64263842731169,4214.94375109018
12541,4203.565829960636,4210.209692655604,11.710943748898492,4218.525572196464
12678,4209.902815176692,4217.4727338566245,10.175037494676795,4278.982747445204
12587,4216.886962675183,4223.149023052357,13.931282446301676,4281.229252136163
12293,4225.1076881345725,4232.133202113957,12.005192788549186,4293.374050129385
12796,4235.937692651848,4243.244325216996,11.850516160235486,4295.711363788646
12647,4242.353816586149,4249.425311568275,12.357621331384951,4297.9244590283815
12305,4245.044101014957,4251.64228660013,13.992640660352267,4299.7011703009985
12408,4247.146833265129,4254.538164604097,11.881194805340378,4302.032889278617
12314,4258.37190143821,4265.344645438661,12.142743440877277,4303.88217854893
12434,4260.2978210861265,4267.157107533943,12.401120572491763,4305.7626709509605
12381,4279.0575412721555,4285.267442690612,9.405938590436069,4307.491434315555
12703,4281.344202499733,4289.1504797719435,6.51546160655551,4309.592404324771
12732,4305.998239542932,4314.358077415658,9.884579326795293,4369.755593027302
12356,4326.418251531884,4333.341208222398,12.340752691155082,4373.279239136204
12436,4329.3124039083705,4336.21259076184,14.790079874193966,4378.940059418706
12399,4331.630624788433,4338.381131829165,12.678953370397004,4381.492804706125
12396,4345.666057194338,4353.008088539817,11.277104349573932,4386.9530628636985
12420,4389.379359401476,4395.610569347082,13.59741915137384,4403.365051870473
12319,4395.746237601475,4403.137568417365,10.71075488269481,4456.406377974735
12338,4437.138788756259,4445.1433319209755,10.698310176848265,4459.149674510867
12333,4478.7190723317335,4485.355141420468,12.490555303650625,4493.936331963674
12327,4541.431119854417,4548.437434080366,11.784909049573164,4557.3923841382475
12762,4553.203754887995,4560.008387592715,11.17688814996041,4568.7142976123605
12358,4557.152352356816,4564.474402784119,11.487327717464447,4573.594336266865
12297,4575.18696829862,4581.565032432201,12.320429619776364,4636.3285090897225
12775,4639.066102256917,4645.163719032236,13.861415228807795,4652.341286440004
12402,4665.967002947133,4672.243652021287,12.397022804745118,4726.621614099291
12415,4686.88662031751,4692.407904274092,14.14470717848903,4731.6544875834215
12336,4691.001196455137,4697.59097720989,12.611499151784095,4734.2994306070605
12304,4692.680304242525,4699.322724438596,12.354253294630134,4737.0817336716855
12387,4699.7292141483595,4706.343889882114,12.627882793483733,4739.055699039541
12797,4731.5934776169815,4738.178614740251,11.744481644201835,4746.795934815704
12326,4737.786595450785,4744.1131407527755,12.82766112487775,4751.983988523313
12792,4811.1251279633825,4817.0040154642,14.553402546860678,4824.261324308653
12369,4913.577475312529,4920.488007892464,12.050539872956485,4929.085027737653
12296,4915.740746550798,4922.318252697001,12.511212439353017,4930.932560612497
12422,4920.011438608021,4925.509834500702,15.066248545968353,4932.863183178548
12430,4953.263664731895,4960.527280857803,12.821436658445187,4996.525892354689
12355,4963.822623380548,4970.064885403266,13.002519058365284,4999.110813756199
12536,4999.475101316453,5005.307902761247,15.082171862898349,5012.087557571544
12360,5004.314366839504,5011.17709749537,12.555839319918608,5019.520397774377
12744,5007.870018147776,5013.605772683024,14.660269607841293,5021.333998125012
12749,5014.482526528023,5021.49227321244,11.970916090974548,5029.5547008551675
12567,5016.598921693176,5023.421033570779,11.733822100360397,5031.7461611389
12362,5042.952171152626,5051.288407638411,10.378261151148454,5089.034051826147
12313,5134.185618651597,5141.042829253197,11.785261722755488,5176.769150414164
12760,5179.379754001808,5186.482460003107,10.919685546974428,5195.293994018196
12349,5184.058933435912,5191.126572952933,11.156174998247279,5199.971967783836
12367,5249.107904058003,5256.11959741494,11.114420977995033,5265.69489684864
12410,5254.931268754198,5262.230993744919,10.602165792784076,5271.374350745201
12324,5256.836373490976,5264.026318412286,10.757876674181679,5273.752639428231
12643,5273.596060512225,5280.453493720922,12.640260420761246,5288.803318602235
12505,5296.97125151292,5303.550039654677,12.23084696702621,5359.558097978563
12668,5305.416344537452,5312.499189897753,11.086056837568886,5361.875575671922
12342,5312.914439024167,5319.5544566466015,14.132009492525155,5363.90550251022
12417,5315.108678712213,5321.274133931986,14.80158080565078,5366.130979959995
12383,5338.250901126489,5345.531320965123,11.065142650859269,5368.065924224776
12640,5367.331978516831,5374.409240172358,11.801642823966224,5382.96329605889
12683,5371.767883010986,5378.304237877726,12.632490866261714,5386.520358955849
12616,5377.2306812778625,5385.155771228381,10.900229192176687,5394.940638209616
12709,5379.275434177589,5387.303133836403,9.489055487400329,5446.824324778855
12707,5385.307071049313,5391.097398143645,14.305172412703731,5449.369393516645
12119,5429.347575390711,5437.07376352957,11.018833283563552,5458.259377142683
17814,5492.719171100584,5500.176142278764,11.228515353308804,5536.710008605591
17844,5525.559427901457,5531.18565005133,14.705063797565444,5541.453122553805
18030,5539.42838443821,5545.46800100871,15.232493858833173,5727.381426350301
17906,5543.200490756692,5549.514496061929,12.710451211524934,5730.141231881586
17805,5549.046549041055,5555.600544044563,12.618131551218136,5732.397841728852
18120,5561.965969570351,5568.456719657388,12.940162728758146,5736.361081643836
17868,5567.159903377632,5573.378827738089,13.740257163160813,5738.580733845068
18251,5573.4242651836585,5579.386947986729,14.2608252935649,5742.089137246621
17849,5584.121878374914,5591.126826908816,11.930191919039807,5744.684072182442
14905,5589.617773648556,5596.063211938911,12.911638844516913,5751.099825165588
17875,5629.724861352333,5636.334892544936,12.701901778046748,5753.584052330106
17928,5631.533307651964,5639.398881220442,9.224004081930184,5806.89614327698
17827,5691.176349903695,5754.04025740864,8.716474056666682,6079.627033471617
17841,5762.901847178837,5769.57031164675,13.662611940769825,6082.58209482281
17858,5777.8065922500455,5785.09225530917,11.55283145823315,6094.881919026269
17900,5779.660445288898,5787.002099059835,8.141265397569999,6097.6518641643215
17856,5950.632226368358,6117.276075823576,8.053961042425268,6179.767214180206
17908,6046.815496678055,6119.332444549514,8.854976814356787,6181.516708991188
17893,6050.023437530839,6121.244408572089,11.792922250024848,6183.327368226389
17682,6054.460173889407,6123.039383892061,8.941833699989207,6185.124763105334
17865,6106.537273904488,6125.153120701816,7.614847533145231,6186.952594004596
17933,6128.337450821776,6189.150176622832,9.33445533216066,6199.268804635285
17918,6130.40639253459,6191.115417072881,9.788483627883595,6201.924908990824
17852,6132.490604461989,6193.043946175449,9.246183047030529,6203.800617015718
17829,6171.76983816995,6195.052395542919,8.782617152308035,6256.801300781948
18270,6173.512488374171,6197.292503822466,9.25191862237601,6259.446704625716
17883,6179.1614884734445,6199.308732700381,10.15375359382813,6261.7105683304035
18245,6181.286176738709,6201.180371576056,10.800523103206277,6263.577433293526
17707,6195.303933827302,6203.056049019106,9.52553460983718,6265.909503844913
18125,6197.835425966235,6205.125311189208,9.715188621148291,6267.754949371271
18208,6201.975782648251,6208.192917278994,12.552055354671753,6282.422932489575
17930,6259.22648439819,6265.377374804776,14.00589662064577,6287.782849367656
18263,6263.768727354018,6269.426676753397,16.905057821680582,6346.35542449687
18095,6275.248751669262,6282.042858925821,13.160434502958106,6349.0505200658345
18046,6281.060650665905,6288.299704648587,11.568123739252707,6351.30216848291
17925,6282.925994645182,6290.15301297076,10.518208944949217,6353.368522971592
17718,6302.824518303506,6310.202311527415,12.592671696898366,6355.377916501112
17891,6326.691855125834,6333.529727670483,11.533053089598214,6357.515730654316
18281,6334.624799567816,6341.12397300303,12.318003629112813,6359.337957022869
18235,6361.320317316014,6368.209407929368,12.92474986228228,6376.180787165218
18152,6366.207413439512,6372.574221731214,13.842795523915061,6380.02154020502
18272,6382.832167866107,6391.169861787658,9.829895968633448,6439.020751258614
17838,6394.054749758549,6401.001304401653,11.311549222391095,6441.127276291467
18277,6399.180966590985,6405.616089584063,13.766388682966182,6443.151820959449
17111,6422.710591768803,6429.389735347815,11.86349045256344,6451.062968088675
16690,6424.510943335563,6431.235870583716,9.397937649029826,6453.785773328397
18198,6439.266463689687,6446.440757125599,11.926141289722077,6460.124909614871
18017,6450.973413424165,6457.590840261738,13.664894352764115,6465.236420975046
18157,6465.189650207624,6471.565828772594,14.405843023626913,6529.263717453673
17923,6482.823997043603,6490.471771236589,11.580871395274448,6531.3981139813
18048,6534.354453138001,6540.459088903402,14.011115981953226,6547.815603714929
18216,6544.212291570253,6551.294071353071,11.238125241749952,6560.079659056459
18163,6552.4793674247085,6558.5043902060615,14.001070675273452,6616.330001771653
17935,6577.373531172972,6585.251599362196,10.147118247917462,6621.294295709119
17914,6585.669150761482,6592.2933600108345,12.335290861739303,6625.448343125206
17902,6587.431403153974,6594.126328266688,12.187875429480718,6627.262170908258
18127,6624.097613974987,6630.393540160447,13.11413250841125,6638.322492161582
18139,6625.78950434548,6632.278369609978,12.817380533232514,6640.299887807584
18066,6631.281686675685,6638.4666321330915,12.026606154723805,6647.287614564833
18114,6637.329495321063,6644.283832814187,11.894826950599533,6652.630175933129
18299,6643.749697579295,6650.270860518412,14.615773484432346,6706.384713130441
17824,6695.412268416472,6701.006237409268,14.84046165858276,6709.226605925707
17850,6712.655927139561,6719.535038069747,12.754339834857667,6727.975997585625
17837,6746.767028152333,6753.041900729812,12.513140474683478,6796.640875914381
17828,6753.0522279724555,6760.5273395002805,11.748734041994918,6801.054675923777
17926,6755.231677022948,6762.287982347727,12.22277857071942,6805.59019115862
17835,6760.960161906165,6767.300225894105,12.529600534338183,6808.037037462141
18027,6813.316296746429,6820.183901276861,12.446286094657841,6828.709071851786
17811,6862.117679198456,6870.111910656305,10.45399438522352,6889.277560367146
17158,6864.104470453338,6872.061002091155,11.635850469974173,6891.626292789409
18098,6891.580276812928,6897.17121526877,14.84325823793316,6903.726777072924
16711,6935.610471272642,6942.117492483167,14.252136585746536,6976.634726525191
17092,6937.780644611186,6944.409635747446,12.594302266686046,6980.722072153241
17127,6939.798590692517,6946.181942081167,13.177915207262926,6985.921114408111
17845,6941.809967120359,6948.497672130252,12.148917513294279,6989.294383765871
18176,6979.344874039428,6987.465857355886,9.70367224274134,6997.645721701074
18215,6981.837459087229,6989.450481243782,9.620042710292696,6999.694634030808
18278,6983.663665031511,6991.4923739993255,10.087888541969724,7001.721934355048
18006,7001.7900102938065,7007.529452336181,13.911666501031503,7014.871350132024
18141,7069.54063262937,7076.326305810207,12.373440048422985,7084.448238856612
18150,7088.1381789767365,7094.583554571275,13.796061696557157,7102.155142392217
17861,7112.637042955701,7119.393941324573,14.035310257977377,7159.406465736882
18083,7161.432610981222,7167.591973350189,13.002318217957807,7175.3661896840085
18099,7163.702423063137,7170.11811696975,12.317612605640992,7178.018499066209
18100,7193.217226215423,7200.307866607439,11.366828940065792,7249.034026082001
17901,7207.255666688681,7213.259031600529,13.634474504066572,7251.415450878691
17812,7229.925203976002,7236.310995612312,13.419592170887611,7254.400747031208
17931,7249.577609043102,7258.138229226858,9.490832180673465,7268.635285168391
17103,7383.192951102415,7390.537567340195,11.457888835184988,7429.288785707374
17105,7473.179888033817,7482.165957404838,8.542926298019625,7519.157086900383
