3668,151.2108263734855,151.56783640598945,12.923636833324915,152.30974214226714
936,265.5848840983331,266.0109211796672,11.340608477681256,266.8586594668031
1071,325.81167046560734,326.27222247719345,10.664626381638977,327.14669186546945
1593,394.1460729637175,394.546145357838,11.532582786865456,395.3827906346634
973,401.8639657542197,402.1878016931687,14.672794474830175,402.8430189404654
910,405.987720281979,406.4188084600372,10.68172545642888,407.3257354297817
1695,463.69468050413235,464.1489071117177,11.672396385553457,464.9725484350921
955,477.30293668568,477.6361556506533,13.846354772468352,478.32848786669643
1613,536.7396404878834,537.102647260901,12.556294691916143,537.868308488344
2262,541.0429340127962,541.4152405524649,12.392659043917213,542.192472964184
947,684.071185269061,684.4099273691506,13.620592198937626,685.1105675438878
1059,741.1532606002111,741.5506977933819,11.609049392492603,742.3786961639474
1093,743.0460772946831,743.4416839564959,11.662766205176492,744.2303990804467
410,745.0087880703735,745.4141916557217,11.380925509016588,746.25902886778
926,751.0696013876568,751.4856556623103,11.089582025750808,752.3101258474762
3602,753.0028724203553,753.3568356262898,13.034880260375331,754.0941259288878
3327,754.8394431932801,755.2160449783637,12.286908264538068,755.9984930766941
3632,762.5581791377186,763.184520261571,8.965339763136821,764.2111308218791
3697,770.3010890851211,770.6360125059593,13.775889408951269,771.3317557616333
2269,808.5841216493014,809.0284134004859,12.71046023198927,809.7847879007383
425,885.2197912168408,885.5868355046955,12.570330498533961,886.2929354213452
393,887.7682919699901,888.2443557144416,9.105087632024212,889.2702359955432
968,889.7415621636978,890.2079206985063,10.469185715071495,891.148899259221
3013,891.6665615445236,892.1168260786603,9.1065456109371,893.1399541546044
984,950.9428674563488,951.2992748345056,13.339708987878314,952.0202131276694
992,952.8118582119129,953.1925549521211,12.450102843911486,953.9647468067973
397,955.1302680296347,955.5305996714492,11.525114490133213,956.3869468856519
931,1019.2280951256782,1019.5765488034507,13.240979505309891,1020.3258541580069
1548,1084.783919197967,1085.2562991752297,10.332791153995794,1086.1746139049274
1600,1086.8077899334587,1087.2187378800113,12.179401489816064,1088.00773955394
3005,1088.6214615118033,1089.0099209439188,12.638342820376533,1089.770611498257
2260,1090.6042183781367,1091.0448640668562,10.357998153201553,1091.9730229508175
2307,1153.7585677729442,1154.2386245167697,10.507006992533144,1155.1280055716004
971,1155.8436807196001,1156.2685776774588,11.43652998207919,1157.1110477086327
3633,1184.1856732670203,1184.4783492529543,15.764422869215743,1185.0926032621132
3646,1229.1082327272886,1229.4944038042177,11.947730634364522,1230.2758567236851
964,1291.8329523269417,1292.2562921960039,11.845971327273725,1293.073307878691
889,1866.0769256292792,1294.4594129149166,12.062068756611849,1867.707365806065
353,1295.805397347069,1296.1985972132957,11.523120893840554,1297.0285770189705
340,1360.8512646541183,1361.3231288528118,10.334409619893176,1362.2158908265567
970,1362.6621452280726,1363.107111743646,12.273861489886713,1363.8903915626233
895,1431.068435444752,1431.4466969492225,12.19756161123386,1432.2517621482077
5341,1444.0855137839285,1444.407236059128,14.34115186170601,1445.0806538495447
2322,1498.7281223242887,1499.1833945851506,11.686785260749149,1500.0056533754268
1708,1500.671734483688,1501.1543120134286,9.704283199775658,1502.1457978161316
886,1510.7695860275455,1511.2165381555242,10.249427069001209,1512.1478497719897
1583,1512.6958746045816,1513.1390230692289,10.67422108831823,1514.0406675413738
367,1514.6137107327404,1515.059622712945,12.160149184400275,1515.8502271586765
1538,1567.9567401078295,1568.4178007864334,10.141762507477008,1569.323732574863
1540,1569.8783260153148,1570.3147490125032,10.942151235677867,1571.2012863477353
1666,1571.8828312318767,1572.310783421508,10.693895150071635,1573.2158552598398
2513,1576.090553790805,1576.5087899838197,11.031728202852847,1577.339272616693
908,1578.0132240920573,1578.3818457393095,12.516541121030706,1579.141632717155
1606,1581.658828168109,1582.0491887703681,11.87351480544567,1582.8588789222292
5344,1705.8142036130776,1706.254233933617,11.247356784948092,1707.091675772017
1586,1707.8281809909968,1708.2209026352918,12.432544684065842,1708.9941850364619
1008,1776.130872574771,1776.5302008433302,11.554073100263894,1777.2961063252646
919,1843.5575115382585,1844.0132007761956,11.767450687051968,1844.8301889464985
3284,1847.75768889834,1848.1384462320877,12.484886338450188,1848.9084867230724
9129,1876.6808984052927,1877.199698822907,8.725405443503442,1878.2965577209516
2984,1912.7219524313628,1913.209703673428,10.383262088333762,1914.1319395467606
2332,1914.6711242896163,1915.1323897445263,11.077614485424236,1916.0002501439467
355,1916.6316107778057,1917.0567899980522,12.166884768771315,1917.8469567653601
1001,1918.7092007704775,1919.0625227714352,14.186069867055423,1919.740220547919
1010,1922.7933021596482,1923.2383045930562,10.459729956709497,1924.1674920497462
2347,1924.7538813116448,1925.1791484413945,11.90061364404424,1925.9869948511264
1689,1926.7553191315928,1927.172181283264,10.869826648989982,1928.057357038216
5381,1937.7607417175836,1938.2526987367185,10.40570868838785,1939.1600378272035
2396,1981.7083568711166,1982.1970174082437,10.57233446470902,1983.0894729806432
859,1985.1895939249296,1985.5502196494026,12.794062355582044,1986.3141313710464
418,1986.8947385619517,1987.2614731722965,12.706931742358497,1988.019064570403
1065,1988.8023974051575,1989.1566968762882,12.061185363038287,1989.9537883491885
983,1991.623432216031,1992.1370822681856,8.203110447968973,1993.305000700069
407,1993.8189484352845,1994.3320317413188,8.887981261886468,1995.349923322128
884,1995.9713374074415,1996.4465423188922,9.788589534127672,1997.3509392918943
3009,2052.6049526786223,2053.015384737003,13.414715167172998,2053.732050568975
940,2056.6734413666127,2057.127944201763,10.634568199652787,2058.0337176718335
2359,2058.6394562093615,2059.0629925584867,13.03772482992708,2059.800381031657
1621,2060.8826825790734,2061.3220376730437,10.55616803687802,2062.221950085605
1006,2064.15034443665,2064.495384172816,13.371990302331158,2065.2182349008967
930,2066.6034253221123,2067.03499246803,10.969700179535554,2067.9113945436206
4647,2073.4000237146333,2074.003373424215,10.006890620222789,2074.9640982258356
5332,2075.645870771235,2076.1390772009104,10.565460687330503,2077.0430366523583
2426,2119.590824428538,2120.075923472417,10.64251293752613,2120.9792691448524
1032,2123.731966270123,2124.099432260469,13.130370202618934,2124.8316178620626
3045,2125.9332300682654,2126.374934195187,10.396672047568588,2127.279246101219
5331,2127.939183438745,2128.3499604096096,11.233763860267597,2129.1997968074597
346,2129.8374471013235,2130.198273083062,13.343481608686274,2130.9187648023812
349,2131.865412221194,2132.266786198966,11.3214405181198,2133.1094503885156
5876,2188.5477174547686,2189.0115633854925,12.33901956248272,2189.790706976056
897,2192.9179312110828,2193.2718859543857,13.492147213929066,2193.98443880854
1002,2195.0123404999686,2195.373396398234,12.778819091729536,2196.1236942075957
1009,2196.903403508348,2197.2959061095544,11.873895444280711,2198.1061886194584
1552,2198.702834092322,2199.098966631212,12.307159466174355,2199.8801272257724
1630,2200.816286422123,2201.1882548330627,12.36152067996696,2201.9659801837574
1703,2204.0076201890315,2204.3482068300386,13.546826124145676,2205.0583254517146
2387,2257.5971016566336,2258.0688842416594,11.007004560738547,2258.942316059816
2293,2261.9607823685546,2262.3473109596066,12.029803445850886,2263.144182360726
5871,2263.858526138138,2264.2667699857875,11.250206580848943,2265.1173994298956
6469,2265.681884932907,2266.1068828803136,12.110163157125326,2266.9007506326475
5840,2267.977921400968,2268.450594751391,9.737152936712858,2269.4308397015907
2283,2269.9871947208694,2270.4395371004284,10.201938332361781,2271.3316919646572
5928,2272.0123179879665,2272.41841754876,11.361420822313276,2273.2399471807953
6431,2273.905747332588,2274.3117005863296,11.528335933848227,2275.141665491755
2305,2334.7117523288966,2335.050009384525,13.656655081284022,2335.7539788374197
6445,2340.6238869536,2341.0545586328562,10.94137587526894,2341.933229479699
1551,2395.8477617377116,2396.307729530256,10.845636869057651,2397.178805171554
6529,2397.674415633189,2398.0908054231654,12.076714131444641,2398.8868719609095
6363,2407.1295653287652,2407.447409786431,14.516119110034161,2408.1129613183957
860,2420.7805170827332,2421.279928813448,10.362415847174306,2422.177756533035
5858,2464.524747325158,2465.0040419876827,10.923387616517566,2465.8841597994324
5895,2478.6494596110033,2479.007311381637,12.70597277142785,2479.7639530161573
1605,2543.025456396326,2543.4139322329224,11.876846823619456,2544.2279083171297
8529,2545.055045939589,2545.460805089821,11.370952456144801,2546.329407882924
8491,2546.858636430677,2547.288017445202,10.473795017455187,2548.20038477631
6449,2548.779606208307,2549.197421446791,11.233679664078235,2550.0568243946304
2395,2602.9078993571734,2603.340092169183,11.193836551818455,2604.1894610686604
6437,2606.6456124690935,2607.036001659542,12.593322248843652,2607.799411649057
5841,2612.9779522258855,2613.3801952974522,11.497236968374189,2614.217553724186
6497,2614.7370650209114,2615.1596437821045,10.836077659282006,2616.047574702231
5560,2616.657653025487,2617.0774862548496,10.94077645197004,2617.956205242314
1691,2754.0728129264535,2754.4618678538473,11.859168670193268,2755.2703690711137
2403,2755.9246329704392,2756.3162307337475,11.87096796066115,2757.123040833649
6466,2885.9111495272223,2886.272643256598,12.96058536598102,2887.0148996484604
1684,2887.850850425766,2888.2124561802066,12.705350150329282,2888.9691348936776
6407,2954.7409972427263,2955.061677304094,13.81905867170377,2955.7573736054364
6506,3017.0182979188826,3017.4704819204885,10.203518898391271,3018.374314391122
6439,3019.0065251190276,3019.4153927244047,11.284503700600238,3020.2626790279146
6458,3020.7473439968594,3021.152450057433,11.22117030408234,3022.008904134287
6485,3022.611842006835,3023.0131742278804,11.59894578512526,3023.8420312795515
6471,3085.568395505906,3086.064775141702,11.546571680036113,3086.897391806834
7104,3093.6384686348893,3094.0851874634377,10.499487033238344,3095.000853060374
6499,3097.696150488437,3098.1265181007957,11.439930296445315,3098.966896298636
5880,3154.7402794628724,3155.192924337377,11.160670018854201,3156.05065112999
6553,3156.6907646179434,3157.1134755432877,11.525908100476052,3157.9475849186306
5915,3160.8338447795845,3161.3335908125127,8.938715945390125,3162.4013297588835
5875,3162.8804590551626,3163.369814893172,9.637740704516437,3164.3841432583495
8546,3166.079916203353,3166.457629716104,12.215257993639517,3167.255173969498
8774,3167.9287563099247,3168.313024585375,11.948210759365129,3169.124183773564
10115,3224.02884369314,3224.4642143270285,10.597563654511577,3225.2983561271067
7909,3225.8566357033496,3226.2404205460102,12.89603371291224,3226.9859108432574
6447,3227.6957454847243,3228.067777824011,14.16001970946791,3228.7467223596263
7054,3230.006719062262,3230.3209156182397,14.684654933846788,3230.9756036615922
8788,3235.123184272306,3235.4679081298573,13.38424337295567,3236.179707760312
5903,3236.9068240174997,3237.289796994236,11.800626870504338,3238.0985758459074
6518,3292.886089680766,3293.3334648149325,10.89079110566588,3294.189485338668
5861,3294.9540154694555,3295.391513860375,10.68649178962316,3296.25516557766
5851,3296.7775971526485,3297.1923044746504,11.881141980039281,3298.0013063405213
5859,3298.6056592410328,3299.0089635653258,13.884968704011563,3299.7013574922325
7180,3302.1045670387252,3302.459960770027,12.982412461337294,3303.184336998496
6508,3361.806898283138,3362.2196797691468,12.330969143890698,3362.99933203279
10821,3363.705224196006,3364.1328298990325,10.69736867073801,3365.031583445106
10109,3430.5820371114487,3431.041394704959,11.956824822772589,3431.845443283779
7186,3437.1316978976633,3437.494960818506,12.701180718455797,3438.2276978355662
6509,3446.1239273059473,3446.48783480414,12.678683535934525,3447.233146051053
7042,3499.7207566414604,3500.178518681363,11.355285730071916,3501.0268875126576
7792,3501.6876104271296,3502.1058000626845,11.107872504165572,3502.971300454622
7208,3503.7616582554715,3504.160558274584,11.428053059467262,3505.0017835161925
7102,3515.173095046783,3515.5349443364576,12.750800229795935,3516.281441554985
7075,3576.1701780941203,3576.5417932670566,12.415714809149785,3577.330525924834
8571,3581.829700430151,3582.231488376892,11.479777486267,3583.067223051897
7838,3639.741084590842,3640.1459773671063,12.908064304312518,3640.8907728514873
7114,3641.6396820866676,3642.0379608085136,11.478877455772766,3642.8754876523176
5926,3643.749913870175,3644.150393724287,11.768895473632544,3644.9672815985564
6495,3645.730790455728,3646.117276706965,11.750921798923935,3646.935414055716
7826,3706.637819969715,3707.120442129536,11.212489308750227,3707.9778670724922
7028,3710.63264935153,3711.0015832433473,12.096487961809732,3711.796348470767
6443,3713.150306048804,3713.495278410229,13.374601915573358,3714.2098825036746
9100,3730.9644172517887,3731.437911672048,9.853656469579459,3732.3789422821174
6505,3786.1294327883643,3786.511219194337,12.08494575437215,3787.305626587127
5844,3787.8947472227565,3788.2364482932326,14.12654329402208,3788.9170017595584
6436,3789.725211812713,3790.0699086889117,14.544131867476594,3790.7309222229987
5857,3851.01440542349,3851.4264673549346,11.197025626132383,3852.327789621862
6362,3913.9804653319834,3914.4088367654804,10.882443726061283,3915.2550149636672
5854,3915.7986231204,3916.2013931668093,12.258402575158092,3916.9856607699494
8566,3927.101871361504,3927.4492105200516,13.283466296262127,3928.172316208107
6462,3982.51900608384,3983.0218357215645,11.071408647742508,3983.8901866524925
6562,3986.6882711560875,3987.0650709933816,11.821085834199193,3987.878352289262
7760,3988.7769356290514,3989.1425374877667,12.651822626886432,3989.902417569038
6479,3990.719298551849,3991.1265913275156,11.68571506521692,3991.949293913732
6410,3994.7680945855923,3995.221159712686,10.429135502023781,3996.136844906868
7824,3998.0960304338905,3998.464474103417,12.522587270569883,3999.2388470613105
7107,4058.963980901323,4059.3101558377393,13.319048467376742,4060.0308588173343
7065,4061.087539033531,4061.4745267641542,11.922517539500609,4062.2976284264396
6442,4127.058314900091,4127.465700954457,11.325542336275527,4128.299328376585
6455,4128.963193728609,4129.340421847674,12.323373170305675,4130.132909227347
10805,4130.839423348311,4131.273169795289,10.678576169082918,4132.164506671019
6429,4136.0160363766145,4136.403263997463,11.915131456364605,4137.200868418199
6480,4354.052352666266,4354.459596469086,11.32949838396644,4355.320557364251
7185,4193.75242773802,4194.129613310997,13.037456530558405,4194.867016958971
7193,4201.060716230676,4201.446801063555,11.950399531470554,4202.233726237428
6432,4202.846815942936,4203.205732123813,13.209815595619787,4203.933514274619
11844,4258.61514905694,4259.087835738432,11.036071294095498,4259.958967117503
7894,4272.203920859829,4272.509970978086,15.075530871246762,4273.15577751524
5846,4274.175240894801,4274.554457496324,12.166840764370116,4275.347553230078
11980,4329.814949760284,4330.219824676227,12.435938671634956,4330.992896034957
11946,4331.935801262067,4332.322135504975,12.014584934062528,4333.117718824187
11384,4333.887145885367,4334.215596446647,14.887141447008037,4334.861379791972
6392,4534.926951101544,4535.356789821786,11.037006789412366,4536.188278674036
11969,4537.000647537408,4537.382924056059,12.069451773348845,4538.173247862364
11461,4538.948412950801,4539.312346793904,12.743922756858918,4540.061715046268
12008,4541.194482158928,4541.57484584821,12.130148423551486,4542.389898675932
11509,4542.990818005445,4543.396662912441,11.360330988474779,4544.233461996046
11853,4544.905418867959,4545.2864130273965,12.495798496878438,4546.049440841909
11959,4546.817133055017,4547.161413314288,12.920391355388904,4547.905498206264
14664,4548.833668498446,4549.215342766225,12.401421164803022,4549.99056585382
14691,4565.814403023861,4566.152531117275,13.80074337250871,4566.84915069395
14327,4609.082362263244,4609.485016214167,11.458643322283065,4610.302270925774
11412,4613.1770909019315,4613.53356169618,12.943186595852318,4614.285127973394
7896,4619.194917907809,4619.542501574193,13.274122037818211,4620.281952314721
11858,4672.792746238622,4673.288540334093,9.974690277302512,4674.218302669124
11880,4674.747787523002,4675.181540815028,11.393094173590178,4676.02384511721
12657,4676.631720089022,4677.047863102402,12.500033297326375,4677.816970494139
11876,4685.804859488567,4686.142198113247,13.502780878699884,4686.854189820165
11328,4687.780462299911,4688.170092553156,12.070509746114215,4688.966568278552
13328,4743.752652639969,4744.188499474433,11.424398016034264,4745.026371841378
11347,4745.625341483213,4746.032697094036,12.6687486362848,4746.791561941855
11928,4810.608743747917,4811.068073436776,11.567510936132422,4811.899182917374
11869,4812.982197905654,4813.364965249785,12.144336429403019,4814.155860049486
12693,4814.898470032564,4815.282432740053,12.129251820924626,4816.071689769811
11971,4820.1953615017455,4820.548552473727,13.063380357818046,4821.263825853291
12665,4824.605725546156,4825.039244883517,10.68082465250009,4825.9393502891135
14655,4840.810292701842,4841.145350146033,13.723285693244758,4841.845901618971
11930,4879.682713666459,4880.144730128505,11.363789996478872,4880.99073907525
11914,4883.761344419057,4884.132834168591,13.943793847068077,4884.822307070399
7905,4885.755821157925,4886.158933397731,11.488400423853076,4886.995765998551
12680,4887.617954099182,4888.039876278466,11.678269070508787,4888.863103414947
14611,4892.884723872221,4893.240639300557,13.238563409467673,4893.966841057392
14692,4895.9237463107565,4896.380680241505,10.058463413821856,4897.316096514952
14620,4958.5312453927845,4959.023810569469,9.863167901296693,4959.998534725253
11382,4962.516469455517,4963.02153063794,9.48567028014797,4964.036015670287
12622,5017.848238449498,5018.2696417153875,11.807101577024266,5019.0743418452885
11995,5021.611394419646,5022.00369932954,11.84844816044928,5022.8151024665385
12649,5023.673372103063,5024.050784974648,12.728847591983651,5024.806066859867
12570,5025.675058139881,5026.038848111085,12.505687152350495,5026.807607787289
13272,5180.310214554539,5087.278092851187,11.500400537521237,5181.749130352903
14603,5092.79302315927,5093.144587308475,13.87146447600205,5093.837655298706
11356,5096.913598499019,5097.31488428627,11.353547307459655,5098.1547882781915
8572,5115.599155662764,5116.011099866355,12.374993830868574,5116.7879784763445
12051,5155.568511727215,5156.037083198201,11.528967262876611,5156.87097124617
11364,5157.5893053217,5158.032981133965,11.888756155448451,5158.841633265462
13365,5164.901719806319,5165.273081965843,12.543914243774783,5166.037777273938
11406,5168.70790573932,5169.075899629886,12.331590821781386,5169.855512588578
14693,5214.56345354472,5215.000048282499,10.547297183171027,5215.911548910479
11979,5228.625832605834,5229.024639416574,12.849592997415359,5229.772824048405
12046,5232.228299084748,5232.554141398887,14.159818432790136,5233.231292034067
13986,5233.970849473352,5234.280284722714,15.005063161102326,5234.920992989166
16293,5239.1598345016055,5239.511730661662,13.111447437202035,5240.264278558569
14591,5257.984950298861,5258.363264168896,12.203934570719134,5259.155338619356
12012,5297.166999446244,5297.549599600299,12.05924241543219,5298.326919039417
12645,5298.998742280888,5299.353926767896,12.995696155972068,5300.093205847952
11999,5307.823564822598,5308.270579007606,10.646155058018493,5309.1692660941135
12001,5309.7371331664945,5310.160448191512,11.064626329780745,5311.03156189264
11407,5366.102004142018,5366.458305625717,12.94933705585278,5367.179700797013
12044,5368.030355905568,5368.38069838126,13.169593543609619,5369.117492586375
11894,5525.300602411699,5370.464632044991,11.267193834181208,5526.6828755521365
12033,5372.195960188008,5372.561533356752,12.620915319858206,5373.344721908802
11377,5375.793976296758,5376.302266456227,9.308843917180575,5377.347189483213
12634,5377.710600420395,5378.246551207605,8.053276853812749,5379.3597670816425
14647,5406.27341174486,5406.588439789826,14.64589607067567,5407.238575661947
11874,5431.657125741344,5432.0988078173095,12.372952917586613,5432.8758145730935
11355,5433.9160766103305,5434.324798774467,11.352337069674242,5435.164885211673
13457,5438.092594198617,5438.47445672916,12.08253661170233,5439.287335708556
11879,5441.881335728023,5442.179008250885,16.26814843152168,5442.769970894632
12009,5443.854710897246,5444.236299457758,12.087552829907784,5445.030362512493
14294,5445.663659044104,5446.050491560284,13.016921174915106,5446.7890585283685
11975,5499.973771342434,5500.365347411543,11.901216653261177,5501.1463252863205
14677,5502.70540333562,5503.169995505722,10.13362531662107,5504.120763429712
14476,5504.742771449534,5505.179880272799,10.242781172791442,5506.120724546371
11358,5508.197718491048,5508.555440481345,12.897915507271202,5509.290818807671
12666,5569.6634390189265,5570.122191741627,11.296908500123779,5570.973209345766
11966,5573.623349196873,5574.000282837814,14.036072759804739,5574.685222861313
11360,5575.819206222825,5576.169704142492,13.943223008913293,5576.859205271449
13262,5577.834444588658,5578.269530965063,10.352417847696813,5579.196197601263
13275,5581.610755184081,5582.029702048121,11.510614974414594,5582.864919630094
14011,5644.287966126944,5644.623012626893,13.770828845084111,5645.310689267306
12014,5648.068164606122,5648.456221402906,11.889671935105513,5649.259766679933
15682,5662.69656298569,5663.2208511590015,8.316879449249047,5664.337529657476
11989,5721.109010758066,5721.454796362212,13.343146593180188,5722.176329661159
19801,5723.673469524578,5724.103895948317,10.309802141667422,5725.038014309313
8530,5776.788068999309,5777.218727119726,11.619103871765686,5778.043433096588
11972,5780.947167734818,5781.389145512323,10.4959125351114,5782.38474858431
11952,5782.80154705615,5783.340463636611,7.869695734052541,5784.453460146674
11934,5784.9603200666015,5785.42732300433,10.001809672644931,5786.351667636347
12618,5788.222945377489,5788.581317177629,12.874528643551553,5789.338268397605
16852,5847.652862983792,5848.089412496525,11.923128003361725,5848.895733455525
17534,5850.05579332968,5850.4203639366815,12.655622579869139,5851.180653089415
13284,5851.839063066079,5852.1823763912535,14.657418491782419,5852.838280977135
20135,5879.9953475812845,5880.388287084733,11.74432658748067,5881.197074569029
16845,5914.570632560836,5915.115820407322,9.280315097617349,5916.159549593842
11965,5916.634665053621,5917.150725088678,8.756184384900305,5918.258784011201
12060,5918.699865874728,5919.207490310836,8.390404542932727,5920.281112720867
11897,5920.900628875101,5921.337359289113,11.015336407403899,5922.212571392758
11933,5925.62380899149,5926.184016837577,8.549383495374812,5927.309126895368
11392,5927.732796363953,5928.269968088691,9.235923475274488,5929.3361787789745
17372,5929.707429610061,5930.225865766894,7.818687217470234,5931.421963627769
16844,5983.8076988506555,5984.245014648932,11.687746167545455,5985.060915485317
12056,5987.726098120811,5988.10488777391,12.944299673638442,5988.84759832978
13260,5997.093577234714,5997.506240919504,11.180697929028076,5998.3676750932045
20159,6014.1039029215635,6014.442053432511,13.644421216493157,6015.149536037329
16865,6052.595663646387,6053.070620918223,11.21007931587185,6053.9282301942185
12004,6056.098351965305,6056.485652401662,11.912891318507215,6057.2916515815095
12015,6067.908378690096,6068.285945803216,12.031483311840532,6069.07948157075
13403,6121.741977124308,6122.219548405606,10.55352742792467,6123.120628152389
12538,6125.6695709580135,6126.085720791306,11.756389989541372,6126.903477603942
12560,6130.969381714832,6131.32128039729,13.120855185431852,6132.052681755973
11948,6132.761510148769,6133.118227593931,13.665837986561023,6133.82172400706
16857,6196.146916784712,6196.464543726917,14.526059955460088,6197.132830888769
12675,6198.084993946532,6198.40507770345,14.41456464508413,6199.071845885319
12528,6200.654087964697,6201.104282484853,10.592632199921393,6202.011247773914
12639,6202.589941374532,6203.006097215815,10.576177256414562,6203.915108834368
21123,6266.761884939004,6267.146594661576,12.312796752156562,6267.927397609879
19560,6268.925246075203,6269.299902706336,12.174498662547737,6270.090740583098
19535,6274.046750987298,6274.414573001725,12.543751665074199,6275.170222728415
16832,6328.769715692892,6329.249413956926,10.563284407222271,6330.1496374273065
17385,6330.7302073385445,6331.170120440273,11.70598917378294,6331.991398152325
17613,6344.120221731592,6344.5142174791235,11.710451279869014,6345.293234987607
20111,6351.41280526471,6352.036767053032,9.529877658718458,6353.039093726684
20091,6353.895427782077,6354.405080951482,9.40514837103878,6355.352608359816
20130,6406.918927838007,6407.35355748682,10.540109553059454,6408.255553339089
14026,6408.833632200555,6409.225066709342,12.549554211006464,6409.991139180468
20062,6410.710612526493,6411.068421226733,13.46981249783254,6411.782155586992
20189,6466.932497293944,6467.390303436094,10.340820614013325,6468.264860206839
13283,6470.8885073547235,6471.258216356084,13.071940603387581,6471.993674716678
17495,6548.251353704134,6548.5756229971685,14.228507308744689,6549.253309626196
17433,6609.9166012696305,6610.342176302468,10.695482951240617,6611.241320651249
17338,6615.785533055053,6616.169261948882,12.640073111709292,6616.929848372789
17483,6618.88786888195,6619.178405996474,15.796677152012943,6619.787006647954
16863,6673.600971530205,6674.045184744266,10.772301475568472,6674.937646585197
20142,6681.702822730534,6682.1442785914405,10.805265470607317,6683.035579921545
12547,6811.720897086119,6812.192229605386,10.6645094288866,6813.082425510593
18037,6814.040669624701,6814.448103680392,11.324208031913967,6815.291199277045
18811,6815.833456028982,6816.220315481248,12.22983244273566,6817.0065411490805
20105,6822.874966208499,6823.200526742346,14.15737784087788,6823.879597973897
16860,6824.96334150382,6825.351748291075,11.894907350862047,6826.15389070736
16842,6827.6903758954795,6828.157400238661,9.299220773551495,6829.1775387927955
17447,6880.710494927763,6881.160132323913,11.352866382273444,6882.006302783747
17346,7022.801560304699,7023.189623540382,12.855750246471455,7023.937449829912
17441,7024.662523019905,7025.054145706639,12.418720877992463,7025.828288881319
16879,7087.604719647931,7088.058072015909,12.081853903170236,7088.853799896994
17596,7095.701244564302,7096.179276117496,10.122236045308023,7097.125751415163
17496,7097.66055358049,7098.110118557539,10.620236999631315,7099.016982118449
17423,7156.609596725966,7157.087188348101,11.492410165490572,7157.923728975133
17505,7163.946926804227,7164.320513770926,12.372279921830163,7165.104886083488
16913,7165.728484433976,7166.11258865965,10.991888945223762,7166.987221587063
16849,7169.644865095503,7170.079112222884,10.77060556157682,7170.971714588738
17474,7171.804321390499,7172.238048369181,10.969831997531639,7173.121401744608
21183,7181.899058313599,7182.376378951133,10.152808219429138,7183.261204475221
20131,7191.711597701538,7192.119375473605,11.776893522560327,7192.93570857431
17367,7229.774588144516,7230.175118905222,12.004507985882364,7230.975973718869
17425,7237.246758539049,7237.603755250807,12.924119057577135,7238.37586079579
16855,7240.881495618584,7241.266340020661,11.850467601618794,7242.092115162378
16847,7294.5472915358205,7295.023777903146,10.780934757351094,7295.915525068149
16838,7298.878584832307,7299.2694087664495,12.025037653134653,7300.063812310652
18815,7374.0975099425295,7374.434066064692,13.70905980338755,7375.138072847206
17379,7433.035672512911,7433.482707072413,10.321054396933114,7434.357863584839
21810,7441.096025642665,7441.426837507206,13.947105592247965,7442.114961448242
21864,7455.374916782508,7456.034304720718,8.489518528734235,7457.140409320535
21835,7457.541136682501,7458.078495482791,9.903158124491739,7459.0508597720345
16854,7511.0078535605,7511.43137948789,10.89394463846142,7512.325442822686
18760,7514.838390408886,7515.248271275532,11.296107197585716,7516.108790545553
16836,7516.683694737111,7517.075928803539,10.310996123765953,7518.00803996783
17397,7523.870442228902,7524.386977873128,9.564419889048892,7525.328536802917
17537,7570.6566595805125,7571.107959010391,11.774673575896763,7571.924446019052
17473,7572.727257517911,7573.133437278827,12.494494093049664,7573.902885640189
18793,7577.177142968476,7577.5503706050795,12.36207492009701,7578.356209627311
17408,7579.180429817572,7579.552169529822,12.4115553272672,7580.324585697043
18198,7581.108798264045,7581.53144539647,10.916596025297933,7582.390445799378
19485,7647.235990627593,7647.575483309894,13.590478518338637,7648.279159048515
16905,7651.246365877769,7651.582451207543,13.728263619914259,7652.270272383755
17580,7708.868286240795,7709.309398286827,10.93239074654071,7710.15710141422
17442,7710.7100465084295,7711.138409457187,11.974584491158026,7711.941265540673
17471,7712.6675728979335,7713.065420616776,12.881463087333774,7713.811754161403
16921,7720.692542441124,7721.06939171746,11.916581656597737,7721.8761556270265
18839,7733.507839692236,7734.070660470912,9.940546421908858,7735.031782066906
17616,7779.978035542199,7780.394881485108,11.12799430692956,7781.255753551699
17457,7781.938377556529,7782.348083162791,11.228008000745135,7783.197477361819
16901,7785.763712320699,7786.171595595292,11.534724573746,7787.005350422608
17553,7848.672509506873,7849.124128298867,10.667305413055205,7850.025241538763
17452,7850.780022260373,7851.186767484371,11.703586632283793,7852.009536012345
17456,7852.687033501114,7853.0599700978755,10.423822484677423,7853.982267846142
21824,7856.949701154342,7857.351964503116,11.515768800388667,7858.163347650535
17486,7923.1687077848355,7923.560858479131,11.765548481866013,7924.3609010307655
17585,7925.004118443912,7925.36250583997,12.873968383652942,7926.120033334145
17395,7926.71095876803,7927.059942967739,14.208413381639211,7927.736575027049
18096,7986.589784660609,7987.003904347535,11.340655947223226,7987.851639086221
18048,7992.07138598462,7992.403957765827,13.87329974058193,7993.097987423812
18786,7994.019714596657,7994.3334020738075,14.708486445942983,7994.987029354989
17481,7995.839260088077,7996.200748050392,12.546148929481543,7996.96702844926
17592,7999.838216055679,8000.153947413714,14.789295419624384,8000.8040032637855
21166,8053.579815525357,8054.044566961473,11.402945971055683,8054.887670842728
17578,8058.000745640124,8058.3793460227125,12.186643802023541,8059.167627820197
17465,8059.771783662897,8060.122622877826,14.580648346399688,8060.781980937738
17617,8065.17450355591,8065.564224951288,11.8388881407395,8066.346198835749
17381,8066.972742219786,8067.322906343059,13.309027842130956,8068.038273629749
17450,8068.679920132069,8069.038176294725,12.610551731335878,8069.8005432562
17376,8126.825929110724,8127.206234837722,12.580123344492003,8127.970445787223
18110,8128.61418537358,8129.012785157844,11.72683111414555,8129.832603223983
18903,8199.071263766771,8199.4734544222,11.471842877690909,8200.28648943062
18042,8201.09656434725,8201.448551006439,13.1080763588402,8202.174507476679
18769,8202.848870815573,8203.209764798949,12.60149367172615,8203.972679756205
18929,8204.638961759554,8205.00079387784,13.812933382223036,8205.696798682897
18816,8206.755334554788,8207.15931913319,10.837058380269658,8208.042107216172
17430,8260.90877876177,8261.354658736851,10.83944273353163,8262.232496661954
17542,8262.78748770884,8263.210571425683,11.327507365284985,8264.058410509379
17404,8264.891361780532,8265.269833316588,12.686833365210546,8266.02593712895
17460,8273.943979349951,8274.29231291915,13.192123156315134,8275.021459670892
18140,8329.800096928679,8330.270280482213,10.024445438220365,8331.2518098804
18086,8331.95237632476,8332.402408872962,10.31991830260427,8333.376132334733
18189,8398.943088252427,8399.447464254403,9.208188419401019,8400.47036931254
18303,8402.985848599848,8403.464459782943,9.645275363779122,8404.449112765278
