993,36.386643177549026,38.57090764554913,12.967221112779269,40.0442820185121
703,95.56542097401191,98.4860307818922,9.87121992011216,100.43630150148566
463,99.50270572104313,102.1623553967467,10.949870117915456,103.92652947222832
1096,101.56486491446707,104.15003236200363,11.318113501744028,105.85700194634768
837,104.5593663754427,107.10319715673023,11.849746605453104,108.78883659529798
1021,106.75269134932589,109.44192375476624,10.416484939374858,111.33968778646295
1063,110.19701932733449,112.44367110683744,12.823520346386356,113.93970813910826
1077,206.18747108575144,208.55866875418573,12.921151244975327,210.1471642884792
1070,277.2938521200786,279.5455001517854,12.938934399916834,281.0888761531359
973,293.21483517803927,295.22201475212944,13.92063471184092,296.5850112661736
966,365.81739662381403,368.27023706973984,12.591420641368083,369.8853938509998
727,389.68534228933646,392.2735142274352,10.972808100256232,394.0552049401824
516,391.8743413253416,394.2877051066468,11.908991885183148,395.9591493422425
885,462.84093817208884,465.468625923247,10.40880441784226,467.2762383895835
440,464.638362181639,467.3585879032266,10.267948086550392,469.1069060349906
1087,483.45071993692375,486.334072401982,11.610994665620796,488.044375501244
852,485.4975101431928,488.18477098244165,11.024579094332589,489.89102232885904
1059,489.0645182041796,491.2648189759411,13.56066011500711,492.7260498781993
1047,491.04714354791196,493.10880787649614,14.200362127185846,494.4948753894038
471,547.7435675853276,550.3773800496267,11.66634060679203,552.116549346852
515,549.8999211650199,552.2631153690556,11.614913006051705,554.0163267404151
917,563.1199795787928,565.4086749329639,12.320792575543043,566.9603273804753
1055,564.9171292527417,567.218256268692,12.547453084944861,568.7693269086054
988,568.6208694838137,571.1738804681091,10.74968901034386,572.9551359824492
934,633.7175908895264,636.335507324808,14.25108547830306,637.7446802143402
994,744.0273025738034,746.4931368682311,11.395587659212485,748.1526212796703
923,749.2457444418247,751.2620909278419,14.701522272621386,752.5766478786584
840,756.7967843586912,759.1602442479798,12.374902668141251,760.7385495877373
1110,813.7075393991313,816.414583152004,12.42374273866683,817.9717516821131
467,823.7441791516931,826.1597582560748,13.757897603883553,827.6199393301472
1103,846.9590484815823,849.5221653805221,11.234024906261748,851.2065151951633
532,848.7819081705411,851.3025962791343,10.864044798214385,853.0501583265929
509,850.5893825835373,853.1225626040373,11.532861441814228,854.8376273393029
590,906.0900483194763,908.3751068470325,13.5820117337629,909.8223833817273
491,908.2177322671092,910.590799580015,12.519148191776187,912.1497829681706
931,910.2920730041412,912.4734068677458,13.849713839495141,913.9908947816999
1117,912.1837516532809,914.4697295400993,12.351131851543043,916.043076739419
613,914.0099439374399,916.4398407462035,11.969557033422245,918.1416572565075
725,916.2227966216944,918.5709163427908,12.99399652257316,920.1386088809655
1107,917.9901192129055,920.3171243085781,12.728494228850565,921.8715294566314
17,952.5170002584348,955.0953565654145,12.688692889934968,956.6582040059387
411,956.0288750215677,958.0775290925926,14.102700129705065,959.4520365276684
1037,966.0283970541333,968.3482745197703,10.876978014549518,970.2810225094656
732,967.7962008571341,970.2997112240014,10.045956232726024,972.2993362016814
949,993.5745745397697,996.368997727456,13.394290075240606,997.9079187750326
1062,995.9665220247441,998.3363346241173,13.236802758601467,999.7740392516962
995,1024.2100290292235,1026.2619434799865,13.623774256373789,1027.6497742185163
533,1087.661547511217,1090.2773923728728,12.87739667670704,1091.8639254998288
1101,1092.244631174796,1094.4980888795858,13.442995524589993,1095.9533846063862
485,1094.0813525480214,1096.3799615047037,11.903953096708195,1098.0536390881066
965,1102.3022421740557,1104.5987143413752,12.54801616639247,1106.233789518442
439,1104.0820142958034,1106.3606978182138,11.040833822577019,1108.0097122359532
942,1113.0891396218321,1116.0650132140283,9.186226891703502,1118.0823054042223
1099,1116.9769991987368,1119.186947518749,13.61647950245414,1120.6844369825205
978,1173.602985709289,1176.5119531039286,10.695672167005384,1178.477003610859
461,1175.5893138453491,1178.4328953160614,10.192617319406342,1180.4085889971293
518,1178.0978548328962,1181.0060615439795,9.31297498810531,1183.094087024099
1066,1186.1317274063167,1188.3173948100352,13.541402066496799,1189.805944109192
719,1188.0249391610214,1190.3157081827128,12.160663826858823,1191.8953534420943
863,1205.0107384268433,1207.1778254743633,12.786902293055649,1208.6711846138924
504,1270.5293426696016,1273.4308220502073,9.856352314400478,1275.409279295347
1015,1272.477979242359,1275.4141858767787,9.451587375463237,1277.3732043739587
1068,1274.5529624050403,1277.487318800681,9.829686637570118,1279.293292559106
435,1362.9960549303544,1365.4800428761027,11.24290553428542,1367.2096973348416
522,1364.8254753128906,1367.3283634840857,11.702828767289436,1368.9676369140639
1112,1366.615638159089,1369.090109321309,12.136987662290224,1370.6989644742857
1082,1368.7890016054675,1371.3864473851452,10.842038730492408,1373.1118923127208
887,1461.8058186123255,1464.168387389829,12.138029453349423,1465.7805383539567
686,1465.827539753583,1468.5224050053362,10.572093822463444,1470.3051584612735
1020,1467.6642981280268,1470.388420865464,11.802333141999442,1472.1379527176366
681,1539.2916224212622,1542.223904357893,12.69918504470549,1543.7967235534531
1094,1541.8575933782183,1544.4492070224287,13.374270887671873,1545.9496183895662
1048,1543.8294414882926,1546.1580253251068,13.31168232345896,1547.6263619444371
729,1546.006163068211,1548.4481545956014,11.49903343674537,1550.0942542353987
487,1547.8259201861697,1550.2884346065225,12.898408074766765,1551.8537736051105
948,1555.6947428016013,1558.448219174924,11.619523292329122,1560.1730490413227
462,1568.7081316049605,1571.1384757391538,12.58354657977103,1572.7052276023928
468,1570.6724638279666,1573.3595671267974,10.473581190804321,1575.208696766931
470,1623.9581949911483,1627.0560065147633,9.225701286678381,1629.1279537615071
458,1625.968136403126,1629.0861801405408,9.984797348834716,1631.00648915095
438,1715.815694108095,1718.107028009238,14.185330158844785,1719.4912682253976
508,1721.8318973794235,1724.2738465501448,11.477334861960186,1725.9944082684074
1065,1805.8906695175872,1808.1689119567463,13.748740220825223,1809.6121520272509
715,1831.1431851859147,1833.0141731781378,15.42477148375374,1834.2951029857663
1098,1839.6382747916157,1842.1087869240494,10.92213193186033,1843.8992433256258
496,1862.1570488531138,1865.1277046618138,9.06169933997591,1867.1762556433468
1039,1893.7210780570192,1896.391717004909,12.42894308998165,1897.963538296267
5943,1900.3223055577853,1902.3673509726034,14.884000403051177,1903.635478157
6411,1902.5654998019472,1904.5873334023495,13.98168104057138,1905.9200598008001
6348,1924.8820125050784,1927.1097239998928,12.901029147691277,1928.6062320264718
6568,1928.5966423056077,1931.1791585226465,11.613343950928119,1932.8513184674428
6440,2002.143178850006,2004.419794626686,13.418248553478248,2005.9700936079912
5995,2093.2976120667263,2095.4730773861966,13.917797899598469,2096.8828384869366
6517,2097.0832693708153,2099.488279093492,11.63262799302524,2101.268118808677
6556,2175.2270924385757,2177.0546529089324,15.446240124210467,2178.317740187703
6032,2255.981176984232,2258.340997117505,12.705372715404552,2259.875083539397
6199,2280.653463001984,2283.4705300963847,12.759904637158751,2284.98407138827
6529,2286.3413200250566,2289.0422005444466,11.924495263211522,2290.62958610772
6533,2356.8892020642243,2359.4710116104543,12.09475879906142,2361.1027456993133
6580,2358.7336546600986,2361.2337108104803,12.61850218140604,2362.91666339512
6023,2374.063557140833,2376.2656535593,16.079333766945567,2377.4716583883464
6437,2380.85164181399,2383.15106546224,12.926643371563577,2384.6687036740086
5944,2439.212994928108,2441.5579476409653,11.885221788773192,2443.166644449325
5976,2441.2204013492974,2443.4862135906305,13.446461369593301,2445.0264135327357
6029,2442.935283684254,2445.167532595753,12.669366270852093,2446.7281268068364
6524,2458.024639639014,2460.4663313722526,11.906524750497663,2462.0966232548017
6569,2459.8466055094837,2462.331138216231,11.89432478753267,2463.9437301360053
6594,2468.604817014511,2471.2058481768213,10.808570486765696,2472.950046150731
6540,2538.9132308515404,2541.212692742314,12.73296671307787,2542.76571078525
5947,2541.141942741515,2544.066882763402,9.859178010043122,2545.971586131173
6609,2552.7335476179123,2555.01442838048,12.939275650505667,2556.5513838395254
6552,2620.1445003482554,2623.1273338470205,12.725260124050408,2624.678715037109
6030,2626.4550305376715,2628.6095517642175,14.001685329421223,2630.0635040879
6617,2629.765973622822,2631.6564074422704,15.667336130738006,2632.951831797284
6193,2631.839903453657,2634.1570452089572,12.687790046748592,2635.6816269552646
6024,2633.710577283696,2636.0036602627047,12.733765001117908,2637.54488567105
6509,2642.2224743278366,2644.4327578456187,13.037767078922656,2645.928890842934
6482,2646.703825141363,2649.0652801797455,12.46524198412944,2650.7926339205305
6538,2648.9295948017225,2651.53316092117,11.52811495627189,2653.729228485874
5993,2719.835572125108,2722.327090186793,14.079987145329529,2723.75033724137
6564,2721.8968206307154,2724.2762434271503,12.243852658639117,2725.895979687288
5983,2723.73941304198,2726.106371679086,12.017358841589722,2727.6969584183844
6342,2732.181767394261,2734.530259161546,12.432442201050716,2736.0485766352504
6439,2831.2037652463346,2833.475836468506,13.397827344850871,2835.024759209503
5998,2892.2292025131733,2894.513413254459,12.823425009395688,2896.0337822416636
6616,2895.8663753287874,2898.103802740721,12.66850576857533,2899.6161960800173
5989,2903.8537097049757,2906.481514624835,9.990950984611317,2908.3908953616397
5969,2905.741884735355,2908.4823873743685,10.840645273596841,2910.3221403200364
6554,2920.9814407005274,2923.472548896119,11.832825813671878,2925.1196040054415
6460,2989.7172883811377,2992.243351767857,11.046722397047393,2994.0188916947805
6367,3003.8122654441772,3006.2606826807946,12.243586801671228,3007.9135361829376
6014,3009.3018109138147,3011.2353523082766,14.319144678211991,3012.5814344773303
6510,3063.949809869623,3066.512445996788,13.774387178454539,3067.960197645981
6567,3065.9006929412703,3068.2496152547483,14.118300144433457,3069.692884980724
6491,3074.04422064197,3076.5247793054523,11.296839251887281,3078.227580704473
6026,3163.45581309287,3165.442533934331,13.880379695070479,3166.864931589052
6603,3165.661584418111,3168.0822646859106,12.491299672324214,3169.6833638471667
6531,3167.602276516807,3170.104290017281,11.364476702243856,3171.774652474484
6392,3178.2875434567577,3180.281981279414,12.922426177251767,3181.821753205137
6214,3243.6509871412422,3246.420561702056,12.80600697326532,3247.8748464787213
6221,3255.979027268806,3258.3464123197273,12.531424945943556,3259.865676175864
6201,3259.237254332655,3262.144611036714,10.479321064173119,3264.0951394292865
6432,3266.193300286295,3268.526659139378,13.0588717884595,3270.178019834223
6575,3267.9428522467765,3270.321698525793,11.883704757419173,3272.1166206029166
5974,3272.080079323006,3274.4658221051127,11.873949621453402,3276.1567701655213
6108,3344.038459147564,3346.339736168706,12.846490549591449,3347.8446042055307
5939,3352.9920640242826,3355.4312451007254,11.80592634303152,3357.115955755204
5981,3425.783374742547,3428.36766208804,11.700168471206712,3430.0009931719833
6020,3427.681959428523,3430.1452601103274,12.692020749018095,3431.704130338444
5988,3458.7364888389934,3461.109966424288,12.982944674863974,3462.667503423445
6235,3468.067707319204,3471.109393196666,12.936614477240804,3472.6430362018887
6516,3514.294896995588,3517.0722412437513,12.493407000885913,3518.6368164854566
6198,3543.7272585220385,3546.2850022847824,10.769226333644802,3548.034473752298
6222,3550.416237492496,3553.4255005100094,10.105669299533194,3555.391842292643
6419,3610.0403081855166,3613.0259457564707,11.225345719532656,3614.756237086151
5991,3612.3296927866727,3615.1404917105565,12.428532365543093,3616.728237364115
6450,3614.285809397966,3617.0769371451975,10.707679023134752,3618.865446150314
6562,3619.9254180245402,3622.068776812774,13.23562391089437,3623.5103507271265
11877,3636.8475240932953,3639.200278580962,11.93728716879758,3640.859057537379
11725,3704.1320283444884,3706.5943829748608,13.740290093832675,3708.0303098821455
12028,3706.004227219706,3708.3086591455876,13.457711054371167,3709.799244005436
11981,3708.102953518618,3710.259785198505,13.618699386841103,3711.705141683628
11464,3720.4739358315665,3722.546343500894,13.884282928544586,3723.9564682750583
6967,3743.348831327361,3746.1213652852084,10.265527671144236,3748.0399747971055
7693,3745.2296608368956,3748.015445175905,10.383841844564632,3749.9250759524216
11483,3787.778741849917,3790.001789745112,15.844955033934504,3791.2425672691197
11909,3813.8421153671147,3816.502899187801,10.884977560271613,3818.2985543466007
11434,3873.6892270214157,3876.325470028498,13.296957834439674,3877.7430824316366
11735,3888.9772475064287,3891.494499182628,11.20976697517108,3893.2279333713914
11453,3890.8875752173763,3893.5090739128723,11.71788531755493,3895.188998618726
11499,3894.0923637009682,3896.2242514759564,13.70615890682225,3897.671475368226
11957,3907.1552353862526,3909.1595835581516,15.148462301527196,3910.466497924341
11711,3974.8494906998694,3977.309623262567,12.09850598218855,3979.016110118867
12052,3976.710926014766,3979.108487358057,11.222819976537135,3980.8136959262156
11970,4059.695794646549,4062.429837854164,11.139284986943144,4064.2400433611056
11520,4065.591680273986,4068.0350123336216,11.741261188025469,4069.7132524223907
11980,4143.923180737652,4146.528479440321,12.715703880765282,4148.067710126388
11488,4145.986018023217,4148.288168423005,13.377560036096131,4149.785411127419
11461,4178.178820230203,4180.230086504844,14.862483597798752,4181.585122393096
11263,4202.460178756991,4205.260985801144,12.915939598841227,4206.742553072059
11930,4237.277386412051,4239.348235509035,15.2741617411872,4240.657529537796
11878,4244.699922229371,4247.325673502784,11.026683470485256,4249.081341900393
11940,4283.725492860056,4286.307951272297,11.611932543036254,4287.98491197172
12083,4323.7453364634375,4326.370254658475,12.15621664100119,4328.0096303533555
11508,4325.61950951277,4328.175142825929,12.132821282903876,4329.789309489101
11723,4327.6476083573125,4330.004185616536,12.490935617563329,4331.641818207307
11535,4334.641851477043,4337.253253151702,11.584140715599665,4338.9491931111415
11892,4337.34371617692,4340.080912828464,10.67881009032822,4341.976473888167
12113,4357.568463653261,4360.390717282854,9.63793102334948,4362.342702692776
12029,4360.909331181797,4363.2334411918655,12.636515916879606,4364.77336603633
11709,4419.8267419088525,4422.203623485897,12.451498017185592,4423.8460768688765
12106,4439.5085058911245,4441.530511159755,13.723617666821863,4442.927474957775
11455,4446.479991305335,4449.304396577906,10.448440406145322,4451.176170541263
11713,4512.4277472491885,4514.623232255162,13.288662222677024,4516.1453216258515
12085,4604.976144669458,4607.118747719306,12.670836817718163,4608.611272165771
12020,4624.358589518406,4626.558161965985,13.468622254984718,4627.982747191636
11523,4630.545961547298,4633.299956613125,11.172263612738407,4635.095646642565
12053,4688.000312545796,4690.554523667854,11.230654531371107,4692.374023848916
11440,4706.506512787958,4709.0590492003885,11.252919593122675,4710.81039761633
11924,4708.656369368547,4711.395367624534,10.53269737710098,4713.2400926025175
11884,4718.957847828423,4721.187915831079,12.64858283244008,4722.726503204041
11437,4790.910377644929,4793.424440802399,11.641355346207828,4795.02121181887
11514,4792.76382565298,4795.304117855993,12.434874696189834,4796.861122056153
11533,4805.255616307712,4807.4038239056945,14.426067786864204,4808.773868813383
11669,4868.2604236958,4870.523317803901,13.235321584383708,4871.927890709761
11467,4874.11420921759,4876.504201543075,12.049939369040407,4878.186260192643
12001,4876.064024651885,4878.488834786183,12.455282449459412,4880.1397649277105
11504,4877.823384182533,4880.244700102322,11.635057273708375,4881.963854877205
11516,4882.673748321555,4885.117550378094,11.199114603894111,4886.8139129464535
12071,4968.604472701171,4971.453735589484,10.560359342404599,4973.341467066669
11494,4974.057325202109,4976.435191553651,13.434568414469613,4977.903156764962
12044,5048.015591565057,5050.369477394122,12.298770110167052,5051.984762612212
12054,5049.902046353772,5052.464844784326,11.55209040506202,5054.20001314319
11682,5051.70992314685,5054.192328157517,10.658781036975835,5056.03079844807
11438,5053.481710443387,5056.0688582914145,11.02472939863576,5057.846899364476
11446,5061.586233245423,5064.398037676849,10.854846917241153,5066.209086487131
11531,5063.5640579369365,5066.349168604148,10.766178958257326,5068.079867705227
11839,5065.772425595292,5068.349224477738,12.317443149221475,5069.987270724127
11704,5134.128676603206,5137.023462809354,10.9303844685147,5138.850551585057
11888,5140.170430061709,5142.292521648003,13.893761877041635,5143.700672215697
11894,5142.0102029353275,5144.4445546444,11.339707872703409,5146.187316254338
11748,5146.11128313586,5148.371515017308,12.615693404731816,5149.879973804779
12099,5152.059232664338,5154.0996820201635,14.85940720212553,5155.437894461762
11458,5228.236937239413,5230.599632350565,12.927757309664399,5232.120838274677
12035,5240.381689219592,5243.043477886063,10.253988494175909,5244.904590232167
11964,5313.772609590578,5316.467068329284,13.141542003460238,5317.872693373114
11469,5315.86961164438,5318.377667250027,12.40059943278694,5320.014194798033
11495,5331.028213973854,5333.494113256869,11.918326408038755,5335.200308146463
11511,5336.051390507867,5338.147375240324,13.531017870236514,5339.5799347081365
11922,5347.022397798834,5349.2207331054215,12.836924652637142,5350.699187058226
12047,5403.793121911948,5406.5580840431685,12.380900483732725,5408.215294893299
11579,5405.987020977885,5408.401952197218,11.470472630135708,5409.992966990687
11870,5407.922208830946,5410.243161279807,13.425634384013764,5411.847366289063
12031,5411.66373793998,5414.16490565265,11.304786477627708,5415.932189023294
11510,5423.646930728344,5426.347160447588,10.593217834861868,5428.168515500235
17534,5507.861310510926,5510.1586949872135,12.453207227875081,5511.693553841494
17506,5515.6090027640985,5518.441401743168,9.566861782869674,5520.341773541325
17565,5517.577222434019,5520.421168122899,11.052752848220466,5522.366725799065
11919,5538.824651443262,5541.47362445468,11.906648190813277,5543.094584235097
17581,5583.901915719648,5586.551793011402,11.556498171165293,5588.275864534492
16969,5596.775399120172,5599.227683585891,11.852054932991226,5600.817931394665
17570,5598.815746054119,5601.14099579692,12.627899612883363,5602.714729350099
17352,5606.402385979874,5609.3872896737,9.461432322634991,5611.386548396548
17598,5616.923906468283,5619.541262594352,13.127360993460908,5620.918850637455
17527,5618.766428506464,5621.247178607953,12.834940919075262,5622.7241975432535
17497,5620.787069291738,5623.1536594116715,12.1358473727342,5624.77624675319
17470,5692.873449351273,5695.364244999933,11.851261360979278,5697.069715619494
16955,5696.357449797045,5698.570751734906,12.965828661413427,5700.113248704536
16961,5700.6286346293655,5703.216807376131,10.898371083411899,5705.024612097533
17202,5702.502285496399,5705.13630585132,10.81791534555299,5706.889999408377
17143,5704.373730853564,5707.029875189411,11.842882231003744,5708.729520798772
17382,5766.04905392931,5768.423804224556,12.753188797079037,5769.985129230809
16934,5775.896552431758,5778.131075522228,13.549793061563266,5779.616087749412
17236,5777.799068346527,5780.0704015542005,13.115383361206806,5781.577411630339
17005,5867.094037849696,5869.518770593014,13.500684501509875,5870.999625672446
17566,5869.0737055132895,5871.373933841371,13.434197352644885,5872.846927594163
17611,5870.765110286096,5873.090995424108,13.442853131371242,5874.552843239813
16956,5877.095908333606,5879.514167000826,11.615597339727383,5881.152276258492
17403,5878.940032609765,5881.358272406443,11.657700397131634,5882.936088852908
17396,5943.663214642983,5946.177765710184,12.936238103944074,5947.66920346634
17184,5964.597862230549,5967.364741741067,10.092308580776523,5969.307476389675
17347,5966.6084057202825,5969.272651848232,9.943752117182713,5971.205862184697
16761,6001.969623989246,6004.159891206918,13.133873476665247,6005.662161617703
17394,6035.957985648828,6038.279494848329,13.274270867219075,6039.743004222545
17525,6040.052339096177,6042.5118043093435,11.496560694578845,6044.253943102199
17590,6056.125020047714,6058.1132541487805,14.981249004697405,6059.444438844272
17227,6125.7669485796005,6128.258730665251,11.789594034037458,6129.873537836123
16948,6129.884115057425,6132.060637559209,13.771194365634967,6133.4949846603395
17223,6135.4042221374675,6137.585016807232,13.345951692994849,6139.080166454972
17605,6154.961352540025,6157.062271379721,13.782267244550486,6158.487440930782
17583,6156.887235958361,6159.028029440244,13.143659389139373,6160.4883174352335
18059,6170.772675162916,6173.402250006995,10.832527194621635,6175.228018726958
18067,6183.133700398071,6186.3104305738625,10.76143025950423,6188.090445574619
17033,6217.6793123018215,6220.043468308063,12.231422147572959,6221.610777407421
17504,6230.833035871728,6233.412474083713,11.07029925170193,6235.132278298749
17601,6232.716123996037,6235.263564752943,11.163324423121542,6236.975323423811
17013,6307.282985385943,6309.465382238786,13.702831324600522,6310.917418339548
17170,6309.9360643648815,6312.072529056501,14.056701062767726,6313.453353282666
17213,6311.754484656584,6314.25504019801,11.960532758610395,6315.927196547506
17135,6313.932599059524,6316.152371707115,11.79734615811248,6317.737929211759
16951,6316.117856833676,6318.279941621211,13.381004156524968,6319.761208925553
17434,6340.995303303458,6343.331970823462,12.103433818962632,6344.939274680315
17185,6369.285619199446,6371.5857459329245,12.114086692787069,6373.232607496247
16957,6371.288835948533,6373.534128145859,12.210181693438836,6375.063339259695
17226,6379.527410691645,6382.035942199577,9.613197462984544,6391.412073465899
17568,6395.921486072985,6398.299957320398,13.293414119465488,6399.775389443513
16954,6397.695978267595,6400.27777816806,11.412636167269405,6402.065098078704
17025,6399.608832593227,6402.205766143556,11.334739933160542,6403.926099600337
16973,6401.675249464971,6404.0972073363955,12.04843081427614,6405.677900552596
17181,6403.638215498075,6406.009239816868,12.67271817404006,6407.596814688838
17573,6484.373752925536,6487.314843386245,9.947070630459159,6489.201889540809
17384,6500.96542359461,6503.205634928688,13.491219869346832,6504.684686940676
17541,6584.096964337598,6586.431561944541,14.629235810421516,6587.752166272082
17596,6586.114500556875,6589.1125349879085,9.806711504495944,6591.102523596085
17535,6588.087104723617,6591.048216876509,9.4546466166913,6593.081100672897
16939,6591.82665913286,6594.386025072511,11.656440979202385,6596.101052248282
16995,6667.781407960267,6670.121011270345,12.275189424923898,6671.704296015759
16950,6675.466662601411,6677.615903316586,13.750847273125332,6679.097337100416
17560,6755.681274750828,6759.1218887708,8.113164851015625,6761.426780445352
17019,6757.651770825969,6761.2348513073875,9.15849720952227,6763.476935173611
17528,6765.489754955915,6768.508116399126,10.724689260693358,6770.486738795731
16986,6767.490401825577,6770.432523683818,10.041941687181021,6772.438499543131
17206,6769.470756071399,6772.310734958202,8.727615033665025,6774.380647530187
16989,6773.143695970671,6775.488794397265,12.562776863044501,6777.125185519622
17473,6783.941073604014,6786.20263266213,13.312495889790686,6787.720582415339
17443,6790.33428569163,6792.529157192344,12.83437634905252,6794.065723880944
17593,6856.1119605543545,6858.544435053745,11.81448519338436,6860.274861199684
17589,6864.286527256123,6866.380752393562,13.22646136646141,6867.886311599838
17442,6866.101712233045,6868.399441294075,12.47983979203083,6869.941589491861
17471,6871.43256635335,6873.374156217447,14.775670396837489,6874.721104534659
16946,6942.310427349233,6944.418949808975,13.55989371677257,6945.8541841154965
17010,6943.976519044123,6946.157796024798,13.72410842798091,6947.606131825816
17518,6945.834739681848,6948.180473729219,12.425673710414486,6949.732061120495
17411,6957.995222613975,6960.186510201541,13.218587352136716,6961.706290777283
17468,6991.277468975805,6993.101662491835,16.426217990194765,6994.311747344048
17371,7043.284482196952,7046.372535516605,8.933725408193316,7048.458236442994
17561,7045.204712923577,7048.370020942824,9.416950877587986,7050.444039678156
17001,7047.211265297508,7050.431226712649,9.510463396971046,7052.5286245868365
17214,7052.408172539644,7054.389777662484,14.52827056891073,7055.760197653484
17592,7122.865900035677,7125.55669792581,13.117528643946995,7126.898985687318
17578,7124.961533805148,7127.496093230502,12.84062303494351,7128.997824687377
17545,7126.834876252392,7129.505262638726,11.432432092250702,7131.259979784854
17563,7128.653103272692,7131.322214312215,11.712378136769379,7133.105542764806
17481,7139.208526546104,7141.528776147612,12.907626889736543,7143.084100845987
17177,7218.82545332712,7221.310737270769,14.065519932732988,7222.722375250849
17231,7221.012460378233,7223.40427155682,12.264500081348185,7224.95248994652
17145,7222.810665398098,7225.120793198868,12.752158397507182,7226.699675259313
17585,7233.081799565341,7235.3027671443,12.744938207911106,7236.847099287309
17610,7234.887359642455,7237.113677109503,12.514986981915325,7238.682648501728
17220,7236.826191829577,7239.3795225507865,11.185361737343449,7241.107199033602
17034,7238.673255640113,7241.252469944333,12.183177416549954,7242.877501569606
