2838,146.72459505274213,151.2903280547472,11.2579366966978,157.48650482287854
2861,159.77380768510895,164.3884868869304,12.231017319301246,173.45443397793264
2745,245.74569667874115,249.56229058941028,13.866066597590674,255.5945772186161
2129,251.67952694428325,255.55541228711914,14.079787792581854,260.8046469536877
2798,259.4001420156161,263.1247432533695,14.487296276182805,268.55750656337614
2857,418.3132870728463,422.5104935944405,12.534943273078559,427.71720598706895
2846,433.76723917332123,437.4843884755553,14.08692089950069,442.7836907604093
3949,491.52035480938406,496.0295098465888,12.855883758587089,508.2892440673021
2765,511.090236789995,516.4897132214511,10.407282566517939,522.6835540183382
2825,706.2904515949011,711.420135808078,10.764663946189092,717.6185118327971
4312,710.646243910769,715.2867007015969,11.757508216604094,721.4987115786543
2705,714.7725131190053,719.0241697456211,12.111075661086286,724.689399849606
2800,723.6469784488969,727.5831206705839,13.782306335497664,737.35695804605
2852,783.6196693331731,788.4247714892681,10.745578684667294,794.6395665779197
2775,787.0572488934955,792.0071663055631,13.118886292510307,797.8212717927751
4433,791.5380654765297,796.4844660511784,11.094953243102198,825.3180882153014
4919,849.8559548132673,854.1685425025981,11.783942592290469,860.9883628345888
3933,863.479707282242,868.374032460889,13.239980738938206,873.7261426374977
3953,876.5507926055194,881.4950574683593,10.986738745312447,922.6977213999297
4399,878.5096272753417,883.4321365954908,10.426420924619402,924.9238838790675
2821,886.6256095616593,891.2629666172788,12.116161265084111,927.5513088966887
2806,1057.4630765126992,1061.3456188276157,13.772846667861618,1066.8106875325589
2841,1069.0816097005115,1072.4031961755163,16.084611302309156,1077.5536359858822
2794,1166.6248761353368,1172.0095400114142,9.935912343569608,1178.6143620756502
2682,1247.2899831642173,1251.2738974165838,13.064072712140698,1262.5080021196777
2043,1323.8453106734155,1328.081909463876,12.621294388979944,1336.2273729680146
2037,1333.7237225329277,1338.5052886031713,10.840382762638859,1356.383279481492
2133,1335.812309479714,1340.3962207411016,11.572437841495542,1364.3314290294352
4325,1339.0396660831577,1344.219218071442,12.031070998562171,1367.0237078780085
2842,1394.059446763225,1398.3459253558192,12.107943062560626,1411.2686027456543
3940,1406.6217133580244,1411.3371178683096,12.497478637826774,1416.764121452455
3475,1408.6748425620497,1413.1762037231338,12.59064802717732,1419.5055062854499
2866,1421.841316351351,1426.5095044091051,12.729162818297226,1431.7121995908897
2833,1544.6100003142594,1550.0341609085972,10.459112433402378,1556.6915396097484
2120,1546.7610942536962,1552.0031707961218,10.32280777751779,1558.836574932185
2835,1590.5609299307707,1595.4293294923452,11.13038839811251,1601.7497810403677
1974,1595.4672151963948,1599.3768413865566,13.641467023110184,1636.3394736248185
4315,1742.999281849342,1748.3055044220382,11.121167440051835,1754.6167667692805
4420,1763.4378799681629,1768.3697419264786,10.346916405256207,1774.7133757921968
2249,1803.0082902898198,1808.0111279577254,10.918004566909088,1813.972120729506
1958,1805.4866398695592,1810.1136645630936,13.114345346483287,1829.5534464082627
2071,1807.705090863644,1812.2256391467129,11.420583241094675,1832.425111743948
2752,1809.601810319437,1814.1191231775433,12.192594374197435,1834.9227736096207
4342,1817.184746590826,1822.1533891395734,14.888784284235488,1837.8159327304436
4370,1822.792037386381,1828.1002626544232,9.759994453477475,1840.6888900462168
3424,1824.8585382973893,1830.0908816804258,8.664191692337461,1842.852251603272
1943,1854.6199436718753,1859.3080417306962,12.272173217148481,1864.6682399802166
3952,1875.5847236569632,1880.14120926782,12.025873177560891,1885.6281729145146
4993,1955.4366686068504,1959.5373434504882,13.363525732207801,1964.677222245146
5060,1963.8589092357536,1968.5029107846217,12.970443985039875,1999.365857119717
2832,1968.4972490243972,1972.531277465466,14.313487592443524,2011.1533073764708
7551,1994.6081577961506,1998.4446344906426,14.507487161751719,2013.8895289117245
8290,2038.1521040675111,2042.165946935707,13.6645625520796,2047.832177846945
7736,2106.3281561602794,2110.0769624489635,13.649034364448427,2115.7663254771746
4271,2403.5076768269105,2408.3127600521316,11.192313383129964,2414.466489226639
8281,2410.779774819737,2414.3363974330478,15.551911551399082,2421.3222751210005
4431,2414.685361118868,2419.421082565724,10.975593103467963,2447.3387219225956
2792,2454.5714531610997,2460.0199205150666,10.999709927264126,2468.2452847751424
8335,2501.781562272668,2507.035133480287,10.341588302244402,2724.503860211191
3925,2508.5722951820662,2513.497738621524,10.667539490358948,2731.8036411206795
9432,3490.6102332644987,3494.4986328076316,13.735187675645031,3499.71820408115
9418,2660.086962573667,2740.0795379881474,6.55770375910387,2807.497534407875
8331,3160.765395085059,3165.3064504554827,13.175911806706903,3357.2072423884765
8267,3162.8523617578853,3167.1493911968805,13.893808156827594,3365.4401751472765
8984,3339.4532814910385,3345.1283839675366,7.157696147053741,3395.9295737496714
9879,3409.689659762828,3415.1357005701775,9.348427837112059,3436.9949705136437
10559,3452.459811542392,3456.6121717451297,13.468725124190833,3461.7407685674757
8322,3569.1116479164357,3573.2503758012012,12.673541375267463,3578.687314263589
8272,3579.351382983359,3583.1035585973996,13.79507498962338,3588.5889190553735
8315,3581.421113697541,3585.2026174157127,14.380352785008633,3590.825805647945
9918,3584.741522139816,3590.3012260929063,10.934374317633978,3596.605560529828
8288,3587.7999156251744,3592.2625530195796,11.23502912901368,3598.671326352294
8285,3591.026007093717,3595.595659393603,13.915972084714298,3601.603900621689
7422,3629.098042858849,3633.369156334698,12.293258387629743,3703.312947105985
10623,3685.6408569801342,3689.1990157885402,14.669664864568425,3706.1278088370336
8355,3763.7056903397024,3768.377922181267,11.516380883357067,3774.620017347367
9771,3765.610178416841,3770.1318456061526,11.123158143687467,3776.7245640735464
9938,3816.7510781804012,3821.3322740066546,15.139763931522486,3826.6078221450057
7572,3845.5585212538363,3849.375479283015,13.578749626619357,3854.5971666001697
9817,3944.011551341677,3949.3061377248487,11.630944846514831,3955.556575922834
9849,3946.451329966171,3951.384689222181,11.13418735941081,3957.7535822180926
9828,3948.5708430026307,3953.4891618586357,11.018712685717812,3959.7372682340274
7616,4006.363156732475,4011.3695802723514,10.750673628299918,4017.603472532857
13705,4062.480449309992,4067.1210073485645,11.318948027532764,4088.8260624310387
14478,4126.673932428273,4131.364417766254,12.19252839067712,4136.692904199331
9335,4137.557753166208,4142.091824677617,13.589032966846759,4147.694049515468
14445,4140.404807447999,4145.089711252897,12.079032191423108,4150.62991404975
13758,4152.543507004528,4157.430005232684,10.140867253863272,4174.29561403611
12938,4181.699832361478,4186.052188113789,12.812842985656514,4193.2503092041925
15275,4194.405448726958,4198.5641809972785,14.168094898083043,4203.681478605672
13833,4242.358607414219,4246.538739326484,14.553099773453688,4251.717354041282
13826,4244.2447440729175,4248.291633952738,13.84983400093073,4262.397574129084
9872,4300.295403076924,4304.168891829982,14.52214706342077,4309.559550395424
13784,4307.328813336193,4311.06437801931,14.46532798617386,4316.608673363732
11234,4338.618354034807,4343.249369649592,10.95036433409938,4349.808104031927
15418,4388.702730670931,4393.209241324964,12.61726972127603,4398.809885368949
15393,4422.446996509629,4427.131474359729,10.904473371421691,4432.695292809905
13246,4517.716936358069,4523.3190746074,8.969531302065672,4529.78988168161
15386,4537.554558161322,4543.213157925931,9.776012854987801,4549.583319536152
13001,4609.503971653731,4615.180337862405,11.84022072410986,4620.706781147446
14942,4639.02922911216,4644.404572647052,10.368453619915398,4650.863454369887
12953,4696.981598873775,4703.062822872685,9.083433540795438,4709.780986308252
12979,4702.559008722664,4707.089045850735,12.978516511662281,4712.62249971365
12987,4704.701315830846,4709.042178133418,14.33649987179079,4715.630308665339
13236,4875.736667693618,4880.266168719243,12.112359551579539,4888.405116453849
16063,4908.648999335558,4913.352417512009,12.670353778288462,4918.660666831166
16072,4971.642323481512,4977.418458259287,9.610841747977789,4984.743403603932
13134,4993.001575294891,4997.579196296502,11.906006291165463,5009.329532604173
15382,5094.648151338423,5099.068653922764,12.237014072159745,5104.870973329848
16109,5165.311125964539,5170.337926192865,10.817512602038056,5176.562089687524
13209,5184.5849829991075,5189.221508607547,12.212340525405365,5195.839985269713
15417,5188.798145979274,5193.525063963491,11.244868379320822,5199.70022283805
15413,5216.975424302715,5222.197397413262,10.635955249389246,5232.411091415858
15264,5219.599820928595,5224.505859748159,10.696639429406877,5234.970778588453
16080,5221.541072841988,5226.425026162942,11.789334364899391,5237.597827360446
16108,5322.990616246986,5328.212402172568,10.32724630516762,5334.627177104028
14928,5347.00706515486,5352.081003925212,11.309771612128296,5357.795355861395
15369,5395.7010349835155,5400.459463684587,11.857982656047435,5406.587748014786
13776,5398.779744160566,5402.604276354226,13.217670786482914,5438.227018514326
15284,5458.5983301859,5463.298813353761,12.081035259789386,5513.995958920936
14906,5499.376836206331,5504.142403762105,11.621622195945339,5516.6435877354415
15900,5537.735065073173,5542.1485421422785,12.161894142676928,5554.31795614566
13752,5546.578197318793,5551.086008265268,11.29911195728174,5561.950222329189
19292,5568.0918728634715,5572.2483216824585,13.2330662691,5601.030404473367
8321,5649.632284439214,5654.069678886721,13.390812261834029,5659.608573344311
15375,5679.40792095843,5683.423617461073,13.73487192064985,5688.790555993693
11634,5723.3818083704355,5728.233149997975,10.786127664574936,5734.832113122646
8306,5735.592233806075,5740.026503677423,14.802922501088405,5745.539427723351
15380,5792.503783618919,5797.230649759752,11.567631115908524,5803.854541054829
16103,5940.468557045658,5945.151295727059,12.25937210504333,5950.719759300717
19305,6002.11258126559,6006.556526804806,11.511131132221726,6012.5543859573045
19353,6003.954281978787,6008.346775115105,13.175203196828866,6014.662719449768
18748,6043.456226100479,6048.490539543164,10.681332067376529,6059.7558040902795
18696,6045.377666479583,6050.384466470514,10.277233099676334,6062.8231869604515
15346,6057.988649410932,6062.169614523553,13.79072050848534,6068.766575113847
19996,6060.579470180785,6065.03611437199,13.34083342625654,6071.804742454459
18699,6066.498171113638,6070.5302113367325,12.850602146956529,6075.691699556461
13101,6090.694913147258,6095.110941589868,13.06570038722851,6120.24172568122
15304,6164.531937071856,6169.141316480306,14.53245709175593,6195.888158883981
20894,6219.510464299848,6224.143004739511,12.052710346461694,6229.609797187231
21545,6317.618994431669,6322.077118215447,11.868058391595092,6327.635825109321
21555,6320.928265245323,6325.540724923924,13.125334117154905,6330.771390185614
18441,6335.834725233355,6340.157414537298,12.504256426715779,6349.377622219082
18732,6365.059705211205,6369.277766207376,12.70528868181237,6376.022147616697
21520,6374.796834199947,6379.532599631673,11.916100542926662,6385.670987766909
20904,6381.765350472432,6386.495587160358,13.246752216492382,6399.132594374499
13770,6384.137528303201,6388.535073061693,13.750079305563746,6405.406220408672
20873,6410.415467700468,6415.200317202454,11.602279983528504,6421.553707726937
20843,6412.495651642314,6417.044904718178,12.050804837403923,6423.71173597945
19975,6415.680976878976,6421.141796095359,10.573157691367967,6427.615814751528
20406,6417.552022554373,6423.013566407294,9.37882890246563,6429.865375877197
18456,6455.7199031252185,6460.516016990192,11.658190165139162,6466.562200301618
18496,6491.373876806702,6495.125436166874,13.991721601746912,6500.629667483304
20928,6553.013514764545,6558.280130493866,12.555892603686933,6564.609559223006
21405,6581.41145344782,6585.559086782327,12.354279829088602,6591.687117522922
18446,6615.219588372069,6619.315736361356,12.43877494133152,6974.484878175654
20830,6643.342072852628,6647.2434039587915,13.40232825994254,6979.866102225142
20924,6732.7805650242535,6737.174917132903,10.698625325239664,6981.902927202711
19983,7088.657760023125,7093.263371228356,12.975224073344696,7102.116469587679
19999,7096.48521969003,7100.591641122679,13.72068522840506,7105.804611891059
17120,7144.851356609364,7150.139384837812,12.394910430858397,7305.552770107946
18622,7166.689448875359,7171.085012103731,13.127474111055198,7322.338988090765
18618,7199.598443997801,7203.268977527344,14.275123765376824,7325.110651715332
18695,7220.737139477337,7225.491697507387,11.001781299432277,7327.595357349215
18705,7222.515946963322,7227.3570030436595,10.896020096172064,7329.790440664616
18602,7224.432972500564,7229.207155583569,9.743852805152391,7331.694222825817
20349,7318.523470529045,7336.019853291141,6.001330674790566,7590.427563695849
19294,7361.296266195366,7365.455216908657,12.179988711855168,7593.218585089651
19310,7378.684930094501,7383.277762747589,10.676760823132925,7597.725245948618
19257,7386.912881929356,7391.353447416167,9.044628220959039,7599.752508867589
20883,7451.560852809067,7606.111735509442,7.463123562691951,7662.377062413893
19272,7472.788088562078,7608.163593268048,8.883479494295848,7669.255807705173
13845,7811.3512834527155,7816.177490611228,12.862387031789714,7821.623525326403
21582,7816.377736449882,7820.201469944426,14.122401883269465,7825.607358275174
16736,7886.29983563514,7890.100296079884,13.57138336733288,7895.927207156786
18574,7892.288657095108,7896.136400523506,13.130590447617912,7901.600937212957
17213,7951.954007964743,7957.335766054669,11.596944289948294,7963.742794579455
21585,7962.989999114529,7967.032542741909,13.089108565740853,7972.520931321093
13840,8007.659402634112,8012.5227243046875,10.810381580207483,8018.855146899599
18583,8020.661957140227,8025.320842609871,11.424446210129732,8031.757008527636
18589,8022.756720241563,8027.2163489305985,12.851838255356768,8042.277286507875
18983,8103.37076202426,8108.319412586349,13.575192945383336,8113.70283493824
13824,8432.580321096882,8436.446741356347,15.498185865827006,8441.657701906628
13856,8439.700767297247,8444.233460509062,12.3057447545892,8449.917689257585
13789,8527.460179456537,8531.553692634048,13.497970068640948,8536.794787783694
19287,8543.579269769349,8549.077598019125,9.15234591779095,8555.658508387676
19332,8717.480817683061,8721.411221571258,14.36062692279057,8726.644007795141
19284,8991.504964139032,8996.10372335643,11.435186056385266,9001.647497890375
19277,9233.510776865536,9238.267111430112,11.211182831032074,9244.500866736058
19282,9335.655352167618,9340.394722490644,11.539628886767952,9345.737114752692
19256,9506.669588469873,9511.208762547349,12.572525430709128,9516.819820356817
19355,9787.445435090487,9791.61144460414,13.083272974981744,9796.711058871191
19246,9986.34046594084,9990.185412284342,14.230452210902142,9995.617021637603
19279,10045.333256145337,10049.286117670532,13.852438543890694,10054.694253250189
19366,10235.601597026276,10240.506592813239,10.914855447826275,10246.535814140341
