1231,398.42265591751476,399.17794090870854,11.399884344171346,400.19292536777175
1344,928.0,929.4845171031916,11.635488504999516,930.4676178912835
6856,2135.5120875851917,2136.295015265461,10.671191215145667,2137.371742851566
10419,2430.0,2431.2858365758216,11.22279269420984,2432.2721033964335
6820,2936.411433609104,2937.3043248245476,10.07837980332111,2938.381500194488
6833,3541.2581699900184,3542.0438752753835,9.259782228061741,3543.2769748123164
12303,3915.410714193696,3916.146525084037,10.58804116711436,3917.2625251131935
12257,4031.384331628369,4032.063865120564,12.570501653368073,4032.9935698508966
12356,4269.32850075515,4270.045437222951,12.369854253446267,4270.990222392635
12338,4423.307576975196,4424.12935587963,9.758596349176962,4425.335248357636
12325,4702.34382571048,4703.120693126339,10.213711104648683,4704.262487710209
12313,5080.396634642118,5081.209136355079,11.217733624050075,5082.237846899873
12364,5114.0,5115.3933595452445,12.313759284425142,5116.351814665367
16013,5465.341380480136,5466.086467534575,11.483979850974391,5467.087040136468
17849,5563.0,5564.383819204259,11.661930657039639,5565.391689815849
17800,5625.553224170746,5626.393749315772,10.00736997660184,5627.546273690316
15856,5994.532762651489,5995.4478035882885,9.203609947609602,5996.568787867896
21454,6791.401698488889,6792.173577537207,11.578160818612512,6793.173340940778
