2158,175.09700612943536,184.3919513732159,11.545755042691251,194.08462645477465
3264,205.30675086806906,214.2451043681064,12.20894566955424,226.10632091170066
3551,207.9206364544118,216.58237324034948,12.712045665933134,271.38643936630694
3225,210.92010098774804,220.24870646131754,11.541140417665146,274.0055436577428
3182,212.8743130200346,222.119442120526,11.693753000272386,276.2112540350752
3228,224.16398646882158,232.20814570011598,13.716084283874064,278.1484891786858
1423,248.5581446951519,257.2248787351789,13.031789359631713,283.7371930556995
2634,280.9638695136288,290.5242843452346,10.96013378110238,300.7550594402528
33,304.9640459018048,314.0316404721762,11.74322874117136,361.4634396321207
2153,382.1054434496792,391.3066505945419,12.588956614204724,401.1136063495491
469,386.9184408455748,395.49220111726044,12.168794864619073,451.56008196939143
48,390.2032734689266,399.4820893162343,12.309747457942892,454.29401954510837
685,448.2450479011593,459.0533022816905,10.386903571192457,470.64037865513484
2159,457.1365163626991,465.23158821083325,15.75055943597112,474.6995182699366
2604,466.592817548098,476.14207250007684,11.569531046864727,486.5336488084413
2568,474.3240253845113,482.5363274664397,13.457148330958624,491.2159352154409
3187,489.42174344710946,498.2376908538796,12.812527320400001,543.9579365776665
23,503.6876185864884,512.0329311483673,13.102339150007413,546.1483516904599
287,505.534748356038,515.3677492476912,11.423994018744228,548.1241434186566
2147,519.963494101734,529.216526993453,11.771178122096552,550.2240692063041
1380,521.736951114461,531.0678765940703,11.888499924814024,552.66341539922
3195,548.7648848308278,556.3201344509138,13.984611661890352,564.5620428120667
297,567.1172447760241,575.1972530836231,13.735823563797693,631.7862560647242
510,579.7563995136068,589.3547564902949,12.192738282959862,636.800023051649
1881,664.4714472447275,673.1700043966032,12.20640583201292,724.0922047494626
516,712.1232041306807,721.1265752302837,12.957702444299535,730.7899116665046
2592,714.8140484332165,725.2979343453605,10.596606948342448,736.4764650290045
464,717.4084796388536,727.1563713660686,11.198322765587907,738.3550083585798
2538,722.1659857259579,732.0784234110831,10.94354150922199,742.8038250667488
3315,738.0178658519399,746.5319246777817,12.176988678057807,755.7474052179332
1217,769.051530976198,777.5686211398246,12.94936281134723,811.5873726550578
500,779.4263389486707,787.5989968205693,13.235124597103285,816.7108127543436
1377,783.6785058683406,791.1197578544262,14.916468861233454,818.9461676827362
276,790.8222911836172,799.0888622503828,14.20791289087489,821.4321008489059
272,839.4469640198538,847.6429755315886,14.219567199939487,901.6032557553749
440,845.0082581835416,853.3917955935465,13.137928306512627,904.4226296864992
3529,846.7608427790714,855.5511635106097,12.76030388631928,906.6509166797348
1436,849.9651039556866,858.3380841021673,13.118747061565664,908.8638471234874
54,852.7464680659737,861.0801088598129,13.244209526346676,910.851844497739
3208,862.3998300954496,872.3227144660535,11.113270707223508,914.5189642951816
3213,871.0186859465628,880.5273495853857,12.096985053918896,916.3731182082834
501,913.7348789974898,922.4801513603985,12.933016131617693,931.8794022149219
688,918.4725605209569,928.0551679318982,11.48966945838242,938.3274935710618
1151,920.815950512428,930.0031952293785,12.118038113754691,940.1505318789294
1837,956.7032136472005,965.3080746246983,12.408977600112497,991.5378200668698
490,965.4984860169654,974.0574101754743,12.616929788497748,994.3259730123044
1902,968.6437747024161,977.515188873657,12.563338085489033,996.8694363102501
1182,976.7722875159025,985.2772844077147,13.46819824299147,998.9162145435527
1893,983.7862986450344,992.4335763386853,13.029073507703366,1001.3481693387007
36,999.7063888527508,1010.0762279495785,11.013350909177028,1020.7852084563248
19,1034.8764354320574,1045.1367269301177,10.373045269509603,1090.8219910715013
677,1036.8344276426728,1047.0208498701645,11.32363684040888,1092.916277206083
701,1046.8271903924212,1056.1333174010613,11.121177553931407,1094.766970529077
2143,1060.240446255951,1068.1569188697013,14.765760692939553,1098.501787426976
3214,1067.568120235663,1077.3950041056273,11.85286230713331,1102.957501683192
3173,1069.4460099241792,1079.165415932407,11.0684602390715,1104.7952775289734
1383,1096.9622945607146,1105.591869371922,12.922294104986799,1114.8121255471217
22,1110.7164366151421,1119.1986024071343,13.023690488610079,1174.4501425588642
27,1112.707579325698,1121.45909119672,12.522697610193818,1176.9516284041201
1374,1134.985091726279,1143.4996221701654,13.568412618696115,1182.8755816998607
2891,1140.2750590131284,1150.4224791716085,10.599708669332863,1184.7964171131855
1827,1142.3136315091306,1152.2805615402929,11.309969392330467,1186.848055386162
275,1169.4457796973393,1178.0828398137057,12.97550709671549,1190.8250982090403
472,1173.9738334987621,1182.2946608764246,13.37761485624772,1192.7508413879204
717,1177.0023518533826,1186.098217076923,11.632054774151158,1195.9727763865553
678,1179.6636685377853,1188.1484551421859,12.202212773273601,1197.734461444782
1398,1196.0043123574599,1205.242623089824,11.645054780764335,1261.5410117079327
2887,1206.6870737173042,1214.5593093887187,13.801370983436062,1268.6855811327546
2623,1208.6695601997258,1217.2622312437184,13.126887238516867,1270.7239691474988
1421,1241.0635882541008,1250.0815746841754,12.8984557829577,1274.405503320536
18,1242.991923083932,1252.3676328049419,12.028408362126813,1276.309305494277
698,1247.8289954242277,1256.3937908273356,13.385947750113894,1278.0979608607129
1385,1295.1795653010502,1303.508438363478,13.488980319030343,1358.9058283950997
744,1307.2907045936486,1316.2160784310322,12.56515238835879,1362.9509981843735
434,1309.2701384993516,1318.0790687474766,13.146621432284471,1365.0095004099828
24,1313.889316171884,1323.0759840223507,11.824938558049917,1367.125135288813
1364,1316.7038487761288,1325.2345146151845,13.097639803155232,1369.098377657637
2157,1327.4699454606077,1335.5064527732543,14.384778248314953,1371.1593650870932
3258,1339.0313941096072,1348.014247129663,12.179496411409128,1374.6979744906837
25,1361.433825085232,1370.3438493961462,12.3102959878049,1379.6113490698579
1415,1369.3032535914642,1380.2633336117922,10.277294604116436,1392.1143792857777
3278,1383.5216421918196,1393.3113152195667,11.8478390224764,1441.526072271766
519,1385.5397081761384,1395.2009925430032,11.289692263132116,1444.4793802135
734,1387.3972366128896,1398.238164288912,10.327616816182037,1446.626866348003
704,1427.26425627429,1435.1837341884495,13.266628851589097,1450.809487983347
450,1437.9920355777479,1446.2010677592575,13.83077739780336,1456.5283437025462
1171,1448.2469639302308,1456.5863179156393,12.133244938143928,1466.3112674108104
3229,1461.9558425496466,1472.4611221448627,10.079063467094716,1531.353044479778
2875,1482.5335853381653,1492.1948532341398,11.1836879319587,1536.5457407853
1393,1492.7072567906037,1501.4712698513795,12.466198346387747,1538.5654230456441
439,1496.2130095150508,1504.3528007053508,13.53841692911537,1540.5076203060348
2144,1501.11336069959,1510.5799570243778,11.982158450764233,1544.848076074936
485,1503.0432870040488,1512.4311281520304,12.55556209853216,1546.8145705368006
2156,1509.0185468875095,1517.2840116389211,13.768758223535128,1548.5872927055066
3174,1526.1369654286245,1534.3127364994498,14.483644982143332,1554.5696370534995
3557,1547.3687019015138,1556.0458049824679,12.140337239001513,1565.3039313298223
37,1560.8447866053962,1570.156665762494,12.61465717583428,1621.5473053567491
1400,1570.5206115057572,1578.4627445850451,15.08213113739201,1626.539764728671
675,1578.0999553288375,1586.5239459625864,12.806015067312474,1632.5319177674944
736,1585.1366968666111,1593.5997414809697,13.464433710529914,1634.3974289548792
505,1625.6361537709113,1634.0927389932679,12.858237793876473,1643.2078077113463
1388,1628.629403164011,1636.3657660220163,14.163599123536114,1644.960520876922
504,1642.216731621701,1653.3093560225625,9.827233591838535,1711.3503015814902
513,1645.0751668544399,1656.2728865728097,9.86637339414742,1714.169643631975
724,1652.6261599630777,1661.387618503399,13.461585859498335,1716.7342728413676
1904,1678.2783895562332,1687.070934416211,13.874765549865124,1722.5030784927594
1430,1704.9606116290581,1714.156342761795,11.803894996587688,1733.05827318264
3554,1707.198831110071,1716.0308249128352,9.51565649934448,1735.1827755654776
3544,1709.4607873841376,1718.5061160845366,10.225538800508604,1737.2558131157916
3563,1722.89486693511,1730.5465054751269,14.94321935098049,1741.2090317570257
38,1759.8966090469457,1768.5372751037933,13.157320690119093,1804.1203095750889
257,1770.5491285215126,1778.108510849964,15.368633657082144,1808.4391632806937
3302,1779.5533095775922,1788.2951786340884,12.8805360988882,1812.3610079613609
2886,1789.0558276569652,1797.23383740367,13.783315226092915,1816.1138823288397
3298,1826.0200933846006,1834.205693357558,14.059891028833942,1843.1017213181415
290,1831.6176214330026,1840.0159430102026,13.577638688351467,1891.683883137307
2161,1850.05206889274,1857.622560123791,14.737679733258362,1902.8352200466725
3255,1856.1001446901969,1864.5870122430638,13.098860152145145,1904.5157671047004
8092,1861.6799240189248,1871.4526929351043,11.727569251743299,1906.4638528132712
8709,1865.21825509207,1874.2291642191474,11.681681829732732,1908.4324566524108
477,1889.6375660341082,1898.4129118362725,13.18326754447395,1910.26136177944
502,1895.1945578107143,1904.488931433722,11.641730833035687,1914.4786105107205
691,1897.0454641837634,1906.248688435656,12.202807247394798,1916.2972514351477
1370,1908.838820996272,1917.5045296105984,13.319322826357082,1926.6553834667136
258,1911.623318977743,1920.450735018971,11.998504049228044,1930.0346720844204
3307,1921.5056813188726,1931.2236355088994,11.020818639410125,1984.3569974338154
3290,1923.3374634536485,1933.0110061525666,10.220699140495624,1986.5061968099722
270,1954.6861094202711,1963.5349967938212,11.775013090871424,1996.8074129319086
1386,1965.596569519384,1976.1501379658127,10.13327526716344,2009.2373621551244
273,1973.4104763313712,1983.2927672907374,10.714711617604735,2014.2961156264892
436,1975.147199510611,1985.239121767851,9.128953996139511,2017.2109696980335
2879,2034.1854094649289,2043.509885340339,11.35423489656714,2084.8401610020414
261,2036.1970249765636,2045.2896351998995,12.694183217848114,2092.414866234562
8078,2052.941446964395,2061.3057891910653,14.218938751552313,2099.9115510709657
8096,2065.812000667629,2075.0665682375698,8.058308449982064,2106.029071132177
9026,2068.649847620894,2078.102356793009,6.2512426053943155,2107.975104650866
1121,2087.3179992451423,2097.0818650245824,10.715555699305934,2112.5364722364366
1878,2091.561828735488,2100.257324610716,12.389596377625285,2161.407977041751
1405,2103.213072210339,2111.570484690649,12.981039136274841,2166.3822599374307
5766,2105.530294635404,2113.3471108427116,13.988933025270697,2168.4285559158066
521,2110.8903449196787,2119.3460107730984,13.51426877333648,2170.3747269319733
7367,2122.4809241532107,2134.376871930694,9.032536564714281,2172.4503870866274
466,2153.1107766151913,2162.2425409076527,12.210731057921638,2174.513830102569
5535,2156.129087428296,2164.109971297011,11.469588794409619,2176.718654396218
10,2162.015905511586,2171.1333022090375,11.962333688105458,2187.3329924663103
690,2170.227431362844,2179.2926417628814,12.715142554162906,2193.9774572129454
1854,2178.185155618222,2188.2002482460935,10.786811609250433,2198.604843967368
8089,2187.8613911157227,2196.080893510156,14.560306127644942,2251.5582347051763
9039,2191.8505944724643,2201.2644158837857,11.465413881432024,2254.309960802484
271,2193.7122975953685,2203.1286397014223,11.379803289602142,2256.7579942696634
8819,2195.724894924848,2205.5235376051937,11.635460731810596,2258.7323727156145
8125,2205.8041521966215,2216.230764376504,10.40104133685966,2260.63707357885
1826,2218.8676820710275,2228.0758788851595,11.7149362820673,2262.934425459821
6209,2225.44646156874,2234.2372841730034,12.149567781481288,2268.481903571697
1882,2229.231910918137,2238.541731690367,11.971586091490764,2270.418873681478
5959,2231.6079399352507,2242.009332308127,9.968063358244475,2272.6400634408024
448,2233.5734000980096,2244.0340642842884,11.638292483468465,2274.597133847741
437,2235.451883094425,2246.1589589677146,10.656877716183013,2276.7965609542885
1424,2238.692780384377,2248.0248271070427,6.936811543169741,2278.6804359632415
6190,2291.5734580871467,2300.5453946363,12.639869659174746,2346.9494892306056
476,2294.813232783559,2303.5810357129126,13.20947909783665,2349.0196474173135
495,2302.2510294167264,2311.2354510353593,12.609378237063202,2351.0627329672916
2142,2307.323961509921,2316.1101004097645,12.467631056589868,2352.872875148564
8724,2330.142540207884,2338.1230203849573,13.932741270923206,2356.6457507221326
6912,2351.4197246980884,2359.4947502990954,14.147833932116384,2368.0186650449464
7645,2353.312880770138,2361.3838970226775,14.385230403488146,2369.9618442966357
7663,2358.5930838801473,2367.132778987281,12.6548361538864,2376.244284280193
8372,2391.042703440234,2399.61515350498,13.51199159410117,2436.262560272045
6211,2419.895761900113,2428.557290316983,12.686115305904622,2442.100482774847
6867,2423.3958677626947,2434.0376873402515,10.108358000164325,2445.366136409494
8824,2429.478677721496,2437.005853377372,13.980648608697093,2447.343294417027
6900,2433.136458408677,2441.2711965604435,14.314948120659684,2449.7001020079247
6244,2441.6207764843257,2451.408392045014,11.587920219952583,2461.784463554545
8825,2473.8466210661813,2484.264682657975,10.461636856919304,2524.1899499045503
5551,2483.456432690668,2491.206821764795,14.346923503620777,2526.3271679854556
5553,2494.082665061111,2502.5948686334145,13.534197649861115,2530.1314113506955
5990,2509.097952472704,2517.1588616093704,14.087710983871181,2535.959423550667
5530,2513.075913604576,2522.206471494155,12.109156800913908,2537.7422221322836
8777,2515.1742375230083,2524.041920814973,12.286720780991853,2539.676270777455
7317,2517.8230860445287,2527.1868311999438,11.953500209105782,2541.749144836323
5548,2520.787497117638,2529.301789599751,12.886371143467233,2543.637237764007
5779,2522.9387868692356,2531.36537147828,11.849422780224788,2545.6238526732
8120,2526.2350028117935,2534.490215987904,10.77631030996646,2547.4740320106303
8820,2549.1372598591975,2558.4607821495497,11.999072165417592,2611.622248516539
6925,2551.948868088291,2560.348433308107,12.269711719270546,2614.263817518519
6032,2559.8147487200195,2568.5560589238744,12.65700031897767,2618.807468716633
6199,2565.4078120079057,2573.6060681270105,14.138851949883108,2620.6139468244055
5999,2580.7216648919616,2589.5351124018284,12.081082618524068,2628.505059136032
8790,2624.6970013093483,2636.386157926294,9.364304157278145,2649.1074621437165
6910,2634.4500572853035,2643.1093939046045,12.621905768944172,2702.010592607844
8793,2644.429900545036,2655.0060979432387,10.145938623954304,2707.0985040530322
8688,2659.1019079064854,2666.326453947308,15.872848578851576,2711.262663149426
5514,2698.9695778322116,2707.411447175506,13.437147990551686,2721.0934428866804
7380,2710.5185909395755,2719.3849749743663,12.410866952796221,2728.773006395397
8714,2717.3637798457153,2726.1384454321415,13.358090361006957,2734.597391589919
5972,2747.212228810582,2754.5447968680364,15.473393414802423,2791.4699128685534
710,2750.588196927379,2759.401123734932,12.385210957782023,2794.204528950666
5531,2753.2570404043363,2761.4999770650857,13.577044461604993,2796.6501683163074
281,2760.5933706590426,2769.3465423873054,12.413847588244447,2803.1142734553314
6023,2762.804518644977,2771.177014879828,12.781597022867507,2804.9941209334274
7360,2766.307543383254,2775.0798294301335,12.483388956484664,2806.7997544155714
5532,2769.366412322133,2777.4558427579655,13.58412485497222,2808.524684335187
6661,2788.5900281251347,2796.387144004821,14.023868149039808,2810.280141636439
5536,2812.9315639869124,2821.1256106942255,13.128881464479946,2829.6870108761714
6894,2816.899260955455,2827.0158848220567,10.650060858872381,2881.375711232219
7329,2830.597612411955,2839.1002014084283,13.155140578501259,2888.7266481768897
6870,2832.8482209680787,2842.211036293219,12.166963470328596,2890.5329240950905
6216,2836.277096574298,2846.3821120458033,11.0034898489292,2892.7858036087155
8751,2849.0629536534543,2858.0072422889493,11.773035325308866,2896.5596852140247
6212,2879.0015062432194,2887.0878046390853,14.09547741889537,2898.324507266641
6864,2888.139889648846,2898.1097354038084,11.910136344493989,2908.4641346422013
7646,2895.8806978401453,2904.1039930300094,13.638644903440051,2914.0495382604718
8783,2898.442381556875,2910.388534838626,9.344867076548047,2971.3809201699128
5987,2900.361410148531,2912.39110241122,9.459000584560563,2974.14464602619
6892,2904.046906276982,2914.429048418828,9.334740560759036,2976.2373057063714
9057,2908.709745210192,2918.2673930017436,11.327829460905058,2978.3344488888806
5799,2944.851116038283,2955.516560230343,10.720656340403792,2980.385317643461
5568,3032.199506633321,3044.0634361791313,9.039101411497175,3072.5854756420886
8675,3043.233299130879,3052.1454841720124,12.795638610416399,3076.744449305795
5760,3077.593822347294,3086.2504981937045,12.594141397022632,3095.5333351033287
5534,3087.671962928566,3096.0560561274597,13.467283671919185,3151.7367928145427
7949,3092.3193539687118,3100.4717361658127,13.936043162501965,3154.2940089702756
5979,3094.6669585388586,3104.1487646080536,12.062879570777454,3156.54889639843
7343,3099.029794417848,3108.2387875027407,12.062485770052277,3158.8590982452392
9066,3106.605155845137,3116.478422413849,11.690077317667045,3161.178062041008
8685,3108.5847373092693,3118.3462375428653,11.028475779031318,3163.205996896091
8763,3124.666302891809,3134.448249571637,10.467549057947458,3168.7591871154673
6903,3143.06121352991,3151.5205397759887,12.903478416600338,3172.311566112186
6703,3162.0374714253708,3172.124638900219,7.433385949028274,3183.019767757358
6036,3163.9990891750967,3174.3229256127247,8.55242225186917,3184.9418286087275
8723,3173.03479913847,3181.130568700517,15.43551087624207,3188.916202920223
6893,3232.2957675438215,3241.115958533251,13.111640750542906,3254.2954946122513
8800,3238.051570598188,3245.646101698913,14.641416498138929,3256.333801223463
8094,3248.552970114423,3257.056475866375,13.731634649339458,3266.1216305434923
7651,3275.1552716510746,3285.0895983027085,11.10572497985386,3331.528254600969
5567,3286.1872215391604,3294.469319066068,11.870632026711435,3340.192781976823
6898,3289.9206561260444,3299.0779973752747,11.801034394219222,3342.1010880125527
6002,3292.993011526021,3303.1286334578253,11.137336658293385,3343.8692187362553
6897,3297.945419399897,3306.5557795612644,13.131177744125747,3345.862208026568
8708,3302.9107939523706,3311.4815086931003,12.36769897310442,3347.6707678613843
8046,3318.4791618930035,3326.0542407509834,14.931801013932693,3349.386323987414
6885,3348.828967274932,3357.4471237983003,13.260551032605049,3367.970885939528
5552,3350.676612128815,3359.2457762852778,11.805822183812058,3369.8507926210696
6883,3355.616306982066,3365.306273848655,10.951991814192713,3421.6875763894764
6660,3365.2612090823577,3376.0815795701233,10.054946063782952,3426.215846872533
8113,3396.4109657961408,3403.546577723623,15.046023292724524,3432.4682837369883
5998,3407.3022378015517,3416.0894145257184,13.114385171536478,3434.6382264855015
6901,3410.885297188546,3419.2310362116004,13.400186749763861,3436.582313775301
5804,3413.221454159272,3421.4443541199507,13.115948600304055,3438.3618428228106
6868,3418.5284617377615,3427.054288231112,13.283311757674639,3442.192606618533
8785,3472.9794948840386,3480.4832332836495,15.726774880714109,3511.5705699894293
7647,3481.3568382711237,3490.166046601675,12.690496238987437,3514.2185389423953
8796,3519.730096258362,3529.4855281004075,11.094954802671369,3539.8627909448924
9046,3565.1705650770286,3573.3313789109156,14.09566617835749,3608.3228777096233
8687,3593.6104948473953,3603.502883588294,11.05785882949179,3613.9261671257377
8725,3595.62547962372,3605.2935201371874,10.609008018863438,3615.7317655248175
5974,3614.780956307735,3624.088098205884,12.325438408034307,3633.8943948554397
6221,3630.366510495472,3639.087006970199,13.28328176121362,3694.2509570793236
8672,3639.37205673426,3648.273709574212,11.978749697788539,3696.7149613091915
8726,3646.6179546996477,3655.381375915394,12.662441968294086,3700.9409170246727
8032,3648.5305303789587,3657.3202324310473,12.91691733315469,3702.6994728708473
14176,3656.053190098951,3664.3129717076436,13.03251747678221,3706.7901824734963
7386,3661.1251287904474,3670.2215206386004,13.320635798309358,3708.7844512569886
6201,3670.959622831886,3682.2541392448825,9.816153995180196,3711.7327845959558
6191,3682.0293264184784,3690.3848112522796,14.099953380438075,3715.6103552403724
9038,3719.2805540991903,3728.000302923374,13.192762284260196,3784.3654448834836
14187,3725.9526957334115,3734.545785053607,11.100795518807837,3790.5291956998594
5801,3745.3209792732046,3753.57001247462,14.104696176497004,3796.382213917897
6026,3747.4655757364894,3755.3679229968293,14.228756191228353,3798.1719864610477
6019,3755.7808249990853,3765.5381725604216,11.988819667308636,3800.108254275666
5538,3757.6480605354836,3767.333886833389,12.14165400358365,3801.883552013929
14183,3775.8621266089735,3785.3131169215026,12.727389409254762,3805.63573397268
14285,3777.9862536044525,3787.2467929009,9.770971244997488,3807.429247941554
8033,3805.5610301904826,3816.2987463144523,9.962088623200739,3871.3811734865403
7658,3817.1898478441353,3826.479069713429,11.761982358078042,3876.513212879028
5539,3820.190487580296,3828.440425043434,12.415584030175,3878.7094599667034
5942,3825.912688314544,3833.4685648942645,14.876564216229921,3880.636873145852
8804,3840.082530763752,3847.508734115244,14.691106363678307,3884.4176553064303
6655,3868.8026651495497,3878.279192865125,12.018374499578343,3888.528909008895
5519,3871.8174463553473,3880.1175859002606,12.527782354204994,3890.433261717667
7382,3883.405690434092,3894.4882245531867,9.837175332012006,3906.246367911926
6198,3891.3151647688687,3901.289870463488,11.70770936492679,3911.728376183334
6180,3896.808568952097,3905.3210258373756,13.142005874744182,3961.4506890820116
7984,3909.5845959357607,3921.381908154142,8.750233484034794,3968.488746971241
14175,3923.295047901364,3933.43849260706,11.121593158110464,3978.693119770074
6031,3952.4786068206117,3961.0308824653025,11.72058360235169,3986.8601871889077
14521,3975.509177144464,3985.047301663983,9.795987153584353,3996.8926147486745
6724,4000.6964798828717,4009.0770162673466,13.192462010206553,4051.32805799295
6206,4011.983232514652,4022.0238774346235,11.329329919719827,4058.287827742523
14537,4054.758758630351,4064.1930531003823,12.128192605181935,4074.0940357828295
12181,4067.0530660785544,4078.1419838822667,9.657399820762205,4090.1183839148143
6872,4069.969492560644,4080.2121444815666,10.55874554644097,4092.0955410305082
11300,4072.447071812251,4082.23523012003,10.841292425557652,4141.7306390472095
7368,4075.327018056734,4084.3196094957666,9.853635966438022,4144.41072901584
7407,4084.377128310498,4095.481608536414,10.400254462072867,4146.5047341053705
6929,4090.2187415511694,4098.197499786651,11.90017755297708,4148.538737595076
11706,4092.5321402822697,4101.375696194397,12.511964580632794,4150.685433302828
13605,4100.846791849441,4110.479276300944,11.85278935309777,4152.561814106299
14203,4114.285152163571,4122.591033473095,13.534799146720632,4154.458806548553
14529,4139.344838974079,4147.602186633971,13.394300549256025,4160.529987911508
11007,4145.542008423611,4156.451534639445,9.569952838620614,4168.683893496694
14278,4164.735371037907,4173.283664192908,12.845583412338003,4182.175996441846
14209,4167.542125055879,4176.409277950555,12.958315702432989,4231.634870726719
14261,4169.447842086317,4178.185810021513,12.892184969213599,4234.475844602706
14322,4173.558691140989,4182.237827211942,12.973657218786013,4237.019320074114
14567,4175.683667101324,4184.156012310744,13.329164914346894,4239.11686715886
14534,4177.515497183435,4188.048676160768,10.240122912642471,4241.133836372587
13893,4180.886755365071,4190.071117602075,10.221240686920652,4243.067390250348
14319,4199.522181865932,4207.569806699067,13.797450824649708,4244.881873297291
11711,4203.006940261286,4212.547132183675,11.366219643646525,4248.739508302632
7940,4206.616378034186,4216.318908580149,10.99853324078342,4250.666308365466
12411,4221.176451953856,4230.032751906812,9.326363027091919,4258.588860168079
14250,4234.660848566062,4254.051437803983,6.939200100963315,4266.193764852332
14541,4240.675664566647,4256.2502870720755,9.151850530995407,4268.006346000989
14526,4255.8637495392195,4264.040010352969,13.01026256047912,4273.005931859209
6914,4269.185801761354,4278.2751837883225,11.64467309086835,4323.762562014765
12413,4286.367822134984,4295.5170728143,12.081463875510359,4331.877274529546
6222,4339.171723061373,4350.268443050824,9.561988048443629,4362.47504548752
12377,4343.536504456877,4353.046207733173,11.955409207203967,4411.407350542509
12375,4347.644763455421,4356.329720828787,13.019478782069084,4413.855652981135
14281,4363.6100389599815,4371.136750205153,12.924118716526857,4420.286925973869
6247,4400.132655649262,4408.015207256869,15.266920940917279,4425.971469535834
11520,4406.762921987078,4416.118388154294,11.737186706086302,4429.77629079619
12783,4409.817849623234,4418.094890558797,12.858717462169642,4431.702064294492
12366,4418.1015593820575,4426.092048028912,14.42532411893804,4435.3950347110085
11056,4420.6082973319535,4430.053693172245,12.055973793567167,4440.23624057409
13582,4437.110409493696,4446.381724277189,11.64523910164253,4501.454250436163
11293,4463.322563590803,4471.060093228316,14.46271948961668,4504.124480158999
13146,4465.845581099581,4474.115981600618,13.681925453797678,4506.310029518448
12211,4475.78969852583,4484.458691449658,12.176142612095843,4512.463124119183
13580,4492.613619189813,4502.171879306948,11.031054317343608,4518.164232323428
14554,4495.611829199189,4504.195297101495,12.033570725767456,4520.238156583182
13626,4504.167778494205,4513.382120499395,11.33433760655334,4523.234519386731
12429,4532.885219622406,4542.42045825394,10.895338979692045,4595.003286363913
12736,4540.303318558409,4548.499669594354,13.607024375979387,4597.19183342987
13147,4545.296806926006,4554.534401708427,11.36646856014127,4601.6321761589725
11041,4553.219116373355,4562.534068183764,11.242427395128642,4605.582540640824
12886,4566.751767970592,4574.0216514355025,14.92072474910004,4607.464084503465
14240,4579.42092248394,4587.222221122069,14.356087787378916,4609.3514394258245
12718,4595.1025507507375,4602.398613777573,16.349699211402864,4611.214935646064
14550,4597.9850852502705,4607.145449946584,11.651830303684976,4617.298352277156
11707,4611.669364515074,4621.438960471729,10.574637204798247,4632.055748432385
11287,4613.444353647996,4623.295283263461,9.662571286135972,4681.3794474166725
11264,4619.83485296003,4629.17659982174,12.201173074274704,4683.820792331576
13894,4627.624143416602,4637.475840051236,11.540392905378134,4688.3991509336975
12426,4672.039283675069,4680.156097609014,14.176947185040902,4696.108385166818
12373,4678.470984087296,4687.370803386392,13.418220011303845,4698.01906664085
12388,4685.334482640906,4694.1190605676065,12.454969628099413,4703.358573707291
12872,4727.56607323339,4736.568408589543,12.110789107952597,4774.100026469994
5800,4730.255460823812,4739.462218842423,11.531830693630718,4776.306571916359
11059,4732.220193643497,4741.255552205765,11.502754622885574,4778.345516962307
11062,4741.061225132495,4750.31289437892,12.179432693637438,4784.53638264314
12408,4743.583711050827,4753.037264261467,11.858071975123286,4786.823770845977
11726,4750.46398061578,4760.421052315477,10.944837991079758,4788.710665469365
12381,4752.552040990143,4762.299529674035,11.024406973185124,4790.552593541537
11450,4754.589218964213,4764.169010550465,11.455678011105897,4792.423919853371
11729,4757.381584115993,4766.0917710317,11.497882536618745,4794.309485846398
12433,4794.437432670491,4803.29965791343,12.3874633995692,4812.8753464286265
11709,4797.382931488172,4806.515621471258,12.265071774807238,4861.565296184999
12379,4801.328545846511,4810.293955336472,12.401712249428165,4863.985677054081
11508,4808.643971677807,4817.551056826815,12.753617606939576,4866.009130065507
11723,4814.0565186993135,4822.11073738548,14.227259943262677,4868.1311818398035
11502,4824.40028214968,4833.559486115982,11.762117223047772,4874.330467801668
11506,4859.1776299459925,4867.524299101778,12.970708366207583,4876.431413377783
11057,4885.800067197393,4895.221291081859,11.39915598870085,4951.403913805904
11518,4888.621221293795,4897.1776392938955,12.220017938194951,4954.098871735197
13161,4905.883006688578,4914.492514502936,13.143796825358656,4958.28308833251
14168,4917.629538760023,4926.290349863583,13.323672293749157,4960.3400278542695
14531,4925.1716854196275,4932.569280797678,15.864577231083546,4962.17021593076
12396,4928.439668007535,4938.300370960407,10.558385783042635,4964.042829680065
11512,4931.637606891998,4940.265597296588,11.316319924687514,4965.9185372211705
11684,4935.686106438656,4945.402116974251,11.534371459049009,4970.003457298609
12420,4938.48495048359,4947.337583031309,11.306317641939987,4971.837067503466
11683,4993.122654962932,5002.109120132247,12.949134437625036,5046.417626143153
11023,4995.565381767846,5004.096392712222,12.552497401335314,5048.719557346714
11269,4997.337850936677,5006.139049865053,12.142239179521807,5050.704554436765
11480,5000.747781551326,5009.055322578544,13.884496636788189,5052.636679137027
13559,5020.620221822006,5030.374387502568,11.656986185764277,5066.174701969825
11514,5065.959570769728,5073.658294300747,15.311275160528035,5082.740187910761
11439,5074.184911776906,5083.283715615116,11.595745919713934,5131.65474415767
11454,5076.237184490981,5085.23950423243,11.801451799531936,5134.5184264710915
12821,5079.94004668532,5088.019607013217,14.590933467280546,5136.493540082773
12909,5126.440780751318,5135.479834272382,12.137764504050473,5145.0449900883805
11259,5135.233995459471,5144.0760581997365,13.227985463338822,5153.377308209159
11461,5139.424042045583,5147.3255810250175,13.901250587597149,5155.585612034002
14551,5156.976096872967,5165.44157837182,13.016793314206542,5221.501747873615
14562,5159.056809564079,5170.245648837131,10.418155524152407,5224.33856490687
11509,5191.833144204578,5200.085744553103,13.519708861571587,5226.758225719742
11457,5201.721990334519,5210.592176835232,13.125204579704894,5230.8893681172685
11037,5203.6745547351375,5214.106902750103,10.827992671334806,5232.745047717302
11060,5216.742707877534,5225.6199211471285,13.34254425295472,5240.64120762255
13162,5226.65439279986,5235.366714345017,13.10179280417893,5244.90252245954
12406,5235.1154058727225,5244.131488002764,11.874969112937965,5253.744880192763
11452,5255.409111104986,5265.3671497916,10.935192836641528,5311.3679631459445
11490,5258.960398950875,5267.464759322119,12.145810009938039,5314.040300784783
12165,5265.698767464663,5274.346474633634,13.20754889327765,5318.370302858415
11693,5268.929642389952,5277.562043978911,12.129460519601214,5320.253293434639
13889,5298.597294646235,5307.503038896771,12.79217534513543,5324.110084376501
13165,5321.115849875549,5330.287951099952,12.068482120580192,5340.098835611034
11298,5324.346074603826,5332.501657217012,13.88265727139855,5341.8757308807235
12435,5329.229513975468,5339.267851591259,10.769603327074417,5350.191599107339
12368,5335.486185691749,5344.582335980036,12.04777335432246,5401.493039766013
11017,5337.431486851343,5346.3769501694105,13.350146963140254,5404.1841934832255
12391,5345.15050576644,5353.405510815563,13.501140604498369,5408.567330300539
12397,5355.281593815268,5364.061742698152,12.261292710587178,5410.472288006683
12124,5386.516941527561,5395.061101026239,12.980756025371727,5412.37966609836
11053,5393.8666094285545,5404.240509738286,10.433463322753292,5415.568528522511
11728,5395.862040782003,5406.159118293549,10.741302591200006,5417.451200728699
12415,5399.05849217496,5408.090795721745,10.590933386776646,5419.41589955428
11493,5401.552415121649,5410.165440888083,10.622408545807168,5421.3350610486
11435,5408.333188429802,5416.315642324104,14.12557439309489,5425.848444608653
11274,5410.865025113743,5419.268612332241,13.28669463181177,5428.399359281882
13588,5427.200634721281,5435.226206653796,14.925606111119464,5442.921908784152
11004,5453.026969032179,5460.284414183789,16.193569512364142,5494.0693480853415
11688,5456.971678149354,5467.115384759321,11.516169717583127,5496.390446840092
11494,5468.530914373749,5477.240597073079,13.082868458810768,5500.457032391608
12147,5470.711267853354,5481.522213392099,10.496902618455433,5503.016373558826
12365,5477.835613395981,5486.328489425225,13.973504562291906,5505.287306493285
14528,5482.300746792352,5491.34944945651,12.181397720194713,5507.1301421170165
19757,5485.410485835153,5494.414892908806,12.622726611636029,5508.868504966453
13491,5489.646190140577,5499.1211823437925,12.150404772254529,5510.653816946729
19035,5503.125963574334,5513.051029682329,11.569414855293482,5523.455190735581
13160,5519.345993754177,5528.056170685375,11.963493512551125,5581.543268198745
11682,5524.339738039714,5533.156045293991,12.992670849105135,5586.503717743455
12385,5527.38101345275,5535.210609228207,14.083610615254496,5588.952290804667
11727,5537.024299697796,5545.336411941723,12.520247012463082,5594.678077803364
12183,5552.3103094016005,5561.395164311348,12.817321208678475,5598.648510473377
14566,5564.876409872586,5572.426285311786,14.39830237131528,5600.40170770941
12215,5570.291150318196,5581.483518632165,10.247922536477436,5603.068995039593
19066,5572.241902450148,5583.445133752052,9.429873515906342,5604.983795799699
12428,5585.692963086211,5593.081812997299,12.77002201076348,5606.852165335639
11022,5592.837587095367,5600.035399208981,15.447249936931316,5609.1113180108605
11283,5596.891081546877,5606.439572165621,10.85601353692881,5616.640698644409
11741,5599.607820337788,5608.35026148886,11.871784665074228,5618.514297921378
11031,5606.450299478728,5615.558946470898,12.400242032931963,5671.711321417709
19686,5620.633099688507,5628.512779060102,14.995502443256566,5674.830974780862
12120,5625.326364998573,5635.321360096397,11.450512213709438,5677.254930047923
12195,5652.450709761035,5662.325686097169,11.0013601395101,5681.180456431489
11747,5655.029616904416,5664.211017427913,12.372105104260692,5683.333542423315
11303,5657.200270408128,5666.05718961998,11.860859030754218,5685.238618121157
11687,5660.966161359274,5670.452559781685,10.975628069099725,5687.057785548775
11262,5664.987276509756,5674.357089441612,11.385930081855875,5689.473939818489
11032,5732.3729101415265,5741.084799909585,12.62682999710753,5768.637830311355
13533,5735.112476898559,5743.009031841537,13.951638468994316,5770.57957412143
11685,5742.302463794761,5751.378774179646,12.134293939951837,5772.549243798427
11690,5782.7805717486035,5792.040915208937,11.700655792627728,5801.714664627854
12843,5787.067259033223,5796.3160250945,12.558709188791742,5851.544174297857
11469,5789.0779248017825,5798.226321388179,12.623972654189195,5854.266277216223
12417,5791.943038199075,5800.036835711951,12.79437481543162,5856.842892046216
11284,5804.875703643821,5813.270393393039,13.771288072657851,5858.77470831782
19384,5816.477802886705,5825.289626727442,13.037373569375118,5860.738777713778
19678,5826.300191198421,5835.180933915482,12.233313652902444,5864.553644201605
12817,5849.213674967325,5859.020726913294,11.381741991642661,5869.438249924426
16758,5855.476279506039,5864.17125347463,13.064556340870237,5873.561275156288
12853,5860.584186433285,5869.152256270645,12.457973128094666,5878.457098452812
11046,5871.698400101139,5879.314543918291,14.380644071780017,5887.36153967639
18354,5891.418810362724,5901.310328406292,10.700454958164293,5941.511264683264
18395,5893.245370968117,5903.227789168555,11.761733918818086,5944.342296752951
16792,5920.413327868159,5931.100196495746,9.639694820075855,5951.017968087491
11438,5927.060456107758,5934.649410167461,15.340457300483589,5953.339705192757
16505,5929.403913253108,5938.211134351828,12.849336063184273,5955.180183687388
11472,5938.664081574667,5946.364827269403,15.370763291959605,5957.039308161508
12207,5983.493312048775,5992.078817524755,12.718252641204538,6031.413563650857
12131,5987.851722692215,5997.273251388923,10.780918398467122,6034.4676111482495
12145,5992.788277656282,6002.165220155119,12.690334049748863,6036.692328465564
11489,6001.353649224388,6010.010295927091,13.143488468803058,6042.639194238855
11717,6003.5788432297395,6012.505079486848,12.219291965176067,6044.494427219734
19023,6013.864763974341,6022.458872530783,14.066015033994523,6046.271178422374
19754,6020.792794309429,6030.033253379391,12.504377391761402,6048.186569759232
19600,6026.306965494439,6036.0631928737475,11.72746590936752,6050.1158351999175
19692,6032.3866849346905,6041.513997803215,12.287200787073393,6055.978281259692
18984,6037.712721851439,6047.120931736641,7.66876208348985,6059.85570752611
12160,6047.067137694707,6055.545655629605,13.101964485380748,6064.335195077371
12828,6050.958694823019,6060.146165040656,12.128763931320885,6069.947587586253
12132,6053.08269987973,6062.391317256517,11.382167486695907,6072.313396273298
12878,6055.520154728564,6065.449133764701,10.60567866228243,6121.365898514066
14316,6062.6421572313475,6071.244428563566,13.518748448215629,6124.125351422523
14555,6064.519706822425,6073.018751194295,13.52319333251519,6126.845509658516
11044,6067.740551332766,6079.229957179395,9.110637830144444,6128.946680399915
14536,6079.114118781352,6089.213619727844,10.812609032700031,6132.817545291551
19374,6081.12319324965,6091.108741494676,10.746180896703608,6134.871478890751
18994,6082.8860552979095,6093.087472950707,9.768328547231242,6136.995940435389
11025,6123.902907263936,6133.431638054367,11.91526548814514,6145.228709291029
11517,6129.87377144507,6139.073160065555,11.742406188220427,6148.669855913867
12401,6132.385312161877,6141.261698486388,11.915312647172861,6150.662572202959
20018,6142.693710294322,6150.608659137477,14.091804245102292,6158.724934389882
19050,6156.9183016903135,6166.17314765643,10.64726212578184,6216.713535735727
19389,6160.762630299447,6168.522507594047,12.82607192119323,6219.115652071108
17032,6182.8650905902205,6190.302496251051,15.4071686934926,6221.032653391388
16770,6188.65120586472,6196.097862543576,14.942277188700196,6223.168463144368
17191,6202.084763187705,6210.524584854572,12.705328860221368,6229.12405961745
14312,6208.80197043676,6217.261725540953,13.478161260494486,6231.038027647297
14530,6210.747417952157,6219.0094934931785,12.94978611658246,6233.133436959777
14270,6212.683821946469,6222.285264665106,11.82799888106517,6235.18011878933
19734,6215.00398936878,6224.042632238047,11.582184250285533,6237.212571665393
11016,6253.636480243815,6262.58384775608,12.181755877143617,6306.3660477446665
16977,6258.934927315817,6267.343267612281,13.431522524036332,6310.306217882841
17906,6265.040459533376,6273.541980843882,13.674043248125633,6314.224234098593
19730,6278.250694995874,6287.1016298856275,13.346368493606102,6318.0379497820795
17879,6310.758306086994,6319.375553147912,12.924338499073354,6328.734022043727
16961,6313.9411572783465,6324.178825424562,11.097142596949077,6335.194613981135
11696,6326.8529440670845,6338.232638462344,9.383381404596346,6394.431623450032
16797,6334.061545897158,6342.132793689045,14.051008776344766,6396.481583194062
14547,6340.739982206694,6349.583621228191,13.083158936100274,6398.600973862029
16974,6379.12167749037,6390.402791872823,9.336516482871332,6412.9737010659355
17868,6381.958095331647,6392.454130798448,10.493959743855218,6414.972401530946
17180,6385.091693177684,6395.407228055929,10.47758109579412,6416.891878509405
11067,6390.784911766324,6402.192632917337,9.080246036848385,6418.972654723824
18406,6406.507937075093,6416.3333128035,8.289173123562982,6428.9137110399315
18890,6411.843996560396,6421.36292514367,11.71754612347404,6431.456668038717
17685,6421.818618229746,6431.380010325319,10.830000592347883,6484.409863921016
17648,6423.671116489456,6433.232006763156,11.658462281030772,6486.522712412662
16932,6429.77861781956,6439.178180177349,11.525677902414774,6488.610818114402
19025,6443.278635941896,6452.457408703646,11.380506737389656,6492.456269359799
18649,6447.273454164982,6456.42575615862,12.372591308283107,6494.359944370707
16532,6453.467102759693,6462.451694565756,12.109196000548367,6496.279626372254
11530,6459.329984199362,6468.014580745404,13.40455826257161,6498.848151819859
17200,6463.39924264364,6471.543570869203,12.449448998252443,6503.905897026689
17714,6488.550517499209,6500.2957880943695,8.242567484715543,6514.3593492289
17202,6509.027048898362,6516.5560085957495,14.573482801957638,6571.449302348693
16948,6515.749150583607,6524.1196313882565,13.16869237206222,6574.233615389754
17223,6517.863842111709,6526.182846738656,13.521752109711795,6576.50031578794
17909,6520.471402401279,6530.151725454375,10.78812105039213,6578.651377063099
16953,6526.115590818109,6535.265079105433,12.341278228572238,6580.59755631263
16525,6528.205411851678,6537.0503194879375,11.400205443621921,6582.6378400067815
16523,6530.064762306968,6539.345470810265,11.623582612044103,6584.541310667324
17886,6533.707786342821,6543.201179151377,11.649050819105996,6586.326354643568
17636,6548.464414942389,6557.3564289813075,13.02902827042512,6592.338666510631
18407,6564.635099229379,6573.5574305113,11.589689553626663,6598.186623572131
16539,6598.289405667188,6606.286330765373,14.592927571816022,6661.656198671553
19095,6607.540530812193,6616.030947500867,13.07570774213348,6664.390599305152
19076,6632.538587507186,6641.164824389503,12.549304573613716,6666.633033768321
17222,6641.152158186187,6650.421803528902,11.45648318110805,6668.665688910179
17890,6645.455005278899,6654.405572885169,12.810558414864408,6670.603132865121
16790,6647.988065658629,6656.253798559373,13.85282180041156,6673.145563018408
17893,6652.675678594849,6661.328994089943,13.194694061737016,6676.942979331857
17194,6658.440442583234,6667.163215440431,13.024129782566863,6679.268709440313
19758,6682.55870302438,6692.161498063589,11.89989593557482,6701.806822536262
19820,6689.108496813354,6698.185640132005,11.510106218358393,6751.711529242842
19083,6694.722774317573,6704.309872155648,11.74742671634418,6754.353864332904
16981,6714.598654094457,6722.114790681719,15.74526239657899,6760.7648298297645
16759,6717.344063825039,6725.363523356157,14.64399065168313,6762.745813932993
16769,6725.715681524851,6733.612354248314,14.6313225015456,6764.717330104739
17680,6732.939951976935,6742.068223276535,11.7831809192035,6766.784602194715
20060,6747.261031863175,6757.053286832668,10.943749872184698,6768.8253034213485
19689,6755.699119555945,6765.068570546619,11.347626180015723,6774.958257453839
18390,6758.599644070576,6767.591498445118,12.243070176129516,6777.299175419872
17924,6789.823287435619,6798.1532701276565,12.851278887189977,6846.797192372631
19053,6801.113038741578,6812.038931418291,9.772315989948645,6848.971789740442
19372,6813.472657843507,6822.151658907091,12.86454383026441,6850.830362161585
20022,6824.518327096778,6833.58643488274,12.174778654647607,6852.931484367687
19129,6840.656364685844,6848.330078938889,15.012211534477046,6856.872271979332
16764,6846.874633559815,6857.495593119044,10.24456204592389,6869.180831926962
17025,6856.48608643639,6865.4963449856305,12.322500769828135,6875.326820888274
16506,6858.79766575893,6869.3848608625,10.474715429128134,6880.905118525718
18207,6878.450707307072,6887.300894588978,13.667115210095174,6934.290501860243
17911,6880.5818148199605,6889.522620515623,12.646299045729636,6936.495522610203
19769,6882.982003133915,6891.582950006589,13.451542235741194,6938.676380024132
18660,6906.694194888576,6916.052419206512,11.311998530971236,6942.456600567039
19822,6909.915260496211,6918.0021750573005,11.334684440471035,6944.803281673935
20062,6912.013975484218,6920.082595312812,12.443935262039483,6946.650294729012
16795,6923.824138740526,6932.4925065771085,12.153896513823499,6954.286960765954
13890,6925.959008386873,6934.3407780439775,10.693457919853335,6956.21258778226
17892,6929.869786441524,6938.14892595926,9.563678097863729,6958.295294239038
19744,6945.0241427483525,6954.44754978153,11.644371018286535,6964.379194150762
19391,6950.849297345289,6959.468168311655,12.789497042985085,6969.160798865065
19767,6953.288750014133,6962.133051070244,12.37764799745832,6971.5442663063895
19663,6958.0044862108325,6967.064225112703,12.60769608731811,6976.467545033543
19776,6961.021114570751,6970.171064004544,12.698496577974806,7021.408954076665
19794,6963.139777040526,6972.055486269782,11.949070819170315,7024.114523765053
17186,6973.247912515215,6982.243196855161,11.765129818303107,7030.833468430001
18654,6975.059177620481,6984.553737542619,11.207461619841562,7032.6145562091115
17925,6983.075842378039,6992.503488234317,12.060237859909881,7036.225523586932
17190,6989.300242424696,6999.472408227894,11.385641330865967,7040.103127099362
19093,7000.4600835890005,7009.2723465560675,12.085778441641551,7044.149432019395
16996,7038.026283761674,7047.002848102328,12.687036735940511,7056.7318855551775
17865,7043.960128162929,7052.124722012619,14.182800759680807,7060.6752412070555
17895,7050.904392379595,7061.139891646817,10.19747222863272,7111.496021993942
17230,7053.938183863367,7063.108682259248,11.746982994446185,7114.310379715993
17897,7057.790213115864,7066.576445379798,13.078816559262698,7116.383348529818
17908,7059.552127765446,7068.325290041775,12.82244674802884,7118.768812930559
19373,7078.5060968995185,7086.598406335392,13.582099206419636,7122.536108857975
19812,7080.682165696636,7088.3810599254675,14.916711414045292,7124.582834764733
19695,7086.692378499037,7095.575362372244,12.149520359997982,7128.445255861765
18644,7107.056124769679,7117.380301828435,10.944720561389923,7132.449863338396
16972,7109.538712939593,7119.5082113201515,11.050106203026239,7134.484599833237
16984,7112.881555636446,7122.02922909594,12.018114810314906,7136.636866698774
19779,7132.408249958783,7144.124272702022,9.842215533956432,7201.571224876524
16531,7172.018269852203,7180.144886942035,13.582539291752537,7210.921952345827
13875,7177.896963810685,7189.212729536193,9.970962752569875,7213.073626135208
17881,7185.831790016692,7195.121317985109,11.52330119197455,7217.056092840068
19774,7198.395463254071,7206.413520682089,14.088228581513688,7221.004826606759
19751,7208.163120259687,7217.190993250625,12.366709659840073,7226.668621855493
17711,7225.84440944077,7235.132441502671,12.31659545670378,7291.54946911911
16951,7245.581680047411,7254.360747151048,12.07615329129414,7302.653669883512
17244,7249.791944739743,7259.544834254138,11.861408755425733,7306.611636190711
17209,7251.592748103398,7261.426375377659,8.910930403000874,7308.602992710879
17902,7257.426561718236,7267.516631580629,10.575480300287305,7314.998468412775
18976,7268.670342132945,7277.414949002976,13.288634745204602,7316.825575004867
16952,7299.275246793594,7308.062107119671,8.57697493646586,7320.701622207657
17652,7302.800054114656,7311.01667811999,10.273448290700433,7322.56002449711
16533,7309.390028683053,7317.463340144287,14.41286351834446,7325.848619921216
16778,7311.313031829264,7319.3685061307215,13.701507212737978,7328.034413681044
17633,7317.316838156818,7325.389846647191,12.782152805034375,7381.727908782463
16776,7319.061966802844,7327.160478356054,12.612466714346832,7384.377196696637
16983,7325.585858882592,7334.150651275212,14.538009367112885,7386.995085047602
18385,7393.140273188427,7401.467524775816,14.038546887874546,7411.996622764765
16980,7442.618418583994,7451.109853257122,13.55375050880947,7480.972263932593
18647,7446.689474662266,7455.144264966933,13.17949393638061,7484.851003945193
18383,7452.007823687745,7460.265349698243,12.937262911590194,7486.603230501339
17622,7499.32454481552,7507.557829590212,13.444935136518161,7561.392998053161
18315,7510.097056282658,7520.521303209673,10.684083314042223,7568.307756778348
16560,7524.013144455722,7532.551800176076,13.41183974057278,7572.49776526582
16555,7570.659245400596,7579.541055544869,13.0026457911751,7589.038876915864
17225,7585.923972206337,7594.50350084267,13.331884287873411,7651.430773190208
17206,7641.486529800991,7650.204872014166,12.540250969398299,7659.425716835049
16802,7651.949802740765,7662.471701022979,9.983014715443502,7673.921403076002
20050,7660.559316270666,7669.078193485148,12.682307664633425,7678.2335605486505
17015,7710.095934706016,7718.454486657748,13.304116747416227,7744.401903562264
16517,7768.719899692641,7778.472703025833,11.564326794881914,7834.064777727882
17198,7776.096138288097,7785.145531608324,12.451702658459244,7838.468569614115
16791,7784.738889294795,7792.582933058315,14.68048977211089,7844.285221744055
16990,7828.6442013042815,7839.18755188947,10.24067793250957,7850.559664573781
17888,7841.285569016741,7850.331434192278,12.518217577019207,7859.970105703505
17214,7850.306617399587,7859.514931058724,10.522855224238379,7870.0469771662
20040,7866.44365402982,7876.387346112116,11.272481755174729,7926.764696952457
17188,7895.228328819292,7903.405712337582,13.436561875072826,7928.77192117957
16805,7906.556194370362,7915.363202686593,11.525461043410306,7938.233058188145
16933,7908.394097604631,7917.497007047176,12.473319092552625,7940.041388976021
16788,7910.188592822332,7919.242935517004,12.531821964785388,7941.853986575993
16782,7913.170367083451,7921.061950404666,9.897510876792728,7943.574109903512
20025,7916.968661210727,7926.022378823396,7.8463375665288515,7947.396790198144
17196,7965.362538938726,7973.1820393220705,14.381170745680354,8011.4544138659385
17023,7967.239661081517,7977.405764655122,11.426984972564101,8014.134373406725
17217,7969.3537089399915,7979.221398392413,11.604867222971947,8016.477320024429
16804,7971.356639905067,7981.162838138504,11.310221583991506,8018.739640994877
19781,7990.792961741332,7999.311565480505,13.08564702771562,8024.5629756131275
