711,192.80220577525057,195.07550471489574,12.331064806152787,200.8689712544905
3944,351.5983014477552,353.59432028880354,14.507314413020348,359.1347144306381
3943,353.35127823029245,355.3050269383932,14.144082055801968,361.34718913754284
469,363.739769983887,366.21846361356364,12.360446928272719,371.7460790289426
48,366.05133239568414,368.4942144101099,12.24872406497227,374.3610292742603
3495,418.0924649870011,420.30621044067766,12.13966281299788,426.1225718325886
274,546.077155304974,548.4878473510666,13.800386453249839,553.4104396308791
268,548.35100796427,550.5899053864748,12.90367252320395,555.9562464131018
3921,601.0985171262612,603.5186034307852,12.107546766355453,610.1669315444707
1217,648.2299483030183,650.3917082404548,12.24902684419476,656.4249919533479
500,651.9101408917409,654.3753569947565,13.453772129663443,659.6037191557473
276,726.1875265890706,728.5664261532469,12.863782762373921,733.9149261381509
289,728.103783065995,730.3353770016199,12.489891720903373,735.7035234088805
272,729.8829916459052,732.0428688788311,13.267426791656229,737.4174277767179
3529,813.6422319935039,816.1272096300239,13.304635775568853,821.5763175994621
54,815.7341845600318,818.0450116842395,13.050225713183895,823.3703495983908
471,819.6943154009296,822.1466586674203,11.546825504621308,828.2743592494601
515,821.5941665203087,824.0436417565401,12.509368846230283,830.1558891544313
688,825.7898857777632,828.2120803648852,11.829661847210284,834.229467269141
490,835.0321008205431,837.1782596311886,12.609376993404894,842.5234036592465
36,906.0761434875433,908.5536070309304,11.232815348587987,915.0572881326327
35,1038.3427236090793,1041.012401374344,11.807873178544858,1046.9720595651927
22,1042.7728747665665,1045.1060276256737,12.582386133334806,1050.5534420530284
275,1083.7168073131434,1086.270103702422,12.5224081429862,1091.803320315311
678,1140.8374224886186,1143.3301647845076,13.344693683258742,1148.8490706731498
263,1143.195330983655,1145.568048826058,12.719427362273189,1150.9791648309156
296,1179.8810016614893,1182.4614570811166,10.997668221801122,1188.8436069450813
507,1189.9336135944873,1192.1854479772117,12.107266466766209,1197.8825550997437
744,1195.9868237758458,1198.166532129874,12.852378290391963,1203.8225688606833
25,1263.5570781059437,1266.0907382310209,12.616340346123119,1271.7574974287434
3278,1266.03104282671,1268.5291912005785,11.32755141046158,1274.5591204904406
704,1276.3114963687997,1279.3514815005954,11.928194446084223,1284.5365773857643
65,1353.8747359680049,1356.4395055315206,11.422657058073796,1362.37009109463
3526,1355.9401916562529,1358.3590697838436,11.991974734685407,1364.2861695941217
299,1362.0749284835292,1364.0862593662873,13.854817337823018,1369.2580537186875
63,1374.1153627596998,1376.3736087524146,12.550705474547089,1382.0293277081917
439,1379.3914272312247,1381.3775520280547,14.426925409964614,1386.289055697593
283,1446.0983974060912,1448.5241427002015,11.673158019319477,1454.7191267726253
736,1464.0203714434097,1466.2267991520168,13.247836187939509,1471.6757368840638
504,1536.268552168861,1539.0628645716054,10.315932274514559,1546.1691615458365
724,1538.2961928598552,1541.0322340677658,10.19687463575207,1548.1544741034543
435,1552.6897571584739,1555.0602455470244,12.17091857248349,1561.0516644265747
522,1568.0445542910002,1570.1159045272423,13.159262438068378,1575.3102091235332
3554,1623.6770782739366,1626.1953837729434,13.446292188020443,1631.6361834491572
3544,1625.9536978506042,1628.3781437515772,13.020786666439447,1633.971668577456
3534,1627.8776326181146,1630.268779187648,12.446804037847693,1636.022876562295
686,1631.556366601534,1634.1891552125921,10.432350891340434,1640.85542084439
61,1672.1281234655505,1674.2895130114891,12.704506701970713,1679.7329191763686
3302,1674.0399350493433,1676.28018272315,12.695865804224729,1681.7434642701091
3298,1675.9236165089585,1678.1307704754224,13.176816883998242,1683.537124105607
290,1713.8831378009002,1716.4359333544448,13.561137937542325,1721.8585077559076
482,1715.8506587638678,1718.2167321833535,13.471406313186966,1723.5774775142552
729,1717.8338176771636,1720.2063633598423,12.628325189684503,1725.9896022369592
270,1806.03904873708,1808.436553100658,11.605461157063344,1814.2884440970622
436,1819.5502267721438,1821.5155988411038,14.090043915763774,1826.6298000285333
728,1828.9504305504784,1831.377608212102,10.771871513676299,1837.6892368204178
262,1854.2069008521173,1856.3295488726478,13.748424536477305,1861.5926682404895
3547,1893.745552312967,1896.0288773369743,14.501445825968743,1900.939952726808
261,1983.7514572395494,1986.4134220539013,13.509762906811737,1991.8919946550932
278,1990.44963165116,1993.3408768668128,12.649552831512866,1998.9480430358535
266,2040.0738781712487,2042.2910488754023,13.684746470720302,2047.6200317693538
285,2041.9147801044562,2044.2874115995332,11.053667974734756,2050.3629873489995
5766,2074.0741538682364,2076.526431252956,13.626323423668639,2080.777196515705
5798,2076.154892183399,2078.311642011797,15.15602579505031,2082.745089143868
5555,2082.78766268435,2085.1713158313546,13.117473006553292,2090.6244964580033
5761,2163.793806929114,2166.3465042336884,13.304574853457444,2171.4005827619285
6183,2166.008700238659,2168.1605073913165,13.88743384898669,2173.3888277861674
6209,2172.2826100867346,2175.052358894509,12.613985659268309,2180.612930650344
448,2184.5804539724695,2187.3519727469743,12.114265919649617,2193.081438680744
697,2208.320998366732,2211.1358243002355,13.027695009869905,2216.6574125650627
282,2210.8681735152086,2213.2502829435807,14.345515593971621,2218.4867890449495
255,2212.8675188884677,2215.22862742156,11.662920921203057,2221.1063187855607
5802,2343.5366414559235,2346.1551824407657,12.266984141091665,2351.646907606497
5575,2345.7820122333555,2348.266981135832,10.667487573062223,2354.688307995488
5553,2439.330497896747,2442.0588552944832,13.264339390640316,2447.430662743547
5948,2441.9079201544077,2444.4463259813606,11.073356951558003,2450.7669945889947
6032,2523.8240749388233,2526.4354423680447,12.282274558055427,2532.070150317703
6199,2525.927242843627,2528.209424600043,12.165423412704383,2533.8667148755712
6189,2530.1631346286954,2532.5595195008605,11.775335123021252,2538.87180676929
8790,2532.3665377612438,2535.3164856390663,9.669332961783828,2542.873220494373
5558,2534.327607765495,2537.296167911183,8.500991380750628,2544.8365549243335
5561,2536.319541475734,2539.409497261321,8.813646757280559,2546.929576537441
6234,2538.440500936362,2541.417133416235,10.554270292786414,2548.8977246893746
5549,2541.2262997408056,2543.5298480174233,12.810224907218213,2550.834561548695
5514,2570.7043801928594,2573.4669960145825,9.71038504428218,2580.4138235192822
5537,2572.662470230713,2575.370756539857,8.672082066734232,2582.489572601679
5972,2574.7176549440437,2577.357001226848,11.472076555493864,2584.322461540431
6023,2620.9386784184767,2623.09093618949,14.44745499392825,2628.5020088497736
5536,2658.440597795459,2661.1637759517425,13.462298105705868,2666.4724978599484
6029,2729.1933418591134,2731.464069941205,11.75186083807073,2737.5185233717116
5976,2730.9227009046926,2733.2466406329336,11.268792819979625,2739.318959823184
6030,2802.1153714993234,2805.043926216437,9.020238996114319,2812.341377590653
6193,2804.0506092807514,2807.0405261242813,9.816186516008603,2814.3582937740903
5557,2810.0541697088634,2813.0356601804806,9.0703310426399,2820.5392815805576
5967,2812.0636068635913,2815.1018832626614,9.085354722097875,2822.6647764336576
5568,2886.0503585121887,2889.078864783819,9.424717107140166,2896.6461181080936
5760,2888.0216301749756,2891.0236769934345,9.464636188771204,2898.6197505191
5534,2890.0778339885264,2893.0025896515735,9.367686536129218,2900.6390407668305
5764,2892.0811134740607,2895.056991201853,10.906105147232772,2902.704844027869
5979,2894.175572693696,2897.049691013492,9.358167142162362,2904.6937079404274
5980,2896.1788718027715,2899.0480609551914,9.97011381947024,2906.787871040135
5786,2898.1433638224803,2901.0811109661827,9.071014036198807,2909.1450022502363
5993,2973.6615646978266,2976.1228538902837,13.684357210409583,2981.243383764216
5983,2975.993933377073,2978.4774845467914,11.829994760958595,2984.132433372794
6036,2978.0192466185545,2980.4596671108116,11.508999985245238,2986.3550243559944
5806,2979.8845229775648,2982.278792859953,12.064585812888698,2988.16772226232
5767,2981.6941242504035,2984.099717806459,11.628775534393617,2989.8774429459972
6021,2983.733274194091,2986.3095590780013,10.672144595296988,2992.922112190197
5768,2985.6803412094355,2988.2503243102547,11.29703258854046,2994.8519151994433
6632,2987.584878293518,2990.0655619665945,10.91841380625001,2996.763611102413
6025,2992.596308706309,2994.554177494752,14.676355827211838,2999.553570628261
5567,2996.2292817384046,2998.178928753022,14.26908072476955,3028.4733461928786
6002,3020.7088915151853,3023.1936547502555,11.343661753580802,3031.025063515268
5805,3067.3060130575486,3070.28474362316,10.870425486892282,3077.002576677395
5775,3078.8468281647847,3081.514870749504,13.610769429916873,3086.6522905003003
5797,3092.787934852698,3095.4129407015394,11.130247119861416,3162.5957432028486
5998,3094.8407127697833,3097.336604638317,10.8549524603906,3165.407162537204
5804,3153.6133434234375,3156.1759098212387,13.465647389995963,3170.227963115547
9024,3243.625309551825,3246.210719000783,13.745311681434748,3251.4610861166243
9030,3248.0153938171084,3250.2002917203326,12.709424389507673,3255.4766613336483
5796,3333.584305849398,3336.364939912032,10.428341758708925,3343.520075731898
8796,3335.946768495361,3338.351262263572,9.834761470101062,3345.5422361528595
5776,3378.654032839354,3381.398260975542,12.929380670665179,3386.235652359757
6022,3424.0379804035915,3426.571676332575,12.617562393906343,3431.5654611624286
6001,3429.4832668441177,3432.2213550032507,11.068422268711421,3438.4976927821735
5772,3457.221885066037,3459.3164548339983,14.078872150047248,3464.4362370257086
5781,3522.86175787429,3525.549027372468,12.320619448073318,3531.4104081194187
6214,3529.1851665683043,3532.0471713065454,13.453113096299779,3537.1297289190343
5778,3531.3547074148096,3534.03681405147,11.08331496338314,3540.3983419471083
6201,3535.4360268962773,3538.1286125913157,9.450468442561348,3545.396443067938
5787,3537.356220308613,3540.0976740331325,9.815823014338196,3547.404570323314
5801,3612.03455433273,3614.3693675783425,12.063103921243938,3620.879683930771
6019,3693.565675831653,3696.163947310805,11.116385140831218,3702.3577213496155
5538,3695.750736612602,3698.180011889349,12.635939143470491,3704.2344895490664
9040,3697.724790835853,3700.209422677181,11.199682186578066,3706.516995189087
5566,3699.573348529867,3702.0780322427604,11.364319277465452,3708.359257669432
5539,3701.600574055452,3704.007897359935,10.323745148231156,3710.16667673658
5942,3703.649834023151,3706.048881282166,12.169278020950872,3712.0172956277975
5519,3763.383199932414,3765.3808715739506,13.805965429181038,3770.3516142404487
6198,3857.9500690982595,3860.417553807511,10.852520102663481,3866.7252396383724
6180,3859.8628712094137,3862.263509635248,11.053090846026555,3868.5322549462103
5935,3861.629081587023,3864.0738535101705,11.068429766737724,3870.3925704740495
6013,3874.430016250236,3877.323532523128,12.084666491063281,3882.5282966935715
11265,3876.409721368766,3879.11754922508,12.973033581584659,3884.536671288937
11285,3964.426236792151,3967.2817139506055,12.924598382838647,3972.6107652314317
11272,3966.445150674515,3969.119186576405,11.740204327533293,3975.1565615258137
11300,3999.4248570359123,4001.363263869582,14.025691623463945,4006.3560407511636
11706,4053.828382578447,4056.5213118597594,12.330110292349158,4062.2140917337233
11734,4055.9013321744433,4058.365542784619,12.334183875917947,4063.96440760062
14529,4058.0029724399674,4060.204936146565,11.706116411660277,4065.7618767239983
11007,4060.115177650152,4062.395906949721,12.207249069142208,4068.0220402985087
11256,4062.218422224993,4065.2169246864346,9.233299285682241,4072.903412335743
11434,4064.2294080637434,4067.22923561318,9.02079846090176,4074.950678987475
14319,4143.718589634966,4146.550322639228,11.673348599370453,4151.629357400561
11021,4154.145278046125,4156.556896269723,11.491007688083608,4162.967648072114
14524,4233.539377455994,4236.035481023988,11.785781850499779,4241.930323635548
14523,4239.607825210082,4242.182255920042,14.527959949536804,4246.869726267383
11301,4241.794373531683,4244.2712266278895,12.73698752480421,4249.53406509514
11058,4243.74948293824,4246.143664101098,11.8270053987963,4251.996166644112
11069,4323.776293453896,4326.293351964623,11.84243108256075,4332.294670885656
11056,4332.998752749324,4335.359809686262,11.410754476013308,4341.364284953087
11293,4336.18647465237,4338.133347717437,14.301338478154083,4343.3276923237545
11278,4349.409640485597,4351.392120001381,13.67020742194759,4356.485260504934
14556,4353.665969777336,4355.611468684493,14.020397804910035,4360.720323340181
12392,4357.404009997479,4359.597048477195,12.430399801074461,4365.139069998032
11443,4414.462996984949,4417.3105171978605,11.893490325666551,4422.971750985338
11041,4416.54797830079,4419.058388873441,12.105296058563432,4424.860076387622
11039,4448.199407382231,4450.5670465468465,12.791612460505247,4456.431560772482
11302,4509.83629506523,4512.218671332048,10.771496559061982,4518.403028000823
5800,4551.809055209397,4554.518388530174,11.827020434497939,4560.672699047033
11059,4593.74834584897,4596.242254749312,12.586168341866088,4601.729831573803
11508,4690.145265918626,4692.476916370042,11.268417748958967,4698.34544886552
11723,4691.928038656296,4694.310393564432,12.285315187582844,4700.111433154179
11506,4693.94383903284,4696.160984483915,11.517233466528467,4701.959227155131
11289,4695.763768978852,4698.039838675005,12.066681891258243,4703.773479004984
14531,4776.023799569951,4778.577634641789,12.257478663305616,4784.656734935003
11512,4778.194709888243,4780.50092285805,11.963628977072227,4786.564574070671
11476,4780.104785633587,4782.375162889616,11.877848483526451,4788.47277563321
11684,4781.990185035692,4784.486128302263,11.43943986429121,4790.7285004526375
11258,4783.865085149904,4786.457611072414,10.154612738538361,4793.201692180411
11026,4786.907552692723,4790.306690804463,7.735733904006202,4798.73185329841
11023,4895.990262295669,4898.070822609258,12.974002534736913,4903.352221106799
11523,4958.53416530098,4961.213463870108,11.32105978009215,4967.782231381068
11491,4960.3811597199965,4963.076828327536,11.6413089836353,4969.656719202932
11474,4962.434447527085,4965.070560872267,10.694332641452524,4971.653411731681
11514,4968.457611645431,4970.324746859274,15.537151336528002,4975.098263075362
11439,4973.111847905308,4975.283596264879,12.63432870919762,4981.125731630452
11454,4976.052150927944,4978.3050884659815,12.782172038901196,4983.82213245367
11259,5043.991658618604,5046.462645117433,12.86295654708551,5052.020968759021
11268,5046.213983520018,5049.190313352647,9.80684855678202,5056.738840890425
11286,5048.208481634687,5051.20982536947,9.33683695355222,5058.762047337152
11281,5050.404495696933,5053.327656389757,10.224110725886062,5060.7881013600545
11037,5052.504597815099,5055.328651972517,9.760829557692922,5062.777546163556
11525,5054.635342975785,5057.344175305497,10.066283776050906,5064.818627506836
11060,5056.745100519608,5059.299208529183,9.371081035963769,5066.7716168788465
11721,5079.760789746436,5082.035997938752,12.130396633441947,5087.758905414991
11298,5109.195439028138,5112.017401539383,13.35855703735962,5117.128622652139
11017,5136.205457021279,5138.51542497362,11.816594823400768,5144.227308081951
11063,5138.121968414327,5140.447046800669,11.627258809944532,5145.959773586746
11053,5144.181159551053,5147.115311828955,11.223651914829944,5153.603605654688
11493,5152.132055814007,5154.53676073194,13.546520385195032,5159.807215605133
11724,5154.020084172044,5156.454668843531,11.866880636717521,5162.457900543807
11274,5197.92638119678,5200.0307565062685,13.20204773468963,5205.54344268207
11004,5223.648284396356,5226.229223060319,13.125042162797072,5230.937490180416
11010,5225.952182548773,5228.196735265132,13.510107905532402,5233.588642716931
11494,5227.942412637772,5230.0577150053505,13.162176323038581,5235.467502502353
11720,5233.21950161733,5235.364322103572,12.550200443849016,5240.903173984243
11727,5235.044160205219,5237.208229434571,12.936625839179454,5272.665281304556
11022,5268.279855408611,5271.152080616834,13.288347230638932,5276.3439180803925
11283,5313.715160248181,5316.408297103196,11.291985365736448,5322.646856967617
11280,5315.733194367725,5318.270997399319,11.274560120705226,5324.5299349463685
11270,5403.848825970154,5406.463867708274,13.203769437451204,5411.296662400304
11031,5406.097972590747,5408.537233541985,12.442866151214735,5414.412589117115
11747,5493.851864826275,5496.483971477446,12.575443169194807,5501.696777894865
11303,5496.012050715096,5498.314402980798,14.020702616081106,5503.446339597101
11262,5497.806507538415,5500.198169359784,12.294114703809104,5506.20901584987
11481,5510.444515118568,5513.0731039754255,11.045330194276952,5519.765799464221
11712,5513.177510221001,5515.3424557296685,12.024652799166914,5521.781130368611
11297,5598.437030899647,5600.5205650522375,13.250704863878914,5605.664462307151
11469,5612.887838270277,5615.110027031002,12.504849192823945,5620.7968369088585
11291,5673.791312182191,5676.301422717921,12.154863937398252,5682.430883597484
11284,5675.991056137634,5678.3396535509655,11.507553649425386,5684.273706516857
16758,5678.1407759229905,5680.414240107769,12.280304454213379,5686.239255197786
16762,5680.427967559927,5682.521993733032,13.664526006685962,5688.040430886172
11046,5682.304298950947,5684.274763357196,14.372605262851387,5689.910800037101
14539,5710.147165690875,5712.232901812739,13.932324917292789,5717.314996404314
16794,5774.321729017256,5777.156546481283,13.06447557389808,5782.16785942148
14563,5887.236829340359,5889.285827636941,13.494454937449005,5894.496265181623
16801,5944.054110619289,5946.467671668193,11.753348211452913,5952.108278284431
14316,6033.619159805004,6036.106442116548,13.335829174890721,6041.442194105825
14564,6037.956057137233,6040.19845176589,14.143944786550744,6045.070871748126
16793,6041.846931066284,6044.210646965668,11.774477863895754,6050.3083236545035
16781,6128.345317607236,6130.5677865162825,13.354414155880104,6135.970106884402
16937,6130.196257011944,6132.328087554079,12.69736752405712,6137.697791559923
17191,6132.370599151191,6134.50408329352,13.282038774514419,6139.805363402387
16969,6134.3022790732575,6136.524763017118,12.651298966628504,6142.272390345756
11016,6143.810123079892,6146.054103981527,12.018804917477901,6151.948933418454
16977,6146.2785742597825,6148.393538479057,13.09108302412196,6153.825505764051
17028,6153.966710982644,6156.1640956923675,12.291823215401577,6161.874954234729
16961,6213.725805501744,6216.424440857482,11.17714277803804,6222.834784765553
16934,6215.797148653997,6218.327970917959,11.603008316197702,6224.702413556538
16568,6217.992109831627,6220.293584498665,11.301332726488445,6226.569159427508
16797,6219.850476524502,6222.150779083151,10.31488455735486,6228.4644838377635
16974,6222.276789026698,6225.124416359714,9.85559003455251,6232.399678043084
17180,6224.2051043686515,6227.083173946449,9.692333868762589,6234.365240994468
11067,6226.210714705852,6229.150181566603,9.663578154972585,6236.395539366838
16971,6228.251318906963,6231.086275974796,9.658379600792061,6238.415816663753
18328,6267.755131857154,6270.418964766594,11.986223948640157,6276.011245603326
19025,6274.923512813124,6277.561824343386,12.185382995327412,6283.3338285599075
16532,6303.92174824925,6306.543662827187,12.561786979407062,6312.280958051008
11530,6306.1538737484925,6308.533527803337,13.811519202725483,6314.012865682821
16519,6394.04489488522,6396.546118363715,12.650635130096203,6402.136016665618
16948,6396.008557605886,6398.23904512698,12.27636487666219,6403.884016757864
17223,6398.038088262093,6400.285654394323,13.404986795130043,6405.764010916415
16953,6399.941729540319,6402.196740179515,11.823011955169767,6408.08022316852
16525,6401.924543190654,6404.146615164381,11.685644139529675,6409.880429950152
16523,6403.80684789789,6406.146863013798,11.165150624834858,6412.2495146138035
16982,6405.556985671804,6408.010714506009,11.604376330836674,6414.031966101449
20034,6411.790520347511,6414.115620496584,11.334370827440575,6420.107834405792
16956,6417.148208009303,6419.377283396507,12.217623430358039,6425.025429909253
16790,6573.682872314949,6576.037271894276,13.448701008637531,6581.09862862936
20057,6576.048436090105,6578.298777132032,14.855424730719525,6583.101893237364
16766,6585.848184412224,6588.466215903822,11.213309160697936,6595.116164485157
16763,6587.9304076865155,6590.477151184166,10.740400219191224,6597.219862185644
20051,6589.744285037796,6592.33590654192,10.336103775654742,6599.226660500139
16529,6624.1730131110135,6626.26502951056,13.584104000640266,6631.377588159976
20020,6678.1343770602125,6680.489023271923,12.532652107870568,6686.372190112806
16764,6680.592014730352,6683.240145554508,10.016856530489573,6690.261470730649
16796,6692.351495433275,6694.295229658789,13.826284406838127,6699.466300549983
17025,6753.71290740517,6756.120747926901,12.70994412833435,6761.900444496423
16506,6798.184577793734,6801.0176968441565,10.788592920668966,6807.829942752561
19822,6800.4029214564825,6803.029139120797,10.384362038511938,6809.790621088704
20062,6802.668289853059,6805.060338793355,10.19286155840077,6811.725578575888
17181,6843.99716957935,6846.476831231648,13.207569832823612,6851.198758475782
16547,6846.001772418946,6848.482832884327,10.971979493702078,6854.918765197303
16531,7102.410036794679,7104.432230788768,13.607458919075487,7109.51009396793
20059,7113.8258226430535,7116.395716434644,12.343455307141182,7121.982766291373
16789,7186.077775886327,7188.176930308368,12.822172085944906,7193.452116581455
16952,7274.877913914159,7277.0665458091935,12.38444445699542,7282.688678306703
16778,7281.246376392095,7283.296538385917,13.86726327502716,7288.457395702233
17207,7450.179508333762,7452.158366517652,13.540197497947787,7457.2637898433895
16560,7476.214700796874,7478.543677065509,13.073833833746635,7483.829079732654
20026,7478.197249842557,7480.4652057845215,12.704371698667183,7486.228056221658
16783,7489.434586183572,7491.49091153129,13.402906594141012,7496.755187192957
16779,7495.173451772759,7497.371852850171,11.772562471941065,7503.24223387285
17225,7508.408727236386,7510.136709908746,15.401838117520414,7514.689773336464
16802,7567.6613100719715,7570.324529585559,9.989999892331547,7577.001031285641
17015,7599.351451857268,7601.425335277883,12.925623396194393,7606.688479527998
16561,7653.812765526582,7656.224626785448,12.328102592410668,7661.690579640307
20038,7657.901062407779,7660.459880041421,10.627555425483074,7666.806376962411
17198,7659.847446775778,7662.292343770211,11.37408781429108,7668.6577576653
16521,7661.878761017127,7664.212445711117,11.297480256628619,7670.558343806587
16791,7663.790074580667,7666.115087126941,10.98612188967221,7672.371694346862
16784,7684.41441662633,7686.519052606306,12.920206840485303,7692.058709299581
16543,7743.602383221857,7746.332389357476,12.836963374670685,7751.616358820849
16805,7750.139946536036,7753.058322031322,13.512233143996204,7757.580083200556
20025,7762.234180311153,7764.389735985856,13.145496688363348,7782.293532701082
17196,7765.954651492617,7768.41130043271,11.570650152856937,7789.100687289185
17023,7767.865889828661,7770.413884645159,10.412821358661725,7793.000858506126
17217,7769.7768548064805,7772.356495786745,10.607335705646515,7796.417349154792
16804,7771.631367448769,7774.3268833265665,7.993629397380624,7847.459616230716
