2897,213.91659990307514,218.32208362167054,14.776879572667934,271.7797399392571
1518,274.6067433339192,280.21412311498386,11.330130469708138,286.3366692796664
2209,309.75441339595045,315.1220435858583,11.415481690077973,362.58515205014726
5290,370.21135812988973,375.3982625878572,12.177431056755697,381.19501132400416
2167,372.1071415060628,377.2029060861974,11.812370565268495,382.9447434440823
2205,400.3812837553252,405.44097874329196,11.962103885288023,451.52588883415496
829,408.0031238646132,413.3132943919558,14.414718617423894,454.0465992545301
5226,483.92849680347183,488.24347626907263,13.991814931781285,541.4006228889085
2918,487.4654162803831,492.0889007956039,13.40148807479872,543.9505166696467
4522,503.9328632714733,508.564709881544,13.161542114421131,549.2713273822656
4546,516.1736407342913,522.3535678176956,10.473292114657731,554.565065320071
4564,518.2332638913019,524.2556879425539,10.924869424931751,556.4893891111864
1464,544.3394937053564,549.0800930029186,12.994975975442182,558.4948589067363
4551,546.5618558437706,551.3851967292239,12.257316083339589,560.3041208269517
5260,558.232968541273,562.4959819620641,14.660338504146958,567.145030701334
2949,579.0577305484185,584.1902745323704,12.416792215129874,631.5597083199171
2953,634.5141853827075,640.2675162283393,10.875746467619535,646.4252618193661
2930,636.4935229145217,642.0966659921704,10.834516890298888,648.325927201006
4592,663.6644801152544,669.2072895249473,10.64556170146006,721.5887559848749
1466,724.4140088544013,730.0988784355287,11.508712461544818,736.0128432773452
2244,731.0611589552302,736.2309784200196,13.144347147096031,741.4458063788012
1438,733.0491713550111,738.3624945461212,11.831055911274474,743.9921222076244
4554,818.5159303509982,823.5979301455257,13.063252539247944,828.614682417221
4172,881.7739936216203,887.064210293268,11.64942899313412,903.8515340845668
2214,904.8896816382161,910.1727305137688,12.395964965320204,915.8336346286017
2192,911.5003444119615,916.4960187019344,13.547888593085258,921.6511741289039
2177,960.7729894373987,965.4881860090485,13.772201546270646,994.4244532896791
5207,975.4081456888259,979.425446541618,15.757743938537615,997.1403058024556
5269,1016.2510995026961,1021.2833640414839,11.630640502937487,1026.9153356842294
2253,1026.245345352898,1030.2725135798717,14.83927601972456,1081.6982947388526
5223,1040.9258387983693,1046.2443546499564,11.581952124429337,1084.6064730971143
4207,1058.6058400529985,1064.3663488781015,10.837921758592163,1092.7533388812521
4540,1060.5546749215605,1066.2562932249987,8.251040566123695,1095.4682247395006
2172,1105.5299667857744,1111.2950746015351,9.972038016024124,1117.6401063093838
2213,1107.4343055500167,1113.3260314006109,11.209929543851203,1119.4685879708004
2956,1117.5656712018401,1121.570285576935,15.436057010436667,1171.5157744204187
5247,1142.0069269861945,1147.3775471164943,10.952370206901927,1182.736896338031
1494,1174.1518662066758,1179.4130892520607,12.2836241875348,1185.3927511612833
2173,1175.9603433986765,1181.1848769936746,12.725069380437224,1187.5636547361362
895,1219.9327848159187,1225.1235927464363,12.727253558592077,1262.711587554598
5232,1237.4827525366225,1243.1226969547151,11.111514441512595,1276.1404442824648
2906,1243.2108444727012,1248.4302413311561,11.918460252740266,1278.1223292290372
2199,1264.656574948769,1270.234426881391,8.879566619921013,1280.243337658025
5205,1266.570099158911,1272.3634063192044,8.118419529160128,1282.0774046820788
5217,1275.9079665537195,1282.2905047443624,7.74114661386785,1289.3198017016362
4578,1315.6833795770367,1321.0402107912537,10.965649706325058,1351.6211751024568
4603,1327.6726813036391,1333.0183321886425,12.057775074787482,1354.235422767658
5276,1360.9105906361349,1366.1574171271152,11.868741226720052,1371.6634760291613
5266,1367.749527498478,1373.0464105458132,11.50626638882168,1378.7619827324045
4586,1371.2763433764462,1376.0373685535578,13.572988996808581,1381.1336474668778
2908,1447.6258152552994,1452.3772483648183,13.941350249593471,1457.4084875353735
2975,1475.7337681203953,1480.222607271389,14.222653675143016,1531.3259449344725
2936,1549.401460145403,1554.5613483271836,12.212751904843348,1560.3485457664774
4559,1551.304714717635,1556.3790529353535,12.092065712593032,1562.0594087631373
4591,1566.738606651113,1572.1874582498217,10.84419013404238,1621.3545448197763
2917,1568.5264838607545,1574.0425646039143,11.655068153430474,1624.2731645643078
4581,1580.0102648843435,1585.5698587382412,12.039046513055885,1628.5784123625126
2224,1624.3687684157055,1630.168496367907,10.678402590035803,1638.0207190262572
5237,1626.4482346092414,1632.0856812417735,11.796662790799633,1641.2489788902392
1912,1737.8951942281092,1743.3414888499228,11.468186696770314,1749.1882225600716
2324,1819.0909828232736,1823.5472395062702,13.967942464005116,1828.4752495369185
5211,1961.459618970532,1966.4223260805172,12.293234301063645,1986.7292076851602
5227,1965.4813188078388,1970.4535470156932,12.607344894646975,1990.1964197727739
4536,1974.3743385140735,1979.2096661355013,12.950672345376859,1992.7344291420807
2171,1984.5935733604176,1990.2400007212427,11.781335412534277,1996.2975331285372
2225,1987.0063946871694,1992.1331444275363,11.008791012030967,1998.0939359626807
5292,1991.1161771059938,1997.2606342054632,9.500628198557697,2004.0214343810212
4599,2029.7637270031098,2035.0749585325136,12.294378939497662,2071.689565675999
1502,2074.830491877187,2079.3052195059518,15.660485830084236,2085.0184775032694
2974,2078.250920311331,2083.4731497836806,11.765710842673355,2089.232794700837
5252,2128.559781742779,2134.0644021400385,11.586432720646116,2170.46021460266
5222,2134.079593459018,2139.193165084344,12.493180058989703,2175.0450624577343
9667,2169.032504336752,2173.5114111997204,12.167583528072088,2185.2452336062515
5257,2171.0274038042758,2176.4467518166853,11.641158926091954,2187.2244078753065
5216,2172.8404544596888,2178.3820966230855,9.624379305570582,2189.1312921812964
2934,2254.561026070559,2260.4606601998885,10.51986336819255,2266.895707789618
4854,2344.322468504195,2349.096230305353,14.230263608336765,2354.967191087106
10049,2434.6084182173563,2439.2231308649043,15.03821185524787,2444.375347816994
7731,2498.2076154183965,2504.0624764288077,10.573545716967699,2521.428869780163
10762,2505.2536099172808,2511.044317325702,14.775942279251215,2524.4520377380154
10723,2513.618597941654,2518.504367809191,12.439111535598373,2526.6171852539155
8419,2528.441817241272,2533.4495858107557,11.648741015288227,2539.1016699756374
10015,2530.3220119886137,2535.286982554566,10.897892107298281,2540.851783567018
10066,2532.26353608004,2537.512412844323,12.160282345760397,2543.140854054816
10740,2534.137582817526,2539.350974295606,11.703397942843873,2545.0137187646483
2197,2601.7694614905236,2606.356802407455,14.813485151523514,2626.208994046269
8443,2630.228898681939,2635.1240555231293,12.478159765371332,2710.0567695137556
2970,2659.7756412582858,2665.0322417753796,12.10538498523503,2712.1447159787117
8472,2661.8279810468407,2667.524545644123,11.108601563531014,2714.003558464929
8413,2671.1072173115085,2676.3286333402434,11.487615964835923,2715.8610419654374
7066,2759.9684843964988,2764.3941721581805,13.002047216879072,2799.2259764481546
3015,2766.436888190218,2771.3511351985544,12.811838900233981,2801.411684062742
7735,2794.0895700231404,2799.05994557055,13.039082261933947,2805.7170372793
6938,2796.231723549283,2801.4614596363695,11.097590754163841,2807.6142819574434
7706,2798.3340209359467,2803.527216039895,11.500236410863705,2813.0401599102247
10755,2802.39681634981,2808.3538079030645,10.853332611772876,2817.0491888384654
10751,2804.409273352092,2810.1523795673584,11.267644038810305,2819.2835925252025
6384,2817.6165586872844,2822.41755945397,13.545409524975353,2827.476065146129
6950,2858.2035870822547,2864.0047231939425,12.447421929683232,2886.841224246582
8163,2860.8481077661363,2866.373282465016,11.574904394117846,2889.0674593531835
7673,2884.558206763144,2889.4104135953257,13.70064492387361,2895.3105845903033
7705,2891.0443064206415,2895.5956671114895,12.657689052391255,2900.9518039198992
10419,2941.600440087815,2946.274644780259,12.651596752702687,2971.660725694772
6943,2975.179679758264,2980.095744037919,13.5492236745605,2985.118622849622
8468,2977.1158071216546,2982.2278371761945,11.82456944196782,2987.6643161607044
10397,3025.647461166073,3031.2222324235136,11.42045838833648,3069.278390852545
10711,3030.6723116648236,3035.621111121271,13.737075994477104,3073.423533535682
10029,3032.5207591193316,3037.30829785294,13.774084822385454,3075.770136944528
6995,3098.366349965984,3103.3582114105648,12.427566588333882,3151.7186238639165
10037,3115.5884987559975,3120.5606467921434,12.782042895697906,3154.2473096086264
7033,3157.190810426428,3162.2100874171624,12.185866671057587,3167.637388804082
7701,3230.273966375656,3236.2796327860224,9.900696699504845,3242.853400381128
6339,3233.694771850148,3238.4790671956794,11.359838741949694,3244.8165155862257
6969,3259.335568055937,3263.511558580727,14.559313314927632,3268.035303581432
6443,3302.7193808206503,3307.640886383206,15.896625276895413,3331.325696272133
6420,3315.344994293252,3320.468800951759,12.429400913427454,3334.082291797828
6477,3319.3236090140927,3324.1525109812337,13.054591283273496,3336.5377860102913
9328,3336.7800707014635,3342.027126103433,11.947776569681764,3347.730818180329
9293,3340.641393375431,3345.20148373044,13.642689586144984,3350.0793407962647
9508,3346.3259496755472,3352.4112559441683,9.311945464577715,3358.878563713863
7707,3354.4869499921947,3360.07129438468,10.872748452842481,3366.0852055791124
6361,3386.4728167717017,3392.067237009527,10.423878764843415,3421.4009537887405
7068,3390.2220137169425,3395.2822593417923,12.790090237997063,3424.0978470481355
7894,3400.963999113034,3406.166178582234,14.00433399882991,3428.1853451772076
7147,3413.0772982021913,3418.081939742871,10.71241156561248,3433.773272367067
10057,3415.238052039959,3420.2394689536836,11.249269923974337,3435.9836911118505
8407,3426.469427545844,3431.301221123126,13.028212643122172,3437.9673014123455
8414,3428.2849249433702,3433.0767760673334,13.089891918386423,3439.7557303657154
8430,3447.147722465919,3453.0070123286855,10.68400143002686,3459.3118845710424
10056,3450.464969428517,3455.5520707378864,12.069072079318943,3522.81357157505
10729,3452.1685992303137,3457.3441671367286,12.322580971113094,3537.036717490515
10781,3696.3319331081434,3733.026080764541,9.931877431764756,3791.0437938361506
7008,3699.8617817064146,3735.153742904134,9.436683745040382,3793.025953707385
7011,3752.5683247865336,3757.204410461565,10.527025708839455,3794.9248458444063
13979,3964.5657157636197,3970.275044965474,11.354672150928142,3976.451968780378
13224,3969.492671413329,3974.1201991470375,14.132251448818295,3978.915488643074
9317,3974.779439634693,3979.033023950606,14.643016668282316,3983.6834856533073
9273,3976.5725265691863,3981.058582620046,14.15876588856206,3985.8645546451316
10046,4023.198694932901,4028.2600801572526,12.479623207289837,4054.3053476696477
10435,4025.4114916588474,4031.084726996002,11.314385500624123,4060.2096441808835
10054,4029.110790397585,4034.5142154530254,11.358262826636537,4063.0361431830106
7696,4031.7131086723557,4037.402978483941,10.368390842284121,4065.1854492451394
6968,4072.181150461859,4077.195549369133,12.557888673143747,4082.5209030779592
13198,4074.9270006677175,4080.2852365152053,11.615137014715117,4085.964331217908
13911,4076.8604719442487,4082.1329495935947,12.617869172689275,4087.762902357834
9668,4083.24607622017,4087.4242354420553,15.042557384164782,4141.834022067807
9728,4099.497236438497,4105.410261515799,10.523482354822853,4146.780485210507
10709,4106.9581353131225,4113.206326242696,10.281284545583139,4148.853938142923
10773,4115.409093140944,4121.062081836859,11.586714177685693,4156.402655455045
10347,4122.042049600595,4127.505272928028,11.62102579935277,4158.55345610178
13242,4171.893300091414,4176.501333248263,13.281718649409141,4231.446929927539
7685,4177.619303627888,4182.461603189036,12.777037018409002,4234.016980190446
10697,4190.476806778331,4195.354441508732,13.578239385938515,4236.35983250515
14572,4192.327519170136,4197.121240379286,13.665432082767138,4238.552310757534
15010,4203.189134570043,4208.519727993736,11.661567572899528,4240.547641716569
10019,4209.2709604336505,4213.401363106518,14.092277942641513,4242.716918926222
10760,4266.4234020381855,4271.565947466253,12.216943325181399,4323.146443027915
15513,4287.74066832222,4292.258478352505,14.06579654922858,4326.3319850921225
11796,4309.24159115315,4314.33163802871,12.082147200635873,4330.7889204048315
15572,4343.409351725914,4348.469611435283,12.686009338654264,4353.869842728182
7679,4360.287814827538,4366.463918495122,10.464131303565214,4416.541835575453
7719,4380.719153021284,4385.2761518456255,13.358963377529056,4421.110864991481
13943,4418.388560008216,4423.208234596623,14.391496658517674,4428.027238903763
13223,4425.13552024543,4431.017332927646,10.608259480159704,4437.455650867137
13248,4434.263615032239,4439.1784118593805,12.827579781843067,4444.702611650406
13932,4445.554169393715,4450.145547945763,13.4601415447003,4501.883796848075
13927,4510.385376741305,4515.472402714611,13.12278554662055,4520.726781129888
13202,4517.431026337231,4523.326774189434,10.883217014911214,4529.364388201174
10715,4639.860947954224,4645.105968813691,11.926034529387653,4681.699786994779
15006,4647.544589056491,4653.430862691511,11.167378287374076,4684.3692617264915
15565,4729.692255814361,4735.272241251914,11.087980223124873,4784.964768618354
12098,4822.647511469632,4828.517246311882,11.593308477981326,4865.706204869988
15014,4824.887512266087,4830.45715810273,11.671680758522193,4868.824264341666
12595,4862.651597891548,4867.549729073977,12.658226385988367,4873.00891936818
16276,4867.445631112199,4873.322818420455,10.23054369187582,4879.576879746686
15545,4926.799551717408,4931.549792225292,13.835926132378201,4954.55771941856
11808,4954.310073292091,4959.332376746096,13.30009347954232,4964.490143348007
15568,4959.0098991909745,4964.31379067655,12.082053433501853,4969.997171795338
15589,4961.224628843911,4966.228043622823,11.64908254668064,4973.012881760367
16279,4962.931739565037,4968.062281987042,12.794795031403064,4975.647643380105
11923,4979.200034307668,4984.2508239002145,12.229291391781585,4989.727013564102
13977,4999.586042354475,5004.361414691218,13.896504938046727,5041.480412421894
12046,5002.91710579958,5008.096952633032,14.440078620436289,5048.456808216288
12506,5044.486336032412,5049.434219336423,12.673371181913966,5057.209971707164
13902,5046.636009886624,5051.373919920217,13.220421512104627,5059.05807306844
15192,5050.485974891313,5055.075552663527,11.354256596606504,5060.8896368640835
8438,5100.50409355499,5106.473697300713,10.547320733100918,5136.529129616871
12598,5103.79278706128,5109.072315352921,11.397036396725285,5139.132252876777
13183,5138.43302249874,5144.4013838154415,10.273271744030238,5151.477099280799
11888,5180.153734569599,5185.210858755482,13.62929509514835,5251.7552052267365
15582,5187.076058923604,5191.604367615145,14.417548517502867,5253.835597406972
15559,5207.673019123345,5213.288234550685,10.934534106066158,5257.944322025561
13953,5256.326424483799,5261.027328062521,13.081392554240162,5314.717197974908
11811,5274.6534493685795,5279.509420973999,14.016475527649497,5317.0623631435055
12666,5278.175097330837,5282.467988787,14.630567466536585,5408.815766917974
8426,5281.46558268647,5286.286567132109,12.982908925190937,5411.583910694496
13942,5297.1398885280505,5302.099861654243,12.400459118244093,5413.976532419726
12438,5318.536779156298,5323.559514817701,13.527924860862765,5416.070859518913
8479,5320.813623396839,5327.448231814779,9.59190821470451,5418.114237179381
15540,5322.893976149032,5329.447808177252,10.114102921120805,5420.01281785228
13918,5324.907697159606,5331.3993506359575,9.53510946468334,5422.102051620551
12478,5348.0783456913405,5422.260645091417,7.011603771271566,5432.18915872508
16239,5394.903912960045,5429.077449982678,6.63074892408974,5437.6451303267595
13914,5406.896213166355,5434.141155641714,7.073998685449799,5491.478655845377
16242,5467.279997236045,5472.53747615062,11.78700916682141,5507.33282978362
16203,5554.476126014646,5560.216700049639,11.067904030413775,5594.440837685933
8451,5584.096820704583,5589.508953097375,10.871840043673624,5597.045030755094
13222,5610.291065012165,5615.550815004632,11.229544181635967,5671.446282139351
13170,5615.646574595834,5621.427177712675,10.47136758218278,5676.165485329729
13915,5617.482406849135,5623.33359281544,10.530254862459028,5678.234425961524
15594,5631.843371408905,5637.351365132383,11.527451167492623,5680.268800530758
13983,5676.801557531654,5682.331375784897,10.943330291062802,5688.370376107898
13969,5678.611535777538,5684.262997381255,10.558242371133593,5690.467387599584
13245,5722.90007880597,5729.001295858514,10.992203010788467,5763.981246318313
11400,5734.493354822934,5739.265481021782,13.165997873758336,5772.908842080943
11961,5736.232051258367,5741.007860198707,12.895374370850973,5776.069363114062
11383,5746.618626693208,5751.115760426274,10.763428860021522,5781.040888316526
15597,5751.92355042521,5757.146767995208,7.985497224657434,5784.2670954972655
12497,5812.073325008401,5816.490618006328,14.637995162281516,5863.217902476345
11420,5817.530624489368,5823.259939874523,14.731325068423777,5867.677269388085
15532,5819.691908157989,5825.138569973074,12.345322713746784,5870.0518865671065
17527,5900.317062780943,5963.192509697241,7.4833803641884,5969.879006255473
16234,5929.835059923513,5973.44783049289,11.828868616270563,6031.333288422367
11889,6356.62708063524,6049.038189057726,5.573863991488835,6409.205528605622
13186,6195.557287555764,6201.150462197873,10.914275703043696,6211.2413876310075
13172,6217.105147547517,6222.399797298061,12.059620454883259,6228.095059479524
19428,6304.789756804564,6310.287577542612,11.055891222327038,6316.358552132431
18707,6306.825996592927,6312.128251286665,10.028571005687278,6318.212982933328
13194,6312.918110405855,6318.407034237257,11.917704502334505,6324.053107632125
12505,6322.221485698581,6327.278026130437,12.872143350516124,6333.135400008994
13203,6350.571499721197,6356.349765282005,11.622393958850319,6405.470502772378
21044,6362.976365003484,6368.009521593878,13.690364368381355,6414.031630754974
15558,6365.020605789393,6370.1436113352265,12.475885019642584,6417.510930006483
19461,6369.005422422625,6374.128972578664,11.2155703182977,6422.042571913814
21702,6370.830469803687,6376.425970550764,9.440754504434969,6495.623439933722
17387,6374.262260568134,6380.024210605293,6.38760243817434,6510.640174579381
21722,6448.570239353305,6454.001345964804,11.48769241548506,6592.435289618251
17322,6542.592210039886,6601.078166492417,6.29281915695326,6608.69053474721
21785,6724.395398661516,6729.023272740266,14.981320095856027,6754.027879608307
19455,6851.276704706746,6856.272565511006,12.251911046744114,6861.740861548454
13950,6938.48567652949,6943.401581372029,12.468170495892952,6948.760602776551
21081,6940.330552375235,6945.13245912575,13.108202960615497,6950.500979125335
21027,6963.318741634037,6968.516894389329,11.968512594519702,7021.82665084955
13903,6968.160637064464,6972.619320429222,13.606794050928613,7024.687725756838
21013,7030.8099790705,7036.163277487634,12.636292604546071,7041.580916184309
17993,7042.983175149252,7047.617205720362,13.923374960808419,7052.534075038387
18672,7150.756952810952,7156.493174980021,10.437875582270166,7209.348587908529
20723,7249.765933119953,7254.497162959882,13.668224751638371,7311.651894784736
21083,7251.738548817889,7256.367773702839,13.129136372143273,7314.208351790521
21018,7258.029629704432,7264.327782666117,11.032642824287453,7316.733015916678
21769,7260.213342958583,7266.273446711677,10.74706860589631,7318.927772267465
21090,7269.267037550816,7274.308152472261,12.988419514247456,7322.686977418243
18686,7276.517898620934,7282.451174548325,10.760198799303527,7324.952563525482
17259,7338.011924758118,7344.162214514481,10.43962841619706,7381.458631147218
19856,7344.365767607951,7349.244874449783,12.75838473881879,7384.203886927295
20301,7346.245341396957,7351.038754395483,12.566438752770601,7392.423770048756
21087,7366.734924816516,7372.301955205131,11.448045374583186,7397.467647564682
21698,7390.150895340155,7395.070258466473,13.0383802015889,7401.5186759268145
18006,7404.679677979004,7409.016593031834,13.866766090511538,7413.787974407587
18019,7411.37450965933,7416.523347695219,10.970531648720385,7471.4426302630545
21710,7429.619720648593,7435.211446674146,10.782921010279342,7476.609812331502
18724,7505.661850646846,7511.447237066618,11.206337164385573,7565.10281229508
17395,7525.245486895035,7530.150713122885,14.473811222441135,7568.007482310218
17340,7527.212128872746,7532.321040149401,12.449919377851321,7570.139023130253
17452,7529.2938546245505,7534.082673244362,12.56469877395245,7572.213205343367
17456,7531.223013457114,7536.002357479649,13.321678644597071,7574.936336206835
16967,7612.662793868378,7618.122126604791,14.430589658034467,7658.419430815117
20753,7615.408141453319,7620.270613518377,12.766925250672884,7661.331014012025
21039,7621.107066644787,7627.162646090537,10.151492241386228,7665.918128582789
20729,7624.278113594709,7629.367469915751,10.293128063048451,7667.915551958143
17617,7626.570151127601,7632.112682640278,7.6380315602249755,7669.9723575479275
16562,7697.99900386561,7703.273318294584,14.725816698058871,7741.293575071612
21724,7703.360829716028,7708.117393563214,12.657851515352428,7746.389891552646
16890,7707.275370365257,7713.446684250965,11.664299939354569,7748.527946103062
19885,7709.517302757584,7715.196574342827,10.869309423168394,7750.477621843592
21719,7711.506335455208,7717.075793674319,11.498082906398176,7752.848404485475
20507,7733.603594547526,7764.020237476427,12.426729189370027,7769.523333965273
18034,7765.493238404094,7771.294266826629,12.098853098871468,7777.041285164558
17421,7767.614741805249,7773.21724124732,11.473556359572722,7778.971998537663
18155,7769.5999428202185,7775.019965350374,11.030239908025457,7780.795843072033
18681,7771.649499239047,7777.022563214902,11.987983252579523,7838.39561227939
21079,7775.566428343619,7781.386904955714,10.204136470691031,7843.586831710623
21736,7797.947757884175,7802.498197655622,13.114063316673022,7847.727728742395
18745,7803.617081471584,7809.1591590899925,10.916129217728372,7849.691290577719
18682,7805.509552046549,7811.023542459503,9.680071503279205,7851.365053426971
17951,7841.897915660945,7855.012726408052,8.704829551314814,7861.57055797515
18017,7843.68123940221,7857.1934576528765,9.705641166734823,7863.470937931551
18044,7845.500183722373,7859.133126735366,11.556345721893948,7865.230036160344
13899,7881.130492184755,7886.435452939721,11.585074851539334,7921.684139395853
18695,7902.709985800947,7908.313686748607,11.706081300015923,7928.713161042671
18678,7924.94530101016,7930.432696198022,11.295503599435783,7936.200329099041
18708,7927.055816171412,7932.336326990739,11.59531627374527,7938.039966484877
21774,7928.960300334405,7934.1855326802715,12.727898675849534,7939.8144852760615
21025,7971.916219921646,7977.380328195213,11.447565880662408,8016.24242405219
21755,7973.7963806647485,7979.166103022648,11.39558428882145,8018.248638465031
21701,7975.839233807361,7982.197685253197,9.59491255114118,8020.516939658179
21776,8018.050772170321,8023.1552745363315,12.610442826830159,8028.545761569641
21704,8151.736360319854,8156.267691104405,13.827476180076742,8191.521184868674
21387,8156.455330086617,8161.325571326998,12.59799120288215,8193.951731230756
18742,8194.274528366794,8199.180370868451,12.729433892899197,8204.533437644217
21705,8196.447318929899,8201.393322210792,12.292077866035953,8206.566269014356
21720,8200.505060093634,8205.000767877635,14.581875578502853,8209.777338088841
21711,8243.756626982822,8248.106094162986,14.019387724043932,8281.51157471727
21752,8392.310242541284,8397.391107678619,11.877799332783683,8402.822961678638
13912,8394.182155854605,8399.170716544664,11.731653329442471,8404.64695748425
21740,8482.94162800741,8488.08130857555,12.432108315233267,8493.632033329539
13966,8680.790987692768,8686.134125280554,11.981237957126964,8731.519851463969
19414,8765.900849525407,8770.26400835227,13.985581447426512,8824.13099682629
19480,8948.165035156804,8953.21925702338,12.488222371135832,9001.893587038172
19443,9004.932881731731,9010.176895576653,11.871251483108814,9015.715322094366
19415,9038.088089743746,9043.260394769539,11.572650573612723,9091.384870348636
19440,9127.210703789677,9132.04231482824,13.240197348571444,9181.400356455104
19435,9213.621910244223,9218.046479105547,13.754593983317237,9271.57860409637
19430,9580.017058457672,9585.39954252951,11.35638336493986,9631.755747815392
19469,9634.70577829128,9639.339455672254,15.018896088361718,9643.993217350086
19409,9814.566576394345,9820.356732387001,10.74800464419593,9826.704518598774
19454,9816.925668815235,9822.2563638715,10.981636711092976,9828.513865110053
19474,9818.792117231982,9824.094379012642,11.0583710934758,9830.377184997738
19408,9934.729909376023,9939.218394343236,13.177736088363325,9991.770688786732
19411,9994.989634644555,10000.215051008707,12.113345210951397,10005.807651549907
19473,10294.622714636702,10299.05733256874,14.315080179592917,10351.343737099567
19422,10385.836628317396,10390.42588180848,13.631693400167336,10441.697868793837
19427,10444.683113409714,10450.506211055557,10.890100997867838,10456.55268804416
