3259,228.82845330161783,234.17159677546022,11.427005012357817,240.4706127461716
3239,251.86276773253743,257.3407858109433,11.386601546114873,263.94915241236436
1781,280.33414717735167,285.4973669894212,12.594455449849324,291.0
3650,305.4310508135996,310.16206489072295,13.039650449012152,315.7928303441213
3231,409.156893950581,414.199557854133,12.795720617881873,419.9440540073703
4106,424.94183293768543,430.3747468889491,13.169870844246658,436.0
3225,430.94649636781713,436.0016608603773,11.957218929872631,442.0
5482,440.9804361810084,445.5225994157317,12.60756241711713,451.0
1711,462.01491885150836,468.1452680334998,10.84580179684973,474.9392687995748
2474,467.48507627665697,472.59777907301304,13.977756997662878,477.9722704861907
3179,526.4959878434701,531.0658342891289,13.647465662983828,536.4654524355138
3637,531.4517116067555,536.5661202567136,13.951546618343304,541.9048421618457
3667,562.5487751791741,567.450166208898,12.933726151479343,573.3789205786856
1097,590.3040888969779,596.0163142849946,11.06753270756845,602.4486936917552
5491,593.1115588203918,598.2792814282493,12.924808535643464,604.0
5497,603.4192123769135,608.1170724876577,14.606679577991262,613.0
426,634.1344775797733,639.1516860462629,13.440611592018186,644.6614414892614
4815,739.4714255488769,744.5553473027724,12.566981795916396,750.3140329047073
3630,745.7468963750248,750.5452156684808,14.530525391656658,755.6434167967177
4796,768.2018218697701,774.00918205564,10.924123672477673,780.5500364528198
1045,816.0402169216867,821.144824896414,12.295618339085756,826.9813807644786
364,833.0897590397153,838.1989897238927,12.160849677783473,844.0
2533,846.8345159165027,851.4197221819688,13.349965983886923,856.5043325516195
3203,860.6433161255998,866.0970292946895,11.963193742206112,872.0
1019,907.1518391103692,912.5093276040892,11.975824580051567,918.7648621046642
4083,959.6080679353443,964.3846285571498,11.460654660752722,970.0
4066,961.5553329986341,967.4080622094278,9.9975130886807,974.4492904186939
4109,965.444665575813,970.0669397868122,12.671082398318928,976.2611757844629
1018,994.2652200447819,999.3893809039789,12.412050455466968,1005.0
1030,996.3637431811765,1002.0257583640843,11.638794367608925,1008.5178708685754
3238,1038.617730275471,1044.0793046227645,12.428331217292639,1049.9612638716385
4085,1049.7517246142907,1055.3491756528197,12.794435425925013,1061.3014621661277
1775,1083.4899753695913,1088.4812958214675,13.428134564132433,1093.7951504730038
5506,1131.7930081051925,1137.3043943482764,13.076968169225317,1143.0
3190,1220.6546551105187,1225.289231548447,14.166206412684362,1230.4153319537947
4097,1222.5925051047186,1228.1582794928509,11.617061980899575,1234.5776915503634
4122,1233.269204249936,1238.0434698310175,12.205467925388731,1243.9151068543379
424,1273.4281578940675,1278.5280641663035,11.874433778320075,1284.7941931317587
3191,1310.897112007589,1316.0545023706154,11.751029394974696,1322.0
1033,1327.1916847176562,1332.3692799958792,11.98586633200519,1338.7156747247434
1078,1333.4602297359036,1338.139924016049,13.091821915494346,1343.7798324103471
2479,1341.21187096747,1345.510507691382,13.995720724903624,1350.6849576090926
3196,1368.8798179925977,1374.580458103883,12.04006296012789,1380.7309423112304
1713,1375.5215012209771,1380.1082713412022,13.464550596531126,1385.4959328498476
4817,1426.248651768956,1431.4633853479709,12.180929746287136,1437.2792199420176
1726,1431.5644668388054,1437.024904912831,10.997820867460117,1443.4840309784402
4069,1478.6139169464848,1484.2020849559162,11.358703638803263,1490.5493162946368
3219,1491.0317463350818,1496.1982900323965,11.337059288755494,1502.299618070948
2530,1497.0315648270669,1502.5662674620453,12.24968310656195,1508.5954749073057
4789,1525.4469361591484,1530.471996073421,13.6274940813056,1535.9466836031124
1037,1550.463836295709,1555.4132779773292,13.456523961999025,1560.9522000099591
2439,1567.8040586726897,1573.2516330160315,11.304839011453154,1579.6552479396908
5475,1584.6062060254042,1589.6452952625086,14.147264552151874,1594.7804247970237
3691,1609.4111243959899,1615.0263059786173,11.079714765674826,1621.4500234427635
3258,1626.980942940672,1632.260891441062,13.163897326604415,1638.0
371,1632.3028286215358,1637.6226967072498,14.769002664304676,1642.802354068947
3695,1668.1969590235362,1674.1040506976776,10.562341084163737,1680.861598884075
4800,1675.2331714361333,1681.200565839134,12.227817924591314,1687.3343130965025
4102,1691.3333710013433,1696.1620330613462,12.349907124258525,1702.0
2472,1720.691886799636,1725.5862760919842,12.477391048005781,1731.3958579388018
1015,1722.5148374941286,1727.4032501814986,12.121108082094132,1733.0
4080,1724.3310283522487,1729.228830509883,13.394135983692806,1734.972683298031
3655,1729.5210258514849,1734.0256643796592,13.448888089230246,1739.5768817288063
1084,1739.7191045382012,1745.2723555858083,11.06812211214941,1751.992136160256
363,1806.9240394339447,1812.1808396724882,13.975171555892512,1817.5635286559425
374,1808.97655299638,1814.0977837803173,12.44965739224239,1819.8664477080085
417,1855.1830472606503,1861.3586566815598,10.243168389414826,1868.720198242827
373,1857.30266016175,1863.3411989604306,9.194583520888285,1870.498150655039
4798,1868.756694135673,1875.0710651886686,9.346550247355525,1882.7803756573246
4092,1871.0095288529,1877.0442858469005,8.903139563700647,1884.7307002297416
396,1872.892478805926,1879.1542818982261,9.249655224756706,1886.0
5498,1875.1121630690095,1881.1944106461744,10.986970201516206,1887.9550355511901
3177,1881.043202975445,1885.584456304284,12.461492424725892,1891.243431801881
2523,1893.5264859629604,1899.06068397045,11.47108584275552,1905.0
4087,1901.3604977843954,1906.3721945029245,11.755224966398284,1912.3922779052712
4108,1954.28780381332,1960.4775041603027,11.472089413000033,1966.8728036979717
1026,1958.5947880383064,1964.326811249634,10.439726419648338,1971.0
1044,1995.484446374467,2000.265456979676,15.355811386966522,2005.0
3175,1997.3969619130933,2003.278274277294,10.331701664765358,2010.0
1029,2028.9129340339098,2034.04812926831,12.661865700576797,2039.7696960236676
2460,2031.3984831016598,2036.5452798067474,11.758474242241032,2042.5091811232855
3682,2034.4546357121828,2039.0727098035059,12.239335397609983,2044.7647327263187
10303,2044.5088372483242,2049.452833034526,11.72931946709996,2055.373328621511
1112,2082.1007759537824,2087.316781022473,11.68432478405269,2093.2683365148628
4074,2084.0562801535625,2089.1364167631095,11.283456557769322,2095.0
9581,2134.0088710352416,2139.228042514628,12.041629374822334,2145.0
3692,2146.6612922238496,2151.0685610377836,13.224568273532283,2156.5404266568817
1040,2166.0979520699825,2171.1723947960904,13.094179253350857,2176.915851789158
10992,2234.032050956547,2240.186006929628,9.708613695148683,2247.679432345457
8701,2241.859152778563,2246.501267197949,13.44295796123214,2252.0
9167,2259.2229841849366,2264.2640871644394,13.319586487794018,2269.9883087496664
8740,2265.0613727134364,2269.212292340183,15.045818534140672,2274.2266587256863
10301,2272.1369730471515,2276.5446460025814,13.131660743865318,2281.8561437474573
8747,2288.409541865251,2293.167400937054,12.426564575755378,2298.93939588118
2459,2303.9419163876514,2310.1752067745733,10.375444714458704,2316.9982265764056
8709,2315.959159758618,2321.5354913311917,11.97432651353932,2327.4837453518917
3642,2320.9037578159478,2325.4930142892404,14.028402533424133,2330.6780368432424
8764,2322.9018401878993,2327.5125356022977,12.88272402345668,2332.94530649943
1067,2331.267463145362,2337.331078698709,9.232282954959938,2344.76429772191
1709,2359.8547541554,2365.002483150116,12.030108652559102,2371.2715166918524
9176,2423.8986967823776,2428.386395887009,14.038125891844457,2433.583125334882
10294,2486.12451848769,2491.516108659459,11.709914148175855,2497.6810672874285
9604,2488.3850790369247,2494.38263901591,9.627294432955022,2501.909369882095
9560,2493.0415956228303,2497.559850660479,14.258603323761562,2503.542295564792
10967,2495.642598474145,2501.478399707027,10.53019779344228,2508.518599878598
7972,2526.363392506838,2532.0996738597282,10.271563852343302,2538.876830492197
1724,2567.676401683419,2573.1204614964345,12.698821527450955,2578.999346207122
1094,2570.011176160914,2575.004855848982,13.544579554948175,2580.5652550931177
8753,2572.8788837978345,2578.2548808118113,12.286849093571751,2584.3773740645092
390,2628.064929233584,2632.439079906758,15.321146991048657,2637.225433661412
7305,2672.3529316406702,2677.520362314255,12.398368794098742,2683.609050084981
9592,2674.2871259137123,2679.3400079833623,12.483920783917716,2685.250601895705
9194,2684.0964720569687,2688.6433452716838,14.691726946870014,2693.7889423521856
9139,2725.18081769802,2730.4931994548197,11.155908222570012,2736.813527395464
386,2727.0055286035736,2732.3583126637477,11.414817138453992,2738.3475507820535
10999,2761.2172171636116,2766.2500549789997,13.076231564692335,2771.83295448584
6542,2771.6517961853224,2776.4326074053947,12.488146801310664,2782.351057903817
1758,2793.5772338928823,2799.267629371104,11.268851262071811,2805.9229568702854
6574,2799.1588066531344,2804.302008086384,12.696242423514068,2810.0
6592,2802.8097746502367,2807.2276191343935,14.017496989851484,2812.452344359069
9127,2804.7900662555776,2809.3111962965495,14.24091280994063,2814.6445425354896
10996,2840.799183027627,2846.0500671528926,12.341369953106494,2852.0
9599,2843.596010550757,2849.1568057654354,13.71947562181779,2854.55192246328
9154,2897.8685310257615,2902.289759355343,13.373197072905644,2907.8851752259907
8688,2973.9819323605097,2978.6154000080674,15.535227717112292,2983.435861302127
2477,2980.630910501074,2985.1453611900533,12.911921970236563,2990.6950385378973
7242,2983.2416929565725,2988.3301916050086,11.531596940949317,2994.0
8703,3018.713362291197,3024.099965502576,12.075441364061605,3030.0
7997,3023.829421508047,3029.578420551189,12.01908382106214,3035.9571882295936
6537,3026.1655378738074,3031.459235881007,12.170316767044492,3037.824067443561
6520,3049.9147606581005,3055.070685722786,12.124358854903779,3061.2810586636447
7957,3066.188736475089,3071.0302535177893,13.18781522364763,3076.6369090561893
7945,3068.4908426001343,3074.2628655600133,10.096322156874312,3081.0
7302,3070.725100028855,3076.2358870288413,11.444484912759473,3082.581146374361
6577,3172.961865492463,3177.597825810396,13.66189622571089,3183.0
7291,3184.2285801415105,3189.211977262117,11.955621936926677,3195.0
6606,3188.0707753775414,3192.3388460817127,14.610353112636545,3197.4378691716984
8714,3219.2904199506784,3224.130165646671,13.789935118426966,3229.444714695819
9614,3231.815292066374,3236.055804364667,14.679054388098981,3241.0
9138,3246.4133741075348,3251.022908480421,14.689421618382312,3256.0
6615,3257.8397999590006,3262.4720019950905,14.417228704500861,3267.649639221185
7220,3287.9563261681164,3293.0459710317946,13.344066426969556,3298.3887800092903
9597,3294.4588512429796,3300.175619022851,11.118451569672406,3306.817506276839
7286,3302.6396728673803,3307.3913561871555,13.567313460230997,3312.7913487997885
6543,3333.398805306834,3339.0705892038472,11.172182046889489,3345.6388544618308
8730,3340.1727891081105,3345.3861167224836,13.202666836881878,3350.9662333416895
9144,3363.1965080975756,3368.4925315988967,11.326083981235662,3374.9854324536027
9147,3379.0549105666432,3384.410807356824,11.842712270192036,3390.383487215521
5932,3382.5614384699156,3388.10479023407,11.775490700923529,3394.5865172881836
10978,3384.655172136131,3390.0112884202226,11.120167735985653,3396.2685091184017
7299,3501.055225744419,3506.0310783738532,12.329585234531834,3512.0
7235,3522.096749462523,3527.3222723752615,12.632402210248715,3533.0
7204,3524.3318372184813,3529.098972760613,12.402356557599347,3534.716233861591
5906,3534.324695277091,3539.5253884750264,11.654106540091705,3545.775075495922
7280,3536.175847408344,3541.309001523763,11.823286680738734,3547.400795507004
7966,3538.0145145646884,3543.188775674315,12.043500348839613,3549.356448812404
7213,3541.2562946980624,3546.0982471319066,12.342876965507351,3551.756106953702
8728,3558.721289736726,3563.311948528088,16.34554477868308,3567.91748200725
9596,3569.430796875927,3574.229494790908,11.995938398093179,3580.272239823908
9613,3573.07943556414,3578.081687374966,12.46083160450225,3584.0
8738,3583.5372576580853,3588.0093913672517,13.30662261824265,3593.528235525915
6526,3624.3250467016524,3629.192397563133,14.032307849892062,3634.3941526864555
8021,3630.4677197221886,3635.457473622043,11.891963129330435,3641.5277285193856
9573,3647.7887008928114,3653.462644944128,11.14197561855641,3659.736672942914
9617,3649.830942518812,3655.273366838261,11.60730587265908,3661.406529966608
9133,3667.1449688343114,3672.559096519676,13.736412094949344,3678.0
9183,3716.46615214334,3722.1557434168512,11.058390798951978,3728.789327595222
5868,3723.599783796174,3728.305131906626,13.412159391578836,3733.8360277139986
6609,3729.3153644447466,3734.237136014749,12.910199371831627,3740.0
15813,3743.0302341972724,3748.374775465329,11.7629821598989,3754.3845804419225
9578,3760.1796637465627,3764.4041069664336,15.190155111680102,3769.285519035452
8003,3769.2770493116377,3774.4661165307384,11.327742394886375,3780.752923748886
6567,3771.233380518331,3776.25561284114,11.97961406675709,3782.378067969277
8672,3773.119908076111,3778.039367794946,11.953479312972844,3784.0
8002,3790.3356104448258,3795.1878685480247,12.250335610595714,3800.9750730271185
6620,3874.1437341424516,3879.4885106089764,12.478046068834484,3885.0
9141,3887.711268325224,3892.250608198867,13.778736105096844,3897.4212034822876
6583,3922.3306744773477,3928.065717233524,12.558256026388085,3933.8258870208656
14176,3927.8326566018713,3932.5749774510546,13.878784182088271,3937.980001451846
8683,3943.6487144841967,3949.1670878415634,11.601505282826494,3955.337979522373
8742,3945.6993044876263,3951.023531962672,11.88809104900531,3956.962500524309
15081,3948.2895127482207,3954.065274003157,12.588238901036021,3960.0
8007,3953.081704716044,3958.115428856611,15.23306579866258,3962.8495037429384
6611,3987.646096670576,3992.381196053931,14.377133317268866,3997.4668848701317
15789,4007.8052518075897,4013.0950258939247,12.366855178809839,4018.843317894162
15076,4033.65470288309,4040.060815495102,9.83187665544676,4047.418722408706
7933,4055.797115814972,4061.0413845087537,11.058969015637041,4067.460507543259
6531,4057.704497959756,4063.0297952697683,11.038017632332684,4069.3615804613887
7949,4061.6811693830614,4066.0011630315653,14.20544202546059,4071.0
14183,4067.1838203844327,4072.1577292659736,11.930356957916104,4078.0
6525,4098.245055271436,4103.626130037847,14.448370709386063,4108.815045661789
12724,4201.150393687896,4205.420764539566,14.932029231072708,4210.554901277279
14638,4238.869234798114,4244.550580605108,11.699972984545392,4250.936662887917
15096,4243.883988713073,4249.15309793712,12.253566047123872,4255.0
8035,4250.755429798839,4255.175158675091,15.180262128129305,4260.0
12713,4324.093949592229,4329.532539651692,11.832642267226223,4335.475584631445
8029,4338.332302372839,4344.033162772597,12.406701747090384,4350.0
14203,4344.825358278507,4349.559570039721,12.793049343819181,4355.0
8027,4358.59122730592,4363.4109290916695,12.676216683596794,4369.303055288496
5901,4426.284041773779,4432.0802917441415,10.185286527521225,4438.952542953812
14658,4440.199273650722,4444.1669648854395,14.871953517146784,4448.929382712508
14209,4464.211205889727,4469.219515769672,12.999217497064667,4474.982994134838
14200,4468.079430570069,4473.102549617974,12.57954684787199,4479.0
15112,4472.118105465132,4478.119679534281,11.659791753945859,4484.0
15083,4474.40864210099,4480.079006460238,11.468147757862862,4486.0
11424,4508.3651376798725,4513.130035282558,13.412225468862296,4518.6997087651
14261,4532.705010016112,4537.460583512724,13.11764706317575,4543.0
16471,4554.789890378965,4559.262306966002,13.917387347357465,4564.498154583825
15059,4560.458988751668,4565.535088087074,11.831188397618414,4571.706397572169
6530,4566.305493409708,4572.16585267697,10.582034483734228,4579.0
12808,4571.347182073931,4576.123401582935,11.298892660566244,4582.425699560755
6559,4690.996805311256,4696.187034079603,11.665027449146823,4702.414255667959
12117,4715.63530480554,4720.19647798544,12.879171512085533,4725.663978112409
15084,4743.1348407771275,4748.418798186054,11.514616830602186,4754.63746605495
12065,4745.218024840675,4751.171886575235,10.075387238797381,4758.531090244702
12708,4774.123577720662,4779.279786323421,13.149672848913392,4784.969733010407
13462,4778.71521883108,4783.174180224589,14.188906331278842,4788.334366935841
15087,4784.5336844545345,4789.028176826686,13.937258311915896,4794.426679658981
14654,4818.546875447551,4824.537775866662,10.94719952753972,4831.585021199088
14255,4820.589006747767,4826.426295769879,10.683179513721111,4833.420140887981
16481,4830.869550883949,4835.070439397973,15.156446746351243,4839.932490403381
13451,4867.5569585403855,4872.45159502009,12.305555410290976,4878.304909026951
12763,5022.845261372921,5027.281043248899,13.112257688706498,5032.683701700566
13468,5059.264716919826,5064.43866194187,12.008496964943296,5070.515673340104
11389,5061.568264548319,5066.506701704899,12.559138478011697,5072.332579872463
12789,5063.520455225359,5068.194015045106,13.476226082171033,5073.904622507247
14683,5088.522450052175,5093.6016662566135,13.348506837874377,5099.0
13507,5094.050343415844,5099.472026645273,13.033461454864902,5105.2887971659175
12722,5096.561439493637,5102.132859892982,12.025384917797432,5108.4362512784655
15114,5115.471492313709,5120.268385161276,12.865152554642593,5125.717443843232
14668,5139.529213842518,5145.387181583382,12.869588818742043,5151.0
14633,5145.836204491186,5151.268649332643,12.424421156622998,5157.0
12758,5184.418286051001,5189.317639045284,13.256691800311252,5194.7407242906975
12083,5191.891358644958,5197.098851773151,12.347103703171529,5202.9910886676935
14636,5194.056571537918,5199.042550669923,13.02699363871603,5204.938580296603
14659,5197.749171780631,5202.358506413657,13.210481568244345,5207.818233428883
12024,5233.698093508366,5239.153570228154,12.875081952349708,5245.0
14191,5247.227412049112,5252.154588131854,12.679808942751638,5258.0
12022,5255.629939279694,5259.426265443062,16.400636867076052,5263.9833519088415
14196,5271.570150865302,5277.463544823068,11.009462696202768,5284.540750832149
15108,5297.2034049068125,5302.400852123196,12.425445578651473,5308.528055555833
8729,5327.3302621687635,5332.098615505233,13.636657136635154,5337.623367777761
14639,5333.404649506514,5339.293520121136,9.835605153641568,5346.391231003568
8720,5358.309382449852,5363.3508235963545,12.428029255706228,5369.0
14168,5364.004018764987,5369.239020652234,12.635655735885196,5374.864867025136
14692,5368.3250442173585,5374.067020245963,10.230308571155156,5381.0
15799,5370.196313772004,5376.020182070333,10.320662352134738,5382.72804163598
13441,5373.571792278029,5378.233288422464,11.734877258783282,5384.564031819239
12796,5377.831132009784,5383.041559031178,11.458683456151615,5389.398011426906
12711,5383.310423840989,5388.146475058521,12.846174197283586,5394.0
12739,5406.090328886665,5411.041420985135,13.045191707753121,5416.65113139346
11425,5448.021165655064,5454.204775880176,9.886673542510767,5461.4389529448945
15123,5450.399519359928,5456.326773665447,10.46708275239723,5463.0
12041,5498.046581388683,5502.645379504366,15.41166012924541,5507.28396678689
14186,5526.4906634688,5531.59459550512,13.742918556517038,5536.903110115497
15063,5566.354654832442,5571.479236366627,11.865345660665715,5577.519047723047
15089,5570.03681145547,5574.062513736569,14.37757330770441,5579.309948070531
12100,5583.319588233802,5589.064524981843,10.534355808067133,5595.474075798053
11428,5588.0751926702615,5593.306935655466,12.032096250944221,5599.669196845165
13504,5590.100520451267,5595.1231349920345,10.334511177774703,5601.312632098509
15094,5658.727152383786,5665.0800358532215,10.78399337315203,5671.720427593994
12089,5763.997126735543,5770.420575608667,9.981108142996167,5778.0
12102,5766.097317598672,5772.399285046144,8.95192157910396,5779.6541376711475
12032,5997.199695292947,6002.141688955614,12.86662262572007,6007.790031249065
14677,6001.226621421154,6007.306436685723,9.723456348247126,6014.634725031639
14198,6003.369961032991,6009.304426473783,10.145646490627119,6016.34478805361
14210,6005.258827803985,6011.189982922718,9.617422921694624,6017.933124230028
12086,6039.34401058226,6044.056349733162,15.500731094338883,6048.8368931792875
17591,6059.682985566012,6064.632555136765,15.64612550286149,6069.0
21280,6088.454150986892,6093.105215572029,13.685120434480487,6098.682904308129
20137,6218.2471713424475,6223.271696282308,13.366653076371621,6228.933270349035
11390,6246.942889871122,6252.090892807547,13.300421045141416,6257.845990423457
11386,6258.646331044655,6264.570121607531,12.295660628049452,6270.490026517441
21990,6266.996796923661,6272.426482426778,11.664872621893103,6279.0
21296,6269.884479670836,6275.099788947419,12.835122298574655,6280.710526786017
13533,6283.258036456416,6287.295157718387,14.631747795205698,6292.277949562706
20568,6331.761272945903,6337.084051936049,11.566618367403919,6343.82322670645
14192,6348.4288218255615,6353.353442148688,13.37647736421759,6358.787705726431
11373,6351.488455112406,6357.293939696307,10.541079368330413,6363.847782032775
20190,6360.72725518331,6367.007810845385,10.330727875940495,6374.519957788368
20618,6364.465604380672,6369.568717298903,11.697867924505829,6376.300557428971
16929,6377.232979785948,6381.178821443893,15.481334884260072,6386.0
18206,6424.662727088596,6429.116152275116,12.059926129137725,6435.271275363538
17522,6426.689846750835,6432.086544653261,11.337073466735971,6438.509036907111
12080,6468.768283171782,6473.37899356217,14.394346224217959,6478.432104361483
20619,6511.670323360108,6516.52193307983,12.97801482639104,6522.265277363926
20594,6529.82930751525,6534.415239036181,15.113044788006654,6539.2760872791205
21279,6553.3405387218645,6557.410729244027,15.093185144060739,6562.3809281132435
12049,6585.716677503116,6590.15771397497,13.846782259669256,6595.566633370585
21992,6622.904281676646,6627.170987286634,11.626085838287846,6633.281223238355
13488,6663.471024687463,6668.0777188840675,14.545084873589047,6673.0
20124,6676.359779833011,6681.040865717455,12.236971815545456,6686.7800540868675
19754,6697.708130266497,6702.523983185958,12.585940768630422,6708.370816117859
20622,6727.069446302801,6734.158766452693,8.580762671480525,6742.566297001938
20185,6756.001811040629,6761.1272423841065,11.510206552800298,6767.0
19692,6758.354220542339,6763.349322429606,13.078405066982015,6769.0
17599,6764.384007399927,6769.167609640116,14.839632733159155,6774.331482963243
17570,6804.11674743364,6808.516468133602,13.598793796365523,6814.773568623751
20578,6818.56254275858,6823.59142660653,12.699296819379562,6829.366137539872
16872,6833.241561746607,6838.06995405277,12.917870029061238,6843.79590469725
19730,6870.854718476224,6875.523872991793,12.777176026522696,6881.0
12759,6872.528238475518,6877.332269169779,12.588094481993608,6883.0
20182,6911.104315032938,6916.081788263461,12.35125724298203,6921.875168317333
20571,6914.794996954254,6919.5626613809,12.390427288544204,6925.558779470513
18242,6918.561376306485,6923.3485183308,13.176248323305263,6929.0
19010,6920.333673959262,6925.079638123893,11.669551182680786,6930.8891620577415
19017,6939.091612526978,6944.61843485084,14.38633189712697,6949.701948434916
18937,6955.697813522004,6960.458087592453,13.744131706819699,6966.0
20585,6982.490853866145,6988.09488369246,10.931463344372077,6995.0
20560,6984.504898031153,6990.007048970933,11.234518790785208,6996.817852270176
16893,7001.716123063984,7006.5887882003135,12.916827180827841,7012.327587247188
20169,7023.874883349307,7028.650658515385,15.037202396223977,7033.590977222117
18248,7028.413166948481,7033.201268676763,12.441219968661759,7038.827241646346
19025,7042.091595237741,7047.22933187704,11.505243453847187,7053.320440079844
20607,7114.029036070936,7119.054901365296,13.958322316271616,7124.402753173253
18208,7121.401656203885,7126.392394550334,13.152587086959612,7131.970011783033
18981,7298.812603563753,7304.229909520908,11.271832201374366,7310.771248507922
18956,7308.0199822259165,7313.2194465380135,14.14933072180921,7318.5592049530815
17611,7341.1089518054705,7345.64852033492,15.071168516353016,7350.783872624672
21986,7343.212754140824,7348.093628654669,13.412219280005235,7353.6889883483955
18285,7360.862019755991,7365.322350701527,13.443697394718965,7370.78158798627
21968,7362.974162320867,7368.416070262747,11.05674863533109,7374.8638550791675
17594,7386.187589832415,7390.632312229839,15.560619618351964,7395.0
18279,7392.544264500304,7398.281315404234,10.686267028124192,7404.857358902482
18947,7396.021512474976,7400.5114597801185,12.630643530174687,7406.4471888491735
20558,7404.6114012613025,7408.263232997654,17.49473195557844,7412.597844584845
20573,7428.157217182108,7433.616946382538,13.880352781035066,7439.0
18978,7432.605402120087,7439.431710626722,9.305937327075975,7447.639187689583
19000,7487.506255474606,7492.435054300967,12.850181290716508,7498.0
14247,7493.230455851378,7497.447373055521,14.463164916551921,7502.519583817489
19732,7536.307819016303,7540.100498450594,15.779817903127578,7544.757966268022
18292,7567.455205260613,7572.088053269648,12.746917989770056,7577.56272640941
14215,7623.867120430398,7628.475539865003,12.504476561362898,7634.0
16874,7656.170755368802,7661.2941341977385,12.05298193950509,7667.590322168067
18998,7733.655772289397,7739.016563744895,11.805361454266832,7745.0
18305,7748.134466172981,7753.316251303055,11.927245528207864,7759.606517828621
18289,7757.534864423923,7762.302436101111,12.372506006682602,7768.279221303219
14239,7759.353801314207,7764.1874169896855,11.871183617957277,7770.0
18239,7788.005304860214,7793.529704663028,12.408092248531748,7799.532925430298
17517,7790.367223989207,7795.397252692501,12.904716046911112,7801.0
18238,7796.4409844385,7802.252107972999,11.28846051287458,7808.527615125901
19761,7835.682581511364,7841.248739959424,11.399234885485807,7847.87476957315
17546,7837.701693738031,7843.069884497175,10.103519809007667,7849.5137094594
21974,7847.166567185961,7851.278323133045,14.595687978878965,7856.249225694375
19021,7856.996831979967,7861.506863624952,12.912508608159076,7866.991878859077
16888,7859.397560992253,7865.043321495845,10.483453884411697,7871.784179125069
18975,7878.2153842598145,7884.167994251224,11.07649130281695,7890.547076238489
16905,7882.635390485922,7887.101013113899,13.984889995513692,7892.381866765572
19751,7897.465329583699,7903.139683716767,12.015850921685841,7908.933663291428
17535,7904.437765023052,7909.23920724724,12.48024394594186,7915.0
14180,7933.492839233175,7938.165174284165,12.741014226504403,7943.807940199547
18999,7967.954729723573,7973.389146830606,12.364738088078896,7979.314087069997
18272,7990.162795625919,7996.302141987059,9.848807649992867,8003.677869586904
16921,7998.369915883998,8003.368158394345,12.061556821547942,8009.313399568776
18212,8013.698638289979,8019.084410247326,11.598062769737545,8025.0
17531,8059.937433583291,8065.434485795009,12.11384569566966,8071.772716931437
16914,8086.068338450694,8091.20715962452,11.499452887661299,8097.0
16889,8133.254707213962,8138.006574831548,12.895229719532912,8143.615351270223
17555,8148.827752015457,8154.24133631164,11.208543721105476,8160.496192031805
17605,8166.57639873151,8171.046697930522,13.095192859149044,8176.558182932371
14199,8203.159310628045,8208.35237912432,11.60589035538727,8214.539774591482
17606,8221.199139316912,8226.2144103511,12.447920874040655,8232.272687835904
17586,8258.561736742842,8264.168882896478,11.076912100211787,8270.917884683306
17545,8291.773610447673,8297.369755994152,10.916310087900788,8304.0
18997,8293.558577282776,8299.230130735094,11.103224419003714,8305.87428747578
18958,8301.326627031134,8306.124489655376,13.275161915820526,8311.752470607262
17541,8379.398864418637,8383.632009764704,14.609740909679761,8388.566556556942
18972,8404.443458232909,8410.043293334124,10.970169294409883,8416.798505050201
18954,8417.985489170924,8423.177899910563,12.967382230314847,8428.751097386086
16876,8489.798822850416,8495.016352507671,12.35552650632767,8501.0
17521,8507.852215889372,8513.382438699307,11.981838091127047,8519.330563777117
19674,8885.174546625763,8890.282794899938,12.197679831763498,8896.51782086548
19665,9425.607195242843,9430.203396572551,13.861984457916321,9435.658501478041
19705,9786.65531576034,9791.557150852746,11.859385523558421,9797.39570729103
19753,10054.098938296947,10058.440791546236,13.631076627763202,10063.648954957538
19726,10062.229758597678,10067.169345504171,11.744643127963498,10073.0
