4422,275.36783651740893,280.58471805406225,13.138402130623868,286.05764507492285
198,277.17893289637044,282.31661439444963,12.747672848364468,287.9550283556573
149,279.6895150111028,285.1306438009408,11.858809295582828,290.87295052548205
3519,366.9444420054043,372.425496836733,12.341798508107994,378.31238054159473
4424,385.25437957140156,391.46055209135466,11.08181931059926,398.1952496019951
156,387.4034044287933,393.4342629902092,10.371204261531448,452.2153577230627
3908,635.149190604912,640.5201340447934,12.234023351325051,647.7759870708855
3422,637.0764569684744,643.3475745130486,10.992178567248542,652.6674516116502
3485,638.9165057161081,645.3094044721901,10.873212899493502,658.768601235515
174,642.0,648.3906009052287,12.005899583931278,661.3672391393018
5090,729.0672557895726,734.1715097924678,12.980265473032272,739.7840024076685
4383,731.3811585878767,736.0783799916377,13.005495840489761,741.5977635280909
3939,744.2227325465748,749.1562077765757,13.714985469475838,754.4421614658354
3486,815.2037956047604,821.1161080620867,11.672749577013862,828.0
3456,817.2212801400267,823.1397572052763,11.766526945496832,829.7787847479526
3503,907.2582105295024,912.5807145251172,13.016197330258253,934.3794483065423
5091,933.303855187893,938.1204184547909,13.703508465796231,946.0
4418,1003.1801288843145,1009.2231125275488,11.977429872481357,1015.6150100785059
3935,1085.222485952975,1090.2555791717634,13.093933409672342,1095.6473963511673
5128,1089.0048951269828,1095.1430049634255,10.473493193313505,1101.923306123022
5124,1118.4501526137153,1124.4386128914653,11.238729818654761,1171.4879611083354
4326,1470.137782044196,1475.0049370099255,13.684383084454165,1480.2357885567174
4318,1566.2099916378747,1572.0479211827728,10.902071360243701,1622.6888259374562
1329,1581.0,1586.6021591907697,14.545455111733329,1629.2561521809237
3883,1625.3959324027953,1630.4622985211934,13.880026983808488,1635.7841195909084
3407,1651.5867191150853,1656.604038528052,13.145342064452697,1712.824565358602
4304,1715.5403962653656,1720.5109647297043,13.71673513873657,1725.8582625399554
4421,1823.0248778789603,1828.5569404079517,12.334706731650586,1834.4488827521423
4367,1837.3540141561193,1843.2838745940503,11.071690165047892,1892.0100798135693
1121,1854.1579400438775,1860.1075301219523,11.120341568536475,1894.76217846915
240,1896.7520195273587,1901.367218379314,14.553888428042907,1907.2635189792934
3424,1937.8498107384269,1943.433654551569,12.71795381641368,1981.5109193822027
3848,1942.2938086299996,1948.448078463505,10.777140069455543,1984.2314959559674
3891,1985.0040010762511,1990.2768356420022,12.541145165111987,1995.9754248190388
3439,1994.1923187463453,2000.300125464785,10.416545224333236,2007.2851534429044
3874,2008.1621389893317,2014.4542965936678,10.33589747829579,2032.0
4311,2018.3261401019781,2023.5318965226204,12.837660129955243,2071.557821539286
252,2034.013098163981,2039.1867657985463,12.979867166239726,2074.3043031996453
4275,2075.097238115815,2081.4974599141483,10.06316282559369,2088.344227694044
4273,2077.2378601948485,2083.4358433500515,10.260581107676604,2090.1799861567233
6121,2120.0,2128.1923161743375,9.253681349167339,2161.7071242074508
4411,2345.7273995987416,2350.6262039311364,14.47778603563044,2355.4006993591106
6145,2392.0305690426662,2397.198658951413,13.084394570648039,2431.684392024183
9775,2437.857681895964,2443.511751565948,11.671444658307147,2450.0190506972317
9435,2439.7650891135545,2446.289850875344,10.100619185642563,2453.5086630663054
9405,2527.1988395604917,2533.08382494644,11.840469333666693,2539.1613886039218
4310,2530.769864885822,2536.339179016316,12.286204850186357,2542.3059934960093
9903,2547.5591878564737,2552.4617288690083,13.186080107170667,2557.6117406545827
9913,2549.399103189333,2554.432691758046,13.59770599591973,2611.105495600096
9837,2553.1205543672327,2558.4946502548146,12.827692496470943,2615.874926394138
9830,2617.2173520827446,2622.091421235628,13.4282615366936,2628.7029499736254
9785,2622.3200160975452,2627.5155263193146,12.693894623551598,2633.508352679173
9799,2705.1675178214264,2710.573180450127,12.330790978257719,2717.628566463823
8993,2728.6794162649153,2734.0098443406355,12.439114919658827,2791.4384568549394
6131,2750.091661317556,2756.027093674345,11.636060382004134,2816.2996797205947
9356,2795.3627006630672,2801.4235070178993,11.452843038829931,2819.0444871067434
9381,2807.0762479374107,2812.451668230932,12.10218668302313,2821.2516320285226
8948,2905.190550271888,2911.3850087876503,11.251771929943894,2918.0143583032614
9914,2920.023523489853,2925.015259035748,13.70840172624481,2971.685975524083
9934,2975.272209533585,2982.3178655674465,9.487482850953551,2990.277902249139
8922,2980.5687349081745,2986.2384663606754,12.382440182754813,2992.675124124756
9398,3067.3466294575837,3072.159024708931,14.553750810046834,3077.1729603965823
9343,3156.7241883740676,3161.327518063669,14.799675116351288,3166.1286967190413
10526,3198.1132557907613,3204.2063806138367,12.0167872978013,3248.86645369726
9910,3245.122220623747,3251.1752476456923,11.179459260672427,3257.7767881204663
9886,3248.9434819358726,3253.595720681191,13.120842691623926,3259.6670509961136
9372,3273.4935483737386,3278.2923009550655,14.411724252326863,3297.0
9900,3360.797548838583,3366.0089107780323,12.701550559618177,3421.5828801312728
8330,3431.349451149629,3438.0037247153186,9.803412166470864,3445.1883578755264
9866,3456.512694688018,3461.53113249856,12.724850010910892,3520.3276664678683
9877,3608.8859193995845,3615.1153673313174,10.181927047638178,3622.647406973028
8934,3613.414513262272,3619.280310612032,11.8507492865551,3625.8990681891114
9434,3617.65079388252,3623.3005806855313,12.02121727333458,3630.5408252093766
9838,3622.171550510685,3626.6701887173163,15.349564805586501,3641.4142121294467
9840,3697.3044658333865,3703.5150077381995,10.597788432550345,3710.2453924577744
5690,3701.848957063213,3708.153755277223,11.195454973630785,3714.7813178414526
9924,3806.835877280634,3813.0828203945516,10.631115991812116,3819.8474208741504
9391,3875.190780289848,3880.2312697060784,12.950216526388251,3885.4277615997908
9358,3986.157244157064,3991.455733525545,12.881796014309506,3997.101328622825
9836,4060.2697957061005,4065.488047055762,12.660733627127419,4071.2496516894475
9905,4063.8891572447565,4070.173863910676,10.923552186324736,4076.975025899873
14452,4504.820268881532,4510.026659543812,13.50045988070797,4515.479493530573
14475,4510.236581167053,4517.075142694809,9.540010107057663,4524.7310323929105
14899,4512.551667929584,4519.138169063289,9.463657531376379,4526.641796717873
15331,4602.718885720379,4608.012828400045,11.423026238312096,4614.566943027294
11657,4642.0,4648.194561632157,11.405195524466263,4681.444872592383
15337,4685.809134702683,4691.2184016456795,12.313087233447426,4696.962131259129
15387,4687.770624451091,4693.372215522914,11.83933347253224,4699.516771063574
15389,4701.984001357407,4707.180917246872,12.13783745463688,4712.849523899148
14503,4777.465195984224,4783.33153702711,11.572651846988856,4789.486500087332
15298,4779.367016522051,4785.15294315555,12.150240210921828,4791.403626783399
13120,4829.221200600203,4834.366857703236,12.818680240783221,4861.560390453171
8354,4957.353884954904,4962.542855426546,13.168643515558845,4968.02900572262
15406,5063.138283570074,5068.194312054612,13.645019255661758,5073.552610795192
15332,5135.564313673356,5141.383263858493,10.83073853900415,5148.50669382738
8275,5137.409919402105,5143.164128305947,10.984773872614355,5154.809317568328
14467,5141.108289670326,5146.2384367241375,12.379632517469254,5158.388517074612
13794,5161.538084945728,5166.495433295634,13.181257141299044,5221.548894284365
11607,5204.0,5210.291421380306,11.997153076016657,5229.408402962534
11219,5272.0,5278.155592036203,12.4912620578322,5311.411635810859
8293,5314.988894156237,5320.365065638395,11.835218746009579,5326.102784050761
14422,5319.075727613245,5323.561327455463,14.27790399840513,5328.5362467921705
15381,5321.560413509014,5327.298314467526,10.948558043416071,5333.565920571243
8367,5336.026556458592,5340.512381523194,14.359757255302826,5345.266353787099
14940,5405.130021887844,5410.218457504736,13.387636169678572,5416.85026316658
15310,5494.971031827997,5500.097984782534,12.959456616874483,5505.616659196402
15373,5527.471473687627,5533.176817672905,11.867309196344861,5582.568825181882
14493,5587.244788021602,5592.526237939337,11.61777325467593,5600.239700591259
15390,5589.201324690472,5595.171734368561,11.884194768090376,5602.362251269038
14512,5609.67089293251,5615.197673673752,11.500706795446996,5626.0
15338,5620.129313830287,5625.284828206721,13.482978340663951,5671.58843864282
13435,5634.7057581921645,5640.021603279333,12.712917217673583,5677.029994029306
16105,5674.991725037762,5680.063179500457,13.655930727422872,5685.224394535347
15362,5697.95791080289,5705.039124796582,9.605768488974066,5761.4469866434765
14859,5782.95982013097,5787.615819575503,14.452211764978573,5796.269649025009
15306,5855.172034240861,5860.2721933767725,13.777573146975286,5865.379419872673
14857,5890.344911086897,5896.447948603182,10.852853163949634,5941.787494615201
18604,6094.257460706598,6099.005279223073,14.6359582201106,6121.32339870044
13861,6096.300776212073,6102.178048969168,11.649094661892367,6124.616618202538
15370,6137.761107867246,6144.116564396238,10.27439215467775,6154.139991871767
18595,6373.032457146011,6378.552745135628,11.961337769103931,6391.398739589382
20371,6394.884806414934,6400.294435255193,12.48880124160994,6405.924556325891
21600,6401.565419470867,6406.284756969742,14.582933675066768,6411.439985902045
17118,6447.036616395626,6452.526858996126,12.624904876129472,6487.350265158165
16747,6461.0,6466.100488698694,14.43354229943379,6495.497019687841
20880,6484.590350657114,6490.285734742009,11.474886231149847,6500.79720175016
20358,6489.098343768861,6494.122372121327,13.214572749527076,6502.86806323371
20409,6600.609709077276,6606.020672293661,11.804871475330257,6662.137719524264
17159,6648.088403293234,6654.208071254261,10.78417770461531,6691.588370236378
20915,6667.788092416347,6673.477819576747,12.188872178226063,6694.833538952417
20835,6692.636277178502,6697.527864940477,13.271730793303565,6755.237344844951
17129,6736.128331833531,6741.546941472979,11.918669445830583,6758.62365090614
20361,6760.561699187319,6766.015439225056,10.241408978575349,6776.10209055652
20836,6767.260348106478,6773.194897642829,10.696657234139893,6779.61345831337
20445,6782.517397996216,6788.159107270951,11.623406968446554,6841.467740114171
20879,6845.473154266238,6852.017164780955,10.634117016762472,6858.845181773044
20817,6862.022642154408,6867.077514414856,13.449319456544892,6872.510816125675
19910,6869.391839734165,6875.070118261186,11.13924656151747,6933.0
20340,6935.164218162592,6940.390875148482,13.582510147125648,6947.009781243769
17846,6984.0,6990.301946275403,12.620531620315912,7021.380866374208
19955,7025.378179946298,7031.237520875647,12.126365904133467,7037.336386441374
17155,7072.0,7078.540427102039,11.617345063453122,7124.501147222479
16702,7117.237183102618,7123.163441983782,11.269129758844697,7129.500684448131
13796,7132.9828561020995,7138.397227041925,13.009913807093263,7143.939899816078
20421,7138.104438886462,7143.078508364034,14.07397524597304,7148.304953058776
20763,7146.063428123946,7151.499162981272,12.146093544239626,7202.462814782022
13061,7263.293256887847,7269.466075547087,10.142814123887982,7291.791600729159
20889,7311.1737429516525,7315.588016066352,15.380159798794011,7320.230153172103
18618,7360.068570042388,7364.569719274233,14.043734838526998,7381.287057640907
13836,7394.2708138994185,7399.03309108947,14.014106015454917,7404.2042651562
20852,7481.094555100638,7486.028634392475,13.667975400648546,7491.240518916027
20378,7488.308501886707,7495.007280085162,10.810184279566899,7502.208514488057
13759,7508.139325201502,7514.402860502146,11.067556573161495,7561.533195900224
20913,7565.775749633808,7571.321671747417,12.65456270200269,7576.991185021374
19916,7585.122373490643,7589.577090205406,14.958869914016732,7594.419695016155
20349,7625.84790126387,7631.445686442175,11.596119700938127,7651.490451911185
19295,7638.760352951991,7644.018199101554,12.318632731575674,7654.030927009684
20386,7655.258230766272,7660.173690276943,13.354001986386931,7665.286447491513
15958,7704.9050037928,7710.564613981867,12.267550330042397,7746.582572789748
16736,7732.0,7737.631139260515,13.734969143486506,7748.879032591792
20420,7747.027538466363,7752.288415637207,12.786629561788848,7758.075951327598
20834,7748.0,7754.4127937071735,12.083867252153384,7760.25135448743
13803,7750.5812273791535,7756.204501824012,12.577655695449197,7762.026565876616
20357,7781.880302556926,7786.56692366846,14.295744217796427,7837.682811601865
16107,7835.3051699194375,7841.005326648226,11.36196336309467,7847.181870563492
20838,7841.375358963003,7846.107389337493,14.15104396417078,7851.222563862693
20431,7843.397670973869,7849.183177282698,11.877971178451364,7855.552582504555
