1913,191.22146474696575,194.31917562711644,12.373374243752242,197.79500964328287
1936,274.3347699784549,278.0369276677099,10.684260587451282,281.97046505540703
1980,278.20025182955715,281.01602785901133,14.342296699396298,284.2935170134067
1931,280.45580833109585,284.26690490688145,10.827457340780974,288.44146820428807
2735,289.51232724451023,292.5662250625966,13.173628162538854,296.03297361972096
2929,291.28015820532937,294.3240531366701,12.662164184933424,297.80134644466
1984,293.1902432211819,296.250163086536,12.520585290875221,299.66393893401585
5219,303.4529078011466,306.45360233315114,13.163481822893191,361.77244240593905
2734,310.1998557540496,313.42121129861505,12.198399970969694,364.66400763433086
977,320.4921458238273,324.05866667948794,9.86837266041995,368.9451875566704
4186,363.48362435479277,367.0828072960445,11.364811739018391,370.98119937066025
4198,374.36526869505917,377.47308289106365,12.34764046333291,380.94919138827527
4884,453.5460887881234,457.28785190293684,11.274680235138606,461.260851011233
1921,460.2905001968105,463.27930225576443,13.335908321752951,466.69377041240585
1930,462.2239172327825,465.0837534475742,13.767063926788834,468.36930636208234
1956,464.4835210536033,467.5873660516654,12.34409541024014,471.09907792295076
1237,467.82753609265706,470.6102813771986,14.544196205907289,473.683578171088
5284,469.49882160042444,472.3061310238139,13.606761104330806,475.41116051170076
2641,489.15313694430006,493.4128115753623,9.847103488080082,541.4290682445301
2226,551.6806164287623,554.5809775120952,12.88090287916749,557.9296042712239
2012,554.2491712800926,557.5100703265955,12.227181515061028,561.1603395814444
1969,556.2205787239319,559.369656609492,11.716881821699143,562.9842630512388
1939,563.792370344578,566.3483823435386,15.508795759463721,569.2938021938604
2736,569.2863319843539,572.1439417120723,13.00738565904908,575.4980913844416
1243,633.5704847184188,637.0953837195561,13.161546088083961,640.5375512256475
1569,677.9889915110563,682.1887391279163,10.590812544465653,722.3510246567135
2708,779.6084995725795,783.0660347153228,11.800032403945126,816.8064787892613
2216,781.5438250971866,785.1645478627113,9.110267640056557,818.995083299182
4883,943.1915469506862,946.179263199441,13.114418891523233,991.5495312820234
2952,1026.0302683058571,1029.0050851262188,13.614722062581173,1081.3830911591133
2927,1059.9545352993225,1063.125145976111,12.082242818744401,1086.3516520913076
1250,1101.1848967728665,1104.2848308991015,12.422646365595792,1107.670933633354
2738,1102.8976676043894,1106.0511075182444,13.07590498156606,1109.371825595582
1963,1127.9807022605426,1132.201233536931,9.806858352464907,1171.4706657688032
1982,1145.7951724288175,1149.1177971011164,13.366567621887958,1174.0850061003189
4930,1150.5880193791347,1153.3467309948323,13.306706800980733,1181.367188376228
2011,1180.1795287073046,1183.007711539546,9.983007569969168,1192.211941616354
1922,1181.9657542904688,1185.1222838666502,8.88994425220459,1199.8553051682159
1937,1188.1382715409381,1191.3464604817718,11.759313826352718,1202.473967872406
1964,1189.94943675909,1193.2187574130555,11.633533329387564,1204.7334350824576
4176,1212.4511519372118,1215.5316386629102,12.766774933699274,1261.4649717886514
1561,1265.5953170790644,1269.08542199292,9.017422595987663,1276.7065110669882
1535,1285.18444270291,1292.2336614578596,7.526214652378032,1296.4555437574743
1144,1288.4831188570406,1294.3566624012299,9.08552029740503,1298.2105532848175
2004,1353.5684603937937,1357.1022352006896,11.886198935494022,1360.9269303568374
1222,1361.3515845649113,1365.1002387026963,9.772640955728953,1369.3608108692351
1251,1363.2679579093988,1367.039303930156,11.09335967371602,1371.3123328082313
2933,1381.3291443381224,1385.061597408037,10.792179419754921,1441.207721184849
2725,1554.740347760416,1558.0055811499492,12.576633305203032,1561.526694262026
1602,1561.3366536109497,1564.268865750977,12.658184232895238,1567.5776333522201
1719,1587.01315920052,1590.3788952378882,12.060004266458929,1626.147337181314
93,1599.3415230538953,1602.2679875122417,11.2255675280298,1631.1495070539802
1471,1623.6160647883971,1627.2126346732482,9.757384534352056,1633.3488028830247
1988,1713.597067300432,1717.3103231978373,10.795973476566807,1721.2424434373843
2324,1716.1385860708167,1719.4341540678834,12.236286944995404,1722.9830594499883
1934,1722.2467482519476,1725.1986085454153,13.257293545386792,1728.5874351973773
2002,1724.9865927086464,1729.0025662821108,10.767209125121058,1733.3291575184508
1653,1727.3988860984146,1731.0799061387795,9.791203337469778,1735.418581007677
1631,1857.1885084845665,1861.2364461827847,9.11135177969954,1891.3035090763794
1769,1866.156208509561,1869.0708443440574,11.984364105960589,1899.3740795583922
2701,1946.9968772205777,1950.429656763543,11.875462612020005,1981.5377800441622
2180,1948.8540009463368,1952.170466580645,11.844856111060992,1984.2871941750373
7678,1983.7118337687868,1987.3328737436425,11.986463893230022,1990.8805236754722
6051,2041.3740619147745,2044.2156656004815,14.341436590446554,2074.3080854223545
7426,2078.469934634409,2081.577645947069,12.59685969653411,2084.9841308875807
7188,2108.662125661356,2111.6230061894635,13.52051362387352,2163.4416496527638
7096,2110.913115670636,2114.0647770444293,12.248066187838534,2167.3546840004287
7510,2163.6248654335845,2167.2710332906145,9.36201746909374,2178.497258685208
2689,2178.586597957255,2181.294363223299,12.620303769569563,2184.866836496863
7101,2190.9057341347593,2194.1914906676648,11.655436926495417,2197.8988997876377
7855,2257.8422319835,2261.473722860755,11.481405820311167,2273.7056273178396
10410,2372.2653920019743,2375.428004647923,12.208920071549048,2431.3864512097152
7884,2526.06624930565,2529.442898172354,11.869937825420948,2535.5360889977815
7785,2528.2274221705666,2531.30816113631,13.05153060416978,2540.701618005656
7684,2530.217307871439,2533.39886363236,12.511972787021522,2543.3186242040665
7303,2531.923015163149,2535.1578333336574,7.8538201643831735,2545.6227810870414
7102,2535.9656623577653,2539.157287830319,9.759122148210173,2549.53591278383
6745,2567.6921873768574,2571.484593428046,13.156912835947074,2616.558096002522
7299,2615.806447030716,2619.417903038695,10.670746431637413,2623.638811603733
6938,2618.0852289283766,2621.5245669691894,10.825240383135634,2625.6224447684854
7475,2632.0223535109726,2635.5415706433664,11.07645733530415,2639.3609748351314
7080,2711.121921473676,2714.3480757948623,12.069391488992588,2717.980784592786
7149,2754.920665075847,2758.220523485835,12.314851842037896,2804.3063386305275
7418,2765.0576495624978,2768.153655459238,9.451857519946497,2815.648432674517
7820,2844.236162629806,2847.3051044429462,12.65335074018219,2905.43993998337
7494,2885.9452795751063,2889.123369548762,9.822629894830921,2917.2845375654015
10356,2914.0742943778923,2917.34313722416,8.926225254920535,2996.9398888309656
7175,3013.6071295342326,3016.0978892849425,10.385842249444622,3080.6572210588283
7068,3082.971896905941,3086.1570783150914,12.001309061459482,3089.6522795610144
8858,3147.837404251992,3151.379371267946,10.397235961096614,3155.43051283504
8198,3158.074848185263,3161.0620501022877,14.74044969671224,3164.0596473640676
8146,3275.9216592800813,3279.2157456633377,12.111438077128703,3331.7938856728942
7295,3343.8058221660617,3346.5661958760898,14.205123427509596,3349.8460919035356
7151,3346.598202440407,3349.482533658197,12.643734983175063,3352.838975301964
7489,3352.0411771662352,3355.0663590945683,13.08897686513776,3358.3621502742476
7008,3426.0673429927506,3429.5678027355752,11.626409000300265,3434.9926490744715
7775,3427.948593511184,3431.437475340107,10.459318345311795,3437.4783418578904
7760,3435.923813167175,3439.0508465276434,10.354618333756212,3446.876132967924
8154,3437.9476822457764,3441.192292358389,7.97432679325166,3449.223842887282
10400,3440.46272049413,3444.0265282369287,5.916764678525386,3451.29940851609
7289,3457.7673049698656,3461.278164683166,11.716748892187033,3534.208790762661
10365,3513.539693199471,3517.287511141918,7.065007851261848,3541.347076326949
12969,3783.946607411622,3787.4447111706627,12.16476700453189,3790.8812838178574
13002,3786.103653027633,3789.243340604305,12.264836988239395,3792.655866896068
12247,3873.654494913557,3877.0616851517657,13.152099044582313,3880.422404363067
12782,3996.161845394107,3999.1654832547547,13.334769688935886,4057.822493279989
13202,4057.670976977953,4070.0455950327555,10.801363607708641,4074.683419329254
12800,4061.427886630676,4072.036363490781,10.390855292568272,4077.439076728096
12807,4078.2707810446027,4081.0522407238645,11.545232698904492,4147.160833382752
10383,4080.0436666226224,4083.2310491656303,9.526167556560647,4151.458567538943
7688,4164.299089525365,4179.1142677985135,7.870019316678062,4236.849981488176
7743,4167.654924826787,4181.172500491633,8.393023945916587,4238.922990658146
12476,4185.040491625728,4242.101598788087,7.1489450619165735,4248.409074124474
8467,4233.633401979064,4244.282306971858,7.485001253680038,4250.384904796862
8420,4257.176699501664,4260.009560744909,14.005066206025921,4263.168970590809
10428,4293.345046314545,4296.4549594352775,12.398632409514438,4321.4639060564705
12968,4300.969482291595,4304.258286753626,12.04257569669861,4333.117896801626
12927,4323.710912781753,4327.172312435891,12.568398340023192,4335.916669994741
13006,4327.583876290204,4331.00735310749,9.37825011041906,4344.828070863038
12931,4416.134017319103,4419.440984289528,13.023915866152908,4422.769661434778
12225,4420.519501414035,4423.480403947808,12.878515035343318,4426.76885686681
12245,4422.8291599669155,4426.100135400389,12.046990396855296,4430.233080133571
13188,4508.433708900728,4511.44087124786,15.428329591130709,4514.71278838847
12982,4510.242089468664,4513.164206616477,13.99581567457937,4519.005049339879
15213,4637.720269854988,4641.492080836596,11.329523621917177,4681.308059615981
13234,4776.039484972317,4779.25266298556,12.78438985046755,4782.5987790421805
12919,4778.014567072495,4781.24526851134,12.384720717847511,4784.975022126506
13691,4863.991552433059,4867.433965650971,12.265934113346107,4871.18284951601
12949,4868.331148423544,4871.419426805597,12.58659608034794,4874.8098644920365
10372,4881.5106653234625,4885.1634672619,11.198663021718883,4889.173135889123
15886,4887.023159519121,4889.558408559517,15.57996374834871,4892.415586672152
15918,4889.087037689679,4892.069341696868,13.444847380502678,4895.365707891187
15916,4895.472879088869,4898.516144204013,12.786043151235738,4951.849413246014
15855,4954.076537590239,4957.45881764555,14.567208073571015,4960.537903168259
13671,4966.362348285499,4969.569095990988,12.241510979662996,4973.289735160963
13742,4976.713990300543,4980.001636516305,11.299858199077752,4983.743371068769
12563,4981.064441731138,4984.08472967324,12.30492683383103,4987.527446271027
12234,5043.795019589599,5047.49018819472,11.38403182349066,5051.434752385621
12233,5082.264552874709,5085.522290989522,11.782358646604186,5131.35391911739
13005,5132.242433430308,5136.216855833862,9.919404565234359,5140.78548760183
12639,5140.306654834203,5143.547511576528,12.112933553191374,5147.32680744801
12542,5159.729217842021,5163.404635797153,10.260296891501575,5167.5530071874655
12956,5223.550736584022,5227.343236593518,11.223307254258602,5233.103848084451
12951,5225.80434892533,5229.337542878258,11.005680363122643,5235.493947533086
12916,5227.664285149297,5231.162230328728,11.515011651636446,5237.791221353146
12574,5230.008108667156,5233.352229589224,9.758813627821393,5240.009796397652
13212,5254.081082735582,5257.285908128925,12.753637742397215,5326.110479007503
13003,5259.890185135272,5263.200277600332,10.39860149561457,5330.430227438101
12515,5323.134792553645,5338.029049481205,5.594333847153902,5404.224905365907
8191,5509.451468608222,5513.051816826341,10.320213821995509,5517.3037810734095
12981,5549.58847168607,5553.18365362479,10.750944923454947,5593.349827773306
15255,5660.130427958937,5663.488910693555,11.38463362570883,5686.629744214154
18507,5685.5721973224,5688.227828633588,14.967136390883129,5691.236801328708
18476,5698.717955052841,5701.480409385729,13.975714016508183,5704.833285534981
13713,5771.753011911113,5775.336862779981,10.946949385214806,5780.093512094637
17737,5775.995368260387,5780.038898264366,9.852769423777463,5784.628333563054
19173,5777.961287026519,5782.0325605262005,8.942041023392255,5786.80380396923
18164,5786.7387587983,5790.129367263905,11.8066728148084,5793.959761825606
12529,5853.563079772697,5857.350152599084,11.038803386122293,5865.661191253233
12934,5857.893219538302,5861.057603237499,9.237236669343615,5868.775453164308
18670,5862.563933612371,5866.184289091157,10.463437708788229,5871.138221705911
12995,5864.413816618296,5868.051290437243,10.321327626175123,5873.138781955717
12948,5868.935353863029,5872.227392747464,11.207472289576089,5876.12600287517
19833,5943.768053387875,5947.130988437451,13.635291145079746,5950.414542383813
18473,5964.473903258229,5967.562533405195,12.380600538079069,5970.944280112116
12954,5968.929198322485,5972.2528980362995,11.750975472047546,5976.070836492861
19177,5973.642496559264,5977.356471419737,10.105572640401093,6031.3331048618165
15927,6058.201103325595,6061.106457888246,13.674155711745714,6064.330284794678
19166,6138.625600658533,6141.4325753600415,12.39728595657787,6145.127783931898
18128,6335.252097942619,6338.472059984324,11.744273540846251,6391.506779135052
18284,6340.256029917496,6343.323019961081,12.353315640368084,6394.184028808128
16984,6348.593719809098,6352.474438258268,12.544513518416512,6396.536487222483
17705,6361.013688053925,6364.179287815994,9.641713887257144,6398.566427819513
18055,6397.555348577072,6402.063133915822,8.577904038040382,6408.438702239199
18273,6403.808284091612,6407.297208840039,10.660650927443525,6411.7961796992295
17744,6428.42747845568,6431.222711058527,14.376513503097314,6493.532554316846
19890,6451.991936024318,6455.026290876267,12.77727467698276,6496.012428014623
18183,6473.285922202103,6476.125750960206,12.87192414186914,6498.466686811105
18424,6483.773615231553,6487.108018093731,9.706629643178488,6500.469849355475
15949,6509.936111799261,6515.0282404980035,8.630179338842622,6584.771503184363
21380,6528.029153483368,6532.1256110774175,7.396354444683091,6595.279241756989
18460,6609.202654039244,6672.173440416045,7.600887851110983,6676.371771411274
18447,6616.858032161398,6676.359419392929,9.578230193947315,6688.360495907916
18426,6621.759254658835,6678.2391427720195,10.775749797055054,6691.943324515482
18420,6675.7864536725865,6680.210378285767,9.548897674757056,6694.538761826972
20678,6714.349052268193,6717.438680746726,11.139411423730271,6873.4751746812435
13640,6947.217853061321,6950.270222186662,7.9212139388713405,6965.972029461621
18116,6968.770712638643,6971.557346209409,13.83049669949328,7021.387727269076
19153,7101.500476468208,7104.394136663552,13.248125320218305,7111.709344869475
13688,7113.787340176796,7117.299890019927,12.078462059890208,7120.841841912341
17716,7252.090693397951,7255.211491690325,12.598924518067346,7501.948095669761
21357,7253.9894167304365,7257.058797002306,11.493741178301331,7504.518385796298
19453,7264.8810344202,7268.27211198326,10.674393804876397,7506.6638405912845
21421,7610.204764428065,7613.561502493744,13.276848681345834,7676.131257109777
18433,7742.477615482067,7745.581051852418,14.123244655721683,7748.688183295638
16630,7786.434001072358,7789.079715426998,15.026556600735171,7831.322757752054
18417,7833.877260974248,7837.241608785579,13.218633002495872,7840.662893534865
20706,7854.324532709976,7857.205314840632,13.701741267640134,7860.452272378033
20664,7908.829191040411,7912.210990669793,11.904689006267047,7921.766156529824
18412,7923.754758669738,7927.316086341014,11.79241032642983,7931.058656435876
20702,7940.660631987308,7943.542379614118,13.047033051166931,7946.810664984749
13663,7976.124735171593,7979.420163856023,12.146885847749957,8011.402521428861
18435,8024.528956728571,8027.443700802856,13.38368466282546,8030.745667373281
18467,8103.841714982592,8107.497368840402,12.03718057332798,8111.1257921919305
18733,8112.892459673768,8116.383877490201,11.709529836330296,8120.260055465019
18438,8193.778495241222,8197.27642398886,12.076779305081697,8200.737741863704
18712,8238.08453896397,8241.588255769488,13.07734536161602,8281.415580079685
13669,8484.22982385986,8487.11450811632,13.3801950735065,8490.290393918563
13958,8577.762724749204,8580.528812282111,13.537235261207664,8583.610208978946
13741,8580.278523370256,8583.424699104335,12.37272997827422,8587.07921476393
13641,8582.08731049287,8585.239692822182,12.923964370290662,8641.855452098178
13699,8585.08244578804,8588.477025466658,11.356920898714062,8644.723876995027
19200,8758.848674465855,8762.002154615788,12.333757650809613,8765.534039330496
19138,8762.404323952007,8765.456730562291,12.471946016744493,8821.258618865313
19219,8855.430713720432,8859.044976026806,11.063368135728787,8911.403702067977
19213,8931.679195784003,8934.324412132208,14.450432142950676,8937.423698593126
19203,8937.177756174418,8940.469645966557,12.29379790738741,8944.153163774812
19149,9012.383594721648,9015.163499674762,14.656494631180593,9018.228695292913
19227,9024.141476929564,9027.321295214144,12.298989526548855,9030.900726584654
19446,9031.9411224542,9035.361244901096,12.207185606103033,9091.331301064403
19235,9116.023053558602,9119.15841687256,11.773020790414984,9122.65722258641
19201,9193.071142210398,9196.007590072251,13.233433232470277,9199.280691274786
19223,9384.237002747886,9387.396635511897,12.235385314731037,9390.931790586974
19170,9386.043705174487,9389.150242868245,11.889793849026079,9392.6823279305
19189,9476.120006563233,9479.504830879396,11.522113820882467,9483.412219685575
19240,9478.097657598002,9481.375712051191,11.29123957369402,9485.324672802106
19158,9730.60908385924,9733.480725226744,13.168213951598249,9736.692293101665
19164,9745.280767174234,9748.341028301204,12.92209964410597,9751.752948801373
19191,9747.13567001108,9750.102199129573,12.131645808169957,9753.459709710462
19202,9820.949672324658,9824.059754282585,11.812560990271528,9827.616914322021
19168,9838.496708504352,9842.249003279807,9.494751003279637,9846.768917011594
19157,9843.807176756014,9847.279275061235,10.929258804483652,9901.954320125198
19159,9931.395868235128,9934.336119728383,13.494889653578408,9937.726755720398
19165,9933.096956170888,9936.119619309347,13.136399769648616,9991.641627043044
19228,10093.258526439013,10096.168110488743,13.2368419919597,10099.37472335809
19211,10181.051058811196,10184.054808869412,12.702161147008653,10187.505912691115
