3474,305.9450060917296,308.6253680723526,16.142890187693343,311.1096997764683
3497,424.7664716150823,428.4580620025091,11.337843626003844,432.00871942474276
3501,1298.0,1302.2875578892263,12.792432199050767,1312.225406843883
3568,1387.0,1391.3419477756033,13.417811350920061,1394.3323591092876
3430,1847.0,1851.3110526028563,12.8315230183524,1867.1578638223823
4657,2055.0,2059.411174123052,12.965709808117737,2073.97908986014
8948,2534.0934964669345,2538.2338432819456,10.206494911540377,2554.5179715240993
8969,2546.1449224353537,2549.497712427531,13.037725156128811,2559.6777881281487
9009,2901.060586026489,2904.632676757808,13.976498561872699,2907.487382897413
10165,3306.0,3310.4302122754493,11.819217866304047,3313.8504993604342
8860,3319.3638962853406,3323.5092763888642,13.11027310788177,3326.8143130704098
14492,3678.0440078682655,3682.1430292227687,15.198963259486794,3684.868990859043
14290,3729.469403593274,3733.2150600194914,11.930987544824845,3736.7407742267405
10149,3776.0,3780.430585306069,13.304328995212842,3796.218722960829
8903,3787.0,3791.1311322237575,13.578759816755706,3798.9574061951457
14267,4005.691913560875,4009.5516397545903,13.35032889753712,4012.7910940369557
14489,4214.935983211239,4218.377894927626,13.951747434835589,4221.249586333281
14456,4396.0,4400.245331329274,15.81387252076412,4417.370086290862
14471,4614.115948711113,4617.3626280059325,13.726027477342601,4624.0877134240545
14562,4971.7172321017115,4976.063209915064,10.14572342785952,4980.291592425451
14474,5168.0,5172.156876028643,12.523361888128312,5175.79390042803
14369,5513.0,5518.157996131235,9.621242707257945,5526.3826510111585
20002,5909.088803674708,5913.056139494953,11.856338944995006,5935.469311042874
19970,6219.2720751046545,6223.11106339539,13.856257960487838,6226.119382934851
19983,6419.62824023196,6423.078324416785,12.993560688470103,6426.234556738677
19813,6447.141718024895,6450.148935073457,14.655392642232133,6452.912151897122
20006,6449.183284970271,6453.214878545471,12.60561997040444,6456.453222183057
20010,6717.717653214879,6721.209867384574,12.336686144718493,6724.494165885733
19988,6765.5864250461445,6769.575384470597,13.88886430921911,6772.529732921598
19959,6810.036581634232,6814.345027723999,12.04108416494756,6832.542246876912
19852,6826.024110614898,6829.473453507116,12.153051691899163,6837.766146997831
19971,6925.972036733458,6929.225525628093,13.859216863301135,6932.232483501583
20096,7101.0,7105.202308838219,12.90942700703456,7109.556191188397
21789,7435.045383294786,7438.277619325257,12.923359308286322,7453.307388243567
