188,58.785582686489015,62.366225076924394,10.779001690102753,91.38555428276756
361,60.72163380349636,64.28702181382661,10.979143602167202,94.27068211233903
198,62.72409112775946,66.19420593787352,10.42649632674351,96.36486758600027
348,78.98807364138612,81.56501628848122,13.928221570302906,100.7142420871228
248,99.02861422888533,101.59232608222645,14.397569732138841,107.057339231099
341,110.75347640618914,113.32161741932211,13.834954817411477,118.94918284124212
929,140.2276251479043,143.1976146417794,12.598231508187002,181.34241014534595
323,149.5090346646789,152.51936949496917,12.449914118402882,186.15795526774951
124,151.3869214388176,154.40658420283788,11.23536473630647,188.1176147541434
12,156.74820049023938,159.31448876643546,14.294117238659828,190.1389569569968
378,223.07469393794491,226.22577935199962,11.409798266933299,271.42524054295416
426,241.51095381663242,244.36526062452424,12.214529690304584,284.47887672334576
162,252.5989247433235,255.0818714895604,12.442454317313388,286.2407454654395
53,294.7044185252756,297.4751787062334,13.380499048443001,303.9999718008227
364,312.4355966153265,315.4999379824455,12.356310940846026,361.41104062993804
1003,325.28792549450395,328.2910570579058,11.703406659290925,366.78092141968517
47,328.99016148989716,331.49624812497467,14.08652492168654,368.88956350580764
216,330.781177489984,333.4203176253936,13.7262964523017,370.6505864424359
400,334.897199891483,338.18198465437507,10.70623091702851,375.0188114258579
274,343.6515632175177,346.16617318964484,12.784926165313905,376.88352844182737
398,372.21490663047774,375.09634183870236,13.714920715253534,381.0887913840888
344,429.01216022507936,432.22729122836154,12.108846368418627,460.4495073362161
389,431.0565637519131,434.06998614038986,11.453950494118718,462.1795640274481
167,432.9029131736489,436.07716876292307,12.554260874378553,463.97713980776274
15,462.7645414512487,465.5299446402639,14.420183594810362,471.0000707797664
207,473.6658752406342,478.1654306136738,8.42936122960025,487.5972696973792
338,476.0046699032383,480.21763086009673,8.810931067051056,489.44494451473145
181,508.26005284613734,511.54438141412123,11.878278446876239,546.8499461532089
410,518.2888947135893,521.4851658397562,11.232556599966426,549.6406225807318
190,520.2848329759056,523.5395218658681,11.235924470167944,551.52170278803
343,581.1119968574251,584.3747904408914,11.719456410386265,631.4900795287388
360,590.3156219680573,593.0749310714295,13.833190469440742,634.1216324957309
89,599.8840125570512,603.004182112766,12.937067684041589,638.3922280400129
312,611.2680130217742,614.2313887707579,12.692167641415859,641.4869864930093
425,639.5943296723325,642.3449360829471,12.733448041066238,649.6038169517961
932,685.841382511599,689.0008036223467,12.040964265703614,721.4369176659719
321,689.4719796216887,692.5104471299535,13.03113670100722,726.279236325278
861,774.8540793601562,778.0797960661935,13.349952097243053,814.5019933950979
186,777.3804681899027,780.3881917620238,12.5331493657637,817.2133314865897
111,803.5794682531222,806.1148099018557,14.277806374047504,819.284507381323
397,819.5590492460703,823.0108245674535,10.792679260362927,830.4666494210155
429,829.979148175427,833.3379156243628,11.093726320652847,840.6485719878254
291,836.8623731944812,840.4808805836689,9.98610166600315,847.6520624930979
985,861.7932372607222,864.0604401902956,16.971930705637227,901.4497129117377
24,868.0300485690898,871.1246699621065,11.319788302160488,903.7757502093832
329,905.3132579563829,908.0299449118332,14.46515850023411,913.7478560788436
11,907.082732774617,910.0662209066352,12.991376744627415,916.3824275024709
56,995.7555081310694,998.523818283024,10.69498439153345,1018.4301630442594
25,1002.2711266463449,1005.4672691070591,12.24256263869285,1021.3232990317769
327,1049.496954820768,1052.4704859636695,12.71500244149227,1084.4437528160022
353,1092.2851233879676,1095.1564697008419,12.811933555233958,1101.331886167989
340,1117.3430048337138,1120.164361531119,14.312245870621027,1171.5736971728059
336,1121.8655033332398,1124.2831387337976,15.74256275819892,1174.4613015862965
299,1130.636242602344,1133.4243159183882,13.942369645970064,1176.9268344277964
970,1134.183037930844,1137.357718382677,11.188932141827209,1178.8898839355763
987,1136.1488173550863,1139.1964416591645,10.737889779020145,1180.792809565262
199,1140.1756021302615,1143.5137830811966,11.264476529025774,1184.6323816693496
404,1163.6580102681778,1166.3273870757191,10.56218756717709,1188.419553928058
337,1221.9302743151009,1225.1288986356144,11.585862129854997,1264.1452293179414
69,1227.4908480140616,1230.276936704788,13.194541272202093,1272.7590593585217
191,1235.3940295206835,1238.5896190307628,12.38042152202084,1277.431345983359
210,1237.2063271539444,1240.3960330337272,12.060889726246227,1279.3776489159195
417,1265.567007691771,1269.2311276442238,9.81736244796265,1281.7725992629996
37,1277.1685362918154,1280.2640485488962,12.241189608995002,1286.9025804074302
374,1310.2736679417442,1313.1724139711475,13.410926110777474,1351.3100047549287
352,1402.6502195909688,1405.5506078605292,12.85624036276969,1444.387732526648
935,1404.4121483383249,1407.334046521989,12.532275542665698,1446.9124816663737
1000,1407.134202730863,1410.051103976421,12.828669860834035,1449.1501796425564
1014,1410.5264327316488,1413.2519861926414,13.575468333940572,1451.1476277254435
908,1412.3394893439227,1415.1108950902697,13.15109114552348,1453.3378551336589
980,1414.2606304061967,1417.2873316491825,12.782626863740477,1455.3743342256093
335,1416.0600193177725,1419.0263946789385,10.454703973357928,1457.555565569464
860,1490.659745788366,1493.5350912999713,14.123510868847355,1534.7104149566221
137,1497.2338606558487,1500.2152133302989,12.84357531809815,1537.0688004321853
107,1501.255023132118,1504.4652035705487,11.16488895181172,1541.2447744901906
262,1535.294636530133,1538.1459336955613,12.998352348755384,1544.2310240609024
58,1540.6846882996563,1544.2030681095116,10.43645907129206,1551.5083090472167
235,1544.206939053599,1547.46837511084,11.817027709771821,1554.4566256912913
3,1546.4723943653319,1549.429894102385,10.93090561756663,1556.3068541000832
258,1550.4747217026295,1553.468785548728,12.792723766166127,1559.7926155467596
270,1552.1958920714083,1555.2821713321064,11.800276309458786,1561.7499438263005
288,1554.0916299667674,1557.1527838705158,12.051609906422435,1563.5206812759375
384,1582.5073063170216,1585.4455456172975,12.190261622971827,1624.150748767883
324,1584.3100127413584,1587.2894095567608,12.252105777779915,1626.3269034506063
365,1601.38522680211,1604.229027365754,11.78394778070617,1635.933208826085
51,1630.694328410399,1634.1557499169453,7.871477387343293,1642.3957872047438
372,1651.4768190515979,1654.2611151440465,12.77993624261969,1660.3625954825072
346,1670.630551699128,1673.4548929357813,13.47461980819031,1711.7569866349795
940,1677.1614103868055,1681.1023719634607,10.618838816303205,1714.5138911307224
282,1687.65207178642,1691.3605114109255,13.585246110981572,1721.2511142869316
255,1689.7147307944324,1693.2155450919238,11.681928640754409,1723.3610628127299
308,1696.122318778736,1699.6366749532892,13.814030871572257,1725.113392601351
215,1698.2015147578775,1701.3672984578461,13.260268608009664,1727.397020972839
60,1715.6638202925412,1719.035352553864,8.837838898858845,1733.1818118595215
403,1717.5203674044562,1721.0891715939588,7.813474301109553,1735.8220601869475
407,1742.0605442607698,1745.2989565605887,11.40009104116532,1801.4637209501052
202,1750.443607430637,1754.0408355145737,11.026816445176088,1803.9896230815086
112,1768.8488990488693,1772.2303314585026,10.665170573992684,1808.2306244547194
213,1771.7367251605642,1775.4770080922628,10.231564191108866,1810.359818317082
5864,1859.616432000403,1862.610898179015,12.915374383417715,1893.7748761566013
5876,1861.4328301289765,1864.3474778091534,11.859256833342203,1895.9461863792676
5798,1881.0870899340714,1883.4657622432906,16.15447815295849,1900.1951821725143
5535,1895.2983275472964,1898.0411561831595,13.726746746852832,1903.7861351029685
5743,1906.413195557461,1909.5145287608048,12.878210176243273,1915.5361656988598
5759,1948.631239225932,1952.1577082677013,10.175207364608095,1981.3382702828844
5838,1950.5569183923214,1954.1114701629144,11.58889698824078,1983.9165570156779
5917,1990.3438325601678,1993.114268527128,12.626253214599226,2000.3314552237632
5879,2000.1312606319052,2003.2213483695466,12.49298384627625,2009.9760751412982
5871,2030.152989037836,2033.430664509402,10.707959306044977,2071.632680543202
6469,2038.0990526067296,2041.0935684031638,11.373473509513044,2074.1759816000754
6373,2041.7340902532558,2044.410170438216,13.606931555313006,2076.3944957601034
5598,2047.98312194987,2051.519123207732,10.401922910946878,2082.243490128224
5678,2049.9747265222336,2053.4119681884445,9.727021844406543,2084.6585621840245
5670,2139.6033888416214,2142.547294956034,12.552922963673925,2165.0770535458246
5751,2141.547228443043,2144.41991507309,11.640602123866302,2167.674782622157
5839,2143.2509432546926,2146.1855232399394,13.215757540768436,2169.9880050056267
5564,2145.4004713803442,2148.2375634298983,12.401517733611351,2172.0406355581563
5691,2147.5178431599966,2150.549466280586,11.696976070073736,2174.021498592281
5575,2171.709627670164,2175.046955223033,11.463477997617366,2182.206689591828
5887,2210.4566654142727,2213.440335276404,13.014456170494427,2251.387695971539
5537,2212.3333244368114,2215.5336084507094,11.093567825492714,2253.6948892193454
5510,2223.824480227714,2227.5167389939156,10.534272969180877,2260.487237602686
5600,2225.669943127695,2229.4258299972585,9.048718509105907,2262.6560645166514
5833,2227.629933436732,2231.3670891201036,9.88991133512594,2265.686638111294
5858,2229.492824423303,2233.2802631624663,8.70096939979528,2268.0253095692033
5929,2267.477077158953,2271.056732691571,10.411245079637952,2278.59943063542
5835,2271.3293479669674,2274.283533530432,12.516953808487935,2280.515988672766
5735,2316.627038436086,2320.1529323401764,12.252269698087874,2350.5537745507554
5841,2390.234155053888,2393.4923756289627,11.33223831240973,2431.536310771289
6497,2396.981217491868,2400.182254437128,12.465273735514627,2434.195432602526
6349,2399.16099637289,2402.1821316283826,12.68938592542223,2436.4273110620343
5645,2404.1723808499532,2407.5473234951705,12.881381301295763,2438.458520733528
5638,2408.0146049622267,2411.407987994839,10.477919967770701,2442.361015095846
5532,2409.856547725581,2413.3668329525153,10.576907647079583,2444.1800455947273
5669,2490.226779007557,2493.4644744283514,10.38775578561762,2524.4070436106736
5794,2501.597503615762,2504.4571373859812,13.358563466920804,2526.6012782207636
5661,2511.451085659673,2514.3338228739235,12.241496333869524,2528.732451026534
5713,2557.127218873986,2560.1589087550838,12.762833516777775,2611.3616018492708
5647,2570.543270009038,2573.533694216863,12.619674983523455,2613.9103796085947
5865,2577.049183211312,2580.5658939578557,13.738962127418766,2616.0668078213694
6461,2579.184588480594,2582.3493066918827,12.753804770924601,2618.325371667706
5556,2625.687071789306,2629.006079022442,11.019968270497275,2635.976039391114
5744,2634.6163427759916,2638.2801763708694,9.740033469945793,2646.201744199193
5568,2673.213735243593,2677.108032108341,8.587992686969207,2712.9785013985934
5578,2675.1586605348652,2679.2148170066534,9.227740340320215,2714.8274365154484
5760,2677.1778515011465,2681.1804678595827,9.64253408484911,2717.524196562921
5912,2679.073030307613,2683.237841789595,7.041106182876709,2719.5391128968613
5616,2687.2906266056984,2718.148057769499,7.8524076050501685,2727.4523875506693
5832,2752.3818895708646,2755.2504150686455,12.48196479733712,2794.7070782534192
5723,2762.0606577178237,2765.4284247751666,10.578964042234242,2797.1139816339164
5513,2764.014296240328,2767.2908175371576,11.343620497587887,2800.0513561441435
5906,2765.8533318026625,2769.162610716026,11.251404786482219,2802.2445132797793
5830,2778.92528386121,2782.2922980563335,11.474698553082835,2804.1682124138947
5767,2795.6199240797773,2798.422905098963,13.038109018153278,2806.1397321811974
5741,2807.651839206267,2810.4808719909224,12.80611018109217,2816.401889797342
5775,2846.73887261803,2849.4599616904006,13.184190017998441,2887.189160791891
5655,2848.4245142610034,2851.1751391513344,13.590138380456617,2889.2755286658166
5552,2850.3060285468455,2853.007665709064,13.714030349524124,2891.2024738531645
5758,2853.915863777163,2857.23224646295,10.953802545479467,2893.0793765056437
5680,2855.7471121174585,2859.0430987485674,11.267627830782054,2895.2168765284628
5588,2930.3750140665334,2933.531136032604,12.248569453907713,2974.0826113949483
6518,2932.731122471942,2935.545100384236,12.840190196558591,2976.316041414472
5861,2934.6102037152496,2937.384775163021,12.321995945083026,2978.492113824741
5851,2936.6673194984564,2939.35455551149,13.419934047799844,2980.3438777140573
5834,3026.1654705620167,3029.200125054395,12.006418005718718,3064.993500700371
6365,3027.9222383242927,3031.0489323552483,12.211661953053168,3067.1672457865016
5525,3110.2354147618944,3113.1781184939164,12.22555663295307,3151.4950818504426
5829,3112.0690313909017,3115.130675071987,11.37353617427587,3154.1918185717627
5746,3132.0053590320845,3135.4566987460125,11.235307806427969,3166.3473527330925
5539,3155.592611680031,3158.3586439788414,10.22868147599813,3167.996150143772
5863,3161.049551789839,3164.2276170064233,11.508448207602495,3171.1062473522843
5862,3200.4784822483566,3203.1195366539637,15.502950915616081,3241.3060582645885
5853,3206.625851261241,3210.1849445190114,12.242307079672763,3243.724998641534
5843,3208.9206439747704,3212.2178182628336,12.977616464516204,3245.9930303457495
5736,3214.336006559678,3217.489520354845,13.858055194368974,3248.365117773556
5769,3216.5849723200718,3219.4808536565674,14.508711369861922,3250.446182357057
5872,3247.997141189865,3251.3760521364165,11.030992410436777,3258.540923696786
5850,3250.2067947818646,3253.311960353139,11.915307365204978,3260.368404568423
5782,3342.6051408511617,3345.5682482777383,13.504442488852952,3351.5641879322725
5738,3390.4108301980964,3393.229597650024,13.584593178874165,3423.9704247890973
5846,3392.1424861878468,3395.0481202316896,13.078229327126836,3426.130126063344
6511,3472.531885226584,3475.189376538429,13.525430061847311,3511.52267824281
5657,3476.432537674412,3479.05807590961,13.629617729841994,3516.648323627874
5641,3494.226873847941,3497.198147805441,11.818019966928746,3518.72872305384
6360,3560.5173567461093,3563.3549622057394,14.193430535407078,3604.146934445279
5705,3570.70485776772,3573.46665370121,13.316383144931848,3613.097192468649
5899,3572.4384141225073,3575.1583017327685,13.999750553745708,3614.8596460201593
5644,3574.712701296662,3577.51649150791,12.134048091030955,3616.6096239277294
5908,3613.9788749969566,3617.057940862839,12.327294592858593,3623.6992444970087
11077,3658.199681470944,3661.239681244,11.899147579970236,3691.4033014678766
11147,3681.382036687449,3684.045335846873,13.896802849915563,3702.234189132457
11265,3697.210950729912,3700.0630787431696,12.750541405504197,3709.4616385983995
11285,3747.233521948233,3750.046567127147,13.067195557643888,3781.5329791644563
11344,3751.335775413745,3754.5105345641077,11.398555016857125,3786.8763493711563
11345,3763.96364114322,3766.598096901674,14.379132508489448,3792.627857705668
11389,3785.25751376342,3788.2316702279327,13.148138079622724,3794.5418702923403
11300,3793.584942658042,3796.149506058565,13.83926762151503,3801.8067833060713
11349,3831.3286386335208,3834.374957395821,12.162467456179108,3871.433127106268
11329,3837.055664169155,3840.438262781644,11.62311997599138,3878.4301400296454
11353,3842.172766038305,3845.2784468726,13.553534263498058,3880.4110891084233
11331,3844.141196073505,3848.1754256692384,8.415940671047986,3882.4888052261376
11123,3846.267600076396,3850.2034194914527,8.761957722019554,3884.452313295852
11139,3852.838342836069,3856.5673101991083,11.596002485142789,3886.3993407159714
11173,3920.399676423636,3923.1721645702055,15.189168500459896,3963.969919855813
11351,3922.318319367857,3925.1223492900904,13.872802943488733,3966.252061875944
11384,3927.6482659160474,3930.195870058179,15.175773480347665,3968.2868399202766
11202,3932.866846199815,3936.342665652048,13.691415799222536,3971.096547719654
11382,3935.0494332678095,3938.0624927930357,14.30548868488273,3973.0537217151737
11234,3967.907360423011,3971.0400764943906,12.086715899294898,3977.9159653965453
11033,4018.6462218918973,4022.0937245630794,10.699082489681608,4054.1013267306203
11359,4020.4785686916107,4024.0173429123306,11.379600303527935,4056.648747831923
11293,4055.542392731073,4058.2692992146726,14.679650121935278,4064.637622950833
11048,4104.770849992458,4108.086713220699,10.759913171727002,4146.369146513583
11138,4112.193351388588,4115.520114638933,11.41453572735629,4154.58370336175
11039,4120.709193746649,4123.472062014869,13.226511336894696,4156.4282508853985
11210,4152.577640899821,4155.480778744661,11.579055967121253,4161.94852334809
11302,4157.880812207504,4161.0384919089165,11.411586421970188,4168.113020942087
11232,4181.925600104314,4185.0171200441255,11.785386957972127,4231.38304040192
11337,4192.112949603053,4195.1467192206665,12.270752765829936,4233.949616647838
11939,4194.0742495320255,4197.477238498063,10.69775566462033,4236.279134889073
11967,4195.900978875288,4199.278744761595,11.38296455899068,4238.203057175774
11959,4199.2827232607015,4202.009883233988,14.105509678854025,4240.414829133288
11231,4201.275758689203,4204.331323646925,12.556969682885441,4242.27875968048
11167,4203.013330078842,4206.069970774559,11.661716094641086,4244.06842314281
11183,4207.805893126229,4210.565263816485,13.415963931797247,4245.993943998516
11241,4239.226946854895,4242.212880237524,9.094161322898646,4249.473039816115
11336,4280.19879218098,4283.0231187384725,13.715192921342494,4328.697826553943
11366,4286.087581047265,4288.555753680177,15.407880200412988,4331.5077244966915
11417,4327.535624832306,4330.113131779064,14.313072300244423,4335.5767481610255
11012,4370.367077680998,4373.3643612178,12.286066514768754,4414.453597237436
11945,4373.021597104624,4376.34182395813,11.160807135971028,4416.6564296328925
11062,4380.039582626399,4383.070321512076,12.321461421108697,4422.179619410031
11142,4388.419692417338,4391.428420465479,12.084202415329186,4424.134494430074
11271,4393.267850611265,4396.051532363108,12.546558640638025,4426.3509547185295
11143,4418.33138933902,4421.304830570535,12.366589383644547,4428.461157610038
11269,4444.102971244887,4447.0678493270525,12.132691148004398,4501.681413443169
11944,4462.666413431086,4466.1464020642625,10.594693558946304,4506.627189829467
11217,4469.59886262736,4473.396007905135,10.10059111905478,4512.666729625534
11299,4471.539106869514,4475.338230516143,9.79235880300997,4514.551635709669
11040,4473.550368605523,4477.2541022653,10.803101802638647,4516.512924038687
11096,4475.519038792085,4479.219386498208,8.96189769595732,4518.333517013871
11023,4650.805169536007,4654.383366693027,10.686532921053686,4686.8376452943885
11357,4657.290647585182,4661.041345609461,11.045371477188358,4689.028822424022
11005,4672.573370353477,4675.2726019626625,14.164875536461638,4692.689538086363
11276,4688.92521706545,4692.012977736344,11.1530118336722,4698.9941987386555
11350,4695.40675542706,4698.477551402084,12.19521898756012,4705.3226335573445
11429,4730.349452333604,4733.404460333674,12.16538602956429,4771.452402955603
11066,4747.305973207146,4750.255070802672,12.552174967149803,4773.934402321915
11235,4810.722714929436,4813.535789656124,12.367824602566692,4861.40388287635
11943,4824.886049136028,4828.180782720976,10.655574170510036,4866.7250795072205
11354,4826.711650301927,4830.075667055854,9.917934311298033,4868.733258767577
11098,4828.694330198946,4832.061658700271,12.122340899872668,4871.3248718793575
11298,4835.039057616263,4838.529040007305,13.986995823387645,4873.501712384571
11406,4837.0859605796195,4840.171408111506,12.484936422683795,4875.340129121403
11145,4839.326297328759,4842.155571891833,10.510950592550005,4877.816712102984
11017,4902.321394604073,4905.066101277477,13.072236979635294,4951.8126264736
11019,4910.716532018895,4913.332261334437,14.55962532840288,4954.28410347515
11355,4918.193179908126,4921.279987874967,11.503083356019216,4956.733216809952
11386,4919.972638958993,4923.103486448467,11.062038742905091,4958.738740537982
11912,5000.291726979899,5003.19547783796,14.641067993753357,5041.364937063242
8398,5005.509941862012,5008.4218485692345,15.830455133153373,5046.831046079542
11159,5021.293937973875,5024.4384245608435,12.365276586588875,5059.2707213232125
11188,5029.312122609602,5033.149827601657,9.650602210645545,5061.828856820094
11141,5053.898266396434,5057.186614566824,8.215346909146481,5068.09284553618
11176,5062.892264081772,5066.097257395578,12.02005862697694,5072.919797778496
11280,5070.10538436961,5073.06553538085,13.046866341409158,5079.216890129527
11975,5097.123346074538,5100.642419423892,14.090388216658347,5135.0422434727725
11982,5099.250413888595,5102.545216543352,12.653034016016166,5137.319024869445
11890,5101.24780248005,5104.312579082296,12.514118471026404,5139.379108462787
11949,5107.248515201315,5110.465936855356,13.909506019047894,5141.394953155989
11067,5118.704574104787,5122.403887482267,10.188204412153812,5147.314649135388
11407,5120.621031091421,5124.330688456995,8.273415845497084,5149.246353073762
11341,5141.283566072055,5146.094039774139,6.127335625071193,5154.729049177667
11216,5153.131957471989,5156.134486227843,12.3571815852336,5162.5433323659945
11303,5163.536953531945,5166.414153128954,13.95196029706327,5221.324750823478
11897,5186.659878856428,5190.066203732814,11.036435848494799,5226.485899815526
11074,5201.8006856328275,5204.4342349934295,14.176208621213695,5232.237097888746
11282,5214.050259023972,5217.38098744509,11.243029448593715,5234.524187315026
11187,5270.176336914625,5273.224565526023,12.06613670453871,5314.5076770880805
11360,5272.23940629279,5275.170220390595,12.686365741415871,5319.389252537109
11985,5276.294391792541,5279.296084446757,12.483789953467472,5325.116326769382
11966,5284.058572456559,5287.548228897452,14.150972409942662,5328.023388071232
11158,5286.138022253049,5289.474083529169,11.805295595448214,5330.201579092008
11105,5288.178525671265,5291.286061600007,12.45676461721239,5332.7260812643535
11226,5290.492246056785,5293.415400636772,10.371563477408607,5336.9709181985145
11024,5294.239789099924,5297.033348620979,8.25829201433361,5339.393267181758
11080,5360.27594349824,5363.524443862533,11.475469816736634,5401.493963239212
11989,5366.789555740854,5370.328376513828,12.881905806497613,5409.286327353837
11070,5371.423571124328,5374.587006688948,12.142878241175655,5414.137629700943
11032,5376.454337377485,5379.267468068504,12.733707942451229,5416.325191772506
11046,5410.690028529441,5413.3156519533095,14.491511063440047,5420.324896068629
16909,5475.34691362668,5479.031217729594,9.9318131045803,5509.418971505381
16922,5495.215292837923,5498.057575158092,13.509842394613486,5511.3342108120605
16794,5505.237990463968,5508.046533516192,14.94290653503327,5515.394115142642
16841,5540.435979193486,5544.409957492428,9.583128225240767,5581.413717550988
16550,5550.162409671244,5553.514410218548,12.00585245343336,5590.568681006385
16579,5552.097215018883,5555.3311893876635,12.303748579976434,5593.026821890312
16508,5585.709722229078,5588.5666846741515,13.548186548645344,5596.541506317998
16716,5589.590016697739,5592.208572971836,14.363410857692234,5598.465142670765
17385,5630.518631053496,5633.29545813501,13.135502574495227,5671.528576116165
17422,5632.491794979776,5635.165430737299,14.187765231686742,5674.595184287444
16781,5641.424702860257,5644.375289164869,12.78557801907053,5682.739678565908
16883,5734.19443389059,5737.49291466811,10.781536693108615,5773.995612024205
16577,5736.091133062534,5739.365721002651,8.811210466249992,5776.147323999125
16606,5749.646543240761,5753.118934549275,10.121168628574912,5778.74819058958
17358,5814.228056730488,5817.420469013545,12.720090294261821,5856.925790828204
16687,5821.64663764398,5824.422991325738,13.40832439819874,5864.613094843958
16633,5823.390454058925,5826.194464203092,13.213791055112793,5866.857053166796
16685,5843.220799610059,5846.470372961476,11.348267206308602,5880.848046670889
16863,5855.9678459141205,5859.305883704947,10.856608624758104,5883.355699633644
16539,5861.4929466529165,5864.39727146407,10.848742097823989,5885.670736053568
16721,5868.580314604724,5871.648316861197,14.273000726237983,5887.980251177675
16613,5908.907723786108,5911.540519654049,13.887381511784074,5944.913723760019
16689,5933.001994780731,5936.226785707975,11.775972440742045,5963.533718574006
16892,5936.362855404441,5939.274978518755,11.82637590122187,5965.522291044107
16556,5997.524907616667,6000.2398757772935,13.420517407711776,6036.6672908464225
16525,6047.53397127107,6050.460196864799,12.685397188253747,6056.671360506456
16914,6080.369653512538,6083.439102084815,11.366445400739995,6121.671736328368
16834,6157.801920788513,6161.111806546336,10.945819922815174,6211.372830999911
16516,6170.294530402704,6173.549862863804,11.916531922417239,6214.1264342402155
17447,6172.032418488292,6175.390066571707,11.005805191746303,6216.600808030458
16732,6177.544796743317,6180.4671881697905,12.609160607983199,6218.935020551453
16860,6200.232504306443,6203.326303683656,12.132510331095872,6223.049881196829
16544,6268.879454722029,6272.458382578954,10.475642694765327,6306.733507168702
16822,6270.7852075133715,6274.34846559622,11.388131630639325,6308.688310684168
16739,6277.055449558227,6280.100653467932,12.504697761075388,6310.696529525045
16926,6289.367197549379,6292.110047035789,13.0377996673858,6312.4714309216
16817,6294.866941559387,6297.138107049118,11.825434129936598,6316.12864526622
16536,6366.445211235527,6370.083936011096,11.100984446645612,6394.47429748849
16790,6368.614963366564,6372.00783989475,11.962483230514932,6396.573760562494
16764,6398.7223674250545,6402.4747753103165,9.970798622066033,6410.2429197143665
16540,6400.716081136963,6404.442853050056,9.948919941843103,6412.136200001663
16678,6406.374167612355,6409.272511268208,13.867044797646308,6415.032845511983
16655,6408.432474430208,6411.1306814244945,13.782202427628407,6416.885151727705
16547,6450.673598769119,6454.003853861095,11.176885412822346,6486.312430534084
16570,6467.952042442846,6471.336633623014,13.649460762203434,6494.76245797115
16924,6490.4848324443565,6493.4625406474015,12.60992098212932,6502.822066445318
16838,6530.110132696338,6533.014051733808,12.770340693846915,6578.449782560388
16847,6535.54110342309,6539.121014692598,11.790116428844083,6581.274108240409
17360,6543.055805917128,6546.361706601041,15.030937959020422,6585.66887769518
17467,6545.161830568678,6548.236200575484,12.183404236001358,6587.591542015475
16543,6551.91859093364,6555.417932312467,13.795604144017986,6589.403982942805
16615,6554.1703040099255,6557.390099010445,12.570743200118104,6591.41184744491
16551,6556.237470870104,6559.473933231599,10.84879852994703,6593.166916103695
16798,6579.0079613179805,6595.329120616057,7.844277095437903,6602.453201996334
16783,6675.4418783802,6678.2198154075195,13.79049290596501,6684.089497567053
16835,6710.441230415155,6713.477378883125,11.672538270695908,6751.340473135979
16829,6714.498835485739,6717.19518946648,13.46747187291141,6754.182418200358
16647,6716.429498829339,6719.0580539449875,14.341693864466055,6756.331326271392
16591,6718.69565817583,6721.544607143718,12.85345735113661,6758.868651325119
16818,6723.599876554139,6726.255460676642,13.923449571783447,6766.62801439968
16916,6731.252229082235,6734.524415864874,11.47870337612334,6770.071371133238
16850,6757.475274279081,6760.501036799352,11.38012252368044,6774.88102905946
17437,6802.0318939579665,6805.15071152296,11.802968970113362,6841.594109741532
17435,6803.958354002519,6807.030326401425,12.312503083885744,6844.4811156954665
16855,6853.499245817264,6856.558432557903,12.842480310857473,6862.991978456657
16931,6858.295660997289,6861.523867509994,11.216919218400767,6868.521299361019
16843,6898.206083151354,6901.395910028978,11.442607171705179,6934.487963866802
17514,6899.958963002927,6903.1652374616015,11.560111595047392,6936.883284019976
17393,6901.932315551335,6905.124771193827,11.372408763424922,6939.152220335485
16858,6907.988101333818,6912.30727870003,8.30241148538733,6941.281096443912
16545,6910.079592115259,6914.378919404469,9.372744835735466,6943.295054602194
16708,6912.753173147062,6916.470584660632,9.849642666762763,6945.042278269672
16802,6925.805750241315,6929.292595859063,10.562409669584234,6946.970839020378
16567,6939.215721977505,6942.25261929023,13.2248826102248,6948.894632021137
16765,6943.811993234385,6947.029190025088,11.365268325880848,6954.098556088743
16561,6980.2231098567245,6983.096656112027,13.248186707104116,7021.762631714358
16715,6990.1362315663,6993.476238994129,11.347365601895168,7026.76347230259
16709,6992.007488973744,6995.284679771964,10.596636481276294,7028.728243948768
16889,6993.888029821585,6997.200143817459,8.906692374930795,7031.101778255284
16854,6997.72885896289,7001.08968075036,10.76784135972768,7032.949281108155
16672,7078.705258220584,7081.600918994985,13.852956132613912,7118.871793342854
16901,7122.864868565492,7126.039624040791,11.102115563043343,7132.942528353595
16753,7124.778567109736,7128.043143488811,11.308222772601567,7135.047174665011
16775,7129.061436316561,7132.303378276112,11.58382287664979,7139.7021907636445
16848,7148.648271069518,7151.476515099847,13.098783239215567,7201.6119317062685
16862,7161.872799166908,7165.237146703411,11.153731066337052,7206.60404560017
17486,7164.149753307692,7167.273390870996,11.636635541299006,7208.629143613639
17427,7166.000612460111,7169.136447947048,12.170791776357351,7210.4893152553905
16894,7171.40296587142,7174.546610628918,11.459699410494531,7216.246608403042
16836,7250.605298579483,7253.47860109998,13.911545873558872,7291.836769730526
