4380,195.86806745647402,196.4510820882823,13.08508106899639,197.23395365720924
198,208.71143710655025,209.2857438213917,13.480133997201495,210.0328904355917
2959,216.44883560578904,217.16345288782816,11.569047044260337,218.03328891988227
4292,222.8401602338786,223.5305917198827,11.094547876148795,224.44632076269045
5291,234.38475118353747,235.08933020923595,11.693229836094334,235.95095290961146
4950,295.0977796243538,296.09693377817985,9.699893965585597,297.1464595014684
4933,297.4502935672235,298.1899871736693,9.545567370527264,299.2923263369815
156,330.7931223470306,331.3166534457884,14.599816533594357,332.00717105352874
247,333.48777633007484,334.21559360508945,10.960643858116045,335.135002232421
4853,380.4360314197668,381.20344258710423,11.261089755661258,382.1001416878132
4931,382.5428924812378,383.26739943708924,11.810983761392626,384.11942566802577
3504,417.5736991920365,418.072499108896,15.42974492599984,418.7254685724747
4294,459.8863862159102,460.51083381485205,12.411492091188798,461.3434054299689
4905,470.73301632709394,471.4437733426894,11.37223488668504,472.3392561953716
2923,480.59757323564475,481.31433588044246,11.632524561074986,482.2110979558784
2930,482.5122685188925,483.28240647177796,8.509445300805611,484.0
2951,485.6623318229743,486.4576642221237,10.527454453679,487.3616911806196
5281,559.7396442323745,561.1050294837341,7.395864618580423,562.3910244048986
4879,567.9115018404163,568.513268721997,12.746121070112883,569.3318755513822
4351,588.3874967391857,589.1416772479405,10.248617064928359,590.1152525028223
3511,611.99825096047,612.5722672029395,13.340215977034434,613.4469122462948
3411,614.8066330726277,615.4473932641829,11.954620958888926,616.3076049028201
3906,624.8579006169169,625.4376164875644,13.260488431423573,626.2001628937928
4383,656.0580392447764,656.5686175401778,14.997003145137237,657.2630474431511
4946,670.6799386195083,671.4419992132728,10.977698330279615,672.0
3509,679.9162503488883,680.5616019593377,11.785826345201551,681.4176812631696
207,691.2874049242594,692.1660582963709,8.00958225722465,693.4094222732089
239,701.692868721837,702.3421886405632,11.648665891606322,703.2057010608083
5129,730.0,731.4944138382517,12.415183945166115,732.2919285244176
3427,757.0,758.5513840476533,13.314970865575686,759.3215149326428
3486,765.7546312712304,766.4737645954966,10.536283850361302,767.4275439691675
3946,804.8286127610936,805.4613695751729,12.123571161599283,806.3239446193907
4418,820.7795556777352,821.4607273957196,11.211411322033097,822.3593829737298
3494,848.7830877615614,849.3658579545049,13.496667881724418,850.11621953277
2909,853.5454220063486,854.3296853282278,9.089751433400288,855.0
3510,859.8418359555783,860.4353839340338,12.804943274894848,861.2030957900236
226,861.0,862.4735915787047,15.416811424182997,863.1291708018431
4426,865.6325650686714,866.2795917833313,11.2565773312724,867.1727277657072
3935,867.0,868.5768392106612,12.770740704318783,869.3698838391966
3503,886.8325422143369,887.4574321242507,11.976601288222401,888.2859209175988
4306,903.5836536581785,904.3782869070646,9.61893907002615,905.4346881688073
2679,921.3852008602101,922.394206858816,8.901145357652215,923.4195623478573
212,949.5316714672409,950.1779961163115,11.574109491837717,951.0517058577269
242,960.5454126892213,961.2089681887398,11.892896559944353,962.0567605239673
2710,1007.5007330543838,1008.2101935199562,11.145510621521547,1009.116435916312
2720,1098.436779888686,1099.168114796682,11.096239739656127,1100.084196731264
4209,1165.0,1166.2837889453444,11.932098077405392,1167.129708272975
4862,1191.6694951379554,1192.3558836627092,12.393004966682563,1193.261393267976
4935,1193.4220351350682,1194.0953028840295,7.863938078156317,1195.31924108158
2840,1210.653272012419,1211.441512479556,10.641939105058308,1212.321240537183
2649,1214.4108805173155,1215.1500722751223,8.768433195016431,1216.2710457711974
228,1314.6475338548255,1315.2346562867615,12.913954928810206,1316.0150408036327
219,1326.4135618681303,1327.058296352511,12.186102565266824,1327.8850703119067
2709,1397.7054837646358,1398.4700900536393,10.810777429482576,1399.3286673539055
233,1411.5704534547165,1412.1449509249132,12.674480295062132,1412.9398673264493
3855,1413.5381271533797,1414.1804456127757,12.680973546172835,1414.9749549799628
2917,1460.4785942484707,1461.2165919120685,9.194989452012372,1462.2575281352263
3407,1490.044289257095,1490.6032440243616,13.699041050177225,1491.354592238986
4212,1524.0,1525.5675706728875,12.65308071131503,1526.3588058422552
4384,1537.8656450470723,1538.4636472099533,12.78817953392467,1539.24519781204
4421,1543.3978065002227,1544.05479016375,8.557152709188884,1545.1931880722639
4364,1546.4612673402203,1547.2832003363153,10.193200789622463,1548.2856253372838
2658,1550.0460569827978,1551.137953306224,9.040411627744556,1552.4147859677807
4293,1609.0057904263606,1609.5630896477903,13.739736227035122,1610.3029901453513
4250,1612.109786421997,1612.6402889491294,14.43375650511093,1613.3370118998782
3496,1647.6907202082207,1648.3203566247746,12.329718781033742,1649.1356538450143
4370,1655.5103713927763,1656.2764117641902,10.46908971656263,1657.2398523397235
229,1709.28337724738,1710.183052034279,9.28851142164803,1711.2334194460677
4406,1719.6224045937688,1720.2231232214458,12.030719520846928,1721.0579428296032
2716,1735.5357477244627,1736.1864708999562,13.194412660754764,1736.9500632269912
2726,1744.4371513160766,1745.2063202046752,11.815771169331738,1746.0600744721687
218,1755.0,1756.4118534393028,11.800623902287917,1757.2538311652822
3837,1762.6802520243052,1763.3968504094078,8.677494312881379,1764.457525373032
4440,1783.0770199248395,1783.5934267363496,14.827736837135923,1784.277262241105
5063,1793.0251394019565,1793.6089701155543,13.115350261020751,1794.3655605292936
5272,1816.3892977932137,1817.0732744791237,11.742801372389945,1817.9312598906097
2654,1818.4104398265672,1819.0445976928465,13.47915387323204,1819.7920594669488
4382,1869.7065649402587,1870.2978648170547,12.68827037632968,1871.0904827557977
4555,1887.6748427596665,1888.263966138828,13.166384874322409,1889.032108897351
2656,1939.4389218803938,1940.081549685796,11.941853393339226,1940.9252338222223
2676,2004.5265256328832,2005.2052345183179,12.778119560129603,2005.9937036056572
4960,2058.545679648135,2059.217331253586,9.470560046826972,2060.3329765809117
8395,2087.6676018474095,2088.4272159618904,10.2483222529257,2089.373424746891
2700,2090.6264061902866,2091.4545449503316,9.958359833561925,2092.3934569849516
4912,2095.6844614699335,2096.46729300424,10.770964080755999,2097.3404879244563
8434,2102.602798633074,2103.4449802497293,9.947023658719171,2104.461460958441
5747,2124.7811186002086,2125.3710515081107,12.9511234949222,2126.1572382923077
5653,2128.4389662468084,2129.0302772215964,12.144502638971941,2129.8598832225166
4311,2140.407448775014,2141.0022009285585,12.560394793575417,2141.8043375200477
4417,2149.754600688188,2150.3633181694468,12.097873425590814,2151.1859689442886
4396,2153.2978046178437,2154.3130091963612,9.282904526854876,2155.3600611764105
8956,2190.5303716633184,2191.1880682286564,11.487110590141732,2192.063800019355
8989,2213.310232695977,2214.0140779512294,10.482497039244798,2214.975218434243
4411,2246.7709498419035,2247.27981116383,15.53807471176343,2247.928228194535
5745,2311.156630773689,2312.037082468329,8.997339185125107,2313.167839280267
4429,2321.0,2322.499515034423,12.410432665770951,2323.3089827453623
9435,2342.0,2343.4154673546855,9.98014349814194,2344.0
8962,2372.696892227319,2373.2813629473635,13.393765777646319,2374.0333237801947
9694,2400.0,2401.4648131987587,12.20001122263957,2402.30959715927
8942,2425.8235325071423,2426.450655454537,12.00339320640397,2427.294608730431
8916,2441.4108251562834,2442.091696296453,12.703696295265724,2442.8847845467785
5728,2443.43917749046,2444.108198367818,11.740859585690927,2444.966325679022
5660,2495.4447051431216,2496.0792402706593,13.051951977176245,2496.851167127661
5735,2521.701641645886,2522.3128119644657,12.599752769683137,2523.113352264423
9774,2540.7409220564014,2541.3202298209626,12.983045836886296,2542.0907071811234
8920,2547.8366237213604,2548.45203112539,12.531670407704986,2549.2651295475566
9832,2558.3923139072826,2559.008726039342,13.275698819148586,2559.767642944941
9785,2564.4815514946404,2565.0980089261034,13.049264451132537,2565.8700947632183
8982,2574.998917598698,2575.55089158963,13.871366265502829,2576.287624304038
9794,2587.6210656723392,2588.167894346187,14.316383751231928,2588.871644150786
9782,2661.532236880516,2662.1237322493052,12.829219803608582,2662.9090607744783
9381,2706.6077052916235,2707.2040471377322,13.080401265476267,2707.9742950883115
8217,2720.4508034638748,2721.1628145567583,12.247422935898733,2721.9854490260846
5713,2727.040005228554,2727.612718156622,13.369951902092817,2728.38938836699
10481,2805.6393840055107,2806.3426115262864,12.192478304824569,2807.1452051841084
8159,2810.5113880092945,2811.2547188242256,11.445795340631424,2812.146110198503
8202,2812.546517895554,2813.2396857655845,11.786488569087423,2814.100575768589
8401,2814.4462199695135,2815.082301859014,10.855933588089549,2816.0131838881957
9758,2826.728201980872,2827.3862017026477,10.70949078270738,2828.383387421027
9795,2871.0,2872.1899057198784,14.711565193162299,2872.8747514269935
9380,2880.9273500375266,2881.5328949501736,12.63258061782406,2882.493067647976
10436,2895.569996983764,2896.130061107379,13.38547900129254,2896.8827538026876
10093,2898.7583799431986,2899.318358334191,13.687958067405635,2900.057662771704
9912,2905.8094208932957,2906.425848732555,12.286396768872413,2907.240898958363
8167,2911.2411938346745,2912.156064350014,9.897310284698305,2913.140318363831
8176,2921.609108063233,2922.303032184024,12.243767410395117,2923.171808639212
10718,2932.402814282511,2933.065046291441,13.091206644606816,2933.834658485412
5741,2946.820594647996,2947.4103671214525,13.058637909071376,2948.173206841224
5715,2963.907334879272,2964.496311931645,12.921200926950245,2965.2671944625845
10371,2986.650931350781,2987.3838990508225,11.155415990712068,2988.2466149232464
10713,2994.6209952322147,2995.379704520342,10.801053198769871,2996.30946029209
10431,3004.653475420516,3005.475116242083,9.942344330114866,3006.0
9686,3026.762244671744,3027.3673779607475,12.431154750606726,3028.1697066851416
5758,3034.4703325956593,3035.1814600776042,11.055063496150007,3036.08674930037
9886,3055.844279843644,3056.4139907151753,14.051677459978931,3057.121444895182
8444,3096.668550328645,3097.4251830053727,11.093040394437857,3098.29192719294
8399,3099.4608337955233,3100.2406524005255,11.200103747417813,3101.130476976582
9446,3144.515169432324,3145.087154775195,13.656379107947316,3145.8249163873948
9012,3190.0,3191.5015889400975,11.609559233986282,3192.3483958192132
9402,3241.856695708804,3242.4566178370405,12.81412794779779,3243.2601825287934
8414,3269.3963059299044,3270.0542972777707,13.50389084246614,3270.8003898213956
8953,3286.048695052198,3286.55676831501,15.070945201100677,3287.2180789225117
9847,3369.7499039201375,3370.268796748111,15.062340092767286,3370.93769362638
9383,3408.4339311351064,3409.1738546613697,9.576483869414863,3410.219972487332
9013,3419.485034873701,3420.1354701622204,11.505443604271496,3421.010854738222
8482,3443.5274327660018,3444.215277197431,12.14877080901814,3445.040947984719
10452,3457.615313938943,3458.465783282838,9.755015578314985,3459.0
10361,3459.5082887512326,3460.1687863077686,13.121099014942113,3460.9366451781275
9440,3505.8264199609857,3506.4835518690556,11.405863771739334,3507.345522061515
8456,3554.676554676721,3555.4504660099274,10.78754244550608,3556.3341273303763
8906,3574.857112843335,3575.412020160484,13.329257591909819,3576.168155131335
9878,3627.8851883649186,3628.456288040631,13.541674800670785,3629.194903308114
9676,3632.8560738288716,3633.4331453115974,13.050464684339785,3634.2012118457305
8977,3687.776732341997,3688.3968047562234,12.47037287779618,3689.204804845573
10586,3739.0,3740.2846626000114,13.933155252793238,3741.0076927549785
13979,3806.421721462718,3807.1376441282323,11.094728842324175,3808.0458471896955
9778,3820.2823019071757,3821.06637408275,10.682015332554986,3822.0097320926625
11227,3845.6245566753437,3846.1021421489586,16.788151641618892,3846.702276844104
9373,3857.653635993675,3858.195386228616,14.51708137195978,3858.889406742061
9367,3873.284430377921,3873.8962713307196,8.629429496636183,3874.701752281644
9727,3898.9440981828225,3899.4271204795346,16.026975295889752,3900.0572343555536
8964,3909.8830447077357,3910.4852616123994,12.708585437105597,3911.2904754795613
9917,3984.5643579142593,3985.195038337981,11.8679210183786,3986.059631896131
9424,4024.4264655720663,4025.0433199748923,12.885170609360511,4025.8252383966915
11236,4113.96546729777,4114.523484521751,13.713302967644475,4115.267334675439
14503,4151.862305011367,4152.535390565383,11.4528568970387,4153.41389898644
15434,4161.337768939402,4162.090786312519,10.675611498466846,4163.035742819877
14516,4175.8017641476135,4176.276905683658,16.065549711917775,4176.904033447609
14482,4237.807175935229,4238.519365905522,10.525426595352629,4239.449893102709
15323,4246.436196300634,4247.145113897745,10.383975236371215,4248.114512803279
8218,4261.169737890108,4262.037955077062,10.526409239006462,4262.995086045346
11234,4291.0,4292.407769879659,11.2831812512532,4293.293514878924
14485,4335.629128787849,4336.306139112764,11.257709895382199,4337.19349044466
15283,4363.569139190799,4364.139953766284,13.642768304936055,4364.878451411505
8423,4370.61694456196,4371.410867126829,10.864433921689733,4372.277679160304
14462,4386.0,4387.361485853105,12.254242400953967,4388.185687456211
14872,4398.781551689365,4399.432309140267,11.631850172936703,4400.3024741620675
14452,4420.875579280639,4421.4622688806785,13.03024306164706,4422.223681791977
16248,4430.976716246636,4432.140391628969,8.85262977737008,4433.223320874856
15331,4439.78539096011,4440.357321243812,13.352944337764427,4441.121089117447
16104,4446.524931631901,4447.360618961684,9.956317852944464,4448.336689504427
15327,4466.345253509346,4467.031275821785,10.263781198221176,4468.012488851036
14423,4493.537295307804,4494.218707362478,11.984339657404211,4495.064072216598
11210,4495.790933587182,4496.316095153906,15.120919797085975,4496.9824006698855
14885,4551.14944682973,4551.62677358504,16.041724493335064,4552.252314475355
14921,4557.735357697996,4558.384923223608,11.371164229098438,4559.2544029953
15406,4565.724566912531,4566.301437206433,13.698075928228226,4567.0366116407895
13963,4613.689425834831,4614.4162805196875,11.4168483783666,4615.341681877685
15269,4707.4864357312945,4708.198369818647,9.415286655652006,4709.398494683128
11212,4732.981787333489,4733.558311049189,13.259394687223276,4734.316802817138
14451,4742.549582465247,4743.274714081215,10.150091412662842,4744.2539328026105
14922,4763.608101905183,4764.227364614724,12.53007724844937,4765.032467664401
15959,4781.650318866557,4782.2702841846,12.441263362229362,4783.07956552075
8191,4790.686005196825,4791.481411474231,10.63531253433433,4792.623457118501
14892,4794.0,4795.513421140966,12.081973944120966,4796.353778244395
13925,4802.687507704053,4803.485691945791,10.476573720437951,4804.394078085695
11245,4852.695866823021,4853.214715897569,14.640723562651297,4853.902875347091
15400,4903.972386750979,4904.571902874235,12.730217208263284,4905.354596856198
13977,4951.696866098587,4952.254227124356,13.786593823820331,4952.985020560083
8448,4966.670164415824,4967.459313977362,10.756900741752652,4968.325598503857
13905,4968.677105849201,4969.350359122529,12.325976350468125,4970.158196777094
13897,4971.640607558375,4972.425998602333,10.681366300440573,4973.317831262513
8337,4973.631351619294,4974.3191131228805,12.45963509413864,4975.131491201016
15923,4979.857830505144,4980.514215536195,11.548646215153203,4981.551551369221
8451,4983.669513657954,4984.485844739557,9.998580254048349,4985.733747506826
15405,5014.366776562895,5015.001300612467,12.374059998415076,5015.815516178641
16012,5039.543965851708,5040.30206607376,10.090661966816105,5041.295617859211
16287,5050.0,5051.390825082275,12.264552338366135,5052.20207939148
13733,5072.407304126976,5073.178011103923,11.806902446797682,5074.028983145213
13970,5074.447838503374,5075.108609941601,13.231741720443738,5075.87004804101
13805,5089.437501564343,5090.1005061770775,13.040724525951239,5090.873097626843
11246,5125.578016754776,5126.369089445753,9.80291645488097,5127.424873515895
15398,5128.793307121595,5129.390741653099,13.106151906659324,5130.173682718726
15284,5130.0,5131.5544611017995,12.620060042498237,5132.548324100761
14882,5176.723852123527,5177.325791791968,12.93156445881393,5178.1121236011
14488,5291.583171785733,5292.118193523578,13.969863837623485,5292.839399713173
13915,5325.780629328797,5326.49476672905,11.359609454103467,5327.360711384651
14905,5398.750518215201,5399.331537148514,13.38346590580065,5400.084044364322
13969,5417.554380568404,5418.326603696173,8.884423856644112,5419.398741214379
15895,5444.549882260833,5445.376938503498,10.647653713794293,5446.268557403873
11216,5462.6159948232935,5463.222601327432,12.46032103749167,5464.033123201662
15268,5522.799348386196,5523.351250964061,13.926948835571233,5524.076066069265
19405,5537.5636207429225,5538.339537426364,11.107826598467739,5539.216115290797
15351,5563.8040514489685,5564.418995548665,12.308165483876305,5565.244097746903
15247,5569.495310215492,5570.2706849036795,9.853101624767584,5571.290942596191
14410,5636.587641056503,5637.21155410601,13.425055600363601,5637.962027889314
14458,5641.0,5642.4783570871405,15.528998443109773,5643.131129700411
14846,5705.0,5706.267494613851,11.814643086613955,5707.119053991847
15306,5709.545612767655,5710.100712042862,14.118137506260393,5710.814343870221
16716,5744.534261249236,5745.086293567999,13.29997670943306,5745.843825140242
16725,5763.611245677922,5764.444225162511,9.06921802220116,5765.546502348933
14515,5796.78521520737,5797.368902960576,13.215238451284414,5798.13253368947
14904,5846.473449359421,5847.017447558819,14.821393119554468,5847.697218494401
14493,5897.636921780968,5898.32289944833,8.7805953501313,5899.364265233406
14491,5907.665300490119,5908.330119283052,11.37446094895129,5909.227019019591
14460,5927.426039206198,5928.193740507636,9.8690091396271,5929.2237860025725
19402,5958.606611377444,5959.347622493719,10.905151976859475,5960.300869716126
19457,5961.597370368053,5962.3950898449475,10.77410685839128,5963.287118307461
14481,5973.048213890767,5973.618018515686,13.43819261394247,5974.365667502427
19397,5989.584020479067,5990.390405345741,10.307335552159921,5991.395710542829
21433,6016.228511758832,6017.059322469838,9.89066642009628,6018.14306665404
16268,6048.606864247235,6049.376088632082,11.28238915740277,6050.25533990149
21761,6062.769719182131,6063.493169146458,11.267604976362279,6064.338941972234
14422,6107.528413894177,6108.189875886755,13.082724995325819,6108.959987027292
19428,6138.554218494292,6139.397418155207,10.236489648097926,6140.348361012384
14476,6254.825830117304,6255.372046974835,13.660751644359722,6256.103259269601
19455,6315.633546254064,6316.440009724054,10.230691416687836,6317.375225673791
19460,6317.568669422438,6318.269943542844,11.791801831967492,6319.119135435871
20764,6364.0,6365.490616068279,10.958178704745933,6366.407344486288
20849,6370.41223811565,6371.100256696228,11.893695042304424,6371.947356965039
16743,6372.0,6373.234560681872,13.13590714705212,6374.001392211423
16730,6463.566959224918,6464.208018227725,12.04406665691871,6465.047312749403
19982,6530.709536528444,6531.344854900807,12.164569713324127,6532.168552190573
21436,6630.802735540766,6631.502378440017,10.286731363226682,6632.402855836482
20742,6655.992465382468,6656.585696524432,12.907681616771697,6657.479176539402
20017,6657.309376106906,6658.031777575075,8.002376712079718,6659.231540808977
16666,6684.708341457861,6685.494427795169,10.142188007691251,6686.555229879131
20879,6722.556446268734,6723.318808135257,9.78112878114044,6724.646135902983
20372,6758.591141676969,6759.139876793668,14.099172109718987,6759.854468557574
19903,6786.84048711222,6787.422995867733,13.07939716957033,6788.1833904846635
19413,6795.770745304587,6796.489070249476,11.3481953723067,6797.308114269782
16695,6836.770501464534,6837.453247539052,11.036515102719113,6838.342060926031
20360,6842.975396546492,6843.574949049326,12.766987975773462,6844.375637246081
13945,6862.574451237228,6863.270297904944,11.927299179714312,6864.109567516796
20903,6883.711693176838,6884.3104406794755,12.402998806569412,6885.125016411328
20828,6911.485127897092,6912.060813877132,12.86813109698446,6912.84376768694
19924,6941.0,6942.469515526999,13.539379604955696,6943.208250689003
21412,6962.379375868268,6963.104555379349,11.610872898947463,6963.972289644909
20394,7016.053100935844,7016.573749862294,14.706924211263463,7017.307528110578
21563,7071.905168886472,7072.464083872621,13.748919761511933,7073.197148998859
20377,7119.447501195256,7120.133689937072,11.25522569203109,7121.029049918574
20758,7150.882939276259,7151.490238335359,12.587276851326886,7152.296383263618
21421,7153.550493164058,7154.1464400660325,12.776653222488676,7154.934999643571
20432,7291.548660261736,7292.322549089948,9.272450126769177,7293.662610759384
19905,7476.743976014934,7478.265770248934,7.068873329628765,7479.521507141205
20011,7523.619409678533,7524.216837151874,13.455517691280852,7524.965611929526
20400,7570.548941978474,7571.045995005124,15.281338563143644,7571.705305851871
16676,7688.9404085223105,7689.443234535373,15.310656396339695,7690.102092372093
16686,7696.0,7697.297589528338,12.297049451983936,7698.113861096402
20792,7914.03011327354,7914.597726389764,13.490076397272974,7915.359462022441
21764,7948.6018026024285,7949.391287650119,10.977063362865673,7950.281829104101
19199,7950.58833860709,7951.412622020578,8.604787157268095,7952.477221796529
16033,7955.108692029102,7956.016296952432,10.402770961026542,7956.984803546033
21462,8039.0,8040.391460231819,15.51188473929235,8041.056338185445
19138,8055.694620207603,8056.416119636894,11.666153867747743,8057.24707737312
15919,8129.687628646074,8130.377605621237,11.958740527486357,8131.232270132976
21753,8218.699115747504,8219.48108496737,10.441035232720195,8220.0
19172,8301.752648742147,8302.514406187198,10.859260408842323,8303.388946660041
19223,8484.58183481545,8485.367818941284,10.815811686339622,8486.25581641782
19204,8754.575902536633,8755.396939562912,9.648878377978532,8756.0
19447,8756.633044660699,8757.33627648184,11.549842288974586,8758.20293322116
19307,8931.770000452536,8932.507052919864,11.083625547187172,8933.0
19202,8939.413554774841,8940.107037645335,12.523786060339548,8940.911518991388
19425,8948.405351319252,8949.052463611682,7.954782004783749,8950.0
19438,9296.7785293386,9297.49202339371,11.497774409006936,9298.0
19325,9562.527064351361,9563.248214116524,10.682224538280478,9564.18669870151
