4780,112.0740803830211,117.60533817996254,13.0282114146942,123.51759965529612
4718,119.67027739795093,125.08156528690515,13.656029402410685,181.43262180456432
4626,152.38344762826708,158.5199370019692,12.415154303687986,188.24622059424462
4706,154.1681156998377,160.2664879164144,11.673099305541092,190.17362555489137
4677,161.71346068723395,167.46360348732665,12.696227982357568,192.23423648986207
4775,163.68970758415804,170.12406963013353,11.314472055545108,194.38425515864773
5507,187.05183982518466,193.57082503806734,13.19533500730528,199.71273627959047
5490,189.34717555523883,195.39220455647595,12.908613049732534,201.45530621816837
5505,191.38857626348533,197.18053653265613,13.363099043384423,203.19289676988527
3209,193.5828408534303,199.28609454311572,13.250606521822787,205.13432836716325
5425,195.40528545618685,201.0307996637085,13.198737713246578,206.80235490244195
4655,233.41024959260173,239.04577262871356,13.145408085414314,276.79897346430926
4634,241.2458039014004,246.5021160087795,14.517115802774047,279.13170917707
1072,247.17008485196942,252.1016705161462,15.31181340217776,281.20271609375845
4790,260.48217470211176,267.4641371162671,10.421468777730743,283.0619433375063
4768,274.21470637580205,280.08678945211125,13.990823618086145,285.6409165812237
3136,280.22771676202143,286.4455834146104,12.391700149723029,294.53875860251935
4778,295.0355275171867,301.2268552269195,11.430764441932672,307.8648905984376
5444,368.12975677744885,373.6198314761586,14.126987806175471,379.19008678958704
5473,369.9840371256256,375.46640991599065,13.531097598480152,381.1821680703161
5435,371.723189480653,377.5283197327786,13.342621734375385,383.6947361152218
5442,373.7691910931212,380.53362994209243,11.032578846158986,387.69870296888973
3168,379.0816615694057,386.1492780865635,10.778692813684772,393.29327713023736
3186,381.2213197565351,388.0236667547069,10.827901172623712,395.81184851116626
2443,389.0991945626449,396.2586042434065,10.306615878879642,453.52556308053215
4777,392.34584796772185,398.3588603756585,10.561996552332861,456.3624935471058
2446,395.368904810023,402.2835279946704,10.53982113766989,458.93760314351283
4751,416.7128143744829,422.46302664991646,13.629710290098405,461.0090608985618
1791,431.25108300117313,436.53908999874847,13.903204995024105,465.2974192129478
5423,464.68451812191324,470.34034387244935,13.67788604404246,476.090075529472
5481,473.52413533440415,481.34318978237405,9.200447305059422,541.3497487594796
5431,475.7749410916701,483.4201630297515,10.221579059541103,543.8516074833113
5384,477.82278850123686,485.39834542440815,9.418423947810405,545.9786840737568
4743,483.87242664659374,491.24029553502055,9.590906887952617,550.4340338158804
4801,485.78634311056084,493.2681497520469,11.169162304158244,552.3836004691167
4640,487.7310295194504,495.1428384231428,10.349225026160138,554.4360103495814
1069,523.312812015529,529.0261432555058,8.881539781926685,558.2156522763535
5502,562.9702219704894,569.2435153282682,12.504607656202555,575.7725779419096
2429,574.6696565358482,580.1426874205229,12.667765827582224,635.0852494673231
2501,576.4549021258032,582.0063692078849,13.09566162980561,637.8156661032665
4678,635.8224624767147,642.3435622232756,11.147080598272101,649.8070110994545
2469,661.333925853775,667.3237096777406,12.426634462356743,724.1471338927278
3178,725.9064936584089,731.5628718034924,13.645474692852549,737.3691975987202
5496,729.935641535185,736.5708947346749,11.750364531887257,743.5332707630727
5412,731.80044634435,738.4677190352119,11.240936196123444,745.4332050315113
5383,733.6862738040561,740.2690260235969,12.773535032453333,747.3058755903838
4771,751.5898945749218,757.2648645536242,12.933953664517276,811.7105405281018
4676,758.6976997585414,764.5366802540254,13.113774168439077,814.5116416759678
2521,768.024984955529,774.5456873780535,11.762381740979345,816.6147327223932
3223,776.334151460993,782.4814641942969,11.844404803273006,828.7773499056477
387,780.453233182055,786.5394944811508,12.565479350504349,835.627978705598
1756,782.2072645955141,788.4326519754887,12.682098628788214,838.9002391805037
1074,793.2906034217394,799.2462739327985,11.888297083979843,841.1360012370237
4763,813.5170456111264,819.5162289714328,10.577793367979394,843.1483371592633
4712,815.7440060110964,823.0327073316076,10.600500651167664,844.9311287726994
4684,858.4746999256246,864.5902142848296,13.236673249349337,922.1505751032163
3189,914.9145716048954,921.4052901722744,12.33399969968505,932.0436926770954
4803,929.345888138344,936.1153174981429,11.427033819717133,991.3657117382035
4696,948.4737154811702,954.4864759000751,14.970171457245964,994.2963553765726
4806,954.5581629138449,961.0448250975849,12.082474650321029,997.0931290762073
4787,960.1303916369667,966.5600122167632,11.514758431376512,999.3156085477833
4625,962.3150617735689,968.3588539335515,11.828641461307436,1001.4591893038173
4618,981.4449383791211,989.011473895811,10.573739388871617,1003.4173328215097
5500,998.260029023949,1004.4644233883283,12.236478693541669,1011.1728337596605
5472,1002.2667194216893,1007.507167674778,14.904735539357052,1013.0885242648765
5389,1004.1684679113098,1010.3710258098602,11.602599019928856,1017.0001291654303
4669,1017.9271970836556,1023.022271393398,14.807329663942953,1081.352100151465
1765,1040.1864299563524,1045.6178480287795,15.446092412906676,1086.571298235351
3194,1042.0981420617697,1047.598461232396,14.292417948179269,1089.6772112191586
4717,1057.9651190879697,1063.5573182941205,12.962620671507517,1094.2894516629713
3185,1083.5502079733494,1089.4226002964092,13.830180989257869,1097.0184706418306
5476,1089.4986938675527,1095.5307357298582,12.228654859056274,1102.723099691072
5480,1091.5095464491235,1097.3157323103217,12.053405882263604,1104.464443269183
5499,1093.2955887574296,1099.1442093249275,13.39826706577804,1106.2454180095924
4772,1104.1333629104552,1110.1466532014658,12.340849187990946,1116.5323319283582
3242,1127.8865718092757,1134.3480134151687,12.91043635162436,1176.526372418957
4672,1130.6030740368037,1137.3013859528908,11.536061814517845,1178.7322929126371
4794,1143.1236065475807,1149.6062332742933,13.001688691016144,1182.3984387132973
2463,1156.3662113582789,1162.1942152967222,11.71528071131173,1186.2834653462244
1723,1184.2208936996803,1190.1504644376475,13.244348509993653,1196.2662754389178
4738,1208.7018983955359,1214.1865907476895,13.811112021800966,1261.6220529463512
429,1226.5824000085133,1233.1789816933656,10.55397101893695,1266.2404574161264
4783,1231.6122139918596,1238.4893867122826,11.410404769420648,1270.4468309627225
4721,1266.606131599864,1272.5410821378523,13.763686257917314,1278.279255729093
3099,1277.035924288384,1282.5102745395563,17.966598891244157,1287.0213506848409
1759,1309.9903868777544,1316.154519718646,11.729654978035189,1356.187325978225
4731,1318.9489705093295,1324.5270014197188,13.799730435843731,1360.18191119235
1768,1328.2174019269,1334.3649841704046,11.122362466771603,1363.8242505369192
5406,1361.8862708771924,1368.1749280359682,12.814328193249816,1374.1120003013682
5493,1369.9733577130385,1375.4995812830791,13.456327653601852,1381.4584194718861
3237,1376.9940074747583,1384.4216188266603,9.489623977858782,1444.0173898099058
4681,1381.5016116761092,1388.4755020295736,9.908465760859224,1448.9526912255155
4679,1398.9110230671529,1405.233518589454,11.965195320735477,1451.1682220031548
4749,1407.1539035334263,1413.2425710846023,12.29378311048202,1458.0000924849453
4727,1414.5394441041508,1420.3998873130397,12.18827120042181,1460.5634770360632
4611,1416.4734657247313,1422.4466031585027,11.923022151358605,1462.7821885847773
4761,1488.6457074066507,1495.041444511303,12.300098663969573,1542.3874372693647
1807,1499.7559302833042,1506.4300878916465,11.299922745333088,1548.5127941536914
4746,1520.8046995800519,1526.5543867733245,12.447104906060266,1558.2048635962274
2478,1534.3079277668505,1540.6214199593642,13.621700021360084,1560.341221090975
5489,1559.067025566567,1566.0091968288996,10.69732752477821,1621.8134471938677
4558,1567.0900192339057,1573.4585022762462,13.573851165644305,1629.4085924312108
4606,1600.2476330098282,1606.2444594217575,12.100079675519927,1632.026861018564
4769,1602.3764343586754,1609.3683840591345,10.33985472087633,1634.4694503226199
4739,1627.6041790222616,1633.5190520558517,12.782851669505703,1640.23735460275
4756,1643.6112011128378,1650.005180313076,11.115984268479282,1656.9243812982538
5478,1659.6081214827516,1666.39959822049,10.956083657188145,1714.2408916362504
2490,1667.9654987196413,1675.2232082619457,11.014388792554739,1716.6660022414583
4735,1670.9603304233253,1677.4034578531111,10.645545529958484,1718.7541957114372
4770,1673.0750128318768,1679.4374752948324,12.711160617173581,1720.6263073784316
3226,1695.0584371647662,1701.3967185931333,11.304528344923932,1724.7231027852074
4816,1702.4116144074135,1708.479216229325,12.853240212229986,1726.4993436558584
4722,1716.2084172798866,1722.1939248008448,8.001595346328985,1730.0051819494108
4750,1727.5026838530193,1733.0785755260686,12.888650288136848,1739.231771274863
5408,1731.7315599519277,1738.4886159163561,11.146769493473105,1745.6461676685637
5385,1733.6877492296721,1740.3874622552787,10.752950607699,1747.4772574664455
4732,1741.84227482413,1747.1673152694132,13.702973095166726,1801.4066064254166
1085,1765.7197832476386,1773.3003387404217,9.950650809133103,1807.9302274558195
5463,1807.2533645300105,1814.3578835290948,10.927777169554629,1821.406367059852
5492,1816.169010778353,1823.1106236284097,11.655994376224037,1829.9496609539262
1747,1850.0344901988328,1856.508721703929,12.073199167407143,1894.1506779882818
4810,1853.5953788152947,1859.5113209079796,14.528129595372032,1896.6864234703091
1729,1859.3248742416226,1865.0797745893954,13.151005716396503,1898.6337743575589
422,1866.6686869327218,1873.450600795947,11.17735915894862,1902.4113806377507
10297,1868.785248279391,1875.3223907102017,12.162395597353564,1904.1895251492815
10210,1871.2195595042463,1877.2463034465868,10.943380825403118,1906.1094336759588
10251,1873.0607580606875,1879.2063443625148,7.931025325270229,1908.4536784596387
3206,1909.74816839022,1918.4689028620774,11.009398345667396,1925.4016483473251
10276,1927.9791074483392,1935.2810315814047,9.845401204526755,1981.468337229262
3100,1938.194151004404,1945.0191019303247,11.801486078484615,1984.1649768114387
1730,1945.3080365348023,1951.2311891009754,11.725548564848536,1986.824724580264
10199,1950.740264113294,1956.3580254950487,14.20461884712247,1989.051167006471
10229,1964.614039916871,1971.1076074007187,11.363189242762518,1992.9776177202887
10171,1983.623305833739,1989.5006881541894,14.202270434085678,1995.238631270654
10195,1985.6264178232261,1992.1114230834637,11.944157656676474,1998.8413017889266
3202,1987.9585710081137,1994.0136957483937,12.873159212674365,2000.6089870466246
1027,2017.935939656155,2023.115798495788,12.482575217991322,2077.9976609614605
10191,2040.6773346631248,2046.4745088974585,12.372124690378374,2084.1984419226687
10151,2046.8343670024303,2053.5490725279224,12.209899536106873,2086.3751413440614
1785,2051.94402751787,2058.300218678475,11.985176805070285,2089.3227255728093
10998,2075.8878032690614,2082.191643455476,9.416035680445194,2095.0537376019593
10209,2131.1955328571685,2137.2964532698243,12.552510016876882,2181.0682055019874
10227,2133.0162293864105,2139.2403467996146,12.124616775990587,2182.982367021464
10228,2163.9906286937294,2170.142069824055,12.011349952667024,2184.6593583059675
10977,2173.146693281,2179.331368582,11.942520355863659,2186.5539665261313
10920,2175.0521838601685,2181.2587534168188,12.263550020628655,2188.4448939046124
10929,2199.202206891858,2207.2376867596918,9.194601285083849,2256.7354461709815
8664,2214.0489541829684,2220.0291617278544,12.738389035211961,2258.9448955977696
10263,2236.018473143177,2242.2570135030387,12.445179293354792,2262.6520703435167
10194,2237.9035963264705,2244.064617998851,13.110242896367708,2264.4777995734808
10235,2255.513934250372,2262.2634277560496,11.097498014332778,2269.4613323775957
10223,2262.1039847496004,2267.2016292405688,13.999470597842087,2272.692904269638
10799,2263.8538768431195,2269.005061471811,14.594623730951449,2274.5874341717454
10720,2267.587568490875,2273.163485870775,13.91328538450925,2279.068203502117
10923,2273.336044527506,2279.1832168946644,13.444021901892272,2285.317283107248
10971,2278.1920579550624,2284.1987130302555,12.495655623546046,2341.519289294429
10286,2285.3985500620556,2291.165808463435,13.030334144952429,2344.232842033708
10168,2298.9268411498288,2305.4845382039366,12.366038979163234,2350.958898298274
10200,2311.5999361261092,2318.2622775047143,12.080002797241223,2355.5765411953894
10193,2365.111317214799,2377.481759360131,10.06667472565756,2439.006955503108
10185,2395.7060280147894,2403.058190430861,10.818599585910482,2440.9261559932775
10253,2410.6780876550924,2415.628180867076,13.538325188953518,2450.8110345967552
10153,2423.92033980232,2429.1656911052355,9.364240271582347,2452.758030417964
10180,2440.9294925751265,2447.3532622948874,11.840427883341585,2456.403727565322
10957,2442.9260989434883,2449.4686837257705,11.274609348953923,2458.348593068331
10946,2444.9833413147344,2451.3999585140878,10.454294639863564,2460.2188550297165
10279,2482.1790291139773,2488.6212382667113,13.477772951813732,2524.115039699739
7261,2488.861253815327,2495.3139377851844,11.894081868308973,2526.916448337935
10124,2493.0351036016777,2499.3876447953708,10.720497877776447,2537.716683456614
9190,2508.001410080371,2514.317319963261,11.777454298794188,2540.239739568834
8717,2529.1118319051784,2536.0294625309175,10.75064297346977,2544.5300686323503
8686,2548.932848771563,2554.426035244921,14.161386198585136,2611.304961707719
1659,2576.8893119006693,2582.3478841406036,13.757847471970495,2614.043985506697
10259,2581.768918786188,2587.144893806442,14.772930995604337,2616.3407522578545
8734,2613.9654598058764,2620.0880574079733,12.546067750847437,2626.176683910408
10158,2662.6386558326208,2668.5967970581287,12.406787063747318,2701.4096453770208
10891,2718.5817349192853,2725.46172075946,10.905860001754423,2732.870842585505
1095,2747.9540605704096,2754.301124246184,14.006328479465946,2796.0604602935973
10309,2829.3660086673303,2835.4550115052566,11.958248875819812,2895.4277971938477
8719,2839.8227394275464,2846.341387333237,11.238646595682384,2899.8329890351624
10308,2842.18135686881,2848.245737597852,12.508882392926065,2902.139000431639
6584,2848.179408001565,2854.551478319201,12.405040830087389,2904.166864662169
8682,2852.9649431817124,2859.1780696410565,9.092568357772983,2905.826649046783
10907,2891.7971441585105,2907.035866290151,5.443524251711788,2918.156396070583
10255,2906.5016912897377,2912.2799681635693,12.50687729957224,2971.659060319596
10109,2932.68728136478,2938.431592089111,13.460487691618383,2974.225507515469
10121,2938.3199502474076,2945.228260654652,11.355449855577305,2976.7653095365217
8665,2973.7686116865034,2981.1026891867145,9.843585016748571,2988.90065668672
10912,2975.979928106605,2983.0324119614083,9.178069907474763,2990.718828590163
10952,2977.765129530429,2985.106577891192,10.255882933114194,2992.547936079925
10245,3003.9195611246223,3009.2536159869896,13.259436565894852,3061.3963379965194
10243,3018.742227377862,3025.0198424754567,12.898492655982823,3064.3528820224356
7274,3028.1910132234143,3035.1238156482473,10.682284370334244,3066.5199990195333
7226,3033.6154917488625,3039.4252485851894,13.354079819902024,3068.676720264152
10933,3071.083358534481,3078.4981709352332,10.284188187063458,3086.2742184980348
10985,3073.483868898877,3080.436595550302,10.367252308564725,3088.1558660764967
10924,3075.3376596014796,3082.368598367756,10.11317254712893,3089.882892659128
8011,3088.0942724811066,3093.5314897981325,13.93490913228493,3152.9705923909387
10205,3092.5879137168426,3099.056349934474,11.652964071625712,3157.2026435589178
10262,3111.7082847689703,3118.5770249993443,12.053763654610503,3161.944615967023
10211,3117.9323994588262,3124.303471385761,12.110426812084453,3164.109326135197
10293,3124.8127239436203,3131.156192437576,11.958488138685812,3165.9523355814276
10835,3155.890869383987,3162.29828368158,11.313604197014014,3169.627989975681
10399,3157.7267712785747,3164.1078372643565,11.981136933095488,3171.3900764927753
10940,3163.435183879681,3169.4151890816265,13.145173649502272,3175.9148341590067
10266,3217.51297621972,3223.502778683128,12.858072048887855,3244.156873604013
10163,3223.4711166518746,3229.564812401053,12.702897009913407,3246.452630745654
8721,3250.273747873903,3256.5007316453925,12.335787291910538,3263.122279994697
10930,3252.893336966566,3260.260536093562,9.649397703807438,3268.4091962785265
10879,3257.718293097298,3264.3226436440877,12.215026577825205,3270.907273100643
10926,3259.8985298000234,3266.1157919158954,10.781641546255186,3272.706898523572
8678,3289.939568263421,3295.6128759974044,15.574582590786367,3338.1018284551237
10233,3294.5696916204543,3300.504293489487,12.986556795257458,3343.2233726554887
10212,3321.6272956666044,3328.4249838390997,12.032244878285306,3349.822078073957
10260,3323.7287559414613,3330.319754112384,12.618086134878823,3351.654566761105
10949,3336.093824488718,3342.0490122872166,12.551054828549997,3353.523447544954
10936,3343.429885800682,3350.0680362331527,12.666703672455034,3356.5998332507434
10120,3361.8133385080655,3368.1009511540424,11.740988371052284,3421.497349826082
10250,3368.511083504521,3375.1290574411273,12.076674300332618,3426.491725419154
10275,3378.420430774881,3384.264215942603,13.383961378829156,3428.66579396672
6557,3381.6643897448566,3389.1429348699085,10.145775151751625,3430.5712109818423
10230,3396.3509430970357,3402.2086479046043,12.40092282161688,3436.28942688709
10198,3426.6527452482474,3432.253402643459,13.790386791759811,3438.162772162863
10277,3468.361842728778,3475.068792795234,10.765817547042262,3511.793563585297
7303,3472.200854821122,3479.1112855479564,11.742931562460226,3514.441310599199
8661,3526.770890736122,3535.097638527545,9.411014945282027,3544.018733572874
10915,3530.3866038947917,3537.2354935312155,8.907789959667921,3546.003311900728
10997,3532.2901914999666,3539.259557861531,8.564457296597132,3548.7495585746883
10918,3534.0464754929203,3541.320638232624,9.117866647200355,3601.286396186293
10975,3535.9336613397227,3543.2706571087115,8.965904934462081,3604.03752988103
8755,3546.592208814628,3552.575120008084,12.078700048077579,3615.9500561850186
7238,3557.8724491321145,3564.3732569788954,12.709006965653876,3617.9435898785887
10157,3567.3572565048103,3574.2644364758644,11.276046521491104,3619.8717057266695
10188,3635.443322593931,3641.122434938793,12.614717512310941,3691.483112737024
7241,3649.952817473586,3656.1080834840604,12.79072615753693,3696.32543471944
15774,3657.526009580015,3664.141746411345,13.132778420834631,3704.310989365783
15746,3700.6257143792704,3707.2396680623037,12.100644262830068,3713.9633923884467
7974,3797.3308560528153,3803.0447647475376,14.749118877963452,3808.276539130792
15765,3799.4353021963657,3806.114447640701,11.36573092258652,3813.125112617707
16497,3805.342878585639,3812.487704513063,10.535669093755166,3871.635305578655
10938,3807.359165381266,3814.412547777401,10.42607470949293,3874.102682905372
15601,3828.458718382535,3834.4751713918286,13.139896944314366,3876.359313250964
10987,3834.0135603985627,3840.2947528806453,12.75054730368928,3880.6338348045397
6579,3836.512370719377,3843.367119883152,11.232389186236578,3883.9979219905185
16437,3888.1845468149563,3895.425216471242,9.957325127203033,3903.1367121315775
16422,3890.0450135210403,3897.4751967894813,10.498962330686927,3905.1457816952716
16478,3892.0851717068713,3899.3697495057604,10.44186087650115,3907.2667534439984
16438,3893.9560281616427,3901.263158165716,9.425493858663934,3963.835548362173
16410,3895.7762293156184,3903.2221235625393,10.305690949771524,3967.1305551790615
16393,3900.996845545336,3908.1741840279155,11.322474038629899,3969.3454195602994
15807,3903.117894950018,3910.0210209076795,10.70187908163134,3971.5169779721887
15175,3928.9640859508354,3935.451527656988,9.779930251419401,3981.5955867682856
8009,4011.7949553930684,4018.4165828446485,12.407593315803917,4059.6831846067157
15660,4013.866811342967,4020.131191561474,11.8774203233166,4065.3935642742836
15684,4026.5089898420324,4033.006338473094,12.233702126095023,4069.9647448602723
6545,4031.297193840615,4037.508171414354,12.878022861556799,4072.609316040133
7916,4053.986626949139,4066.0988736944705,6.022357086098057,4080.4008408782943
16366,4072.0753349994884,4089.075638257566,10.973218905731231,4150.805520834434
5882,4098.164593298398,4105.14088953256,6.853479119125159,4160.434193433728
16368,4149.820891068917,4161.399419004471,9.033520171081156,4169.305832146645
16482,4190.243499327574,4196.372881028797,12.30933634247416,4231.574931997706
15627,4192.767768425743,4200.070114703436,10.500296040827212,4234.126966382751
15648,4206.284784879127,4212.213563547629,12.942763821824988,4236.807028084455
6586,4277.81275470166,4284.140924982454,13.276234110170135,4323.474421782753
15761,4286.279824216989,4291.535379931318,13.87921443710275,4329.247081452032
15708,4288.138204274392,4293.299045537417,14.071108367093448,4331.304600093199
14175,4331.186843768046,4338.035415972916,10.828682851580156,4345.356264218481
16469,4337.057384635897,4342.565839249858,13.148532732449771,4348.963637587908
15604,4355.683383120777,4363.02518483557,9.497223790362503,4414.533041681327
13480,4374.10075527552,4381.1470075685775,11.736676450068705,4418.877625312545
7978,4383.301092634737,4389.429751857426,13.295897968274,4424.696288018462
16430,4418.238056549689,4424.557332897112,12.67308691256797,4431.651052571852
16389,4420.114033725032,4427.229715192265,10.545192034462303,4434.757862628717
15726,4487.320447235457,4492.259131432797,14.791184187970867,4501.6414217016745
16395,4515.465771246372,4522.035004677461,12.68329570533735,4528.445351082432
16379,4522.362039120223,4529.109293828951,12.11210359926896,4535.6436046330155
16399,4524.540522687918,4531.052614528226,12.814523079516539,4537.395397875344
16429,4533.648362085501,4540.106035704668,12.85975136197111,4600.387809461387
15806,4535.759086102824,4542.259097229975,11.841778101444106,4603.457779831274
15653,4553.986097845761,4561.266541911314,10.939135157371519,4605.679751406956
13522,4556.85874900076,4563.372899619839,11.285689585658217,4608.1020842264015
13417,4583.6982176787915,4590.327400087883,10.78257146673902,4610.078719046851
15614,4595.6504804262895,4601.217214611177,13.602163771212501,4611.904799398983
16486,4597.4913959592095,4603.32491085454,12.81559522812259,4613.592032825271
16401,4599.530012537173,4605.120933844256,10.570960206640855,4615.298445077781
15777,4612.136305983076,4618.506628013487,11.245620400040908,4625.4685421026215
8759,4624.658735419736,4630.503565226532,12.471578155778372,4683.70876478487
15729,4638.549768129775,4644.493103690089,13.179711707766186,4686.865549846069
15682,4652.844129803005,4661.397487717957,8.308695461370224,4693.804761500618
12061,4659.875427203295,4667.087845517853,10.232613811782839,4695.874727685182
15698,4683.7895091170785,4690.155701498738,10.191525621987257,4701.583364945377
8607,4686.056291085669,4692.225269991095,7.558416732595848,4703.386555338862
16449,4693.404399940457,4701.305856046041,8.006699318711979,4708.817304281894
15674,4717.509337647041,4724.335926757524,11.28143528154359,4771.710110419787
15745,4734.754413600261,4741.070157006507,12.183948940626996,4774.3997958085465
16415,4773.633559548755,4780.004103105937,12.24026961629147,4786.644934642636
15198,4824.969282605655,4831.425701495742,13.872345713278676,4866.119856068257
15811,4845.004178018693,4851.046307231502,12.428676687648853,4870.824452613818
14237,4863.89670028035,4870.182357877638,12.716638817784832,4876.637685402835
16385,4867.6260840299765,4873.469114768524,12.457685495197605,4879.784950561963
16351,4869.842361869683,4875.5357027357,13.144694209134181,4881.60972218476
16496,4885.337375744108,4893.211272648159,9.634149300714434,4951.510869239559
16339,4887.276516125487,4895.255830982192,9.029791933813085,4954.36650611959
16310,4889.2623852984725,4897.287161729759,8.70241340940757,4956.829327063445
16492,4891.328607856731,4899.387525931233,10.654491821994641,4959.025993240877
16457,4893.4363059882735,4901.2867543832945,9.48938839104946,4961.186716876448
8583,4895.423900922089,4903.295725528778,9.300570604526625,4963.075717763439
15721,4898.887608586264,4905.431055584249,10.824977133593897,4965.3636059561495
11380,4915.641899821701,4922.014546228589,11.518108557277532,4967.099459441806
15669,4920.321500848209,4927.038765518104,8.678268800590901,4969.056108766081
16454,4961.14069108125,4971.253742688649,9.713338846167945,4979.324017440993
16381,4963.218789810267,4973.179254725245,9.735392606183396,4981.11896921614
16467,4965.158463224587,4975.444730703368,10.584560502186855,4982.910939346448
16423,4967.0251985534005,4977.232560779355,10.562120721534223,4984.852568661452
16408,4969.078550507071,4979.139234758894,8.484958604047414,4986.641906715413
16390,4971.272163152816,4981.20624611561,10.25900180720332,5041.3803710101265
16421,4973.700909985539,4983.191459901668,9.734032542088402,5044.218527267497
13444,5000.03269122825,5005.522516841296,15.057452487099173,5046.616853133821
15776,5003.195828101424,5010.142410301369,12.155910156775958,5050.998196871704
16317,5043.709125133317,5050.393413545722,11.601114330806011,5057.623747540883
16396,5046.011096236565,5052.262563579088,11.926821497653174,5059.499605184679
16440,5048.074432657277,5054.128706015863,11.171383489111442,5061.232266172939
16403,5050.217949730266,5056.114554600642,11.36102660397983,5062.949891696725
16298,5058.719300549912,5064.426141828794,14.761762223806732,5069.942016313762
8643,5089.6475083186615,5095.237206126359,15.72042541782401,5147.08268388032
15677,5094.730929510834,5102.001976766342,10.13793908330515,5149.846356771036
8731,5143.986681909008,5150.4396596952565,11.449427156864276,5161.857498639186
8733,5150.387749226493,5157.063279052925,12.668501984020306,5166.765752432659
15723,5181.408896193109,5188.133669633721,11.752805050845954,5227.827680831416
12712,5202.976039405853,5209.349154723928,12.123589138298891,5234.66818469209
15780,5206.268200762713,5212.565865426888,13.269071078056697,5236.62125437628
15699,5233.983536285154,5240.243820535063,12.269474820756868,5246.580353039555
16355,5238.093271187599,5244.568393331891,12.136423456756075,5251.476179142242
16418,5247.438129557545,5253.404936144848,11.921574351051687,5311.52986073285
12020,5272.605972095594,5278.5768944141455,12.62213304569363,5321.822238584853
15659,5276.377811132836,5283.2560440931575,11.420431758692501,5327.0330896508485
11941,5279.385319946975,5286.273937211564,11.80946849201274,5329.790257300842
12785,5281.567285197879,5288.069250874816,11.861257892364835,5332.7843750620395
16352,5318.24748955387,5324.226983880882,12.277903196894803,5335.5233740161075
16341,5334.734267018072,5340.422493844391,14.275868755302422,5346.140046802255
15679,5371.801224062734,5378.546237644077,11.02518800750204,5415.15052316415
15731,5379.159845173681,5386.3075497523605,10.879553093902894,5417.1172871319095
12067,5382.221224996774,5389.195368699589,11.212768203305865,5419.62550268791
12727,5386.841043374196,5392.60175397111,13.985574102579719,5425.564610295304
15579,5429.470779543972,5435.298817867897,13.231180613813123,5505.281229547579
15691,5437.659315171974,5443.3359851293135,13.021213720700242,5508.0637322668435
11401,5450.13024699907,5456.273939517783,13.154937420866448,5510.808870509961
12048,5459.566911760323,5467.321846394577,10.380410050806285,5514.593527591361
21119,5461.680911837701,5469.247178925669,9.866046743309184,5516.566909941681
21108,5467.822407593356,5474.445941559863,10.61095519194772,5518.821431236398
15558,5499.603689783051,5523.301114502811,7.744368589882918,5581.440224987039
15722,5503.448128311177,5527.481821603507,11.444826778860271,5586.756246020241
14118,5506.905746149251,5529.287264492568,11.222541894331336,5588.831962116087
14246,5509.311498974746,5531.207366796222,11.40386387998511,5590.895446094855
14137,5511.5831227019535,5533.208376259158,13.134752585263293,5592.694361093663
16426,5521.484342413343,5535.107476821733,9.973731116297305,5594.5193580621935
12107,5538.164819316095,5544.450373803683,12.887018961091826,5596.283451307529
21146,5563.407836334054,5568.469442600506,10.414307375617689,5598.131436335739
21101,5590.49252268003,5597.034226196222,9.616740742766885,5604.3102686962175
21932,5600.590632135515,5607.127045080323,11.2964014514167,5614.158390308599
21192,5609.561265749524,5615.463474496257,13.185146675464399,5674.244533343319
21234,5614.169473830985,5619.47694444655,14.56117248526608,5676.788777623643
21196,5635.3866754186165,5642.117453889996,11.441435910493754,5678.957823066634
21209,5637.45778567088,5644.127053296709,11.924596976152104,5680.963260377173
13495,5641.385458254216,5648.081221684623,11.248696744315133,5684.873768195385
21991,5697.303914396602,5704.018926100038,11.000797601904765,5761.585340855988
13471,5725.08889169484,5731.488631775863,13.490012501807016,5768.815929142797
12032,5729.548136771105,5735.533384463042,12.402184310976507,5770.836143864125
21887,5777.491548264142,5784.160660411696,10.986762605778589,5791.271299300902
21902,5784.322111801626,5791.244502812908,12.15210681260607,5797.941479519494
21205,5809.040182368155,5815.275601166645,13.279872588323542,5855.640904258833
14207,5813.6564291562245,5819.588562335347,13.952794056060837,5860.36024318965
21894,5868.094604735242,5874.094918569617,13.412058392700242,5879.789265266006
21878,5870.376047494908,5876.299269381871,13.26211585074036,5882.194887729604
21988,5872.490519340801,5878.067218271044,13.762290493417115,5883.934127231957
21228,5876.071282966721,5882.239690884297,11.747222149837176,5941.3353888616175
12791,5877.930785607277,5884.05475681044,12.795927718919964,5944.04353412955
21120,5885.453361671899,5891.315742033546,13.060770241399197,5946.371239484905
14165,5902.3159080651,5908.136191060948,13.595480827858816,5950.549133083075
21223,5905.119569501003,5912.072511499603,10.630594421375157,5952.321848577767
21232,5915.297744911391,5921.100515954756,9.621904930144195,5957.656654170579
21941,5945.756588215902,5958.140392285874,7.705949842760621,5965.181001193297
21980,5947.543874010086,5960.37549055534,9.567964905350523,5967.1415900166685
21155,5965.653884263522,5971.0633871416785,14.426561125010402,5976.721007921308
14662,6005.153933671884,6010.108038246307,15.570663764242985,6034.2703716590095
20976,6008.128336857584,6015.040804429853,12.159063142459821,6040.429521130824
13515,6010.715098695799,6017.383379777095,12.992225961400546,6043.127334185537
21118,6022.852645901627,6028.082593726031,14.502517362622276,6045.3972056967905
21251,6062.884352654548,6068.29500422181,14.34253497896878,6121.360201906745
21099,6090.248535255678,6096.077686637084,14.391025507403091,6130.163078531757
21168,6105.820551481053,6112.047743301285,12.074075873818382,6134.874996180901
14233,6137.37829447247,6143.482630055339,12.47446367255766,6149.873175785086
21936,6139.268711230352,6145.23379350119,11.671201348502755,6151.519719270129
16495,6145.71130821456,6152.43178304028,10.929469028081884,6213.355740780423
14201,6147.603604553046,6154.248093862332,11.061405256152115,6216.167836206074
14156,6153.018910455527,6159.327496093851,13.249305126009236,6218.479317441333
21040,6155.172949102682,6161.137838535512,13.078593357106755,6220.645355478601
21267,6170.348907758911,6177.260976543272,11.186697959180494,6234.307814220152
12040,6180.223764925562,6187.037909121811,11.598392413785524,6236.291673500421
21195,6184.696154210406,6191.487825067926,11.063818764248948,6238.256567627163
19664,6192.469269650689,6228.02422535444,5.599034733001806,6244.353057614406
12786,6260.589426636911,6267.314035414306,11.67754144507742,6312.961307065698
21153,6262.96693520273,6269.266802079698,11.503061122891582,6317.510404187543
21298,6315.919646677508,6322.425792923178,11.051558792459149,6332.390110315565
20124,6350.488385337283,6356.473826516678,13.391876610199484,6391.829326478272
21293,6355.453977031859,6361.079589426775,13.331923265129737,6394.642368443167
21173,6370.458975461753,6376.599767484262,12.665484352138124,6397.035264164512
21263,6393.710944931502,6399.479183343932,14.940972667807806,6404.757843942076
13527,6409.917482333882,6415.56145167561,13.245889938245284,6421.618217398929
21203,6412.098325085973,6417.508073957816,13.227812830109828,6423.413682656397
11419,6444.4061248768385,6450.35328430901,13.003993232666542,6483.954186523476
18843,6448.243493975037,6453.48416911611,14.747578264810132,6486.028171029
21269,6484.114466902691,6490.504305536199,12.773055972995513,6496.9357556041905
21240,6486.107151201122,6492.208231503458,12.670636147243325,6498.706239249951
13535,6487.851765790218,6494.502141861822,11.602865891284747,6501.613787618788
21307,6489.8103156995885,6496.261791727425,11.650397007702452,6503.4265795101755
14204,6491.713976047613,6498.1362195980755,10.657804229685302,6505.242950622729
21969,6495.184189335278,6500.313276582967,12.691123013670325,6506.878235956693
21207,6543.114888438434,6550.050934683497,11.284391024877932,6574.547032637347
21221,6549.4862512190175,6556.178684024445,11.365083535765306,6576.643716566908
21162,6573.815041525623,6580.490692498084,11.807465753975976,6587.172750714848
21183,6576.206190407244,6582.329543291204,11.218410800951375,6588.975245315674
12734,6578.0453730309555,6584.178136709745,11.775217350161252,6590.655309653233
19002,6580.408504472323,6586.362748267999,11.789289440776784,6592.876661064423
21886,6586.59671221996,6592.499531508496,12.448320920251799,6598.869369858333
21288,6608.437374433596,6614.3872030641205,12.812196527894136,6664.427663726427
21100,6621.652928006285,6627.536067341704,16.386763436138395,6666.480624672819
21149,6627.949961847278,6634.224715383897,13.702290871576048,6668.5068711296335
20707,6636.547477428902,6643.017805368321,10.973924006888693,6674.855826046699
21252,6641.836770171623,6647.475483625478,12.344697355496162,6676.570131226431
21233,6647.419205325544,6655.388277204817,9.73610667680028,6678.915637283285
14164,6679.982249276472,6686.322875243813,13.278124853445968,6692.27271134072
21951,6688.240650006246,6694.541675800989,13.573331886591067,6751.616973214438
18251,6690.566118644644,6696.450818951592,13.98337789890182,6754.202860051202
18218,6692.776360501883,6698.559555667364,13.212115375607208,6756.905843344898
21262,6708.532495691355,6715.339367280605,11.377085128049902,6761.001257959615
14216,6719.798221195536,6725.229758626562,14.697463299176162,6763.276050018448
21898,6735.87920499608,6742.417780505034,11.96171439476645,6765.38659082285
21767,6756.01205348453,6763.096002470712,10.906838972540143,6770.467590182699
21846,6758.08896291389,6765.00226643901,10.920211572269617,6772.361397800867
21918,6767.594601725044,6774.423945176324,10.816130343370592,6781.630228606815
21780,6769.594390015926,6776.374079415156,10.552018601530994,6783.532734317405
21857,6771.542795828324,6778.263856635413,11.190314285253526,6785.465666939554
12790,6804.152568233617,6810.218551718251,13.323967196659869,6844.987680605346
21175,6809.269180517703,6815.011179505378,13.096673265372068,6849.2338873476465
21236,6843.477224021862,6849.065850133316,14.628149812627676,6854.469201425556
21253,6845.629386475837,6851.56097837188,13.476087504185177,6857.6247019958055
21917,6859.4522316078865,6867.036079277372,9.875828381290278,6875.090741143119
21979,6865.150372295191,6871.1745433840015,13.731118329860221,6877.204024672892
18236,6914.101845973655,6920.520141864414,11.43852228767848,6941.960057758502
16452,6935.760720858393,6942.511447694699,10.626112234824975,6949.873713970111
21934,6947.259188257634,6953.577840502939,13.204883568532908,6959.654624811995
18872,6958.695373995397,6965.383836208991,12.371472385002575,7021.640386965231
21210,6964.718697841199,6971.167831487079,12.327123137279209,7024.3798386537665
21255,6990.311316169011,6995.09136505818,13.557886662888825,7032.968467647793
21107,7029.6793863544435,7035.527693919783,14.112627619337342,7041.060085084071
21817,7042.753753483844,7049.308713236566,11.46932646352357,7056.609913326981
21942,7044.629918427159,7051.36856517193,10.972186943138187,7111.746753336712
21813,7046.54187680488,7053.282564054462,11.625968135529275,7114.651512266709
21929,7048.297999950295,7055.075217914578,11.07299887322599,7116.802747457698
21304,7075.154277579617,7081.291529041853,12.339639785122827,7121.20100194547
21275,7077.087950882041,7083.068888577223,12.051580129728606,7123.434173064412
21126,7080.620195616556,7086.613672228846,13.113168108475284,7127.188105127474
16466,7115.707107243548,7122.543442367704,11.643497428909988,7129.637376214306
21975,7117.688139931013,7124.431859716066,10.289174484370422,7131.490940290499
21121,7145.561735632337,7151.391970441126,12.380893730075439,7201.363986040255
21248,7171.992942088935,7178.241613510956,13.339188441958386,7206.559296503772
18977,7180.0761730450085,7185.429505042292,14.197544542793652,7208.637975397155
21310,7181.561453339701,7187.116508832778,13.45568442612704,7211.275639875335
12628,7255.693079503368,7262.1457425426015,12.070389516784548,7296.197161154599
21883,7300.203949894243,7305.470455942185,15.028830926859909,7310.8648645111325
14103,7319.876186519197,7326.491940579538,10.850434393573043,7381.633845867598
21241,7327.158360853696,7332.56121385928,13.808726453438094,7384.382548374846
18969,7346.6647181891185,7353.27206562659,10.721389430438423,7389.002571904899
19699,7349.160733722923,7355.222407505607,11.247261801482322,7390.844284625831
16491,7389.3576419222245,7395.168332691212,12.397250128000247,7401.512178101132
21944,7393.166487480565,7400.413654007007,9.637191960677324,7408.103757112812
16464,7398.654518837135,7404.5442876902,13.060853062415287,7410.753718968695
21919,7402.569176571808,7407.467896636928,14.992923313187521,7412.798987715272
21952,7412.8786773388965,7418.428703571747,13.15617433961213,7474.671887397768
18888,7416.557567866524,7422.081490613691,13.762008167389872,7476.9301049692
14146,7480.087290482384,7486.06138591932,11.830149857562168,7492.384057761571
21891,7483.522596840457,7489.406677403879,12.14142422596592,7495.7806123406135
21914,7489.4014367396685,7495.220610698819,12.220671470246282,7501.51002150692
21750,7564.100304974713,7570.5165950558485,12.391764485927418,7576.774304327292
21764,7566.058341089019,7572.4484131794,12.078280669971036,7579.296730457938
17601,7614.566792354498,7620.486643755633,12.539926402425001,7660.936271594208
18990,7624.435844132941,7629.449464990949,14.490663566351166,7664.719543701898
18259,7700.669753368334,7707.304584250578,11.226507283588019,7744.198261621406
14223,7702.558606933668,7709.287099679196,11.359263636089095,7746.445979724077
18306,7743.751190474085,7750.168365479968,12.544427216905365,7756.495455775697
21390,7751.980632777844,7757.580859014711,11.964794461413499,7763.659291898083
21903,7755.740886398874,7761.557843391991,12.320058712779387,7767.576423374662
14104,7774.027694656821,7780.408264778436,10.955994159077273,7831.47655248135
18968,7802.421143640016,7809.3315748740515,10.27957460406851,7834.472323379533
19023,7804.318170533871,7811.207808369152,10.391388199284131,7837.093699255857
18212,7807.914509850675,7814.040045788317,11.807820998983393,7839.130471547244
21845,7844.352940182472,7851.039035726324,10.922352564089316,7858.351172219129
21720,7850.570352967122,7857.450913770975,11.001587378319146,7864.523993495664
21966,7852.474540337023,7859.295314155414,11.526909195254348,7866.546917294506
14179,7854.238551083156,7861.16032784869,10.528731478346927,7921.582858162733
18275,7890.312589989389,7897.175888217094,10.68480309153702,7924.491157148621
18249,7892.221075675437,7899.144331734399,10.62750555571948,7926.730776128254
18255,7972.291981454165,7978.388333692508,11.746237379525349,8013.1089193930175
17604,7974.544682394745,7980.415016982015,13.190295781919572,8016.18163180724
18265,8002.286119394134,8008.194560398311,12.374622892581607,8021.066773268664
14235,8017.730573276658,8023.535942358182,12.640731477819706,8029.940014115709
21876,8060.375050284044,8066.26338069388,13.179369187378228,8101.350033339937
21889,8103.482380838444,8109.324994207558,13.548863384495608,8115.093506729701
14238,8105.999567853834,8112.0429045388455,12.745904473680698,8118.228481507722
14178,8107.997491273156,8114.4767067596,11.601237918501853,8121.4040273185565
14170,8174.300362634282,8180.194787321427,12.907915063330073,8191.5949224363285
18241,8261.853171746272,8267.36530794179,13.638390353074529,8289.352876789082
14144,8289.579307809525,8296.027116006557,11.88537201360842,8302.670732652185
14214,8293.407851028722,8300.184103527625,10.865154022399576,8307.33430846282
14148,8313.128909383067,8319.461082761885,12.126910700550171,8371.457793689988
18982,8317.866236498388,8323.094610154432,14.634116179072294,8374.079737656608
18980,8334.244568372947,8341.47394555288,10.253794796004629,8376.235508759142
18156,8341.5621558021,8347.401438803332,12.664178248656258,8378.163924209532
18945,8358.345540001626,8363.537806867054,14.31384899187545,8382.113888095271
17516,8373.576192349,8379.563754972583,13.2492313626968,8385.326044023306
19019,8375.769379556676,8381.59764728782,13.590723755968211,8387.708960884718
18953,8394.546962279592,8401.234627129956,10.557243332049069,8408.39358924582
17579,8422.66975883218,8429.109917822692,12.214122031692915,8466.813033611485
19005,8426.931450405104,8433.3315656222,11.487956461994157,8469.41106566599
19029,8428.774026049741,8435.121533477059,11.989875840275465,8471.723110394334
17520,8432.76835451464,8439.391007265087,10.68322285302541,8473.923573136482
18207,8436.650179371472,8442.426625598337,12.633512220642604,8475.85178601854
14251,8463.339457085398,8470.166629435595,10.73370745330884,8477.945104902848
19733,8735.496331561786,8742.029296317807,11.772949034943029,8748.87205753916
19642,8737.790611071081,8744.326047308,10.951773293795647,8751.337220849064
19687,8739.758335867913,8746.182896645241,10.93514813542764,8753.128147551504
19597,8827.895036407579,8834.336093169013,11.532773363858592,8841.299021842098
19709,8829.779879247862,8836.156580456553,11.303683974780165,8843.158621146436
19680,8915.852251692071,8922.11623268161,12.214800602123358,8928.585149895644
19715,9110.048621471775,9115.604401785748,12.671134524244463,9121.54234328217
19746,9183.767110464001,9190.00168271382,12.917502699459405,9196.246307559415
19661,9201.264310185265,9207.32334040381,12.445363099364776,9213.674197180972
19662,9203.171202610965,9209.13384633736,12.264900787017918,9215.450527941459
19729,9273.55606677203,9279.176728255814,17.58302465378199,9283.701136189507
19676,9813.680410964253,9820.288716189953,11.646314628383468,9827.114264831536
19645,9815.737128967821,9822.178879010387,11.077640409414842,9828.782374772554
19639,9904.030507460111,9910.112762839188,13.149268988769398,9916.027087725133
19707,9906.436506906513,9913.325999233377,11.079724495815666,9920.694152327103
19675,9908.443378623902,9915.201950301285,11.819588416770385,9922.53678118327
19640,10083.414227689924,10089.29859868408,14.085301328920469,10095.000121156467
19740,10100.44696164472,10106.269063518543,13.263799555501727,10112.415648852522
19727,10128.021602027784,10134.394186331605,13.303550996030513,10171.603685001792
19619,10173.471031604904,10180.122398503123,11.041708960631112,10186.933503072622
19756,10177.750132154337,10183.352554343874,13.052827339372252,10189.228601283745
