4056,104.4880816281874,109.5857824819655,14.972307608907762,114.71395151091292
3621,273.2566250603678,280.1676224475992,10.93317384693714,286.6446557996373
3614,275.60787700188934,282.1252736156636,12.081459274799665,288.3073576863604
5390,328.91222410553576,334.23688855573886,13.752815911831826,339.5589840687786
4718,363.5651439297943,369.3794561503189,14.194826613777815,374.6406141325592
3618,365.76585782514286,372.577020045548,11.915441145673194,378.9457449087083
5426,426.4548674613292,432.4900656304297,12.256009063737649,438.3051098764585
1649,532.2421662311725,538.5201686716968,11.698852062211946,544.6285581894033
973,546.9433115053483,552.2608381496472,14.898613296034057,557.3864780472526
4051,553.1988404525143,558.4472769368505,13.969836194975212,563.7526455702698
5429,606.0623098560127,612.4411363378525,12.08806594278751,618.8413595457578
1624,624.3412144990821,629.5605006403181,14.735491138227385,634.7137102370701
1698,678.6984612199572,685.0104177556686,12.106425202818572,691.0
4704,685.0402472084604,691.5353647753639,11.20214186869975,697.9718592412354
4733,687.0515818686573,693.4048478614616,11.608610193931169,699.6021791253921
3161,698.3461614309318,703.3690955831278,14.712242994294531,708.3901344393405
2371,710.928402883651,717.2621405714901,11.1640405523829,723.5374756350151
926,794.336451097562,800.2367266477667,12.320017485402488,806.2756614088026
1012,820.2199019629832,827.4478021452828,10.769903648888276,834.2955647303305
4766,906.3876584366844,913.504013333614,10.444215973092913,920.3022963566096
4754,913.2424592534373,920.0421094409193,11.532862925614918,926.3601789883187
3157,948.7036590600813,954.5522168340618,13.505252699586764,959.9372845941905
5412,951.1953243583787,957.1722497752706,13.089436998053518,963.0
1637,958.0397287130431,963.5029407809433,13.647617289194251,969.0
1645,967.2251533999479,973.4310843321891,12.021661777178716,979.6961793453972
3151,982.8018383143814,988.3745562352667,13.255844864250392,993.9178382533847
3629,995.6465556947938,1002.1292374780844,12.651859077101406,1008.2549511362088
988,999.6233059367197,1006.2150381795615,11.827353493169944,1012.7407761350381
2401,1038.7306938468703,1045.4407922153212,12.178080588345852,1051.8096726346407
5396,1070.2989682679909,1077.4256569037868,10.912226776632329,1084.2536136564302
5417,1072.2800174089577,1079.3467174871598,10.029556325099984,1085.8138757891368
5418,1074.1889111246135,1081.3304453910175,9.410356883004978,1088.0
3626,1082.6285085189868,1089.175549305792,12.993727145604998,1095.0
4774,1090.804974197629,1097.4311372973466,13.233437804825908,1103.1803042686138
3124,1128.8357533620524,1135.3188924353447,12.449098208134016,1141.213366750879
3114,1130.9130092371158,1137.0755721011858,12.491023459666268,1142.8104598452044
1648,1140.7872091969396,1146.2348183743313,13.881325114077843,1151.6359861895842
4744,1173.618949444294,1180.2792947775124,12.112982699958376,1186.5242800192198
3628,1178.4103979718627,1184.3773493538354,14.649162775973142,1189.2740689594852
2385,1231.298522788028,1238.051068654832,11.241998678751331,1244.7197277339126
1701,1236.3503514512886,1242.0908576151132,12.689769788418708,1248.0
1669,1251.047112208667,1257.3635856718256,12.065084760719834,1263.613152811241
4697,1312.8990199936138,1319.2114078498882,12.337256666057623,1325.6296384565715
3095,1330.7980418506913,1337.0585778271795,11.55587447054717,1343.2778377854077
975,1398.4843342477734,1405.0345689578885,11.840082470412804,1411.0
5448,1404.8490908139977,1411.0478519103788,13.758707767287087,1416.4669008863732
938,1450.2847418640804,1457.4725200784685,10.11611412874517,1464.464093240358
2430,1452.3365412666626,1459.3605689060703,11.461702753294292,1466.2178279424218
987,1459.8674184178662,1465.4020261013777,13.303276328879281,1470.7949436087208
3154,1501.92207352037,1507.3190850395051,14.15706380623358,1512.6787121604707
4734,1586.8534782414442,1592.3433072641553,14.107988641770488,1597.7433595984164
5456,1588.7200762859952,1594.0474715982007,13.420997898531462,1599.3230451125214
5399,1592.1699012288918,1597.584889352549,13.89805735630156,1603.0
1657,1594.8879340707545,1601.121858354638,12.271845506916543,1607.2364550635418
350,1625.287607491208,1631.3948664416246,12.34107417944188,1637.0
351,1627.171284205235,1633.1677363559857,12.652047633933565,1638.8454593981498
347,1634.9638086767752,1640.3557094463058,13.132825542222605,1646.0
1666,1721.3961214426802,1727.1503437974068,12.3810453545883,1733.0
2416,1767.1905659924612,1773.0278087237207,14.025553582893435,1778.0
1702,1777.7740883814686,1784.3556841697757,11.165260930807348,1790.9268882624463
2400,1784.6449645339644,1789.3886405405447,15.221940832953289,1794.0
1653,1860.9764871340976,1868.1521872606147,9.909943867530593,1875.3361877799316
1688,1862.8965518784019,1870.0680389814493,10.819496433467998,1877.0
1006,1938.4150581313345,1944.3436570021267,13.866851870347656,1949.8225285367575
1626,1946.799854264442,1951.4634664067169,16.03701159908191,1956.0
930,1982.7980790015672,1990.2673974145948,9.806131215418537,1997.4402539191226
4709,1994.9178957876918,2001.3411791811686,13.707415160125276,2006.9239608822675
1700,1999.8271028285908,2006.3444626877551,12.579666795239925,2012.1765490379507
1630,2028.5466208011685,2035.0656337210037,11.377675719835192,2041.4439996938067
1636,2049.200485313801,2055.1859331099,13.138102827536832,2061.2323975439112
10210,2076.569081026359,2082.559702702435,14.566966485125615,2087.8575616409507
9557,2086.9230287694604,2093.245157390466,12.70998425916117,2099.218009667749
9553,2095.184729779905,2101.2275709140913,12.196036072221483,2107.3392108505686
2376,2119.067924086404,2127.2237972347884,8.71959500880106,2135.364254663373
2348,2121.0265280540652,2129.2172832671195,8.33997915186535,2137.0
5428,2124.9819521717673,2131.4069583408577,9.099630729948213,2138.851288136841
10221,2166.853096304678,2173.044897948154,14.387258014661727,2178.228676689532
10199,2172.779387417079,2179.0380521621414,14.077494801544528,2184.2007115324695
10273,2174.8466457712148,2181.2532647688613,12.045978522367633,2187.3435797240572
6433,2178.2674141614425,2184.6097665400953,14.451406630455859,2189.838520560523
10225,2214.316615299344,2221.419223991027,10.289775235193975,2228.361624946759
10191,2220.1003815471277,2226.420834912053,12.745107441597348,2232.200307570294
5860,2253.044563501191,2259.4918709400304,12.504102269434682,2265.316707296509
10247,2255.691310197082,2261.60001365716,14.18006717554474,2266.9935550282485
1703,2345.8082075074985,2351.5684091052194,13.817595031994557,2356.8941353028486
5398,2404.0409467956806,2409.5210212428246,14.09604673651926,2414.97425872018
10917,2488.465247256018,2494.3321905120742,12.772005640311344,2500.222417713978
8596,2500.5750433160606,2505.501025149768,14.98267976938069,2510.4384763769854
8632,2568.4569637759905,2575.2327240220648,12.060300367110068,2581.5333709221622
5460,2570.7921890920384,2577.320718924765,11.720347319928564,2583.801078119933
5407,2572.746052141624,2579.0919408793557,11.554938907614494,2585.4898008844775
8640,2579.3002794439967,2585.2924758163954,12.570862085748564,2591.0
8594,2582.112553877398,2587.375264294693,14.134641725611031,2592.7892111919796
9116,2615.4266740383687,2621.622186476302,13.418637681089352,2627.294198872654
10265,2617.5612966503654,2624.0388681916893,11.654641996333668,2630.5859917853295
10897,2619.673845926553,2626.244272641578,11.041913446797567,2632.8497547498787
10901,2770.2771056702527,2776.2686442408835,11.466749138622337,2783.372633170155
7919,2841.772144223656,2848.250975201019,11.559240950569752,2854.5894287648825
8626,2848.065766812658,2854.4880234737125,12.725729874737635,2860.0
10939,2853.0717807219644,2859.1810339672998,14.120571466792567,2864.264851375879
7136,2883.2629390794596,2889.591103096443,14.485687808191777,2894.686781235987
6503,2887.4020478919483,2893.186998357165,13.440147799417288,2898.684731608504
1647,2889.4923243765265,2895.2330992452535,12.709887681982355,2900.9656712826013
8656,2931.131799815898,2937.0956163834703,12.978959043476033,2942.741902379242
10932,2935.0135162819197,2941.4896423272844,12.053442889083612,2947.949449912807
7927,2939.570023105785,2944.6077878814294,14.977692309428157,2949.7988197973305
7143,2943.34788618737,2949.500950135334,12.266934085631677,2955.5456452124786
9554,2984.351400906621,2990.0450238911053,12.446011246113441,2995.718392544822
8588,3049.1102027063507,3054.455808137277,13.461956845682144,3059.835173804926
7850,3053.810964290385,3059.3510090638606,13.70648564673395,3064.6698594673876
9547,3109.17665626481,3115.067506343487,15.544404857973973,3119.9437285474746
10255,3111.1565027162846,3117.324431292615,13.19567681083287,3123.0
6481,3161.2459892104102,3167.409701657,12.613889854292246,3173.3010007784333
6506,3166.8133028203733,3173.309486879337,12.142919153883811,3179.692213207784
6457,3210.954617819995,3218.319610639304,10.13370696802072,3225.622601707021
6472,3212.850942345123,3220.2485615243254,9.865333450034417,3227.409845015507
10900,3218.9991742248108,3225.017695918608,10.624788206758666,3232.0
10243,3245.610265999872,3251.5946347628064,13.009339037589692,3257.384148636595
10192,3253.186406056143,3259.514488096334,13.268227755737454,3265.0
9118,3260.0943474785918,3266.0875376104873,12.953894507621005,3271.7070628201773
8601,3311.895285849119,3317.594257160249,13.226730235371566,3323.1721253062965
10895,3313.5857433202036,3319.349464776554,12.960949883686533,3324.9374384246103
8624,3315.853719688891,3322.245143383951,11.626070702336353,3328.5604794202604
7122,3323.353334037237,3328.515600855846,14.868154987817075,3333.4890482361643
10262,3334.201116400024,3340.571064423117,12.6534152646228,3346.68009865219
10222,3380.9317680855092,3388.215272076337,10.162510551189955,3395.3599590887115
6460,3383.071952411304,3390.1488429490673,10.737943782872707,3397.0
6456,3385.2289105275836,3392.0397124935553,10.898147517036167,3398.8422244659996
8611,3396.929170932436,3405.087224533035,9.36644194198,3413.294031665006
7165,3399.2002799402135,3407.1224548864006,8.814450513741399,3415.0
6510,3425.3932607564952,3431.3282056992066,13.87568872696786,3436.670372598376
7921,3468.8152042086313,3474.539000908578,15.498249424661674,3479.526500501218
6477,3514.8604064340734,3521.0202466445767,12.921083135159352,3526.93375681481
6493,3617.5428086529832,3623.5294082323967,12.989599668972469,3629.214954373659
7137,3659.119643750876,3665.2935939206254,12.227162814197083,3671.4827473199575
10942,3669.152734866603,3674.5421956857194,13.43417071887605,3679.859226982027
10959,3673.536534413134,3679.4242615953153,12.850674816334836,3685.253136995913
7889,3684.007267399611,3690.2958349527203,12.056147742210305,3696.595319864433
10919,3752.049033338078,3757.551331802642,13.225355006926563,3763.0
5856,3782.761727697393,3789.007210431416,13.111154190262168,3794.5004261167546
7176,3839.872884264097,3846.2560759274425,11.667825479476068,3852.7584603920986
8639,3841.808518924418,3848.0886691805,11.544086229011732,3854.2954799891295
7193,3861.8951868079166,3867.11530103596,14.056207693613153,3872.321625430834
15763,3873.3895316945573,3879.1250554216776,13.748461152941344,3884.3029247689446
10207,3875.550151371581,3882.1346026563524,10.872699837024092,3888.4853032551837
15706,3968.780118498607,3974.5840643238075,15.271074031887274,3979.4825360260206
11981,3973.6029513671956,3979.5646979396515,13.479116279044284,3985.0
7133,4008.7269013394043,4015.103328206529,12.86508074928591,4020.9362269226467
7147,4025.379432813153,4030.1480618243822,15.179477287969036,4034.8951484028717
7911,4027.9513959279366,4033.4998903928176,13.545872337346829,4038.980689325585
6442,4053.2631229076032,4060.2250615166945,10.995484258056955,4066.6708192890487
7125,4098.579651835129,4105.124330398951,11.559126312291383,4111.647415593959
7925,4104.859776358122,4110.434060276999,17.525113427042843,4114.735906599066
6444,4111.59200658612,4116.399935201422,15.005004638750378,4121.0
8647,4118.629881314419,4124.506439239668,14.678614160347916,4129.708288116204
15725,4146.752948239645,4153.178676869794,12.880966358297945,4159.0
11345,4149.900558182782,4156.096828750722,14.054521861011537,4161.350034835776
6501,4199.435034719912,4205.442873556561,11.70791066288546,4211.682319314244
7124,4203.781138533011,4209.237702704833,13.141749538292421,4214.605943853721
16461,4211.087753171645,4217.393491836027,11.433889036421578,4223.733575995471
6465,4216.534537329479,4221.622006283542,13.867286850796951,4226.860669860081
11977,4239.69614631539,4246.171400925063,11.259459323935602,4252.721974782422
6494,4241.750772019667,4248.05167312062,11.625209423003172,4254.400807004913
11927,4247.288705602901,4253.55628439868,12.437200447655663,4259.846305485231
6430,4278.7532127233735,4284.5770312725745,14.425486994097403,4289.861180647043
7174,4280.857981393628,4287.00355597758,11.967345260696149,4293.186423082054
14134,4294.233065998143,4299.474389054799,13.6689510614368,4304.6931508315065
16433,4296.2806091784,4302.3570011116,12.50261469420384,4308.170854465861
16382,4298.076801705312,4304.154344568611,13.134789929659574,4309.807688315348
8575,4304.158956992326,4310.245880676505,12.403331702333144,4316.2880032075855
15043,4347.310259493172,4353.495440931527,12.004383539860935,4359.671441482124
8623,4383.504538460027,4389.533478234343,11.784217874747537,4395.469780764193
8653,4390.940128322056,4398.0586517162565,10.162251722406358,4405.259087151393
8609,4392.839849658874,4400.029724932674,10.810858230329835,4407.0
15757,4433.077604205726,4439.080077579508,12.356162074729873,4444.72714695811
14096,4461.753203126976,4468.235233936633,12.469906251620511,4474.0
15057,4464.366732418494,4471.179642526256,10.75676380661869,4477.675160587642
15708,4506.610343350545,4512.473029433193,14.015097156709174,4517.66137878742
14158,4551.084027245414,4557.401754249857,12.186247505127287,4563.580834375789
11971,4552.957448971498,4559.1744364709575,10.620234554727483,4565.262308803931
15772,4555.202562352304,4561.168116006458,12.390559518186038,4566.928219718472
12656,4564.5243306649145,4570.053215721046,13.348686851055392,4575.599833796009
14609,4605.401585028554,4610.5073777007365,14.085691714391178,4615.564585548888
7121,4638.86342432974,4645.051044929679,12.755247538580543,4650.612333219737
12623,4641.028731916364,4647.127798519153,11.980079061911018,4653.0
16465,4660.665648046901,4668.320188220523,10.048686316386368,4676.0
8636,4662.83960749645,4670.371714740882,9.172107859764969,4677.7060051812805
14612,4687.17476867114,4694.389424920523,11.808825502205863,4700.881615866104
16424,4728.9788546258615,4735.563145182204,12.405240622481415,4741.715453678808
15778,4762.811968324642,4768.022360038231,13.549273801572374,4773.357556402405
16446,4818.790641960378,4824.615954667596,15.876533855745162,4829.300556035023
12622,4828.799253485976,4834.528201863073,13.522862261045526,4840.192440440605
16406,4833.330622424898,4839.508983596569,12.317359378493324,4845.449419156387
12705,4835.093820777452,4841.329250870791,12.505680735319944,4847.0
12693,4836.910040047108,4843.150322719487,11.26611430549264,4849.0
13425,4838.715285135189,4845.009234870898,11.983624083017022,4850.710241849136
11356,4869.007118943597,4876.2103156654,11.216336670919807,4882.69988246875
14614,4953.020276457035,4959.26193573049,12.697464400008416,4965.0
15695,4955.846314978195,4962.351473532359,12.153242337795016,4968.775048514233
11963,5034.505413526685,5040.363763640414,12.399735325045004,5046.305606465627
11942,5046.122367076453,5051.279532205864,14.820892435986755,5056.5255370572995
15751,5177.112166976859,5184.044181831442,11.136255675252302,5190.790277491038
15745,5182.714593461982,5189.477937958688,10.622782359207685,5195.953034476963
15742,5269.179493292895,5275.594706282013,12.918231107787806,5281.515012730767
11943,5587.498683002966,5594.460532075899,10.278983848548364,5601.208731529774
11973,5589.375112877071,5596.346082294582,10.702342855959573,5603.0
14162,5738.444180257272,5745.372381757396,11.251396118654817,5752.191228042013
13359,5740.411527409012,5747.288870988291,10.209267431710453,5753.970869576246
13421,5742.36097948851,5749.2003082751635,10.40501431023615,5755.938116592627
11929,5771.137527183321,5776.336738830784,14.974885765913895,5781.3499176153
15691,5772.637145994305,5778.541125230176,13.360226275559466,5784.0
20115,5774.478985245168,5780.579721180687,13.308277188205494,5786.244570733761
16426,5779.683718647186,5785.04427508993,13.341272299224459,5790.365864780663
16412,5781.990857029113,5788.344471553871,11.765944155676763,5794.62183694109
15722,5786.001906164607,5792.158942423461,11.51964725074636,5798.5144791323
13412,6005.074865733449,6010.12533681409,14.185473475883388,6015.234734263281
13423,6007.8740753065595,6013.513290589638,13.208835952204987,6019.0
13377,6014.697916420923,6021.035103985042,11.313704626294617,6027.433666205871
13393,6093.660807966499,6099.136059419136,13.82288742717306,6104.529425876587
13392,6096.71770254164,6103.014826987254,11.95809179800427,6109.328445239488
14126,6101.721859285603,6108.471331947721,10.28367169207791,6115.2201475316215
15716,6172.473011284861,6180.164514186566,9.274594322050346,6187.792410436261
16420,6185.017836717521,6192.402051227774,10.66566597965236,6199.513900133894
14155,6196.285706206709,6203.151040672391,10.644956737756033,6210.0
14088,6198.112485671175,6205.056757079282,10.307905293449343,6211.669191254327
20549,6228.932604570577,6235.161076534008,11.752103367378602,6241.511586449962
21209,6281.4022175160735,6288.454697720372,10.990478908643523,6294.925342002537
21887,6283.567682531955,6290.355002795282,10.90747122373494,6296.978442321426
21888,6285.580596866493,6292.26388886562,11.299864678557471,6298.5597653532095
21894,6287.695895778076,6294.159343549064,10.707762520986932,6300.21317735332
21232,6289.547346300734,6296.108897747351,11.542438346450046,6301.925102346184
17507,6315.934813213555,6322.117927839821,12.571501653071548,6328.0
17508,6319.535996973977,6324.390681364191,14.445781597228107,6329.709972502523
12013,6349.449619401134,6357.122951529562,9.840794644699209,6364.552963199756
16453,6351.636890120166,6359.0475857934325,9.563771898798429,6366.0
16431,6353.715921549815,6361.091285148696,10.548329406178624,6367.897808906514
12645,6355.913240960864,6363.057772491469,10.412133269879721,6369.739713591655
13404,6357.826622021047,6365.023328458768,10.306276833383789,6371.460145983334
19657,6362.617065589653,6369.471317836222,11.947081577243228,6376.0
12671,6364.717372737984,6371.266889374238,10.476487480612475,6377.74101154904
12684,6366.701546976669,6373.141340779991,9.967503369110108,6379.754465344552
21259,6372.3821118537035,6379.352017971547,10.297646065441617,6386.0
21198,6374.249303357182,6381.295805243576,10.135135137704175,6387.846917675298
14100,6376.075605927145,6383.146586262575,10.21777404155748,6389.683033226393
19621,6438.773177260713,6446.15103265754,10.033562133208694,6453.46881951806
21239,6440.813514707321,6448.134021611613,9.33099189431838,6455.364234651347
12664,6458.721477728965,6464.34099215427,13.61220008577472,6469.82509128305
16450,6460.552343466428,6466.134297451875,12.43159142689581,6471.776004803633
14105,6466.51549479129,6472.370388938007,13.047582395923857,6478.209632066661
12687,6500.984663331893,6507.061801540887,11.726944779201467,6513.0
21266,6527.933301307291,6533.466293105309,14.788590041476592,6538.463809102362
11953,6545.798065315172,6552.376961337264,11.666096798018964,6558.509911415109
19637,6553.549296544756,6560.06683624709,11.341723017207,6566.616733422544
21923,6561.117646173226,6567.504953223757,11.702407657296677,6573.874018704847
12697,6562.89666175967,6569.369685032208,10.947094496926372,6575.528199216635
21926,6564.922987363009,6571.196424361921,11.93471011819126,6577.0
12627,6577.267251013932,6583.142763900509,13.31526843338996,6588.817888990299
12662,6579.257386098742,6585.19564093937,12.53962088516541,6591.0
18120,6621.055425495996,6630.077839756958,7.609991553705782,6639.0
18197,6623.069923429209,6632.276488160908,7.503566935970038,6640.786249409274
17495,6625.3405397335655,6634.3867027640945,9.325613448255153,6642.517526793859
18847,6643.268380675394,6649.346588599496,14.394914420067856,6654.613300880682
21905,6647.547479038633,6654.1997166752235,10.861613045254918,6660.960346161716
18897,6649.358740852469,6656.070729876782,10.552879449830177,6662.6866097266775
21272,6669.042302484158,6675.434197281781,12.968494883398494,6681.326825963091
17475,6676.014796769712,6682.115733097852,12.000969969149468,6688.0
16846,6680.226651060951,6687.509347676081,10.750800130249901,6694.687322834911
20106,6757.270430037081,6762.610465129236,15.199828247308366,6767.375694382922
17511,6845.594708218962,6851.498091735341,13.082443634772478,6857.0
20117,6856.088464497528,6863.200362274671,10.986146682684954,6870.319478878813
14159,6902.4506020007375,6909.439685788206,10.88425816630157,6916.434394415804
18870,6910.3034098236,6917.142177840482,11.713233375890987,6923.589730324624
12668,6912.4084058044955,6919.225433773107,11.089854821498369,6925.866647191578
21951,6935.835731806793,6941.396345202765,13.56166584627037,6946.948101098067
17498,6938.517164418099,6945.357214461465,12.074552151440047,6951.469954825603
19635,6996.843037960613,7004.115501817062,9.859646070172369,7011.3157231053465
18194,6998.833852166686,7006.117113194744,10.267724661569876,7013.0
18136,7000.939683932757,7008.085082469112,10.525583055907271,7014.749111233605
18876,7002.939046855148,7010.031432630792,10.82860650638779,7016.503912203968
19605,7010.633457134111,7017.480090866701,9.943631483474379,7024.0
19607,7012.69013491451,7019.498494536661,11.50293104729649,7026.196303040855
17502,7035.1657043985115,7041.3303648571255,12.15351420136965,7047.197743052041
17505,7041.114002058106,7047.293591437647,12.248284356871254,7053.379024924605
21238,7082.074141632921,7088.545100718172,12.390442864940878,7094.987558060838
21882,7084.255934668431,7090.354976032305,11.290842768383019,7096.730800313385
20121,7115.433572399606,7121.375532017923,13.925552602966519,7126.590281078604
18173,7117.315349236073,7123.505344661326,12.623646337465555,7129.429542579099
21233,7170.252433652742,7178.422401236444,9.57619782868381,7186.476051152201
21227,7172.161632107325,7180.332750592789,7.7343492011426935,7188.0
21202,7174.230561868981,7182.387484932184,8.89942476560754,7190.0
19572,7176.290019046551,7184.407401339281,9.72668549464743,7192.448920576283
18181,7189.088959107662,7195.362925598822,11.939741713917789,7201.430561303085
21273,7269.935420615947,7276.488658777425,11.761280206114249,7282.947208099243
17428,7271.75240980524,7278.34913273558,11.608545259136642,7284.792911550527
21948,7273.719315325587,7280.312657850634,11.276236712938072,7286.7718717506
21921,7275.533799407408,7282.132817785873,11.166052740745094,7288.4051035246375
18135,7277.577439029901,7284.012244297719,11.171120555972623,7290.0
21930,7301.491871576142,7308.335320057109,11.130185939816856,7314.834135397997
21916,7303.690020178344,7310.214284689071,10.906499168863292,7316.424904649736
17474,7306.896278088299,7314.503806526775,10.684557865286083,7321.333562256789
18881,7338.743625839455,7345.378350595753,11.063733860967323,7351.873096742448
21274,7340.810719093654,7349.35928352833,8.702203221858223,7357.733662140022
17439,7431.675129970396,7438.008427272662,11.920157830623097,7444.0
19625,7433.678441933733,7440.510209972545,10.674010859182777,7447.283701976195
14154,7440.224864978984,7446.463956678176,12.370024101382956,7452.699245094916
17500,7475.293808057362,7481.579640898067,12.857527895538448,7487.349336735986
17478,7481.312481718788,7487.35804553561,12.320435848182296,7493.184223699068
21896,7518.5899397558205,7524.418175579159,14.6943495808072,7529.441654061924
17513,7562.747254903157,7569.056148237286,13.165998358894305,7574.793945815522
16855,7567.085932071776,7573.207821544867,12.045982068807021,7579.240977930209
20108,7569.082707404661,7575.020483702429,11.33785299886807,7580.920699524742
17457,7610.644834604673,7618.458118711438,10.12759411938257,7625.64975372127
21925,7625.401165720154,7634.009721222368,7.999121200285158,7642.259281236062
16851,7656.004211401307,7662.001567226914,13.02173837239076,7667.520995963983
17486,7660.074891441737,7666.382236602545,11.459780323502933,7672.513464516389
21960,7710.190790371974,7715.434361191086,14.604191309670998,7720.680640381853
18906,7721.86906607653,7728.133323332636,11.506607981438185,7734.401500244206
16452,7790.551529125251,7797.481726599614,11.144006903165996,7804.0
16414,7792.55696261989,7799.317095630572,10.664083809521907,7805.652810154644
14157,7801.694252806537,7808.053012515207,11.01672678416026,7814.467896781594
18854,7812.65742964567,7818.343189289355,13.338706629780049,7823.912307269392
21943,7878.69360416391,7886.382373491107,9.47420752925695,7894.0
18132,7880.707294751427,7888.314922577352,9.889694671795445,7895.7905207093745
18880,7922.716985488645,7929.1519932962665,11.669072579582483,7935.188933695021
17465,8014.961851045258,8020.4410953888055,15.263878770126306,8025.2644178750115
17438,8105.375377609768,8111.088821115176,14.342427083423845,8116.219447222291
21885,8109.089092387374,8115.007050782091,14.257794351480694,8120.386035154736
21928,8115.931816344949,8121.486782575084,13.707104146176036,8126.778470013252
19589,8248.656522934045,8254.439473661532,13.406757442061954,8260.0
19659,8788.800030738535,8794.423357251528,13.201844103549602,8800.0
19609,8968.810260713644,8974.564724462525,13.331946692517334,8980.300196567367
19615,9153.50995389896,9160.013616590402,11.666125250090818,9166.354444524379
19656,9329.149864371155,9334.026443699888,14.724000898059092,9338.911606061349
