844,229.75102468463308,233.62797725088103,13.846602749128799,237.7763877323893
929,233.50725994000746,237.5133698950096,12.556360960157432,242.0140010375306
879,323.68868230143096,328.2830778811959,11.839963796708295,333.34426706006667
902,326.15942671645524,330.2329551919469,11.237454155648999,335.26081145155047
910,334.17543075920656,339.4299412009969,10.259065598961334,345.38864970258703
866,392.96607978650775,396.5704014287646,13.555790347344011,400.5546113223254
1003,412.1556021400653,416.36431425207843,11.666359207834736,421.0138950956773
333,481.3428415593659,486.44237930839876,10.075105323907847,491.83931221468663
939,502.09573866845204,506.11020018502427,12.997556152305135,510.5070023848752
900,591.8804028374789,597.4047731319821,9.347799011845781,603.4622996132683
997,593.788448918919,599.3807774468431,8.594444029540847,605.5679668061616
1012,597.921792646764,603.4639526260944,10.1697074277315,609.670561106328
883,679.7019257725772,684.1612344075979,11.446410588356294,689.0673629188462
911,681.7423240355429,686.099332805073,11.372384302148504,690.9006373663956
876,769.9456702122194,774.0453843685748,14.109144870521249,778.0027003750816
932,771.928495841984,776.2901013118352,12.196542636167415,780.9995272438131
362,860.2306907776099,864.557569217048,12.489088109828618,869.0550669278605
861,862.2548401692752,866.3166914446234,13.117574928109583,870.8754978696535
358,920.9357732231963,924.4679767977073,14.491854806116823,928.2715390019818
888,958.1472036167825,963.083458226544,10.13201350024049,968.3229082949932
864,1039.8777246424343,1044.053349910666,11.703973815984257,1048.7164362447058
892,1042.1622497530968,1046.0179216844929,12.001692994278,1050.5027303549512
1107,1084.2095199339342,1088.1529062790903,14.010138638052721,1092.261652905016
1615,1117.2575995876564,1120.5375971585108,15.553772525013954,1124.2819436815823
870,1129.587778853039,1133.2323916087666,15.016826823510854,1137.1555708297847
1011,1136.5919464094084,1142.0374913328644,8.861670868772638,1171.4366533298726
996,1138.7449794776303,1144.0788150977774,11.077360091835095,1174.6274686764477
2259,1173.9399641844252,1178.332357917754,8.363629839385744,1252.2334171928194
2314,1266.4421860155453,1271.4779876477396,10.017822516518288,1330.514017926675
351,1368.846210230585,1372.5452938227481,14.029000414385061,1404.4912918561265
347,1400.4450774979034,1404.4955859367333,14.028900207594418,1409.0516459254611
332,1490.063544823511,1494.4708058980734,12.099221137369389,1499.3579164850305
352,1491.9012728813736,1496.2145455266848,11.769360239058749,1501.187917418976
980,1501.055909942096,1505.4553517960478,11.589412025990189,1510.24815709344
335,1502.859487672308,1507.2236282992574,11.963192702655912,1512.1884669419203
331,1504.8444817736508,1509.0545260710464,12.224576049643135,1513.9888020172702
359,1507.031021248216,1511.2076614957157,12.794920236028686,1515.89480742159
354,1556.4862826615981,1560.2590035975695,14.085055886083838,1564.352531792391
1559,1564.2484429774775,1568.0992910044017,12.529286295779656,1572.4428239612603
1565,1624.356832924035,1628.5874936282057,12.96480666968998,1632.7822532202288
880,1634.438549537066,1638.2484107161752,13.920876496707491,1642.4672179184313
355,1645.8727332827266,1649.5074877555955,14.021595464484935,1653.4970328591505
979,1669.9507256671038,1674.1882002535099,11.736436883370478,1678.8896197168285
1535,1726.8456075253048,1731.1148141367485,11.883987791664763,1735.756716202228
1566,1739.9335272473181,1743.4520029463267,13.975988886370402,1747.3054513129523
867,1759.897255295052,1764.0121463961066,13.033095294078882,1768.3784680719518
930,1762.4182625129167,1767.2726913833703,9.839290162919443,1772.6760260407264
346,1764.5644776921397,1769.2857784710184,10.031474639490389,1774.6027844536181
905,1849.9832788011242,1854.52099735927,11.453260341292856,1859.6006350495527
407,1852.0254307248224,1856.537981109412,11.025134588243377,1861.4068739239974
849,1853.8700519631354,1858.377960090369,11.479580955067561,1863.4503615508945
1009,1917.95296622492,1922.3324597069397,11.266082343369627,1927.1269929195378
922,2029.86454449766,2034.0841407669122,13.10476146580935,2038.5502069429588
6382,2033.9919600881253,2038.3138791505755,12.439180096537743,2043.0263725390155
6418,2035.9025480880057,2040.0770383527472,11.27465184072362,2044.772748672619
5897,2083.7722254027253,2087.083572822019,15.327885453092096,2090.658750988302
5860,2093.0101894128798,2097.044497087709,12.281647261523327,2101.441718346047
5840,2130.2138916582217,2135.3762760422587,9.607424572977312,2140.8962495023984
5928,2186.138090382321,2190.127351440667,12.79502070001596,2194.518152144915
6431,2188.932877279734,2193.3497316563858,11.238793971110033,2198.153294455945
7757,2271.2428226792304,2275.557276613258,12.581479082905146,2280.2528614757953
1577,2289.8292524468047,2294.224033874793,11.25390089614394,2299.0499377316955
5833,2301.782746470384,2306.314143469975,11.415794177945015,2311.075573117777
5858,2303.5524640577405,2308.150846888915,12.679407224493183,2312.8815347141535
6388,2343.855852397112,2348.2464446986783,12.326365054629608,2352.933698697541
7809,2346.052513731633,2350.125727890542,13.12034653751515,2354.724539158375
6500,2391.6291403454484,2396.3017512215297,11.449401853193322,2401.3439718368877
6369,2393.8413849592225,2398.246271181791,11.960078263430866,2403.151557300218
6427,2395.7036575009524,2400.3529265844427,11.293692894917895,2405.4050646309943
5848,2397.6468977308855,2402.2201571764504,11.098188030500669,2407.2374650116235
5895,2447.304774397485,2451.3382692507153,12.511898918263892,2455.8821497035688
7975,2450.9107275016936,2454.606841178359,14.115215533180704,2458.7216036409854
5896,2457.08251088975,2461.195281609183,12.105501519671671,2465.783130562519
5924,2524.0810943123947,2528.318104434327,12.493176602209468,2532.808718182455
2531,2528.3564677719364,2532.5323130664087,11.284293246803522,2537.2987057087053
7959,2535.7634695630672,2539.5225450054845,14.33589093983419,2684.2474166205598
7136,2538.614772310419,2542.3326646228243,13.813695553151044,2687.7365246463933
1647,2540.5597794868836,2544.452824726384,12.488797970797293,2690.107409429116
7231,2542.296825884382,2546.205604601711,12.456873965409002,2692.494142403589
6345,2557.222954459125,2561.392850821109,10.605368472604118,2704.0571919288554
7036,2616.4421128244367,2714.240410797288,7.922032083566653,2773.6063844264127
7823,2731.5201923669283,2786.15041385935,9.61443975659053,2850.738856424966
5866,3321.988198136904,3345.1047607765972,7.765840337018911,3488.7441723095285
5836,3616.040059027035,3620.3251397280737,10.233696872613734,3752.769625352638
5854,3621.866246580354,3626.277316771205,7.249474249507593,3833.6613925264414
11344,3833.853679007936,3848.032446739326,6.715230908913424,3874.5194526066243
11345,3835.6237464024903,3850.386999333002,8.466966120172877,3876.86283391346
11335,3888.9035753853204,3892.4222541004406,14.336925474983122,3924.074721972821
11977,3923.6060566547917,3928.4907894717626,10.090515118171396,3937.7421394295543
11331,3932.3104133505726,3938.0887678680174,9.291745464857977,3961.498649818821
11328,3934.3898901502453,3940.1185372196423,8.740622138745977,3964.08205186523
11844,3983.190756417178,3986.4602511867038,15.887104273757576,3990.6822793011843
11334,3988.409245781124,3992.422479587699,13.384045939465395,4014.0744388637518
11412,4070.316840442474,4074.2808310674272,13.325921346067119,4078.829053331598
11359,4100.114935854082,4104.304132343824,13.936323955845548,4108.593354440506
11995,4189.754870048416,4194.008837040877,11.851952425348633,4198.672193695094
11882,4193.716344562258,4198.358256069458,11.147128199142047,4203.489519532574
11901,4195.848620111956,4200.182435954979,10.950505684051148,4205.289869003131
11347,4244.773504884838,4248.488869766091,13.805460780533767,4252.550997454451
11346,4248.177168560533,4252.3349660289305,11.742778258450308,4256.861491767699
11936,4279.770194476165,4284.418674810748,10.70674877930515,4289.497778873665
11876,4282.158066689386,4286.391091004911,10.891953475259513,4291.369779473025
11893,4283.995485750045,4288.241540826598,11.829526731694829,4293.2412594505395
11337,4285.788100796908,4290.131338579446,12.00534299976211,4295.157287416639
11939,4287.764655714515,4292.302131066378,11.917228617827995,4297.313694406584
11967,4289.663910432741,4294.0138360524425,10.67436327098965,4299.197461826066
11915,4371.490121312346,4375.417482054462,12.814574307260447,4379.553857591433
11956,4375.705184217768,4380.400297206588,10.38356393319256,4385.493739816779
11867,4377.538533950714,4382.278164778727,11.618993451495486,4387.650882449354
11991,4379.525191431008,4384.144022068559,10.887400075529637,4409.364064211356
11937,4381.241801763683,4386.088832374126,11.882021580020682,4478.05534152481
11336,4383.1810388419235,4388.013064702133,10.71910371911072,4480.856414118549
11891,4460.063343750381,4464.135567791713,13.174571959562742,4483.66205538771
11862,4461.9370241700435,4466.096445002193,13.316841565405838,4485.951127127285
12597,4520.900849080151,4525.021562306298,12.980900292337356,4529.4600971487
11845,4552.106533842834,4557.134420351306,10.64097243820733,4562.600792345808
11932,4554.144080426822,4559.059626030241,10.233864025164374,4564.5099730676575
11944,4556.637000339687,4561.274675251118,10.929610180963703,4566.669410764764
11997,4558.601420813437,4563.134001213032,11.60601565893814,4568.921414418108
11910,4560.431899309776,4565.049483919461,10.39308833238253,4644.400843355594
12531,4596.408156530511,4601.159322279362,11.159235848488859,4734.272210332375
12587,4609.893286207511,4614.553998232245,12.048980465877968,4740.568219020351
11869,4639.7243650035025,4644.1982908637265,7.2077364065789045,4757.672240801091
11338,4910.118203982614,4914.3523154873355,12.933253327172697,4918.827417779689
11355,5003.64270251792,5008.1449050980145,11.571650544181834,5030.514166386378
11348,5005.460450086641,5010.01792309891,11.6092927999485,5041.70346516895
11326,5009.381914347468,5014.197991158975,11.411496804522567,5044.467466359358
11421,5058.940717432873,5063.5300527030795,11.496046316986424,5068.523617801385
11358,5061.032937554226,5065.404236379398,11.46358033700522,5070.708908344124
11325,5180.029896391866,5184.339876975499,11.824628703493058,5189.10712528798
11975,5182.1569810408855,5186.133517614604,12.398493404761798,5190.997652702513
11982,5183.969136411565,5188.126872062122,12.279366507501143,5192.8947608741
11342,5189.414974303115,5193.465047046856,12.203075937684302,5198.23427986811
12044,5199.9250991279805,5204.014668396134,12.15395741287298,5208.496602798792
11330,5242.441580289995,5247.00224534563,11.393348127414448,5251.896642421432
12569,5257.195220037853,5261.386287158178,12.592400945397246,5265.8676903615615
11972,5271.843385288715,5275.532016419735,13.85557949371578,5279.710431216121
11917,5278.024113195556,5283.294501776336,9.576324953954929,5289.109500074624
11332,5280.140558472688,5285.39884181882,9.941492409575766,5291.250726043197
11897,5282.155534776651,5287.327430515485,8.794177448740834,5293.268780314775
12614,5318.547724203588,5322.558844366089,12.29349019226174,5327.174882423497
12608,5325.499906511659,5329.5583580738075,12.828287405592418,5334.035780056874
13341,5327.204610235142,5331.3178884642875,11.909920280584219,5335.891117038948
12596,5329.145546269739,5333.204439648219,13.062281386330246,5338.487463539384
11361,5332.359062074051,5338.245330995608,10.112218758602872,5363.871296207122
13338,5341.640674565451,5345.392436160136,13.425915462944305,5367.4227815505
11360,5382.223118581157,5386.2111753633535,14.205602804840565,5390.265511978505
13305,5384.057689478115,5388.109098701131,12.258188165136415,5392.756574060634
11985,5388.859657224227,5393.30096549424,12.359753298508084,5401.842654746003
11966,5390.812229583102,5395.090588105608,12.37510622029139,5404.5626642158795
12561,5505.112272448634,5509.002499029739,9.424501816149476,5643.664912869298
11955,5564.172042899342,5656.100907120265,9.515455339609233,5671.531525278226
11895,5652.481339944114,5658.026771726458,9.567857874400223,5674.3023904724405
11855,5654.679674607346,5660.006379024548,8.503458862530893,5736.233485304727
16841,5656.870482307947,5662.344674049564,10.007762497588327,5814.370862376015
17368,5658.753955309968,5664.30512083011,7.704740634849195,5817.629943788825
17372,5838.242091703124,5955.099579276496,7.692005375120737,6088.515348912646
17508,5841.602233975629,5957.321791281895,7.882729377842897,6097.028805747507
16927,6316.0988570025365,6320.40508442992,12.072189214536584,6449.429758139015
16878,6320.082916690689,6324.437588999684,11.772343542676197,6479.111305842253
17341,6353.864241908635,6358.163246153786,6.985742273946394,6537.885416148056
17451,6831.059014991595,6855.1538751208145,7.665130451870352,7074.138904237987
17482,7250.134760581402,7254.259413068333,13.207243208457257,7355.574436335165
17339,7474.3559412358745,7478.491209486471,13.240677469154335,7482.55335954031
18026,7621.61954057519,7625.457422415828,13.864158542679053,7629.407810935757
18083,7623.509480519969,7627.387172854488,12.790536222010692,7631.706243681212
17344,7672.655943394464,7678.150566572793,9.738432894427277,7684.142185352307
18065,7700.18405401501,7704.123069108736,12.807598258978802,7708.378479245731
18038,7789.9000927949755,7794.102245479712,12.6289692993556,7798.685970115719
18100,7793.957125976109,7798.528771941003,11.68538942954548,7803.564545396228
17465,7879.913134817087,7883.682161102283,15.901300499077616,7887.338672467171
17440,7894.362401099791,7899.396024606355,10.84247604765729,7905.029601700142
18801,7896.164078225601,7901.236261214669,8.1655327192705,7907.030004878917
18175,7898.057940664272,7903.427317019858,9.84799403594226,7909.051734348133
18130,7899.963295483808,7905.372322244666,11.342915303465276,7911.159590692025
18149,7901.842946345526,7907.2320019109075,9.587892990296993,7921.468410599229
17361,7904.033023858532,7909.223417141124,10.044632619800447,7924.2977028207615
18079,7970.025248304366,7974.166779453856,13.968546955759498,7979.697370591308
18124,8059.805895751368,8063.614670949825,14.296276650847654,8067.52528752575
18121,8061.692919767196,8065.367066016064,14.356092289606481,8069.277281676766
