3620,145.42111710449,152.49192918659693,13.18853529601853,159.7393765216881
993,205.30635932231215,212.06176864476427,12.61115528866311,231.66339831187852
3618,251.426750283494,259.01422140094843,12.109606162966374,316.3966193208336
1663,278.3539240411714,286.5107744494914,11.31233249518071,325.37829989780727
1578,280.18949685189307,288.3961076090174,11.449144427866063,327.29326433620326
961,423.54275400873377,431.2419289434463,11.624299848391788,438.8194823794265
910,425.57716499985946,433.48772663140886,11.735641230085866,441.5842116806188
1560,453.8877127388803,461.5545369449219,12.57142259187836,496.3317122794092
967,456.01536109900957,463.35777570117193,12.75124294123119,499.2162615124381
903,457.79112852524133,465.03283315083115,11.575148198410623,501.3716884019546
1695,473.3316771623218,480.48847331519215,11.736930597656846,505.332410429792
1003,501.10900670054065,508.39051150227374,11.727690486734872,515.7943235888098
1643,550.4196781038595,556.5194632173758,14.435601854954664,588.9536835375661
344,609.9577927180968,617.2814799439296,11.499335907388298,676.5056756753855
3594,618.4539131208147,624.4778893248447,15.147323434694012,679.4288354717341
941,639.382639210479,648.0978852113282,10.22701266510536,683.6549991276357
3610,679.0294963152057,686.0633816642144,13.704923966661388,692.7088398166152
997,686.16276626622,694.2623031109953,10.456083930588992,702.4198635888889
957,692.2071856619551,700.1458927606598,12.474452956838233,707.7058288471552
855,728.0258381906069,736.009785739248,11.46652414913771,769.020901146032
2422,730.0087072463748,738.0143737231505,10.879610153171795,771.4658144461868
3679,744.2692217195747,752.4873338783603,10.89169393765534,780.2673223727152
342,769.0194552779727,777.0655821894134,11.56509853914295,784.8670379428214
1690,777.6289931068047,784.3814590817055,13.051184865940424,791.2885105558695
1683,820.9206807218832,829.1612294859748,11.427686433305068,859.0904836247147
1611,823.133695378381,831.0524567499486,11.379398591049487,861.7061308520423
1587,834.048228725146,842.3837120341461,10.944485589203614,869.6412396811656
990,835.9935125068095,844.2903858201771,10.343058295961699,871.5375826996792
1619,871.7008299164669,878.5785227828975,12.518203892393114,885.289557410016
932,881.9888645779197,889.4232902890715,11.588283518959505,946.9352370234191
3629,903.1030196072505,911.1647132846643,11.701841224162916,949.6019799550712
927,907.9446012121867,915.199718341839,12.53884866640979,953.8893386655691
988,911.7449487299166,919.4938671214554,11.069605305440719,957.6493002602327
934,913.6293304402258,921.3152081838775,10.919975819025408,959.5264782428087
362,949.028715112838,956.3059904519725,13.15154852794458,963.3099285721589
944,951.0861696602799,958.4360501194801,11.816443052110449,965.9750400926393
358,966.4454573385325,972.611211771224,14.298703990866573,978.6914953599096
3626,977.610044057,984.5090242393039,12.658380713087714,1036.3975849552633
1036,997.5159439123966,1004.4542709250665,13.187364077231145,1043.4054908528165
3661,1024.1373472963608,1030.466482108073,13.714497074410335,1050.5329807722376
1548,1038.514684845691,1047.106399375563,10.008546572643407,1057.61864963587
2391,1083.7930840343383,1091.4137695337984,12.56328955350597,1126.781883341117
949,1107.0291567056279,1114.0031258802555,12.903453914169024,1134.078859272745
888,1131.1062387978395,1139.4502873968547,11.185857092628478,1147.6929609529861
3372,1266.0645429234673,1273.304879973267,12.691966402529417,1309.0894138158294
3675,1269.953674266057,1277.2536828227853,11.721057431659297,1312.9971468186848
3612,1296.489762128498,1303.6183472248936,14.104768261096499,1316.9383640817273
996,1325.0089001484841,1332.279340379155,13.22222847186105,1339.082951469975
938,1353.723660210422,1362.292738087906,10.251005482247242,1396.3725256313062
964,1355.9591790459647,1364.2656961793123,10.354068709231509,1399.1336402604197
1692,1361.511496635138,1369.4909675116126,11.583569510021874,1403.7262734687506
895,1363.359545688436,1371.309516880963,11.707504705637152,1405.5380925036088
3680,1365.4591305109477,1373.2185040100262,12.023693243797345,1407.3713999664922
965,1367.5288632887623,1375.0755860781785,11.244731808691384,1409.09523587625
931,1414.0962448796806,1421.358846601744,14.492248763101832,1427.8403778425086
353,1433.443206664684,1440.3818842290798,12.978838684946021,1486.6954409694258
2414,1443.6294960139273,1450.2531482529653,14.343161288680182,1489.5633846299193
945,1451.071738897363,1458.3801275604496,12.951381052036924,1491.926959125326
956,1452.974050111344,1460.1917069908784,12.303867699778621,1494.0774189713327
907,1456.8055287760073,1464.471044022363,11.573414859484378,1498.3987312893437
350,1508.1298353763048,1515.3700103535862,12.53225352095853,1522.4517053702305
337,1533.5487416741134,1541.4190088881917,11.09668776916787,1579.0534664570532
978,1535.5725296431817,1544.3316571612265,10.033162492893346,1581.4413845289305
2335,1537.840588510078,1546.3667203367281,10.309478938165237,1583.3622705485363
1641,1546.5947672857556,1554.3265374502962,10.850647841569995,1587.3946636714331
935,1587.191052356403,1594.5700312092335,13.020507733069058,1601.404324196097
1000,1592.7322270460043,1600.351825624445,12.640528023680245,1607.4700625298553
1014,1599.0306261330736,1606.2430106581296,13.558381094944234,1612.8903759200357
2396,1645.0863743811653,1651.4134920343608,13.576111831420425,1675.5303859244761
1666,1647.446534306116,1654.2005023166557,12.663093863228497,1677.35197517776
954,1652.1515335765644,1659.5808259322714,12.712681481824525,1682.0454381399936
340,1653.9151959712126,1661.3478778756341,11.40125982688562,1687.1993599620178
3638,1656.1586509177403,1664.278778994221,9.745325930625201,1689.6918425651759
1646,1728.4666015009668,1735.0655089308332,13.079400986444357,1770.0575700850573
1540,1732.1693862079758,1740.2606469948926,11.245001336798689,1773.7804234143812
887,1734.0951922195368,1742.0579516450903,11.90564360411617,1775.7214997667754
3624,1764.9898707276418,1771.0299121283865,14.757787091404737,1778.2978456758697
355,1788.0287774381168,1795.2864208031735,14.243477272748596,1846.6060970825122
979,1793.7427639413718,1801.4459507649774,12.483764042226905,1849.486929725377
1635,1803.3218149598729,1810.4426613302933,13.610246376949112,1851.884550622218
2426,1809.5437382179216,1816.4861112088524,13.789928403203332,1856.2083780885823
1621,1816.1142094160587,1824.4107145548533,11.450188598759478,1860.8039524258252
1001,1860.4861172372953,1867.4648013275598,12.708750242907016,1874.3864224633212
919,1899.2830282933398,1907.1159944978704,12.187352287444636,1944.523697709745
2403,1921.5689452119072,1928.4399651794681,13.337564126295055,1946.6084274016082
940,1954.2451110893328,1963.0892136694385,10.033970364348287,1971.8807958812422
9087,1956.6607102671355,1965.0477600688878,11.267610067086382,2026.1195957683913
962,1983.8946813594125,1991.5015989337926,12.52896384689959,2028.605809057654
918,1985.809904329882,1993.361562306274,12.102305019928213,2030.8682200844116
884,1987.9978355158075,1995.2220960965788,12.738981063212394,2033.3298896709778
1552,2007.0410028443366,2014.4627214591972,12.752545733394845,2039.5079343536365
9108,2040.987237618276,2048.226737336107,13.159777648249431,2054.747899571686
6433,2118.7436254599534,2125.4884657289513,14.930092800351634,2131.756082694525
6382,2120.994393875288,2128.4395209199224,11.860755519734308,2136.03768722302
6418,2124.5677230392275,2131.620607295509,13.236245241160026,2138.843868347723
6489,2126.337550004069,2133.3724797213513,13.306879920835216,2140.577365471115
5860,2136.5175855518896,2143.3248343122295,12.69452005616276,2150.3310588780396
6348,2163.7196286505464,2171.123248332376,12.618034907722409,2206.7968248237407
6469,2210.6310803631327,2218.1243605701056,12.541338473018488,2225.6579642400366
9109,2252.8425415831884,2260.1005020111697,13.555840597184641,2296.773968382971
9190,2255.4768093048883,2263.321881438857,12.019540026429834,2300.2292086815164
1703,2258.4287381787253,2265.3270682797506,12.590940311481303,2303.1950804885387
1618,2260.895464970689,2268.336196065881,12.67344781694127,2305.7421376964644
1671,2262.8201809672605,2271.1756091090433,10.956189872881941,2308.987589204134
6431,2305.4920345705095,2313.0682374201388,12.064389929112323,2325.197467616773
9107,2310.858264864846,2317.0645174905003,14.648405143006842,2327.150989365751
6445,2330.9668990181176,2339.197569552338,11.232520440565683,2386.714408337077
2266,2345.5112672797645,2353.0448665571557,12.49586446919618,2389.69680955861
848,2353.8006844486376,2361.2578551519896,11.644823020520565,2391.8291078276184
6448,2359.7414404781953,2367.3555290248546,12.163208313787308,2398.655013601645
6517,2361.5299320099894,2369.082414454722,11.832050097427556,2400.834668071875
6515,2442.2922629091504,2448.33746955916,15.295444869277725,2479.365557552246
9124,2492.346724585199,2500.030453792748,11.073889575608757,2507.8911184800727
6341,2524.0314749059808,2531.3864284454066,13.03621933693602,2566.637399040993
6408,2542.698856617648,2549.0476688879185,13.863665749849991,2572.049538453087
6512,2665.1149069669696,2672.0557083228937,13.039384348117093,2679.1579172412767
7805,2680.7733907284487,2688.2791868975874,11.6475409309039,2746.6379449064416
7200,2682.7680544667373,2690.155020618706,12.720241136013772,2749.2372347250193
5841,2691.5964488824666,2699.457995810406,11.596425109105777,2753.3761345368985
6497,2747.9254687691355,2755.3359335449677,12.644816151267369,2762.8498467772783
2531,2758.1544819915653,2765.5510192031934,12.10165286679888,2773.068599941459
7136,2764.028736252277,2771.1856547310636,14.442997500478146,2777.41166194777
7847,2826.2446878092637,2833.310691199245,12.278726834687818,2841.960817024615
7085,2883.7066136993412,2891.335180181794,11.993519172716558,2926.485803752523
6508,2889.384812629737,2896.024601549872,13.083592690237413,2929.0206027777485
6474,2895.5729002533003,2904.07316564487,10.027426657446902,2933.3351087330557
5849,2897.443152666002,2906.0003389764815,10.654438294049635,2935.368597967264
6372,2928.5682619632134,2937.350017703476,10.204356119055076,2946.0814173459025
9119,2951.4710823682517,2957.5854431579282,15.01691775965191,2963.72351288037
7059,2973.551506586181,2980.5390263089253,13.949204692966928,3019.2022425528285
6471,2989.4407086243214,2997.486046273499,10.960751805849357,3046.491100474106
6498,3020.5385972789736,3027.362017906642,13.761135865962942,3048.594570689234
7086,3022.4810365880603,3030.1900044683184,11.578730333670729,3050.8267923191192
6449,3032.3886906853513,3040.4796204148115,10.396705151605332,3052.9272524029825
7188,3034.337467855729,3042.3964538480036,11.948648282659553,3108.6187346633187
5832,3063.9420760617313,3071.2657281917836,12.582372758695803,3112.144918813451
7033,3070.2552378870773,3077.25941190071,12.839873464095161,3116.7049835102503
6481,3071.9771381599867,3079.43545996104,12.436085805434164,3119.2070416563242
9099,3127.9181305177713,3136.3319001365853,9.782942508481609,3196.6676363245724
9091,3153.266688945207,3161.2139137739323,12.80984181426535,3199.072198924404
6439,3156.1232708416496,3163.4237291640925,12.484961755938317,3201.4018830902032
6468,3158.1435596297347,3165.21676829424,13.346511196263972,3203.5106010444297
6458,3160.4270320103387,3167.0258210742018,12.832492905760159,3205.4154831141977
1687,3162.442166103936,3169.5032662904264,12.688845071801577,3207.3342759958955
6473,3164.3854443780865,3171.2934307922246,12.326708627513801,3209.244292506095
9118,3167.826686044815,3175.562154356678,13.453390076400275,3210.9653372222515
7930,3170.0066989309653,3178.019948178165,11.903295654346476,3212.8077228856637
6466,3227.146759762997,3234.2837302685634,12.357110876343613,3286.526515901821
5865,3232.593060792545,3239.190185421571,13.423760201839368,3289.4408232091587
7138,3246.1337972676242,3253.0209146164657,13.118392084949612,3293.9021443829374
9120,3249.0030902154535,3257.34473281192,11.932487965553308,3295.949869840464
7042,3251.2562148037437,3259.520067004569,10.619385636131438,3297.783161573552
9185,3253.637285090381,3261.5445538917734,11.61816761485519,3299.5877097639095
7149,3255.761518113332,3263.4810119175727,11.532786566574458,3301.5487144988097
9113,3293.0839149812537,3299.186574354627,14.777531662209542,3304.9948766323055
7839,3296.951191682352,3303.592690231474,13.310332505497048,3310.5756690742537
6510,3336.761940785392,3344.2375811548864,13.859863501561152,3381.1883819345676
7090,3343.0683697093664,3350.441441762567,11.477320594381125,3387.1792930937218
6477,3425.725942754372,3433.041840985555,13.226989049239268,3466.77376111496
7167,3431.610704218791,3439.5122103130066,11.78437181461724,3469.6303355519653
6375,3446.0520424827077,3454.313874053971,10.734358334894473,3471.9595828654587
6392,3447.9246570897426,3456.2053039119146,11.073360444503074,3474.081419016686
6488,3449.7951183576597,3458.0121060009833,11.562127626949298,3476.0549884271877
6493,3527.5317598552774,3534.5553568664877,11.7250828566745,3561.364085211327
6353,3529.606894778261,3536.3965269296605,12.30597739555098,3563.442374768048
5828,3572.5625281558337,3579.003104353379,13.919920168321005,3585.5604940681906
9123,3613.2637357407025,3620.3465969292442,13.13817020889677,3652.3996292563047
9159,3615.0688821287868,3622.1101218098256,12.503760876731219,3654.882761877365
9188,3662.9036027143925,3671.191426430054,10.95112166907654,3679.624205418704
5856,3668.9056233155547,3676.2471973517136,13.472453042760785,3682.9146360310033
14626,3682.2794256924512,3688.3652149214113,14.890519987019797,3739.083234707348
6470,3693.8480095707514,3701.398378808102,12.265431689109716,3741.7094946796374
6453,3703.8069103375915,3710.1281503705004,13.51027598060852,3746.0597556694756
6516,3705.783670735444,3713.2563218206988,11.398647660612793,3747.9545054252985
9168,3718.8489402249797,3726.1066183802054,12.703002503290802,3749.7689747393115
7031,3722.981166115671,3730.350250987943,11.444042579568048,3751.5132393680888
5883,3726.6492859409395,3734.0859209649348,11.286572509218235,3753.593366429775
6462,3729.359560500595,3737.2828334833644,10.51776916418015,3755.633591222791
5831,3745.1790160936184,3753.335393374789,10.982211781909301,3761.634533298747
6495,3747.213218345011,3755.1508298434687,10.69792772804379,3763.4622232911665
5862,3749.0187000250717,3757.070045551108,10.918638200594803,3765.221103290769
6480,3784.2342361843316,3792.5253061605517,11.21393264498226,3826.273834558118
14608,3831.1810650783955,3838.1349777055716,13.697451401626093,3844.9350851431045
5852,3834.975421941164,3842.2403807788046,12.784593210292181,3849.6375007747674
5846,3850.2840760198237,3857.212197554733,12.893029803431393,3916.784547628296
6484,3963.7572999134677,3971.123444632566,13.430928775157767,4006.653588077425
6442,3965.732323356914,3973.359633525785,12.083886305068678,4009.6282349375256
6455,3967.7485939799126,3975.248771527473,11.110947293481312,4012.0401110010744
7196,3991.6324898040784,3998.1870039470023,13.423970096416612,4017.70843874556
11362,4012.1798878429026,4020.2641100293504,11.233378079410544,4027.9794056730416
11960,4017.6679912176787,4024.3736292241697,15.401515325958565,4030.35260944456
12007,4023.954591352725,4031.371810628558,12.127189752751072,4038.612694158376
11345,4026.283451959635,4033.221056914076,13.256677102843152,4040.357315389565
6394,4063.9218514966624,4071.412487923908,11.577429036621067,4101.627627158406
6413,4066.310520494696,4074.3732105222753,11.71919329238244,4103.7642859628695
11950,4105.0888362130345,4114.119540592343,9.48979101861806,4123.1343303629565
11977,4133.260445587486,4141.189850924774,10.848720055582959,4190.144454800568
6494,4143.41216235912,4150.509828917016,13.429136289878603,4192.241813797624
11993,4145.704323722819,4153.312441619248,11.547822173002022,4194.169061491848
14625,4152.25817918076,4160.213484209495,11.656352225759116,4196.232425707553
11927,4188.923796188711,4196.1900350162405,12.608374861598984,4203.196795663505
11359,4202.80859626356,4209.530092003618,12.70005359199447,4216.361306805444
14624,4220.560059620585,4227.601716978385,12.855828189463894,4276.767415089562
14660,4238.272328525354,4247.473681937611,10.39214243541523,4281.280374037412
11857,4242.937027501907,4251.416682593942,10.722941265168158,4283.432394226164
11980,4323.266547696654,4330.38663449265,12.891041118036393,4366.457160472956
13325,4335.986509909862,4342.1765464975,14.17376339448697,4369.346747296736
11969,4416.205708170444,4423.525178078516,11.910113547260961,4459.3393805453525
11930,4418.116646107348,4425.330920943563,12.520694732036796,4461.459559857206
7037,4420.038001911653,4427.060718915977,12.139423058610204,4463.622638261532
11347,4458.439787185684,4465.478130219361,13.721284320247337,4471.974691794113
11346,4460.962214699071,4468.176571415956,12.912162613289512,4475.492773319116
11940,4506.198411962897,4514.0713382651,10.678356742211424,4556.003254351796
14609,4553.288639464792,4559.592944716203,14.013712098319624,4565.765968341307
11915,4555.17036157139,4561.281188638544,14.453799713391263,4567.467105110405
14612,4561.243636311982,4569.0300754689815,11.899907233106177,4576.961694999129
7139,4617.075862313107,4624.092524760889,12.83997089740832,4639.017845934458
7157,4619.08258265376,4626.191020277998,12.350722814953212,4640.961684973773
11920,4624.750285595326,4634.4041606281535,9.283760073627482,4644.085622931637
11956,4641.1073469409075,4649.240793323784,10.406962693904285,4657.6295185414765
11991,4643.082965071271,4651.108664815069,10.628877660184209,4659.5058711978945
14599,4650.020853584308,4657.468914370738,11.865378820547583,4665.1156151175865
13328,4682.005913538771,4688.34164154535,14.54206370463404,4726.849012304327
12570,4688.360823724636,4695.459972044118,11.74598537663069,4729.410852261105
13344,4694.070559797801,4701.284616032945,13.064763209960558,4731.915031610133
12603,4696.2768026075555,4703.037178507276,13.06099002888807,4734.155546505581
11945,4732.784571478121,4741.0586550210855,10.92705440459616,4749.145923911612
12597,4751.16463599435,4758.22575123257,12.961321881456486,4816.43576771524
12665,4753.792794364979,4761.507084726144,11.095303930375838,4819.130345228839
14617,4773.377827077824,4782.188339963686,10.29670898164327,4827.598353447819
11869,4913.003205042267,4920.434889158284,11.581256943647048,4928.134799814838
11992,4999.147944909183,5007.070670512891,11.220486958760027,5014.710316869074
11357,5090.832057840571,5099.100247132102,10.950673114509987,5107.294473771077
11350,5097.792304184038,5105.28552351321,12.175032694742827,5112.907068821023
14435,5132.864272011133,5140.281692102883,13.691253922213155,5179.346852976642
11326,5181.814605057237,5190.187053807216,11.569453942798864,5198.347620422852
11975,5271.044197655337,5277.618114505283,14.891724878523624,5283.515419214628
11982,5273.047472927801,5280.058356197922,13.394274822425675,5286.992074924729
11972,5358.757175487901,5365.447093063937,14.342984913913947,5371.660450176926
12009,5360.816547734238,5368.134898924971,11.387705113815995,5375.627672089272
12698,5375.662527460943,5383.248202085174,11.604442545294674,5390.702606113195
11361,5450.76451195084,5459.204925708508,10.223254883841461,5467.760756293503
12652,5452.727324481692,5461.156706060728,10.538314801176863,5469.660450612593
12567,5454.715097776228,5463.085239546829,11.553314500392734,5471.428997884342
12005,5493.534921803055,5501.417787193419,11.884816867522673,5536.598296907451
11988,5500.843702259894,5509.258300369911,10.794613108697362,5543.680530806636
11884,5502.808850327143,5511.146691219888,10.425719099665969,5545.49416043645
11938,5506.185352896149,5513.262819089631,11.678718731650696,5547.501686155247
11354,5510.192329937018,5518.447081907197,11.224630503809841,5551.23282175123
11973,5512.002552166277,5520.316642470835,10.603100474315221,5553.1827065213265
12631,5542.68110411622,5549.228346674373,14.441127798947644,5555.676937474106
13285,5589.501088439841,5596.340960884924,13.09616329916562,5629.535644541986
14373,5591.5527704998085,5599.156821236153,11.936651171277456,5640.4972536081395
11360,5630.6698169514,5637.298282092072,14.415373203299291,5643.7705412689875
11392,5656.507646284876,5665.154444987821,10.80301552756234,5716.670946695295
12004,5663.2783416881875,5671.476570675353,11.657445479345808,5719.27163098927
11979,5673.2726127095375,5680.472261459784,13.604775059142906,5721.277730462436
11999,5675.46401098704,5684.104758739229,10.86684475236446,5725.042831036133
11929,5718.284637049731,5725.143967892593,15.274860452522445,5731.120060845329
20115,5722.3984332171385,5729.493597144648,12.770476580446969,5736.459462453456
13272,5763.928995113265,5772.130166456039,11.165481440498278,5806.592861616288
12001,5768.3171892654545,5776.4452100898925,11.314263553727635,5811.844698727602
13278,5878.965567963442,5886.236745069587,15.25042575062667,5903.5730202624445
12564,5886.8462860945765,5894.481628838659,13.158894266786854,5905.582589571526
11996,5904.9825689681575,5911.270626719857,14.412304730371506,5918.103580647006
11986,5918.453722161339,5925.553460368924,12.628645154847668,5932.686366695986
11955,5933.184758271335,5942.229010494439,9.771893242207234,5991.170875614562
14597,5951.323879678548,5957.624975821492,14.58079410486697,5997.39098796608
11894,5953.250735854377,5961.123028943646,10.954278973510634,5999.143817716615
11846,5955.369510176808,5963.054292642262,11.591779695433633,6001.221549094273
11850,6033.535924429758,6040.456180586864,14.446364998286752,6079.615638077291
16852,6081.286876868437,6088.435633787796,13.105821862761196,6095.229015115429
12563,6137.08469566223,6144.122468857169,13.127762051180719,6166.3110007776495
14621,6156.254341412837,6163.480323663124,12.710536726798201,6170.642518110212
12539,6159.497272092696,6168.295221850976,10.264434423434363,6177.163577092363
11856,6173.088520275187,6179.340761159974,14.915327974003189,6185.240806661773
16839,6175.0116131789555,6182.0729025609135,12.720509851914139,6189.284481833181
11965,6194.493614280039,6201.476525164436,12.343037118386372,6256.330146581436
17507,6202.751351665378,6210.174135592246,11.715963293783473,6261.160798275353
17372,6261.485166850537,6269.2425754870055,11.104724559936264,6276.974911638942
17508,6263.392765334633,6271.082015689672,11.635185962881557,6278.730639834195
17433,6303.801953454752,6312.141527370191,10.569232294076382,6346.587760493046
17445,6306.275601013597,6314.1681270052495,11.696139463395276,6349.233221039876
18803,6397.812649241344,6405.49264824207,10.94754799747093,6441.917976189705
18867,6427.089352321127,6434.498722940009,12.702308278999979,6452.2651943771625
16827,6438.828523217997,6447.025867339548,11.078632990854434,6456.305335408608
17497,6445.061761695205,6452.272732971258,12.309089853342222,6459.608201429138
17354,6472.953213786081,6480.235977851194,12.541323808948508,6526.282189945942
13315,6485.591942850242,6492.121113741008,13.951163762518256,6528.879246408039
17449,6487.642873971967,6495.0626835081175,12.588317738181448,6531.68881903096
12627,6495.501217961881,6502.3630124271895,12.705921969850523,6540.003500209578
12662,6497.346923895318,6504.411607983394,12.37325757537771,6541.699676232331
16884,6532.254749487978,6540.197729918157,11.848903894891025,6547.802032504364
17453,6552.098316736149,6559.594773650433,12.597521408848015,6616.56393446724
17447,6564.823592930173,6572.302711375266,12.210265210287929,6619.2377022981655
17475,6573.8652088574045,6581.491348140799,12.03493967303909,6621.542826752611
20156,6579.471730832912,6588.217744140169,9.776531804805169,6629.771781993549
16860,6618.556849494466,6626.236611387666,11.764919798736726,6634.004859128736
16846,6620.790202807987,6629.391568240763,10.531675122356386,6638.048891849808
16842,6625.146010753411,6634.393458353348,9.821880951459265,6643.774389524654
17455,6667.505927326662,6674.556826399824,11.820996461091479,6706.3729302113325
17493,6669.603153659491,6676.391183576664,12.337573548932811,6709.128731539945
17483,6673.388083408204,6679.160072884934,16.08882985606255,6711.380774777088
20106,6681.955074806993,6688.086521732361,15.308711958090809,6713.575273890104
17434,6698.550068088447,6706.483624696682,12.104442682361748,6717.383634067913
17485,6754.2508137285295,6761.56833246714,13.086169505986236,6796.514732197792
17384,6756.336631796282,6763.3653828901115,11.866849786428837,6799.100652785627
17419,6758.261458663396,6765.202740423396,12.905617866240439,6801.3294191002715
16849,6762.045867965933,6770.006052522545,11.108600417569134,6805.165346691722
20101,6764.828579535067,6773.288020436901,13.436518541514772,6807.644245101669
17496,6767.40550528212,6775.551823470876,11.702650728489322,6809.544106134197
17441,6769.486723637479,6777.290630402101,10.414526242207884,6811.343250034256
20167,6772.677228524146,6780.374354091572,13.0048871881096,6813.118688699553
17488,6775.3292885865985,6783.509705345544,11.004458128630793,6815.224967714832
20118,6822.108071965774,6830.32800721222,11.156727263744022,6886.35970416764
20123,6833.003565397237,6840.374986437861,12.53922699943758,6891.76568495827
18154,6845.92411264482,6853.491097677929,11.559051243888979,6896.060414336257
18814,6847.764086678327,6856.459698980291,10.80234821714774,6898.093750783871
17459,6849.79286981914,6858.294332309833,10.403860166319635,6900.2436326031875
17431,6851.941003888843,6860.211621860446,9.723544730102521,6902.103892374353
17467,6853.625046530671,6862.253094907806,11.378318229184558,6903.930607267248
16861,6906.658940424785,6913.565160197175,14.859390589817238,6919.880282827376
17503,6913.076409309888,6920.353479276064,13.953542440193832,6976.809421951668
17408,6933.652820749539,6941.2569416145925,12.095974559431491,6979.284625513182
17373,6936.046593234316,6943.095084555984,12.482914236487579,6981.426476568528
11961,6938.289694093334,6945.134468493186,13.056583158956892,6983.442746554631
18859,6940.467674079889,6948.116091806878,12.034814545165078,6985.310185898605
20116,6953.872717325279,6961.125537887537,10.579957013442664,6994.64745841327
17505,6969.051465816498,6996.20687616335,8.318901181254594,7004.1928705863
18106,7023.812988409217,7031.198465497841,12.538152645807552,7066.611893108384
18125,7025.946809990096,7033.01064593697,13.007539300133239,7069.4230656133495
18173,7031.446352487525,7039.190973528372,12.653831352655427,7073.719144816724
18917,7037.614450782354,7044.4405368652515,13.248272974428852,7075.882925047541
18096,7041.089774873609,7049.014679328097,11.713869270882933,7077.842060044328
20139,7123.899945665921,7132.164811169002,10.026141076279147,7169.313726246704
17395,7126.23794464145,7134.180299088183,10.673134550735433,7171.246636969629
17425,7170.802208892211,7177.341526965309,13.000408525712578,7184.060702117421
17415,7174.341967255152,7181.481960017767,12.397259274355244,7188.482480286811
17451,7176.355360677029,7183.2767861853745,13.24589822965791,7190.2776326925095
18046,7186.684942394312,7194.520158031545,11.56162519863568,7246.3511854637545
18080,7188.513639354694,7196.285494061498,11.248434177622368,7249.4791827803065
20144,7232.3731770973745,7240.3796422826335,11.109304376838375,7265.712858513121
18816,7250.791334784005,7258.524399344286,11.849575966786766,7267.6357358768955
16867,7295.705981136082,7303.5173539351545,11.871155436090632,7336.741705387478
17432,7304.397729490819,7312.050923804084,12.894071133423322,7344.167876977906
18192,7308.650450636899,7316.020572558463,12.245604445170793,7348.200149021577
18887,7312.2012559790055,7319.5144636023,11.358134342441911,7351.878730690131
20147,7313.617329679288,7321.355642735413,10.299794560281285,7353.732216655353
18817,7315.245317146436,7323.318132300023,7.798339789088837,7355.453105277753
16850,7343.029762076431,7352.059482284284,7.006412818246145,7361.46759278493
17491,7344.980535010291,7354.334702815888,8.214553775461667,7363.386471468664
17380,7369.367867779551,7376.419597948092,13.82012124766305,7429.145292506171
20187,7372.97751036783,7380.360793083724,11.983798700069,7431.126193305061
17363,7384.032161246791,7391.432838350338,13.089907738603937,7433.393173100076
16830,7403.1775706565895,7410.284066860246,12.200175749464943,7437.45925282244
17356,7409.083730150968,7417.231210289351,11.140876025825214,7443.036296451549
20191,7432.175438402932,7440.141247651494,12.118169969215618,7447.767768515379
17478,7437.661509183588,7445.148146042542,12.981108082509834,7452.314508769463
16855,7452.589196126185,7460.414690235845,11.90124731468772,7519.495977069825
18810,7475.544164151985,7482.275243207211,13.80665336664661,7523.964990999478
17499,7519.012721167968,7527.072405092454,10.707984075504129,7536.007729970931
17482,7526.163010214713,7533.254609456079,12.520897690002467,7541.547871556729
16848,7533.109597940823,7540.377258886206,13.223616802647786,7548.354299413952
18072,7595.368469149876,7602.199931017773,12.505199274919901,7609.081183296251
18179,7597.842870911346,7604.305101013992,13.686823864806643,7610.819577051252
17486,7614.97185670228,7622.5117385764115,12.15721426187425,7630.449595137307
17427,7642.4894693371225,7648.231108948107,15.397084296689458,7696.356174983641
18028,7677.647283398113,7685.169280457598,11.338202121003235,7701.287435819018
18827,7679.530714713847,7687.123750807342,12.08036205818068,7703.282855532394
17468,7701.816556568677,7708.288098494894,16.037534840870038,7713.880103482339
17481,7713.99070710232,7721.450737031411,13.015099954210761,7728.5347839140995
17454,7752.511797826627,7759.4834259365225,14.095658661428073,7786.424868780843
18790,7833.673248651381,7841.171870172476,12.91867416448907,7876.527435229304
18070,7836.132293540447,7843.030226119634,13.089623728840817,7879.142095388067
18880,7855.779525595313,7863.118031962212,12.209195078238759,7885.534081558064
17479,7878.939702422994,7885.585028015623,14.91791705506769,7891.424711137937
17465,7975.622609397242,7982.389036569493,14.979725396229355,7988.156669023764
18078,7979.864909618911,7987.532624936988,12.13232861050814,7995.297386263983
18118,7989.623118291036,7998.005363587918,10.914608726245056,8056.542310149212
18149,8060.01105002846,8067.4082228652005,12.278818290814067,8075.158070864091
18140,8064.177373877612,8073.316545268117,9.813151571910538,8082.749823615619
18161,8066.120307638532,8075.265902994431,9.456462093373835,8084.841941713366
18770,8068.143111739344,8077.240624846719,8.61876094271387,8086.816293519495
18124,8148.612212394372,8155.504715473611,14.601480798371501,8162.826253956827
18121,8150.519261599604,8157.206718645941,13.283021619293484,8167.342757754539
