1356,184.03160172833435,186.47796965187413,12.64077171211668,190.66362697162205
639,284.98221314788873,287.2443454216829,11.742196548400814,291.5056056744987
2117,317.84144904764986,320.1277724000865,10.993896727698385,324.83950784489883
2097,322.12790665642876,324.25641258467465,12.192026826363602,328.49073593979244
2132,338.0467009136207,341.02538962449415,9.576837269338895,346.68100113332923
1342,366.2459942297248,368.5178905935368,12.964484756614924,372.5885135223506
1362,368.08598359611716,370.2695605030411,12.71478330957675,374.6304638064985
629,373.5941736151468,375.37103905043193,14.451107975960973,379.0
649,376.13196853559793,378.10205337063985,13.441116487618746,382.0
3501,479.2305200481046,481.2985143650416,13.229815858141587,485.4052192254889
213,506.3670094041618,508.41471349693666,13.079615574186843,512.6376137357216
3935,523.2850950898869,525.2890233924901,13.600023114668026,529.3670573126412
1306,543.6567971058471,546.2210688739079,11.63975370166711,550.825867207525
643,559.285026007676,561.5479793615407,12.183399989646158,566.0
222,563.482163543497,565.3524565067779,14.802422546927229,568.9052957675704
4375,604.280568157512,606.297599965759,13.465248608600417,610.4270404813287
3511,678.2755747937993,681.0433229174531,13.045615765019319,684.8535526629655
220,680.5150485595882,683.0309366747276,11.512917502052114,687.8721969149394
4386,692.8266491737435,695.0327465065678,12.44723137938786,699.3480595865144
2131,728.5172543872136,731.1106872478206,11.304737751161142,735.9989898969726
4405,748.0894683759728,750.4181743508257,11.685103778827349,755.0
2105,767.7229973258545,770.288649536444,13.157377475405342,774.4954357416237
4308,786.5069774233916,788.5226677579182,13.124553457607144,792.3500352656187
4317,793.8327152982042,796.2012946506088,11.348142935436828,800.86173312457
3892,797.5020938776686,799.3978963373155,14.765796641947544,803.1622336465978
3482,836.9995947354063,839.2857491302296,11.99176311821298,843.6984091882464
3447,877.8821202034696,880.2178963548043,11.551096958723285,884.7552476168673
1350,917.2891947181215,920.0540773592587,11.557859712905929,924.651101561627
5098,954.8387099978557,957.1085697399722,12.220097886301833,961.435524891593
2763,964.2455969542125,966.1869161523737,13.79457070701456,969.9945066253769
4364,967.9366425440738,970.2108701478661,12.228884219943717,974.5684130506634
4439,970.8364382476448,973.0927223074993,11.235853139799527,977.610390323553
4394,1038.3101924705595,1041.2107265618608,11.444102763804032,1046.0
3919,1044.3913758098038,1046.5001111961571,12.655193481376987,1050.6322277401666
2050,1046.2536485667197,1048.5157380632022,11.71848922016465,1053.1720022379882
2130,1048.2680069979242,1050.3927028504356,11.4444974260293,1054.8927122404643
1316,1087.2374992392693,1090.1881528289668,9.652633518175893,1095.553774372798
3907,1136.555682392923,1138.580682148392,13.401582815628194,1142.6178818235626
609,1190.8182793019414,1193.2638577730145,10.49631887520436,1198.0
2804,1218.1260465100327,1221.0841089277785,11.062869554831348,1225.781934517993
1325,1263.7868806021477,1266.268920035278,12.116636588080736,1270.5157560750827
614,1278.2345778307424,1280.2863527579145,13.12787191911007,1284.3594653104674
4396,1311.2390301623238,1313.1305445270207,14.355278098190123,1316.9144986097915
603,1373.077187628632,1375.2199384325677,12.531152343834384,1379.537758394494
236,1379.1565425458998,1381.419024111021,11.47098172475565,1386.0
3948,1443.6680067355055,1446.1519274397235,13.715162250073961,1449.8822954923962
4426,1445.8654156171588,1448.2754720892024,11.622975200781484,1452.8561282868702
635,1455.2536604053296,1457.42488665531,12.241759631275182,1461.7766890483163
2060,1487.8197387754444,1490.437940058401,11.697357698925824,1494.924619434888
3933,1537.2512661327862,1540.1762793991309,12.022250571131302,1544.34916033842
2828,1578.3510213655732,1581.2961565308717,11.615227153263882,1585.239516206978
2768,1580.724790536616,1583.3447449274959,13.112444308408797,1587.5251296422916
4429,1605.2078263553076,1607.4815887271436,11.191362851364795,1612.0
1299,1623.7691616107381,1626.2720041353157,12.895869981754199,1629.9667328903286
658,1635.2078468119103,1637.4790759339162,11.999548358976002,1641.8758083830517
3920,1686.1361778066494,1688.1632570672962,12.685921257840764,1692.3178638496463
647,1723.046584819172,1725.146816485863,13.186538354712349,1729.2758261217741
4313,1758.2816160394889,1761.3070687966892,9.66487431970415,1767.0976664446673
4412,1762.2614905080243,1764.486146947991,12.865446674415926,1769.0
2765,1793.1066373634142,1795.1940179519447,13.114242342289357,1846.3551461743166
3514,1825.4556644580287,1827.5201197796912,13.348013751323258,1848.9638814521293
4425,1850.734221196904,1853.3737105609043,9.701557910361222,1858.5597483623435
252,1894.009503695011,1896.5210845694362,12.574070973636195,1900.915949303262
4438,1953.9483816526483,1956.101195677529,11.931671120228927,1960.558468535844
4374,1974.3078264605592,1976.582586003591,12.176372596734078,1981.0
662,1995.7902911027577,1998.0454036904691,11.132814111398334,2002.6015710710979
6163,1999.2145164809215,2001.1189715889448,14.73065668705224,2004.8361728766743
4415,2056.122160213615,2058.2270399837203,12.72300704926304,2062.3242904561766
211,2086.417362603627,2088.537335887453,12.732395492695991,2092.3696121051153
216,2089.2953659960463,2091.559533636596,12.308074021922415,2095.846001759414
244,2091.099747030768,2093.2954610518345,12.58722993367711,2097.610602687527
6150,2098.2032113765454,2101.061419501582,11.425274549885383,2105.786435069168
3493,2103.7556831996008,2106.300186547875,13.44492740648249,2110.3733444760937
7612,2120.0140215736287,2122.401292343973,12.325917820267732,2126.4007322581306
10624,2122.02387916981,2124.306917449587,13.292873406894456,2128.0
4286,2214.77391820535,2217.121761061624,12.045868916967903,2221.7231643337423
6837,2253.586882259408,2256.2793833443206,11.748304304411416,2260.97925280214
238,2266.6120896685266,2269.182298865667,10.330191109122385,2274.0
6113,2270.8338430980384,2273.430488612711,11.264411446832414,2278.0
5731,2274.676622698694,2276.5661974596833,14.068892667539968,2280.4275821011265
4379,2298.2634283348093,2301.0081007529,10.881610125714504,2305.7040787987894
7594,2300.563823147202,2303.192313074489,11.093903224540046,2308.0585239988545
2853,2387.8910789820156,2390.54439062565,12.784295714667763,2394.463536639081
4437,2394.1548647305153,2396.4435635391214,11.649425352572466,2401.0
7626,2401.660143606762,2403.633239053724,14.123800997848752,2407.5159900718863
8986,2433.824080587995,2436.267897114779,12.351398552179335,2440.731502414683
6151,2462.765582460205,2465.4389813326466,12.544298838701097,2468.9691971846405
6146,2464.735961221438,2467.28212144152,11.333626219652741,2472.0
6102,2466.710640189476,2469.213208968593,10.015572789673183,2473.7092141528638
5732,2468.627960559081,2471.137891078518,11.539800656705054,2475.7859260140417
5124,2586.12738228165,2588.1801883205667,12.420436067538237,2592.23811192367
7541,2658.037573753953,2661.005708489899,12.240673090230876,2664.9063734980823
9872,2674.6429984341144,2676.573853239445,13.882640885734991,2680.5366753568064
9427,2676.3395639287037,2678.363226065053,12.947816381802006,2682.460320019235
9890,2692.351823596324,2695.1173551179118,10.508185528119586,2700.433745555529
9893,2694.2983483797175,2697.0495495611194,9.65662106838783,2702.0
6160,2715.212714087453,2717.1458772746278,13.563033904642108,2720.995104831075
5743,2719.250264602298,2721.3211988408643,12.85645743468033,2725.3876521958387
5748,2723.182428190371,2725.24336576061,13.592632621904434,2729.2699485131293
3508,2748.3463587490937,2751.279007467823,12.782096517752167,2755.0
9907,2750.4631152255615,2753.303164654698,9.18273457854435,2758.8641227061016
9437,2752.4504430292595,2755.312889434083,10.029932543275233,2760.4881788730268
6129,2805.0418210266125,2807.2862900167447,12.515409095392608,2811.7450276647114
6140,2809.680534408095,2812.0101856975502,13.107569361173937,2816.0
9334,2838.5210753873525,2841.481023904831,11.03816470868733,2846.098884875701
7568,2844.93185541857,2847.2083686147516,11.321030022929314,2851.9055418437406
7614,2932.0755219091443,2934.171010152365,13.184704708970086,2938.0
9861,2942.856016097605,2945.0524165279426,12.95401905617801,2949.3000429603735
8357,2950.399046219733,2952.5520807922753,12.464248195168945,2956.6555125527384
10563,2952.3249520439745,2954.5612041511527,11.876737309752098,2958.989417241259
8932,2957.9726266688654,2960.0992837807466,12.637267795150278,2964.2885357998116
8995,3063.779113265438,3066.293107417986,13.08530228593759,3070.6114206429856
6848,3065.7678792552642,3068.287182738515,10.708386529631937,3073.0
6133,3079.2942588699134,3081.22801603913,13.765911427767,3085.0
7552,3107.8735377995945,3110.4755447131756,12.713387875543916,3114.5711874868525
6835,3155.8611536651742,3158.1324030068768,13.822182633639278,3162.0
8964,3168.0839963653025,3171.0686432637553,9.48844805702135,3176.9727464884504
8970,3170.1445261196714,3173.0404149778324,9.5984037804539,3178.649357668318
5708,3172.2109274809836,3175.0585245513203,9.612424113956521,3180.4766017449047
6115,3174.3070414088265,3177.1065538793,8.615546160777553,3182.2600242655058
9008,3179.862414567475,3182.255606480143,12.104557442443374,3186.8003725353274
6857,3243.781164085466,3246.402696254979,12.72251666998094,3250.3790399610602
8996,3265.2402514014743,3267.347194382446,13.297722896593815,3271.456822495036
9859,3288.6300071654964,3291.5219554685527,12.695657637876337,3295.3661983319257
9350,3290.812063236613,3293.4354829446447,11.864613896313557,3297.7704460315435
9367,3292.871377156304,3295.160142632336,12.330785400804777,3299.5261392858524
6833,3338.344735556984,3340.518412173845,12.136965990192596,3344.831884888396
6844,3340.3173003132033,3342.4162641077746,12.520022204670402,3346.512414879714
6834,3342.111920412327,3344.1706744625117,13.181537611161833,3348.2829149836707
8301,3401.280004896113,3403.2939864428504,13.102871232179607,3407.349890269146
9377,3414.5808059359465,3417.335800348068,9.372893082709236,3466.7101064335725
6856,3423.842440794853,3426.515921553381,12.398146026116713,3469.0
10555,3470.2879700877916,3472.6078022231313,13.320852078785538,3476.6826879999894
9776,3478.6238748893525,3481.037329343973,10.3776502887753,3486.128085864534
7528,3486.3949686167907,3489.1785981196736,9.628454298760708,3494.8383291072187
8985,3493.978958419872,3496.502211191839,10.060777129840648,3501.5581057584136
8237,3495.8416819270333,3498.3312389569196,10.448899053013122,3503.1051751037203
9903,3497.7023106296047,3500.366852156411,9.41890874909823,3504.910670155558
9385,3499.616518588761,3502.3569696279783,10.917151963774206,3556.391352232593
6128,3523.2231210926925,3525.027929411976,14.910962797726606,3558.9201241794594
5747,3530.8438114115506,3533.0771552728534,11.790019592793152,3561.0
9862,3560.542423980147,3563.181540121351,11.319152896447038,3568.2622100084154
9889,3562.497455894654,3565.0511145806145,11.289482534533365,3569.912113220561
9798,3574.192479602712,3576.4137486888662,12.066519078247433,3580.9106262651862
9850,3579.148259055276,3581.218527894695,12.538231051051072,3585.3807491426537
9354,3580.8995749798687,3583.041202783669,12.969862867655934,3587.201930304937
9771,3650.5026882281295,3653.0612515194966,12.714209749082226,3657.6308531343952
8991,3662.392112582943,3664.4851893523582,13.080255942891291,3668.6651657193056
9424,3668.501646792633,3671.2539539245154,9.883371880740684,3676.6882632952006
8972,3708.6864817598384,3710.6198736355755,13.836109788711687,3714.3518681713417
10597,3744.384387309092,3746.4959258088716,12.53336358578918,3750.4228761894847
12324,3783.9193670731474,3786.458874067768,13.093872295524962,3790.378905781534
12316,3788.581275195041,3791.2388071262258,11.093139576440795,3795.8890750769074
6116,3797.531684547796,3800.2514193206366,9.434826587309061,3805.642866386097
13053,3832.7240672886073,3835.1004564666114,11.808344711167154,3839.628248007471
9438,3840.003023737135,3842.118846307114,12.368235642165844,3846.30778922538
9431,3919.946908862805,3922.532209581916,12.686305079226678,3926.0
9425,3922.0522621168525,3924.265319206999,12.899282296571007,3928.368429098122
9871,3923.895253125819,3926.3327523979337,11.137700508815534,3931.0
9920,3925.750769019922,3928.21424881712,11.71357299172122,3932.724334568522
10619,3933.387043346625,3935.2933268626557,14.475927887003122,3939.0
8355,4053.5617250659798,4056.3372277668964,10.711925712331954,4061.56466598978
9932,4055.89766199473,4058.2874640524233,11.079274608970742,4063.0
9922,4057.836637505513,4060.356880772207,11.311581200631634,4065.0
15387,4078.061827709989,4080.259307479957,12.38492922550661,4084.556777977728
13132,4143.738396008351,4146.3698626954,9.920280902067244,4151.755171274646
12343,4236.753773666924,4239.224602873963,13.31798423823517,4243.0
12310,4239.0688583056735,4241.541119517045,12.71573949394835,4245.8009399501825
10562,4255.891666315103,4258.491327863948,12.78321175279377,4262.955146815387
11255,4269.689519950797,4272.019551302502,13.71489912564329,4281.437294591026
13046,4278.417323686251,4281.028466410583,11.967820705210354,4285.31802072683
14932,4280.657889364451,4283.0765201335225,11.962155521223236,4287.396503875433
9426,4323.812465196468,4326.407478010593,12.64039264564471,4330.0
14902,4325.7575730531225,4328.189288331823,11.41870625625549,4332.8326421315305
8341,4327.888002980633,4330.073466616634,12.622501440492247,4334.462828824632
11671,4334.864468350763,4337.118176084276,11.524008669603813,4341.727346296586
14890,4367.862498151193,4370.567765909624,12.284544851182947,4374.277739293338
13045,4369.913858924426,4372.45574493482,11.38511859007056,4377.2221183704205
13756,4390.257631769778,4392.526965584507,11.94933449217208,4397.1007042184065
15421,4393.0772284340665,4395.172975804261,12.410550128139532,4399.3012966355145
12321,4416.876695967061,4419.563603659186,12.404060838387887,4423.7607653634
14433,4477.370734401069,4480.132663693773,9.423857130185235,4485.879054497347
15396,4479.3651217008955,4482.147637408735,8.523989083186514,4487.896820676407
14452,4481.389367941415,4484.249929731147,10.106952121385678,4489.6130436085805
14458,4483.394046121664,4486.236573543993,8.464427348036603,4491.641786842653
14855,4485.520067566247,4488.332315384402,9.507392338473213,4493.425949011089
8295,4574.434626780698,4576.203420350388,15.591402793471833,4579.694362101797
8320,4578.248686683768,4580.331193020011,13.157185343175149,4584.456160569128
15358,4642.475323125973,4644.634299111275,14.171310586668776,4648.6290227125155
11252,4683.674772364967,4686.067135565954,13.001288649970945,4690.0
11220,4700.749459458497,4703.044980133497,11.655784531269813,4707.4704995550865
13038,4727.748162772941,4730.4238944032,12.490099475552196,4734.510004005345
13824,4730.136630733599,4732.475758530224,13.874536542762899,4736.306420023867
13097,4732.286567115653,4734.391336035097,14.515558535542617,4738.090656105662
11718,4802.761518114463,4805.076787931177,12.769956207511058,4816.805493845692
12719,4804.60708034758,4807.24075105952,9.99520562001494,4819.449010690268
12424,4806.791203081923,4809.311635424274,10.54589590363956,4821.739022614083
11701,4808.681235639062,4811.2676781677455,10.615099077247002,4824.09194345188
14405,4839.320813716651,4841.259355019103,13.781738133101431,4845.251870630161
12414,4867.3787459721425,4870.183781264225,12.714250711897634,4906.821391413555
11680,4869.5401221999155,4872.135378754966,11.43750726929093,4909.337954078288
11746,4874.908831979006,4877.5211782018405,12.87760537781752,4911.479128099576
12332,4898.776873927084,4920.218239120531,7.871880753479412,4925.033835977209
14829,4918.028162426124,4922.397850708292,9.746764726364374,4927.2682147522655
13122,4920.638711040398,4924.189847500234,10.428145654612958,4929.0
15365,4944.307670549047,4946.510794289257,12.137636940158,4950.53876568899
12301,4953.490051932897,4956.202000454152,11.167121403842447,4960.905631978464
11742,4955.529900177703,4958.063516926921,10.338124246937245,4996.52856426951
12880,4957.483979129423,4960.024481723356,11.449169530838763,4999.242585698541
11618,4967.6294337089585,4970.206625379046,9.742629925992398,5005.661086241207
11243,4969.464013680236,4972.294980874944,7.910475421939347,5007.0
11615,4975.414950491922,5008.027887217449,5.696924863187952,5013.226094421003
12352,5052.500614981061,5055.154702251534,13.412065296943245,5058.854869084187
13032,5087.772842475352,5090.486175958251,12.668143244417065,5094.431151067379
12333,5133.461789222968,5136.076606680237,12.865629380425066,5179.0
13084,5178.38725497824,5181.32990287844,10.18407299173954,5186.447269777575
16058,5180.592999671167,5183.305060433092,11.302979963554993,5188.0
13073,5186.2399018025635,5188.554230754353,11.666204523744582,5192.91869826931
13069,5188.024646571044,5190.295360444975,12.717301485274902,5194.623415804275
11644,5237.225033386673,5239.5305524196,12.36209612552851,5269.329122314852
11643,5242.310766697476,5245.157868286408,9.192321432713007,5271.790777110568
11719,5244.244222198236,5247.0996352195925,8.53989970890486,5273.499679600526
11689,5246.318004626389,5249.169554987731,8.944876004765515,5275.887656417646
11661,5325.354635777412,5327.568606762303,12.325045314177242,5332.0
12329,5418.8251788528205,5421.499768410998,12.861131206462371,5425.0
12358,5424.347423693123,5427.009369259234,13.883204195130968,5430.625289271922
15417,5471.159950080623,5473.234709562941,13.918886715639903,5477.0
11629,5504.214403945154,5506.209459591557,13.131251604847666,5542.076870766571
18601,5538.204194736635,5541.009118601915,12.49536646897662,5545.399497881895
16076,5553.4705719776675,5555.542270893327,13.183534791086181,5559.820085331059
15402,5562.203317514729,5564.536755882527,12.341529299364256,5569.0
14944,5566.167342290029,5568.474339151177,11.905517510077106,5572.94653644985
15377,5567.85667179268,5570.346414990304,10.350012623909434,5574.566521981397
15388,5569.763733303976,5572.220795003221,12.02858325424182,5576.3329915401155
14936,5571.727236635001,5574.150882017738,11.09870993022159,5578.720561145831
18625,5583.680491099791,5586.125163855128,13.441966162315444,5590.0
11226,5599.277620566404,5601.424836641126,13.244356079605032,5626.371275271937
11641,5603.34446644713,5605.57859179746,12.295057834884739,5628.635282455844
11649,5605.145344362558,5607.3765355695,10.903681726474517,5630.771313532427
15975,5628.444271746557,5631.279449317945,12.083537279479726,5635.82642270808
14922,5630.970969269299,5633.392408279839,14.02830640034989,5637.4730932567045
18630,5632.98926422495,5635.237789054144,12.789365004289976,5639.35377659508
16090,5651.500835132547,5654.051827032979,10.73866688499398,5659.0
16073,5673.715659358636,5676.271093589358,12.833925789108003,5679.967229715334
11626,5686.399747896558,5688.398712666052,13.242264999045338,5719.245686867939
11656,5688.714083083781,5691.020904879456,12.304511295829071,5721.651692105704
11668,5692.124019639742,5694.5699494051205,11.813218931980586,5723.8754355157025
11623,5694.046578883801,5696.375344537548,10.250304382641469,5725.741976834449
16116,5798.400055161912,5800.315901152713,13.359513393359368,5804.39520865759
11238,5810.885805060543,5813.335772384207,12.268930781696447,5817.524460920891
15380,5853.6838595958825,5856.375323796989,10.855889733707576,5861.307253887649
15381,5855.684009154146,5858.333504989238,9.684142580417268,5863.571310441339
14505,5865.019891646369,5867.101392073135,12.141225576045477,5871.351744540552
15400,5869.566252616699,5872.318352934655,12.471318947226603,5876.401661806202
14904,5887.043189008003,5889.360182495009,11.397680055481256,5893.996310202158
18626,5897.805584199235,5900.418619081289,11.37854661501566,5905.0
18596,6078.219747787604,6081.065450941318,10.429727676835173,6085.945284361325
15300,6097.738494784354,6100.047444873356,11.521114758748658,6104.618011320929
21563,6114.318854816587,6116.411904025134,12.364124251839133,6120.636715338823
17836,6135.850798456645,6138.495598590026,12.927309579239171,6141.939939095296
17809,6213.837954490191,6216.452228233064,12.582596469285287,6220.4853179671
13827,6260.501195416863,6263.099939753178,11.989605291642583,6267.509129664955
19317,6273.968224613397,6276.171419416929,12.171830032123799,6280.62859345139
17857,6303.876247529367,6306.398162564767,13.596111320746179,6310.274011642111
17120,6307.983654628014,6310.405916437595,11.130471699662236,6315.259926209305
17112,6309.92382466725,6312.236746623733,10.166564260592658,6346.716152093829
16731,6311.853830122889,6314.223134610028,9.546344421522509,6349.0
14827,6347.984777677178,6350.512041005722,13.340897448763636,6354.583129503648
18545,6350.560138414414,6353.160203479052,12.238388678051411,6357.497579496935
16717,6393.648119533356,6396.114237655555,12.432828996951159,6400.474440697217
17171,6425.807740385524,6428.176984553141,11.013862330195387,6436.446334629537
18621,6439.888023682891,6442.18590443275,12.04392947009826,6446.619160567141
19980,6460.338613644235,6462.571900362016,12.176308713361669,6467.0
19248,6528.171786007835,6531.089060593361,10.405924787181467,6536.175083326068
21573,6618.560213449725,6621.228350245782,11.822146922363787,6625.488370313604
20928,6639.189355554104,6641.328083119133,12.346546555430436,6645.556808400122
11235,6694.599243055461,6697.043605169961,11.764920425020591,6701.506436881623
17851,6845.522825564388,6848.135298084331,10.336973718694484,6853.463576287213
17853,6849.449682824491,6851.453256616041,14.18470202783347,6855.452261369066
21568,6888.312240178587,6891.099663426458,12.690764295964055,6895.4976915360785
13844,6906.292801854835,6908.424505668818,12.865107635111316,6912.698283135088
17919,6932.044859368374,6934.114026986999,12.897980165604313,6976.523416325829
20889,6938.792403839151,6941.086264701763,13.093498306670355,6981.0
17527,6942.978987774422,6945.238930119305,14.089337129890941,6983.1077153390015
21553,6989.700193850884,6991.430244668482,15.86052831916571,6994.881006322531
21584,6997.052298068485,6999.462214631658,11.680059937481099,7004.0
17856,7023.544634082884,7026.005030379311,14.501581716163985,7069.207093876499
18882,7032.921008188922,7035.473972205091,11.867008348253034,7073.47534009814
14493,7034.861327125409,7037.43774046816,10.708066815841866,7075.494950859249
18944,7045.1995455509705,7080.053241066029,7.816021524156105,7084.933744062229
20917,7078.190160561078,7082.180971569445,9.736942889546008,7086.569256332856
20818,7083.109532162418,7085.35272635467,11.97613052496992,7089.693232864629
18086,7113.9486211816875,7116.584544279921,12.82413116857274,7156.357021332293
17847,7115.965982457151,7118.330013658031,12.084568189909891,7159.0
19988,7121.759857938843,7124.3080679481145,13.472115337541457,7161.628974807561
17620,7133.759829668503,7136.332338231619,11.899288846302786,7165.628310782635
17229,7135.691919586584,7138.207040635126,7.8392478456094485,7167.854928495031
17221,7141.693821085618,7168.161381698183,7.352735943121687,7173.249652579884
17718,7212.445146476232,7215.477794227356,11.265045153657974,7246.70998989052
17631,7235.837271146831,7238.486754554459,12.472873774654603,7255.63161833218
21587,7264.48419171837,7266.439020342755,13.328807485286259,7270.437734236655
21565,7270.495476872446,7272.537614224209,12.275641592905549,7276.668744167846
19361,7279.14526659698,7281.1048506322495,13.076408609268503,7285.0
18263,7293.811933195104,7296.258673797252,12.973713105888454,7336.57424955397
17204,7296.074579523021,7298.40838104079,12.41517077869727,7339.095519767841
11699,7297.88863065189,7300.214190932521,12.438479566890578,7341.539062694034
17617,7299.935492384242,7302.089807554432,9.870985384553421,7343.486593414366
17142,7301.674430195702,7304.0757498199555,7.591459328516298,7345.656427927207
20008,7312.4357810781075,7350.082756633384,8.697821179995932,7354.934266265515
16727,7386.003404280211,7388.136290405944,14.485393326301558,7391.755261836157
16719,7388.00667072134,7390.196171182484,14.45501073780258,7394.0
17173,7389.8464233214545,7392.0926086766085,12.318978450392846,7396.289230907524
18572,7427.362182606862,7429.240557794524,13.719138881081465,7433.0730490350725
16724,7715.492828221434,7717.480164757315,13.148847454089452,7721.458071437524
16713,7763.037447825332,7765.4251459052075,11.68711365406865,7769.990825629673
20881,7804.124274400142,7806.063256348188,14.244397158813992,7809.896584946881
20924,7815.24459116913,7817.015771752069,14.605414058266225,7820.534507449496
20432,7817.487572969311,7819.35041453869,13.901513650073017,7823.0
21457,7822.5412403930695,7825.005553744841,11.401448122868148,7876.399075553921
16538,7848.5525408349395,7850.355492488372,15.077698339376415,7881.580528715576
20003,7878.2554240633835,7881.196489018376,11.965624466494544,7885.739173841473
20344,7900.427207697817,7902.504327882312,12.784438605717197,7906.736558818686
19967,7902.175609369056,7904.26292316063,12.124852655286556,7908.498410779716
16561,7936.133974028445,7938.0324649112945,14.175380186288981,7966.396927595572
17004,7939.908886949143,7942.325624774526,10.246789389747347,7968.989498785365
17025,7941.72717970301,7944.176893153072,10.41541031047655,7971.094367698724
16971,7943.494083395355,7946.036877916842,10.837930951342345,7973.030805614596
19974,7950.553185367927,7953.434913616803,9.443080966787186,7977.0
16529,8013.667488100566,8016.031423420713,13.39320659817358,8056.610569868668
16966,8015.86052943064,8018.143043929728,13.175360483527923,8059.3537032745035
16530,8029.828714082803,8032.06765337554,12.39343140091143,8061.526758972337
20409,8057.781806275902,8060.480610443707,12.296444595162104,8065.506153873129
20429,8059.965474259325,8062.46400561847,11.035277464966814,8067.398938345224
21469,8062.040337078389,8064.411847520993,9.91807763480768,8069.239083681689
20899,8072.035087738733,8074.01670474909,13.65810485583706,8078.0
19364,8463.669973325941,8466.141058683774,14.21196058616879,8469.805569003365
20888,8465.99226435812,8468.321226545675,13.357229363364514,8472.352920012087
