2744,2.0,10.366789500052324,10.454182379577643,46.82116491580186
3081,4.0,12.301181381658704,10.135489107021199,49.415349680350154
3031,7.0,14.286198342188959,10.497789710460692,51.67625452171731
2980,8.0,16.107772954985936,9.716117689565111,53.554675922747954
2884,11.0,18.174110191977928,6.550914483754094,55.71533737382454
3041,26.0,56.15869719123002,6.6857596419275795,61.162190554297204
2813,36.0,66.4142067377504,11.499872982880651,70.63486459305446
2716,37.0,68.44885470090544,11.215958400655449,72.61151961791283
3184,49.0,70.28289130489337,11.870569170918511,74.30896202525452
2937,50.0,72.30835478151054,12.088913823572636,76.4553424182159
2843,62.0,74.21728082140551,11.177213819025075,78.27391168816108
2866,67.0,76.33756790319549,13.394801505652653,80.10299172756807
2883,70.0,78.20239285601068,13.3555787367425,81.9874779151635
2683,75.0,84.12073448465186,12.098909441577172,139.28471936260925
3244,77.0,86.23277703340541,12.583520890838832,142.13360076617903
2890,80.0,88.31284454191697,10.58833163858738,144.13415765247944
3027,94.0,151.08122740539238,8.797718446691658,156.3993523127927
2783,111.0,153.185406280055,9.686303247279046,158.2910623400364
2882,113.0,155.2752708569846,8.337394333219853,160.12028018806225
3164,114.0,157.33099359863112,8.548511932093735,162.1067631944866
2558,121.0,159.45428542573163,11.395146391225719,164.09424961256784
2842,134.0,161.40683527160462,11.97473561946558,165.84107837219545
2550,160.0,170.25481592248465,10.842182083895276,226.4023641828293
2830,163.0,172.49233526922953,11.866174885813429,228.95487422602056
3242,166.0,174.56059641705517,12.323154978006492,231.3438074737564
2927,168.0,177.35430991694582,10.919094443397872,233.4831593564485
2681,170.0,179.34790155623082,8.713014446366882,235.4541115690507
2847,179.0,239.15663092109915,7.3171473113685,244.01481854574487
2688,181.0,241.23494607639674,9.378059711565093,245.82992147021392
2935,183.0,243.3094878136409,10.196130140614077,247.7145819945124
3157,186.0,245.32872849235412,9.206278446834004,249.8381596873992
2825,188.0,247.23875685015133,10.333537614208026,251.65492235924012
1875,191.76220060756535,249.05095954365873,10.443393242877297,253.38081444311683
2891,194.0,251.01984743773238,10.671200844896823,255.40185729094563
2940,249.0,259.5042266202099,14.900874027877844,263.13404089603057
2560,253.0,261.59087895011754,13.506560398504126,316.46685129470643
2945,272.0,326.0357225022312,6.143691910040849,331.51712819944885
2622,292.0,339.1157850866861,10.549218421409496,343.88380515799645
1895,295.5545264760515,341.2951846617732,10.579588799575912,345.90633572626024
2664,298.0,343.18271017511347,10.860386696243545,347.69965171051615
2885,333.0,345.03601278906245,9.367083053941988,349.47386578640885
3236,337.0,347.2486652626607,10.517147868201267,351.19968678069023
3263,340.0,349.27511770223714,11.776381489754653,353.3802383104273
3258,342.0,351.2482296856774,12.83377843523585,406.5055781877821
3253,347.0,355.480775027414,11.915797092701025,411.24982690423576
2990,351.0,361.34883743460523,8.48376772748414,416.906759579918
2576,379.0,416.0852051835673,6.567138015185511,423.22933408834746
2875,390.0,428.00462057460834,10.470184295312887,432.35944842052083
3057,408.0,433.54256949327544,11.104060129095405,437.95967308803296
3193,422.0,435.3557378853328,9.754664066497297,439.8574848213699
2959,427.0,437.47786402985946,10.351638943470899,441.7446222075093
3196,433.0,444.43421406076067,10.288170011746722,499.30075961702295
3245,437.0,446.33707678003515,8.869745357345852,501.6494076087596
2973,440.0,448.27519834278456,10.50378558551686,503.9612330407821
3036,441.0,450.14502769100216,7.9950879752863475,506.0120838105535
2817,472.0,511.143755891433,7.942122283337585,515.6397081288421
2707,474.0,513.170346932551,8.693241449310474,517.3794042102094
3215,478.0,515.2233883821829,10.215921437080423,519.084116689428
1860,482.43447656316863,517.1456155200323,11.270444287810653,521.4044063047637
2684,488.0,523.1735302810799,9.258548203732087,528.1354711581156
3142,512.0,525.1672957170061,8.922852202194578,530.1429638714753
1166,517.7081122949614,527.1503301367411,9.417864805328492,531.9656252967972
2588,519.0,529.170842952926,10.739204493815778,533.7516783094109
3212,521.0,531.1249361825525,8.518066392703282,586.4853928940278
2569,523.0,533.1459723940087,9.920194247616902,589.4812821088734
3199,525.0,535.0905934993006,11.267665239815981,594.0519684832815
2737,543.0,606.089581869251,7.519483154452124,611.1683226373588
1863,547.2975432927394,608.2553227810776,8.822400015063238,612.9836170984986
2743,550.0,610.2590777322782,9.692736585054064,614.654237182734
3256,552.0,612.2030308886262,8.68513355363648,616.3677258326323
2811,554.0,614.2714379694498,11.223843825501367,618.1541795874919
3123,566.0,616.2674927103117,10.572665369736049,620.938807975338
3132,602.0,618.131455451944,10.775546399229285,622.9017474440052
2673,614.0,624.4079608216871,11.82233834341893,681.8751906038264
3200,618.0,626.518429376232,11.395214782904393,683.8778458225046
1870,646.9819862899191,698.3651914788061,12.896317623685583,702.3482109546786
1828,656.787924824038,700.0704649914006,12.710460772890608,704.1178218197794
2689,699.0,708.0863660197627,12.666325150465232,711.7583984280469
2721,701.0,711.3396750904894,11.463595274639331,766.330474534722
2914,704.0,714.3354646104125,11.42595063362877,769.2450973158491
2672,750.0,779.0728225659872,8.287825461480248,787.826555911987
3110,752.0,781.3345264162008,9.478477923406334,789.8173306762999
2993,786.0,799.0344894813257,10.284951640044447,803.7346610331913
3222,821.0,876.4044145395064,10.519137626172444,885.1690592700415
2615,882.0,894.1716693091221,7.285647633986391,960.4923016391232
3068,914.0,972.2820839695391,7.517809440238208,977.509998980474
2756,915.0,974.4581030474629,9.446465878877747,979.3218563400573
2957,962.0,980.4874620503413,10.44712701618764,1036.523706495059
3079,970.0,984.4766399841844,12.02497099134185,1041.6379777404534
2926,974.0,986.3836569932071,10.823710204957438,1043.640456242476
3128,993.0,1051.1725814857189,9.205712241053751,1055.431954762009
2899,995.0,1053.0892239965692,11.051714167587926,1057.2169423917087
2647,998.0,1055.0658075157467,12.281892482004327,1059.075914624542
2974,1014.0,1060.505670142982,11.93092078094703,1064.5047699109714
2734,1018.0,1062.3529362647223,11.310485521906163,1066.6434122962362
3074,1052.0,1064.1969271820976,11.478514213000345,1068.4671834969863
2904,1057.0,1066.0253758064366,11.15379406652421,1070.341740496288
2719,1065.0,1073.4431856259168,10.610825320226295,1131.6311905362666
2915,1066.0,1075.3448671768274,10.07978505615522,1134.3686563154004
3163,1083.0,1143.2333301946328,7.733242580762302,1155.753335632189
2876,1101.0,1145.342200847282,8.195505761380671,1158.227815662541
2599,1149.0,1167.1494880230784,6.399779411306576,1225.0806473507953
3044,1161.0,1230.2840259878744,10.186160591676115,1234.8200741891837
3260,1164.0,1232.2495055718086,10.313138402573918,1236.8789634666891
2767,1173.0,1236.3759166000023,11.303044895025732,1240.4742042837772
2726,1176.0,1238.278205819201,11.179967787537842,1242.167647185558
2578,1181.0,1240.1348974930645,11.307263602651489,1243.8695238235703
2768,1182.0,1242.024550362976,12.153106993536387,1245.8913959414554
2692,1237.0,1246.1489216455254,10.833630244529992,1250.6029774443384
3141,1239.0,1248.2043031306357,11.891830798810387,1252.4696978498398
2661,1246.0,1255.1464359191725,13.408220179778581,1312.1418886207114
3178,1248.0,1258.4191445640029,12.608728908263993,1314.1692764192514
3086,1252.0,1261.0723528873975,8.264364298782313,1316.6565894478083
2540,1276.0,1337.0113382740435,7.55555944527875,1341.6194040617752
2736,1281.0,1339.1492953978284,9.609079477313795,1343.3194190758484
2609,1322.0,1343.401616919706,10.941650540254974,1399.342392718023
3210,1327.0,1345.1685116317412,10.333993170415795,1401.4821396598388
2746,1329.0,1347.1240252771352,9.392180682875232,1408.4496452294463
2786,1332.0,1349.2700774697616,8.30062509031582,1489.01337290372
2710,1412.0,1515.0628177071524,7.0332233175900445,1520.0760567822488
1906,1418.2469149189055,1517.254349114444,8.312265331098295,1521.8696526163828
3187,1420.0,1519.3312569661764,9.573848019153,1576.7649639769727
2815,1426.0,1521.235051679907,8.590581182904756,1579.5146077540517
2738,1504.0,1523.1775495967768,9.870167283346662,1582.0156636290303
2728,1509.0,1525.3141589560719,8.940727644198441,1584.0399096422127
2889,1534.0,1596.490891123855,10.357414935312569,1603.7546347577272
2880,1537.0,1598.499821998859,11.832270450998045,1605.7009102230854
2766,1597.0,1608.269111419972,6.944430878400604,1666.7522999728444
3144,1602.0,1612.456535833534,10.35966985152406,1671.9745296150898
2645,1614.0,1679.165402114669,6.107925441527859,1765.8986327798145
3026,1626.0,1771.2498416938467,9.023797155514513,1846.513499234564
2792,1628.0,1773.3304540709353,10.3413044864383,1851.2030452471097
2739,1632.0,1775.202502590052,12.151639762340029,1853.8573632369817
3161,1682.0,1777.0876227673375,8.448519517828121,1856.182785480011
3055,1688.0,1779.1817511703107,7.052753067143096,1858.1024925051142
3262,1779.0,1863.1255910857944,8.242552527660504,1867.722738934435
3060,1782.0,1865.2548194260012,9.019239448457897,1869.5235387285695
3202,1784.0,1867.246892529952,10.78751696376206,1871.5925136647304
2597,1786.0,1869.158059740684,11.653313655433642,1873.3699788485055
2836,1863.0,1876.4658653194242,10.04219895676864,1880.3318316153839
3023,1887.0,1946.1607060860083,6.107676919747793,1955.1179682031122
2649,1904.0,1967.135534607133,7.127034730582543,2026.9113464727943
3139,1980.0,2046.0987194238642,6.883019048137572,2051.042857776322
2823,1982.0,2048.2372988456896,7.950146247135001,2052.9472133885874
2594,1984.0,2050.3713314648635,9.31534205600654,2054.7615492879117
2900,1986.0,2052.2522995641184,11.010598251465957,2056.4634976276698
2563,1989.0,2054.128512653651,11.177003229133485,2058.5259512532252
2667,2054.0,2064.3977531225432,11.651932341585214,2121.6794773399997
3195,2057.0,2066.543143812478,11.904708297816128,2123.7380265136044
8352,2070.0,2131.265483424301,9.876717632529493,2135.245872522826
8164,2072.0,2133.212961382745,10.939167895202463,2137.699314211928
8132,2074.0,2135.1743584326045,11.171513448062997,2140.788058380056
8326,2076.0,2137.068008804777,10.85512349913642,2142.712232111036
8331,2133.0,2145.1638798358968,8.804458205659001,2149.8186711751123
8516,2137.0,2147.2649145819573,9.842982655610317,2151.7112893899252
8456,2140.0,2149.2828852669945,10.332886689176085,2153.5711744522328
8459,2142.0,2151.2442841603906,12.148169503157089,2206.3162920747163
8541,2144.0,2153.2165677763546,12.089749049808175,2213.569473052865
8254,2162.0,2226.109726619403,7.724734032776021,2230.701179826444
8239,2164.0,2228.363730062286,8.214794235800051,2232.6957584069596
8592,2170.0,2234.4237405611534,10.988254949585293,2238.9346500037595
8249,2174.0,2236.4238372219397,10.821851101882325,2400.855364429192
8163,2178.0,2238.269924555181,11.31826512219741,2476.47821577018
8276,2222.0,2240.1088679434847,11.766334928697654,2479.0092950934177
8737,2230.0,2242.1817243920536,9.509587857543327,2481.189126926304
8287,2244.0,2486.1231771123876,6.60335246606066,2490.8720767849086
8610,2258.0,2498.527686634212,11.949839535154538,2502.538063842
8483,2260.0,2500.314922934228,10.918891110705907,2504.548648869697
8584,2500.0,2509.1086273920428,13.588115766698115,2512.892559597934
8246,2507.0,2516.066130576839,12.340829283544279,2571.3135242919734
8307,2512.0,2521.316858980909,8.7001627040026,2575.8798005913154
8662,2525.0,2581.207416761604,7.380019906162907,2591.7691201321272
8043,2531.0,2592.0491430483517,6.413612837071879,2597.3331207440556
8298,2589.0,2604.4267515840716,9.95643602888351,2746.5469206140956
8566,2593.0,2606.5105586955974,11.411313368162986,2749.274119172576
8357,2613.0,2761.0729543562366,10.66125610351676,2765.018127573826
8626,2615.0,2763.150539165537,11.028275636247884,2767.492908692994
8214,2618.0,2765.0464336605232,11.03777461745789,2769.5041458634187
8757,2762.0,2775.4692848261357,9.771575031626366,2780.7318158202797
6638,2774.848661351866,2783.3697197173374,8.285142697941044,2848.7386145482724
8493,2882.0,2953.160945909169,8.998375425974126,2962.455117583615
8227,2884.0,2955.1967013018707,10.413266990997728,3016.3337664320084
8444,2886.0,2957.0207520313033,7.118711915266939,3022.124292095971
8360,2941.0,2962.0419219531104,7.211340475582262,3026.9113861983406
8040,3054.0,3130.1410475412868,7.543369700430173,3199.303380127403
8581,3307.0,3391.336872469981,7.684084510858488,3399.2085982378726
8359,3312.0,3393.3827009367674,9.426290050519814,3401.7284938725197
8060,3318.0,3395.3884812513606,9.376658546659527,3404.19058958559
8748,3424.0,3492.0454801271117,10.247028500386854,3496.2866902119276
8306,3430.0,3494.0261755600964,11.451506856389598,3498.186220975708
8695,3489.0,3499.563705959105,12.62151745731035,3556.389617740684
8406,3491.0,3501.299667151988,11.70584124415521,3558.843683000353
8257,3493.0,3503.165989387444,9.652013093792048,3561.1555863160243
8399,3507.0,3566.078533310936,6.199682740101602,3573.5568102858465
8036,3517.0,3578.0526428571584,6.663463659112516,3585.2850384203252
8434,3521.0,3580.3544537879266,8.000937686544303,3590.301967420313
8335,3523.0,3584.422038246446,9.654401456465386,3649.3624251866086
8449,3599.0,3673.1524852108478,6.889632354769288,3678.201456912381
8230,3601.0,3675.3388729509047,8.310755130903134,3679.951905822186
8222,3608.0,3679.3512116544084,10.931733049439607,3683.445264411399
8291,3612.0,3681.3741209984832,10.324080604235695,3736.4479376292556
8311,3663.0,3683.2448948130227,11.224144233178155,3739.0478935551923
8465,3671.0,3685.102193810893,10.651204155722338,3741.2754281115726
8498,3673.0,3687.0046778534756,10.126424051842573,3743.516224597395
8475,3694.0,3753.1480928330093,8.838027364406413,3761.6506561032834
8133,3759.0,3773.004746045537,9.292390320324825,3829.2789400890133
8106,3761.0,3775.007684773303,9.564442024426405,3831.9789963843377
8068,3764.0,3777.011522122514,9.552029922789027,3836.978657306794
8217,3766.0,3779.045054631149,7.0980046626491715,3839.662172050527
8741,3784.0,3849.0484007180876,9.340445364440722,3853.2771959722572
8392,3786.0,3851.167001342156,9.631096045079175,3855.4472063828703
8341,3787.0,3853.0559719757744,10.189908621846865,3857.217514865492
8156,3854.0,3864.4300680489114,11.064115678667111,3921.0763877194545
8650,3857.0,3866.372602157504,11.33467750888906,3923.002454138887
8205,3871.0,3931.1377159731474,9.82601040625833,3941.7853076929396
8297,3873.0,3933.1292232643254,5.890154743568659,3943.7765770210444
8427,3932.0,3950.4085416456865,9.758696473080528,4006.596401523646
8317,3937.0,3952.358881926888,10.117902016080189,4009.590769266615
8197,3939.0,3954.3057526705006,11.568904843969472,4011.9608367899264
8084,3941.0,3956.157172353926,8.810140954249395,4014.177522590735
8102,3957.0,4019.1469735689966,8.422630741500823,4023.85185861036
8576,3959.0,4021.2764206924244,9.15053420445095,4025.885159031652
8092,3968.0,4029.4000054101575,10.054203409571254,4033.88521276943
8029,3970.0,4031.3471870690296,9.053665555538599,4035.69928863505
8656,3972.0,4033.271824210804,10.692876401144538,4037.475703769998
8453,4022.0,4035.204330195104,11.574004850659646,4039.3687922727336
8687,4028.0,4037.1063181327486,12.209951837361746,4041.1851716280617
8161,4030.0,4039.158154000305,12.25715663333161,4042.955260595166
8323,4036.0,4044.498478891556,12.998084967043416,4098.808606210352
8511,4040.0,4048.5157627413755,11.5751422364772,4103.775081851255
8553,4058.0,4116.4806922602,12.801132688223253,4120.451957236864
8052,4060.0,4118.5071145490465,11.995763993434782,4122.611422568015
8517,4063.0,4120.342569106331,10.80468686651078,4124.304828047376
8054,4065.0,4122.483682425261,10.117994474988578,4127.219958835408
8446,4112.0,4124.45156338228,10.417773123803922,4129.168163831946
8481,4117.0,4126.4699200695795,9.88983751088085,4130.936377503341
8611,4119.0,4129.463073992848,10.03073295151015,4186.6296092263265
8228,4127.0,4136.336214227355,11.315542167787385,4196.1270703644595
8378,4130.0,4138.352621379553,9.432236110914788,4198.607880664128
8564,4216.0,4225.508362607917,11.895010168961718,4283.496527347618
8489,4230.0,4291.047775933102,9.48524366320043,4299.917346121401
8452,4233.0,4293.144114673356,6.210526758448653,4301.756529390527
8397,4301.0,4314.514598087535,10.951852809086796,4371.309011399174
8096,4304.0,4316.373364202651,12.118570684141737,4374.139563950382
8292,4307.0,4318.168229912579,8.119127917746528,4376.3516208369365
8733,4331.0,4398.061831325733,6.975958673479928,4403.301961952361
8061,4383.0,4403.063318370262,9.825495693648664,4459.271988945276
8157,4387.0,4405.089051421653,10.65157755649635,4461.607992184067
8293,4472.0,4489.083780753064,9.137910986946585,4493.411569791967
8577,4476.0,4491.0013842781955,9.205855395187431,4546.781759465288
8686,4579.0,4651.1995572346295,9.06698211416671,4655.92651157618
8710,4582.0,4653.245645721547,10.079266790647232,4658.110245887411
8318,4586.0,4655.087778510626,10.909260921183948,4663.545742645058
8069,4589.0,4657.020962487754,9.349763711703066,4666.190887633305
8140,4593.0,4659.019087886442,9.758123310724576,4668.3973438543
8356,4664.0,4678.090707161919,7.481154455350845,4735.701049027418
14209,4687.0,4748.532394543861,11.34394195751967,4755.781423717917
12174,4690.276799907627,4750.389758954865,9.59917191513405,4757.770239145844
12848,4747.685465661178,4758.0898996465885,6.766399887114678,4763.557849619274
13845,4757.0,4766.472374016057,11.388747689237894,4823.534817218949
14154,4759.0,4768.315178496489,7.807385449091543,4825.763339215014
13658,4770.0,4833.027152771581,9.568532191970569,4853.190939736684
13651,4851.0,4928.13915593621,10.266593915430416,4932.99447942603
14238,4855.0,4930.132806040894,10.124638751508828,4935.054589291353
13906,4858.0,4932.198113745804,10.159527036482103,4937.045088110985
13813,4866.0,4934.106142188132,11.36414961229131,4938.855689737707
13606,4872.0,4936.1533413341995,9.904792067716247,4940.605487958313
13666,4922.0,4938.107293044049,9.07418113886593,4942.328488543397
12791,4928.036017787415,4940.03772541021,10.151030447561794,4944.0003476953925
13817,4931.0,4942.00121745957,11.838318368986744,4996.653200901136
13615,4935.0,4944.338094065784,9.379802031761017,4999.052945287895
14012,4937.0,4946.28061420192,10.047065652205282,5001.459634230404
13992,4939.0,4948.291663737851,9.821825108259345,5005.384625286683
13563,4954.0,5017.13592090637,9.084803591463302,5022.017269783482
13822,4956.0,5019.050861246555,8.615921926682002,5086.435075975656
13761,4958.0,5021.085779793469,10.588612679163699,5176.423556809596
13899,4960.0,5023.04031037282,9.854209081686074,5179.085769124457
13803,4964.0,5025.034254770988,9.070507568718355,5181.911382558669
13794,5102.0,5210.5554006800185,11.938769633671438,5266.359725693245
13541,5192.0,5212.358886094759,10.970610933156067,5269.41515553324
13759,5196.0,5214.230801830628,11.656817431242292,5271.489222176337
14016,5200.0,5216.047691443462,9.226416723881602,5273.448598052681
14011,5215.0,5276.01536671487,6.16282299532789,5283.002182353483
13909,5226.0,5285.0731017327635,7.801743608649174,5290.979733630626
13995,5233.0,5292.098803536951,9.601735563374831,5296.19659115559
14155,5236.0,5294.067705320765,10.652645268118254,5298.110403653206
13716,5306.0,5367.014169081829,6.029133540211059,5372.142849991724
13913,5310.0,5372.008939705029,9.173618903745904,5376.245970446115
14233,5312.0,5374.039269594291,10.567164838808644,5377.994197552619
13725,5318.0,5380.133298737649,10.344518402235416,5384.721095523658
14147,5320.0,5382.083658983011,11.198455978966058,5386.511515940264
13843,5402.0,5467.050717850607,9.036188822777794,5471.722918018199
14257,5470.0,5481.16641761785,11.238865459915283,5536.648141962984
14035,5498.0,5566.196681766171,9.04110986464396,5570.8548676039
13535,5500.0,5568.286375587375,10.665578942704673,5572.936520122515
13955,5502.0,5570.2820264469265,11.068180593697134,5626.339388423485
14065,5504.0,5572.229765570648,11.1358983673553,5628.749707820071
13710,5506.0,5574.149144610102,10.573811421800253,5630.95199115746
14002,5552.0,5576.291057243185,9.66105440283486,5632.941743142916
14256,5557.0,5578.404761325428,8.848692033716839,5634.811535389963
14071,5579.0,5640.146439475211,8.15924833750694,5647.855572071932
13782,5581.0,5642.139865706509,7.6323117290918585,5649.826465882408
14043,5588.0,5650.144296406759,6.88476217279929,5655.582437475876
14216,5590.0,5652.398859555745,8.905149151976014,5657.781204014773
13689,5666.0,5726.09054670898,5.646903001866603,5731.41668971582
13807,5670.0,5731.110334765555,8.223965173850281,5735.257472167313
13886,5672.0,5733.109191706429,10.128186264237574,5737.4682048649975
14062,5674.0,5735.049375418581,11.056506328367448,5739.273526692215
14010,5684.0,5742.374400710754,12.760100698966149,5806.3553652943565
14159,5732.0,5744.256831923902,10.538560930450616,5808.825166857708
14125,5737.0,5746.131233506503,11.394055621148471,5810.999104865693
13961,5741.0,5750.142722994986,6.091306544927061,5818.428517303861
14222,5759.0,5915.240075340839,6.613334187022732,5989.422083727964
14196,6009.0,6086.143533856654,5.965387921053094,6091.224285033006
13816,6026.0,6094.462320584979,10.112190362739003,6099.2680772269505
13714,6030.0,6096.379625700015,8.963483116186065,6166.838312967089
13634,6042.0,6102.419023603789,11.117369304543427,6173.852028229491
14046,6187.0,6273.065192876904,8.10581130280913,6346.646849947878
14244,6189.0,6275.076082460941,9.893877007585715,6349.154382887052
13870,6192.0,6277.404534120314,10.4766237140457,6351.481507875434
14183,6205.0,6356.080282886149,5.840250595527213,6361.3165113786745
14101,6284.0,6362.415974574864,10.353184453090012,6367.061247458354
13572,6286.0,6364.355760513046,10.586244964999178,6368.903467555016
13958,6289.0,6366.343710876741,10.017842270991665,6370.745587210684
13793,6291.0,6368.478048410084,11.709602370220821,6372.657394031009
14067,6293.0,6370.4410469603345,11.644454591520113,6374.469823695579
13648,6295.0,6372.401963069424,10.932146566079346,6377.462550966485
14102,6363.0,6374.306378247817,11.244412871996566,6379.750789290313
13880,6366.0,6377.089444149397,11.491613646482957,6381.8462012187565
14145,6370.0,6379.0639770835105,12.073790047581273,6383.690792593007
14073,6381.0,6390.111361482948,7.708028686643754,6445.464762871246
13982,6390.0,6448.208731615686,8.425794515037701,6452.620582889273
13763,6392.0,6450.236200996536,10.104226603572892,6454.348624287431
14165,6394.0,6452.29045299587,11.491050811255896,6456.13615693866
13844,6396.0,6454.267382420797,12.416165590996417,6458.130773336702
13613,6398.0,6456.375378806953,10.903033547351534,6461.377173367988
13863,6402.0,6458.214720330622,11.258966811112348,6465.948868274717
13592,6404.0,6460.115967820509,11.626147145047115,6469.6442425986515
14007,6467.0,6538.138456985247,5.969180364155334,6549.3403337706095
13962,6574.0,6654.044955253912,6.251838778268385,6716.658398068017
13586,6578.0,6656.280652959345,8.693818318472637,6719.283490961706
13670,6748.0,6909.216113957959,7.979360113511973,6976.813515298079
13724,6751.0,6911.189562701864,8.938520417465096,6979.367188362785
13772,6759.0,6913.184635033376,8.926934378265335,6982.054363318319
14033,6812.0,6915.264439631422,9.435956582956424,6984.234766271339
13910,6816.0,6917.26682454901,8.310291039686549,6986.088471476056
14236,6918.0,6991.165348924308,7.913757026272075,6995.547217049746
13727,6920.0,6993.1943419439185,9.49741415394509,6997.943492530878
14169,6922.0,6995.131743806517,10.54421904579839,6999.758670547472
13953,6925.0,6997.195882176316,10.489372031328521,7001.4877221369225
13701,6927.0,6999.096610242152,11.038966341038314,7066.840685148528
13696,6996.0,7007.007763036201,6.6051110552593855,7163.937328822786
14158,7007.0,7169.025257737366,7.754624103265407,7256.057871535621
14177,7009.0,7171.290755875707,7.105086746398203,7258.171741457005
14022,7082.0,7265.093243022044,9.372918908924195,7276.061572528783
14027,7172.0,7267.0885386407235,7.6105987395266546,7278.096020900821
13669,7272.0,7287.083067256527,6.5343086982530885,7349.59225686869
13690,7284.0,7354.029065930404,6.027017266926852,7359.062213560453
13736,7288.0,7356.329160803178,8.071672053922132,7360.907408211373
13730,7294.0,7360.418864555648,10.563715844643504,7364.50980582952
13923,7297.0,7362.23180825139,11.353022524996968,7366.422037979799
13741,7299.0,7364.229220955173,10.64992071290884,7368.752360001465
14089,7301.0,7366.0884001363065,10.79211991950677,7370.518226312536
14014,7352.0,7368.329421519736,9.522398613172651,7373.105636071621
13914,7356.0,7370.2754261041255,10.819535447830727,7426.795024360797
13868,7361.0,7372.323947311174,11.818974019610913,7429.53060351814
14204,7365.0,7374.396429711895,9.993503701011264,7431.726206273006
14060,7367.0,7378.330883055556,9.346555220156839,7433.749367148969
13784,7380.0,7439.209198605214,6.9969505484766445,7443.959348108465
13907,7385.0,7443.4129741269435,10.871979685351885,7447.68262753758
14153,7387.0,7445.521189577432,11.284133569179557,7449.564858980262
13974,7389.0,7447.490644336082,10.279248337123828,7452.125859814728
13829,7391.0,7449.45198225319,10.444109874910405,7454.16569390388
13568,7393.0,7451.319942339119,9.677561560879502,7456.077122667194
14239,7395.0,7453.372319736174,11.039582851895824,7457.927145183217
13639,7443.0,7455.332046128084,10.634041589484898,7459.69484139923
13719,7447.0,7457.2880660425435,9.92589068804781,7461.680695666239
13950,7450.0,7459.296105498025,10.381008907282448,7463.854072025785
13902,7452.0,7461.138357926074,10.87342488204352,7516.36886271045
13640,7454.0,7463.00831447842,10.698169487737648,7518.986623715408
13757,7474.0,7534.558119292398,11.6469869684829,7538.691504404974
13655,7478.0,7536.492076575238,10.915770029486401,7540.732504413447
14249,7480.0,7538.365414730406,10.97911589443585,7542.578696723811
13729,7482.0,7540.238050055052,11.134464286725779,7544.337469507037
13942,7486.0,7542.08614966995,12.049040215760957,7608.847661828676
19475,7542.0,7551.205147841329,8.546924068787481,7632.514687924132
19353,7733.0,7803.494743546545,10.141586263700512,7807.950312376873
19733,7750.0,7813.3960027039475,11.9735648932515,7817.308517262895
19636,7811.0,7820.250789958494,11.30054544468089,7876.700255165403
19341,7829.0,7889.066349030295,5.651453179718364,7894.23588980802
19155,7836.0,7897.504718001645,11.556224876262348,7901.530622647802
19324,7838.0,7899.2644400697245,11.070091182398714,7903.254176510105
19157,7840.0,7901.212136010532,12.578013518458778,7905.085368780523
19433,7897.0,7906.474959781386,11.496090492174975,7910.375237907733
19593,7907.0,7917.009024921429,12.600477402159926,7969.0968169543885
19461,7915.0,7924.0674843879415,8.043202627404996,7975.551177668165
19278,7924.0,7979.10584309398,7.737721648852565,7983.607095949017
19642,7926.0,7981.3238483866635,9.244545758216109,7985.602699968685
19051,7930.0,7985.495983521928,10.928125961032316,7989.342206858008
19460,7933.0,7989.590029511454,13.150980012650603,7993.621779062405
19683,7988.0,7997.512525894125,11.387568959787501,8001.694718420313
19117,7990.0,8000.381445356691,11.30259187953723,8056.593266157114
19166,7996.0,8006.431678869929,12.744218255267945,8061.383349566378
19398,8000.0,8008.224694978957,11.301740418396209,8063.456736730796
19391,8010.0,8068.223663087916,8.185492298541002,8072.853384539292
19364,8014.0,8070.314302575949,8.68477884863937,8074.562006554304
19153,8016.0,8072.439138325864,10.404240303327,8076.4300635197515
19075,8018.0,8074.289942903369,10.761641274581981,8078.158224502598
19732,8021.0,8076.439387940411,10.169197395660502,8081.0616458349605
19468,8077.0,8087.101161349489,9.259200115144193,8151.444465731825
19196,8079.0,8089.031398513865,9.633193353529592,8153.350945012256
19062,8081.0,8091.014111209019,5.663587140061862,8155.602649913128
19136,8091.0,8161.027616841501,9.911116026481503,8165.447327086876
19527,8097.0,8167.131168245302,10.894236685018294,8171.682593562391
19416,8099.0,8169.092765999494,11.106826760593203,8173.592906774505
19154,8170.0,8179.20288057736,9.77491808518279,8236.885629258893
19570,8172.0,8181.105735809019,9.202753716633529,8239.573376899134
19260,8174.0,8183.030647591698,10.099243116476318,8242.056167435965
19085,8185.0,8249.034311953677,7.660951066715307,8253.526772960382
19505,8195.0,8257.507196919467,12.156588985477699,8261.369223583795
19283,8199.0,8261.329866883825,12.388662461676386,8264.957749560203
19578,8201.0,8263.131278476787,13.617009850537936,8266.708673454308
19587,8260.0,8269.288184364634,14.073645834567643,8272.631456262528
19413,8263.0,8271.59302345289,12.897275124245564,8326.311308897839
19369,8280.0,8338.096918876505,8.636895843666842,8342.649976356874
19748,8283.0,8340.039630798336,9.276653233871146,8344.392252787215
19529,8285.0,8342.028106341208,10.850378529940242,8346.101901630027
19484,8297.0,8351.537703869903,13.24182661626449,8355.486270463183
19754,8342.0,8353.464916109264,13.546158572693063,8357.264289321887
19318,8348.0,8359.51096418579,10.600047737712417,8363.857524366149
19038,8352.0,8362.007390174964,9.729286124540005,8416.935550698914
19090,8354.0,8364.033876879972,9.767807728728986,8419.63212897668
19390,8371.0,8431.22448629904,8.502301574339622,8435.548987728074
19175,8373.0,8433.339930858701,9.814309156220276,8437.413181170885
19046,8375.0,8435.229211540021,11.016816538001509,8439.5121266425
19311,8376.0,8437.159298267052,11.789861018529871,8441.336359618857
19084,8384.0,8443.082781094156,11.146038180886082,8447.494607602197
19726,8440.0,8449.257742198002,11.833698771545398,8453.248500784472
19222,8442.0,8452.027842492178,13.318601735496483,8506.569020126246
19236,8445.0,8454.539867876496,11.154571975875408,8509.042603440525
19488,8447.0,8457.461665434588,12.442788595865832,8511.301019325747
19635,8451.0,8459.269812812745,10.462604341391192,8513.674309217524
19165,8453.0,8461.358287430405,9.183450108735695,8515.599481082392
19178,8467.0,8525.001043679793,9.638397969300383,8529.870483593211
19375,8532.0,8541.491895463534,11.080258153347064,8596.487120882037
19492,8537.0,8546.05444628653,10.535079592723188,8601.759236946482
19681,8539.0,8548.001329144725,9.368639275684584,8603.816279192892
19419,8541.0,8550.05757284367,7.029809826968889,8605.93911053506
19191,8561.0,8618.430982036836,11.440769948022337,8622.510867832832
19052,8612.0,8624.413484815446,11.272256405241237,8628.640099581677
19338,8617.0,8626.29746340689,12.40759517748868,8630.365206988985
19360,8621.0,8631.37185065029,12.610881330355495,8686.490497115727
19744,8629.0,8638.336793845017,11.492781355127313,8693.446732535216
19366,8631.0,8642.48145254717,9.904041957126031,8695.429447082954
19538,8649.0,8707.200491327152,9.318312336952031,8712.167273131754
19532,8651.0,8709.22870864845,9.864671625946533,8714.197627687561
19500,8653.0,8711.258862763874,10.73905551086586,8716.151798204044
19729,8656.0,8713.034769489494,9.513846708335883,8717.977558564628
19469,8702.0,8715.095580970024,9.337891477700538,8719.831312340179
19633,8707.0,8717.23791561457,9.792077894889545,8721.581732758405
19244,8710.0,8719.196508347966,10.223238897612744,8723.339072861416
19275,8712.0,8721.097736633908,11.328933085718397,8776.529320514921
19064,8732.0,8791.306734286905,7.967050825289064,8796.15106008694
19357,8734.0,8793.366264470857,8.85555559960898,8797.872889295366
19625,8737.0,8795.294191440582,9.952405552745931,8799.527797262994
19256,8739.0,8797.213439950488,9.381708492283476,8801.514404917085
19415,8742.0,8799.25159018114,11.212715565975234,8803.735877645147
19354,8744.0,8801.124629764858,11.57005549630867,8805.60351030895
19628,8792.0,8805.287501317422,11.065930955510765,8809.63941365882
19497,8797.0,8808.281528292793,10.102705852863586,8812.982043343847
19098,8801.0,8810.432158207886,9.792044361478709,8866.387491473828
19724,8803.0,8812.421976457066,10.543658159901641,8869.09844047601
19458,8805.0,8814.310401975592,9.69363909171621,8871.229987510844
19661,8807.0,8816.3575564398,10.819749876624684,8873.323764470408
19565,8817.0,8878.299114301359,7.437533985550048,8882.851188155673
19411,8820.0,8880.368168033885,9.764119393119653,8884.673231124974
19673,8823.0,8882.303167845566,10.062343197257862,8887.077433916606
19616,8826.0,8884.36666547545,10.864446938584445,8888.965169582165
19467,8829.0,8886.471921460234,10.930750812278443,8891.106593034641
19657,8832.0,8888.379955328253,11.1974332791459,8893.022172275174
19329,8835.0,8890.317626565287,10.15089547910579,8894.759549280572
19219,8839.0,8892.366466212232,11.051060069715735,8896.56105227422
19749,8882.0,8894.323196776788,10.875237118780714,8898.42170423847
19431,8887.0,8896.263389087888,10.224191696831896,8900.183884608494
19526,8893.0,8903.160276633838,13.250903789566506,8959.489885759582
19454,8896.0,8906.085394405702,12.310899210340082,8962.242604029054
19245,8899.0,8909.376098022956,10.832178685275235,8964.655199010655
19195,8903.0,8912.155454333748,8.456138928265368,8966.727239915783
19118,8911.0,8969.072387377519,5.935380458603703,8974.064275812427
19615,8918.0,8977.528827558657,10.715241774921122,8982.104058461258
19639,8921.0,8979.50514622129,10.314597528312373,8983.824648483827
19061,8923.0,8981.36888453374,10.362298306893967,8985.555115659117
19546,8926.0,8983.29355848658,10.582071148367826,8987.819456640249
19227,8973.0,8985.196823195696,11.57663443475778,8989.817306980372
19723,8977.0,8987.216768166565,10.979066150866077,8991.63019082797
19620,8980.0,8989.080430757082,11.108165747777512,8993.484741332672
19384,8982.0,8991.17548053718,11.72477624628247,9046.663690650279
19240,8984.0,8994.4005589712,13.741218009176272,9049.243920551333
19078,8987.0,8997.597115087567,14.416950682533518,9051.534615027012
19365,8991.0,8999.521945433327,10.942919886687594,9053.619882799743
19077,8993.0,9002.180570797831,8.455904723557735,9055.553821365007
19268,9069.0,9080.086053556472,9.845007735105174,9136.524922226406
19327,9075.0,9085.56056763943,12.79732500856645,9141.647572645283
19518,9090.0,9151.120103884854,9.183985803099436,9155.457633336691
19066,9092.0,9153.129200693193,10.459755841733823,9157.769552296848
19306,9097.0,9157.020751240823,10.623790254532565,9161.309802865993
19743,9152.0,9164.408095796354,11.460912461821362,9168.665375981795
19693,9157.0,9166.323529002611,12.816708289664033,9170.43896276427
19342,9159.0,9168.003285997489,11.193745222417228,9172.218897985686
19463,9177.0,9239.0492542227,8.381750281568529,9243.534088748904
19087,9178.0,9241.22229085912,9.93852321745634,9245.702550964368
19541,9180.0,9243.163760553163,11.042112107225904,9247.508958864926
19728,9182.0,9245.2401896639,10.039855084483227,9249.829514176958
19393,9186.0,9247.190038453004,10.315624339456043,9251.624864686035
19487,9188.0,9249.034187203146,10.377276206307286,9253.316635420722
19045,9250.0,9259.238268232377,10.317895082336696,9316.746114080594
19288,9252.0,9261.164295365354,9.570946366916164,9319.374263947293
19083,9254.0,9263.165649226854,9.260905723681391,9321.534824029884
19471,9256.0,9265.19563912942,10.610997683527204,9324.065832415115
19481,9258.0,9267.286905388604,8.136813380470333,9326.280074408325
19271,9264.0,9327.014644232357,5.558159840934229,9332.408861395515
19472,9270.0,9334.054766950438,10.639882261712286,9338.259164271763
19056,9275.0,9339.528207880905,12.622762700688531,9343.559868295486
19530,9281.0,9343.463879491454,11.604547950730366,9347.854741606185
19106,9332.0,9345.375492882793,11.515144615824985,9349.676303837981
19580,9337.0,9347.216336804388,10.536676692186811,9351.406331628516
19284,9343.0,9353.11957331249,11.902802131266782,9406.608219488711
19607,9346.0,9355.332317513301,10.882382867116528,9409.201721936224
19226,9348.0,9357.059077471244,10.937979360976067,9411.43719226666
19243,9360.0,9418.250408675029,8.211896410622368,9423.164643292102
19380,9364.0,9422.448721860645,11.055902009364802,9426.764202037077
19294,9366.0,9424.310282961233,10.792578827419012,9428.746875037825
19179,9368.0,9426.16223861441,10.80236452092854,9430.644225378002
19139,9371.0,9428.065943695761,12.127354615544315,9432.458805220676
19131,9375.0,9431.568727430284,13.08365643528987,9436.016550679735
19281,9426.0,9436.186186384159,13.613249315742431,9440.029763390352
19597,9438.0,9446.570498348588,12.00607314239216,9501.43501860762
19299,9440.0,9448.453692351875,11.719461107666172,9503.681377801991
