2612,126.26961600546515,135.1759894560287,13.460625455132861,144.36777900448527
2558,183.17501701426403,192.24352646157394,13.910362412324426,201.06628623174896
1808,213.91666542914376,224.18377464323498,11.992735693217272,234.62075851527823
1846,216.17413175120058,227.24620696193097,10.279264613578944,238.6984972085601
1122,218.05594738263898,229.14175607858684,10.634475095902069,240.5486061942652
2628,222.06259014584668,231.5244693435601,12.167477579518172,242.33462497504283
1907,230.13337423657063,240.27452701745176,11.286191633411638,251.10760668024386
2550,247.30632167570442,258.036759462853,11.378406201258057,269.5167042475303
2546,262.58366761234896,274.0353759320374,11.034102347817392,285.6369781506399
3702,281.5475309591995,291.33435467165276,11.479804507247898,301.4538341282029
1121,304.288304740631,314.02212338646785,12.20882578361506,323.75570109856415
1853,306.8937619729279,317.3669330228611,11.717343934310891,328.0347162098809
1151,308.73550549855355,319.37341064084376,10.770543791959158,330.2442990064553
1192,310.7437424031313,321.29396802175984,10.59391467757425,331.9780302259565
1887,312.5081803494008,323.17708320577464,11.62155450975068,333.71236341911793
1179,314.4957356694765,325.16453918949634,11.177170491886534,336.4110772175271
2565,316.30629972439044,327.0000527150511,11.076636153388868,338.25206904557353
1847,319.7163855557631,329.09083719648544,12.157050875258617,339.964687385788
2583,324.0967015144438,334.4591149804767,11.743705752059025,345.42353449408796
1184,395.90640300858917,404.5773866076291,13.685357483701713,413.5458854881297
1195,400.8800409878857,409.0111948552639,14.568220701520737,417.4491873138232
1839,404.59310841895797,415.47603318053467,10.795895135624622,426.8224529536345
2605,406.517255474134,417.4159064988328,10.095020492406162,428.6387579192664
1144,408.4330642871731,419.3715340215647,11.184778630508827,430.5799481396483
2572,410.3233892188491,421.1761575114032,11.312907164292938,432.49019772631567
1156,412.43802158729517,423.1634948769483,11.8243593090807,434.4208441826781
52,424.3287758028614,434.40787889010807,12.336436017805536,444.65833688983486
60,426.80494928530686,437.05379606597927,11.845160777471476,447.8743778340654
2581,453.84724463688895,464.14080153921554,11.071569107491488,474.6488855144586
2619,455.9397631168058,466.0518231768969,12.440528434979697,476.49285782465506
1872,483.72137049097694,492.54059818100995,13.426271325291053,501.4018183379027
1864,486.21927533773624,495.3959874746794,12.306854525216394,504.93944096945654
2640,488.2235787165217,497.50971048489737,13.167102583232841,506.99380781467073
1873,490.03115357998115,499.5266948591804,12.115304094960738,509.4828953567337
1893,497.81986094779984,506.60193997926007,13.088394853362436,515.7774504833361
2586,525.7595436420058,533.1720393493833,14.044290256921329,544.5244811665626
3307,543.8047472754376,554.4035699525024,10.69512610730483,565.0982607639583
483,557.9211140775471,565.6485058241043,15.271735174354488,573.7842253079438
1199,573.9601059186182,584.2060703963818,11.41536388965321,594.9116636210881
2639,582.2715832336504,593.4887668633063,10.763531305850227,605.1537706567831
2626,584.1976538292828,595.3882744316969,9.300663020010015,607.0942378730846
2551,587.5966118004791,597.4466220368104,10.917610358866398,608.9119388050326
1838,594.3238932268252,606.1967871734491,10.212897217891655,618.6074716918707
1910,596.3862218920162,608.0458362166491,9.482449922765907,620.6088655467729
514,605.9706103027801,615.4796766565742,12.006297431365928,625.3011741171176
2569,610.498659559452,619.4400936960768,13.115054393763806,629.0598566523739
1889,664.6135531631364,674.3237774075948,12.568795929507422,684.1539043516818
1904,666.60477506393,677.3276856073267,11.142406176566729,688.644321148434
1827,668.530394563877,679.2471121029909,10.272009637432362,690.4803036507145
1182,670.2469419209774,681.2345766178712,10.77234968603261,692.3456782188426
1205,672.2148526704796,683.1559568490167,10.765043288175754,694.1304184455067
1850,673.9131544379934,685.0492806966581,9.826597837623485,695.9386202809046
2568,679.706381690262,690.5578304948268,13.128864708610827,701.1380942618479
1903,681.685490636676,692.4236865907639,10.811131039716768,702.9955186498031
1886,683.5835118886466,694.3340812519345,12.417007976570295,704.8996614653693
3289,704.3810902354934,716.0095280269874,10.530558962575201,728.2285947208135
3759,725.9034378764986,739.0007096054187,8.391385698808806,752.7777762215429
1146,756.9850973447402,768.4052875735719,9.92254756050046,780.2267567567504
1841,758.8251084109811,770.4376665716734,10.647896842934761,782.1002465670983
1145,760.680594046128,772.4129669992486,9.967994930408782,783.9774637978719
1209,762.7207505364379,774.3103465623929,10.718727554894318,785.8986073358979
1124,764.66122066946,776.2162972926521,10.778886522113497,787.766098878426
2573,766.6664851746116,778.1394566634523,11.143792615676556,789.705423589743
3271,783.6977374567183,792.3853245073248,15.015144069827468,800.8268716101354
1810,843.999035818142,853.1975667795734,12.605196947504117,862.7207654889319
1897,850.3088014870572,859.5775978854826,12.54794690010793,869.1157685544875
65,873.7139421347717,883.203693284039,13.265560491003512,892.5478797055493
455,875.6288308514546,885.4671090078535,12.097759374031973,895.6367186028702
2542,877.5303186129969,887.2448733866906,12.230994507879583,897.413028229621
3747,883.8140682785787,893.5379151914832,12.531363525476499,903.7919874477129
3757,885.5754916397533,895.340825422903,12.22981952549097,905.5431655583163
3324,888.1790019904319,898.3266552721399,11.258376538691007,908.8774443421554
1213,935.9410943807885,945.3493648610112,11.880045838518694,955.6273629145296
1148,937.8929424595477,947.2108678534546,11.288945881042826,957.3675757589998
2623,943.755469052684,953.469668638846,12.108317400716544,963.7449810027164
1859,945.5441821717404,955.3189589254026,11.514951640116825,965.5322357236762
2541,947.3195175865703,957.1369478445979,12.305185966206377,967.2292411760433
1858,949.1914255264331,959.0661371312358,12.643928863639886,969.1126230697763
3284,963.7173735306627,973.3162449968106,13.218090219054925,982.7605212050611
469,965.6866853340467,975.5725172321529,12.295396245553242,985.6107283377028
2633,974.4946919495239,984.4562563301841,12.112554539372365,994.7268319594149
2615,976.7476367496962,986.2237907452397,11.780080129967224,996.5279381096575
3720,982.295209703753,991.1048946455303,13.93410530463828,1000.2109080945876
2548,985.5733201252613,995.1694726416392,11.869787372962124,1005.3532221373868
3740,993.7962345888507,1002.5080375680343,14.664414845886222,1011.0961117586703
435,1026.5276197472797,1036.3815782031515,11.974533971673829,1046.6081613663018
1188,1028.6386610675545,1038.2294841046162,12.274161828396997,1048.4545000526211
1153,1034.1969541098172,1043.5422859189964,11.277728279239303,1053.9843120307125
1189,1038.1817167949778,1047.5167065375622,12.686595074882538,1057.6940422300554
2557,1040.932667876022,1052.05702728961,10.312469919712257,1063.7094673449017
1880,1045.3887162096696,1057.1130611668138,10.708021449423413,1069.0807145847746
30,1054.0903992051394,1064.2803306473133,12.07702902507105,1074.7078284405673
2618,1086.514228993342,1094.3112450490546,15.47310518240286,1102.4731746343664
3312,1103.991502124163,1112.356070655637,13.425811023543988,1121.3186833366276
1822,1115.615036791174,1126.0187108702648,11.071805475433493,1136.7136525213266
1892,1126.1950358205863,1135.382861194145,10.291063491010643,1145.4401886089624
1817,1127.9710774479438,1137.3185327977849,11.838699599072253,1147.1628111714401
491,1144.0244317517813,1154.0082828234451,12.187544891920442,1164.1315779468912
2554,1173.8841625213008,1185.3883591998224,10.026084522841522,1196.9326094790658
3722,1175.7888044309614,1187.2478487923386,10.885089587143508,1198.7250422271934
3727,1177.6985136434403,1189.0315874377245,11.221975041179377,1200.5085033071434
3317,1192.9709576434468,1201.3990874214353,13.293834893637658,1210.23497425041
1186,1203.9554211097004,1213.2718745330824,13.277526072655196,1223.3463502702723
1133,1206.2555980528239,1215.0899897585284,13.427222052380262,1225.378755307209
1881,1208.1805764759808,1218.1210770676869,12.045782184196419,1228.5364108427602
1909,1218.6757295371003,1229.364013756197,11.253012078496438,1240.3467609524916
1855,1220.5205547622068,1231.1824430905924,11.184877512807683,1242.4611400625686
1823,1222.513449920987,1233.0162902001668,11.889572641152133,1244.2604661927087
1877,1235.9316001503714,1245.4443394703364,12.5909764235092,1255.1194134092746
508,1238.2898553604177,1247.243371706151,13.2364470627512,1256.8993630309003
1169,1280.0671524817762,1289.3070494944468,12.111064108153732,1299.2027732218614
1900,1296.097993490554,1305.5970727586737,12.714444965108845,1315.337377198679
1158,1299.9880587977364,1311.4335920200695,10.752863897779129,1323.5217075288226
2607,1301.9742434192683,1313.377952351572,10.29356086404194,1325.366589579935
1821,1303.9099883460087,1315.2278287516774,10.622350775283083,1327.1457050193092
23,1326.1238235982019,1338.2122967280059,9.978755850923298,1351.9717594521667
2614,1346.136953432253,1355.4469228706162,12.40629671375085,1391.9213579292198
2574,1353.3794471231874,1363.374868776052,12.339418830414214,1394.557769849223
2540,1360.0550802013977,1370.1485557066044,12.17418172062423,1396.5948608091282
1180,1383.7812536915221,1393.0321355861342,13.188060078094999,1402.5352426513448
1845,1389.4560572778728,1400.299891043484,11.566896190838788,1411.5166702120066
1132,1391.3628789693148,1402.0942556790699,11.219364495822406,1413.4130125860706
41,1414.0667989833983,1423.3181149399857,13.484442266333565,1432.9212740802443
2609,1416.419540859357,1425.3338588285692,13.214238983207721,1434.693757630788
2636,1475.9939953570565,1486.474804895839,11.549039066097569,1497.0266039956198
38,1487.644834924744,1499.4625034885746,10.369204164790862,1511.7213446377666
1168,1489.597503198305,1501.3578081504502,10.816060225821229,1513.431814112574
438,1491.5587264334981,1503.2391681399874,10.368297194745942,1515.1062930603782
1178,1493.4673109805597,1505.2512377316998,9.70603905659959,1517.3793665234991
1172,1495.4802450384198,1507.2589187389349,10.102476834835887,1519.2600369556765
471,1503.4919100043544,1512.584613974729,13.688867966258009,1521.9160846620807
481,1507.4146939624418,1516.6207579953439,13.28499706158767,1526.2925084420722
3744,1509.205461491777,1518.547955010501,12.376889764288487,1528.4343616306794
3712,1510.90703837455,1520.3514782112945,11.835262300283345,1530.1591391320387
3721,1521.5421371281145,1533.1449187695125,10.84817272038324,1545.0503871779024
1140,1564.2994687884293,1573.0869426723496,14.119821052137695,1581.6500318574667
1830,1568.3471629944956,1578.4474052986566,12.173112225661265,1588.953429401876
1193,1570.4468083033637,1580.342792519969,12.042795389363707,1590.983846152338
1204,1572.5007322567108,1584.0775141523786,9.984582563226104,1595.867063795288
2562,1586.1030327750673,1597.5770509528056,11.881605480440705,1609.5327453877173
3724,1596.8245141128973,1606.4367764306924,12.78575093692763,1616.190822838365
505,1598.9913723678349,1608.3476498180703,12.714189882164316,1618.0245002221207
3272,1600.7791940888017,1610.3454710399033,12.694678038063653,1620.4228774510138
1871,1602.7837203366585,1612.066641653375,11.538222839152866,1622.161427156821
2611,1606.4479590460198,1615.049942686474,14.054244768058854,1624.078541659481
2575,1623.476916528257,1633.2425710677464,13.036344699148472,1643.2948795594166
1216,1645.5344244973235,1656.1348081105814,11.04137815133749,1667.2717794660075
2577,1658.1339541721104,1668.0030779358358,12.329007073484854,1678.2156316568799
1215,1663.790649502561,1673.4509741373997,11.827006683192916,1683.249301310932
24,1665.58007452422,1675.2553437107888,13.166614663779745,1685.0497445097913
4819,1673.5962144902949,1683.5640158928422,11.937684411013239,1694.1404996144563
1171,1675.636578675057,1686.034832946865,11.039345961140452,1696.6622806044406
470,1683.6532498829251,1693.216939915366,13.142780717843083,1702.5745908001695
3700,1687.0778458025488,1697.1929263333554,11.545252518284116,1707.990350262519
2584,1688.931765162995,1699.047056869531,11.704160685871745,1709.6875329332297
468,1732.3801108129185,1741.3363915221903,12.995022839069708,1750.6161550162542
1198,1746.0612375604367,1757.008351070771,11.210732251655067,1768.3693653733471
2543,1750.391054015937,1761.408893190666,11.108125866693804,1773.1983347954151
2580,1752.4535056044201,1763.2563206290524,11.691842735425166,1775.0518327366638
2549,1754.3156971879744,1765.04917523873,9.267938898157201,1776.9043419712286
2561,1756.144855796464,1767.1485027486776,9.93049540156694,1778.7944361997463
1202,1764.043097087847,1775.4871330202934,10.299193007691766,1787.3962815472441
1825,1765.8869350662421,1777.4342728650897,8.870348154695291,1789.2434864843258
454,1774.0473368728267,1783.4905748666292,13.709142282790397,1792.8262647451622
1219,1776.0853752959285,1785.3928262778636,13.5451942288886,1794.5609502307348
2545,1840.276330787232,1850.5131683272825,11.114778248072627,1861.1729684953343
1217,1842.2100254863801,1852.360445547124,12.161259212852872,1862.9457003515893
442,1846.1672416568795,1856.4570192668493,12.22554371816315,1867.2572984953517
3,1866.2373962365034,1877.2870435745185,10.44094753602975,1888.9969103984351
3739,1879.4378863079335,1889.0373073233523,9.356022492789368,1901.197570367749
2597,1893.6206935677533,1902.3546594065097,13.906810890394421,1911.1394332522746
1175,1924.2204736297917,1933.3777587729057,13.51153742404973,1942.6361278214392
1185,1926.3634031744941,1935.493300004016,12.822222794546564,1944.7561433229853
1196,1928.3324536160897,1937.2133417833888,13.534426411401732,1946.466654486847
3718,1955.8471616771476,1965.2801789115088,12.922142903356502,1975.156477521761
476,1957.6314601490424,1967.149867965276,12.77919980181586,1976.8952271102225
494,1963.492355895298,1974.1943586576267,11.274973370646544,1985.442525644907
513,1965.4419073605147,1976.0873077993688,10.090162168402122,1987.2507563183754
1812,1967.9054317722719,1979.188395131453,10.080364037968915,1991.194104173778
1190,1969.8946085123869,1981.153827764006,10.009774762673661,1993.1071277716721
1866,1971.7940050441978,1983.1678564963431,10.854416725098778,1994.9818069678208
3735,1973.7727610630357,1985.0052640712092,11.90141469456838,1996.782681611286
3323,1983.9966288392811,1992.135571242361,15.716327070927838,2000.645688136528
2537,1985.9682608151822,1994.4903049744476,13.637035657388447,2003.2686226989872
4158,1987.7828427173304,1997.5760678463369,11.941202043359038,2007.7411070711082
2589,1990.8948573692,2001.0834133412695,11.538496747412621,2011.584142797109
6645,2014.0860006241044,2024.4085827374263,11.484321057898805,2034.8430153290235
7399,2016.2823837464236,2026.2863014942407,11.53029177104793,2036.554943443925
6674,2018.2354274906186,2028.168911390589,12.35675514681979,2038.5289330909648
8056,2019.9766348115313,2030.2013261400941,12.084913952261665,2040.9061224996683
7352,2021.737018163768,2032.0044892838482,10.864177176990475,2042.8155139402377
8113,2032.2058930782557,2043.5267465853308,10.827822574207358,2055.448394203562
1876,2043.8370713263375,2055.380696069303,10.444614672216595,2067.475398577117
521,2045.778015040011,2057.2529401794663,10.149740706541,2069.3677769179235
3330,2047.7100968413265,2059.1533002853394,11.173437072036418,2071.1983837139023
2594,2072.6803071995814,2082.4541669757546,11.69117515931412,2092.537083847476
6652,2103.848690231066,2112.6109659284466,14.0912975462486,2121.245037181278
7372,2106.36802395532,2116.574924704246,11.897829448180794,2126.8246753625212
7378,2108.3530087444115,2118.384414427135,12.731149194094163,2128.4656125584497
64,2133.3559203786012,2141.475570029382,15.41116008708889,2149.2295929844295
19,2135.5450084361887,2146.10538536274,10.47054289717751,2157.287490738266
7353,2194.0284133724003,2203.2429348793753,13.482019735485979,2212.7728215642683
7358,2198.147257328355,2207.307892656703,12.444512379616786,2216.78628879137
7402,2200.1386333933715,2210.2778823433223,12.18884114557711,2220.848409709842
6635,2202.0253739729474,2212.084497990338,12.200993242306412,2222.5451109950445
8103,2207.6777825663094,2216.576715932249,13.112301594123702,2225.697663072023
484,2224.1052962253875,2234.366519416324,12.323344899413524,2244.7788082944558
463,2226.446599346679,2236.453440162494,12.163670579810212,2246.9086314604824
9221,2230.4310491425044,2239.5272806102216,13.080068078658819,2248.9275732609194
7309,2283.941489639914,2294.421796624965,11.799157402538306,2305.3594199420004
7304,2286.10324942195,2296.4722250986474,10.901192588463372,2307.3527684546507
7347,2287.9664445862836,2298.3626594328525,11.213223706065493,2309.1839427751574
447,2291.7286553597046,2302.469052804598,10.856300828517544,2313.5267029492516
6695,2293.592254351388,2304.3861588457657,12.13900637631926,2315.296585472202
1157,2295.498405392001,2306.198965793579,10.153004999946292,2317.234027907556
6630,2297.38843618945,2308.1056913076795,11.919590170504396,2319.0976486541335
6680,2299.2573071826346,2310.045908716357,10.998242014489708,2320.9535394974955
6703,2374.1983221988835,2383.447241295947,12.75458742014335,2393.0285939263845
6647,2376.090781314429,2385.2316209416126,12.758545021760636,2394.831860299513
7356,2378.020690032415,2388.515712667036,11.402235514087218,2399.5220900851305
8119,2379.877588027354,2390.3482458880467,11.78364216099359,2401.3214848277
8115,2382.1409735317643,2392.1412716436407,11.266718074203451,2403.048779779518
8110,2384.6493878055626,2397.1837738715017,9.643008513653225,2409.908337777845
7312,2386.7384057604486,2399.173131611006,10.741169633899899,2411.685671885429
63,2388.8021979095424,2401.0820370574406,9.271855639465429,2413.515537583451
8128,2390.6046917933977,2403.008805991258,8.21671469391461,2415.3262071393806
7394,2392.651647783526,2405.113266797487,9.752875302492322,2417.1824088426238
1161,2394.7935097009154,2407.0905436466255,8.739318103144372,2419.095990273326
456,2464.1495411787037,2475.172226703937,11.139561439275669,2486.3802525276683
67,2472.657304730378,2482.483872756952,12.63310633633811,2493.33905158239
7302,2483.0894067808513,2494.4815114474386,9.858510732236036,2506.376648211964
7370,2484.9935649429644,2496.4378372778842,11.03376797429654,2508.36173224525
6696,2554.1585765996483,2563.504593844549,13.177016742211434,2572.8418921691155
7320,2556.1602180009245,2566.179867541052,11.794223099630043,2576.556239324638
7307,2560.214756675441,2571.1314245585477,11.181987156419906,2582.4955893239044
56,2572.2395846839845,2581.5133163445157,13.020249810226053,2591.570411333402
7392,2590.4291044514575,2600.0956851417795,12.088807677765246,2610.3165044715
8794,2592.663827056715,2603.0761597630876,11.562730928872124,2613.8387360598817
9626,2598.152599018508,2608.563689111807,11.656246686296065,2619.0997391973915
8043,2615.936506482118,2626.215665079604,12.201978762316376,2637.0517642730124
54,2631.0167917314093,2639.258500277315,14.48511948678087,2647.798372111937
7369,2643.946590921241,2654.378942191404,11.183326125503438,2665.3014044810648
6622,2645.963381593554,2656.218745758993,11.456692551222583,2667.149476907264
50,2648.0893230949746,2658.0360415517025,11.769350335706845,2668.854374980449
6681,2653.357251877514,2663.4840738393304,10.323987507083881,2674.286475470808
7310,2655.3691729463662,2665.3598671946093,10.430970570809176,2675.917600398134
8116,2657.7508807967006,2668.0657437866203,11.211711777981236,2678.85736149174
7,2663.2965377721084,2673.463155012875,10.796307615307036,2684.3830693202976
7366,2665.232409349344,2675.3552084126286,11.9194420863083,2686.2185507145223
5567,2673.947680562594,2683.113130574125,13.507520175265816,2692.0296418052653
433,2675.9949921590865,2685.4668557535865,12.8345381273833,2695.579230949286
8806,2682.1596987893704,2694.3395693965904,10.184731861305432,2706.959188111972
9206,2694.309957855033,2704.5416513190044,11.955405148153885,2715.194565236135
8091,2734.105897668355,2743.1150783454073,13.809783146761518,2751.946240131073
8098,2739.993940837095,2750.5490397497324,11.163768160724828,2761.9274609689473
8041,2741.8128796720957,2752.3917261900106,10.901953154643762,2763.688770150055
7373,2743.6550750617735,2754.2144573142054,10.4055915413784,2765.395597738712
6628,2856.102012425099,2867.2017937089945,10.424695623501558,2878.613485147084
5986,2858.0101274975486,2869.0275105245014,9.984705747147713,2880.502131285672
5954,2867.860559131073,2878.5157969821075,11.248478270420142,2889.59334656809
6659,2869.762090053913,2880.3669124876837,11.62280931965362,2891.305469207661
6713,2871.5870375672544,2882.22296069757,10.685272711120753,2893.1206996979245
6638,2873.4860847127193,2884.2168921142093,10.05878253760897,2894.8744654528846
9641,2875.2943876948843,2886.150170466133,10.18415758462985,2896.611182280274
9644,2882.555838486046,2894.3221195533138,9.467011970118376,2906.5380108041636
9211,2884.5205688265364,2896.319906653407,9.444692608276114,2908.5575609080943
8088,2886.411927070344,2898.4113115943996,10.776603892144756,2910.369701351043
6698,2888.5626678487356,2900.2391787225843,10.931131591389539,2912.239547808696
8032,2913.806196620027,2923.2661607177793,12.395331147349506,2933.2323475181497
5970,2950.3485368387087,2960.412844458433,11.643991102890965,3012.725944914218
7400,2954.0772101384514,2964.4096925510894,10.931204874964711,3017.3055771009203
8072,2955.9898448164727,2966.2578873610432,11.01083445621311,3019.256359736937
9647,2974.335073802049,2984.274426359233,12.505177671219904,3026.791272957373
5503,2996.004636153644,3009.1362610823744,9.199259287826942,3029.841763055678
6693,3004.1554933175676,3013.1717628838173,13.905543994261873,3031.8599983759577
6689,3006.0435622442706,3015.0180158059916,13.158577200010036,3033.8395080153973
7346,3009.740193734801,3020.2554177359757,11.325984431538135,3037.698769857593
7396,3022.0891790848673,3030.6035047944333,13.521672241565861,3039.811916060842
6015,3036.2697551478686,3046.1509128637977,12.647299211437607,3056.196031840781
7338,3048.3483326914766,3061.0224547879707,9.30177180702778,3073.744906367109
5982,3053.9801325389235,3065.083582596162,9.343292054071364,3077.390244445904
5955,3055.7379824558193,3067.0487789008275,9.64069351799712,3079.135405217317
7386,3093.97035477067,3104.2008752500155,11.368093111834552,3115.0170613465298
7308,3101.8308331623766,3113.443739210667,10.55985346102795,3125.7438831368836
5965,3103.877366196624,3115.3330992698834,11.004241228624979,3127.727320448764
7348,3105.914478459959,3117.158441338112,8.52398770622073,3129.6888149402203
7319,3107.891249635249,3119.2049615414985,8.864836272210306,3131.701184241497
7339,3109.738759351196,3121.3286934498296,9.898645252321911,3133.573402891924
8082,3123.6934538305636,3132.452193859181,14.779422131710716,3140.8928911171433
7306,3133.433187765601,3144.4710339453145,11.30905543747836,3155.832872473611
7388,3135.37771763657,3146.316012407458,9.92337754855974,3157.6896140043036
8114,3137.2023798964083,3148.1582305781053,10.749927518397639,3159.5788018189746
8762,3139.0888160322174,3150.1167384325636,11.558340953229441,3161.5246477072988
6662,3141.056962621338,3152.028576922671,11.153917960497495,3163.2944124964324
7342,3173.5357278581437,3183.5492450889724,11.409002057231369,3194.0307213865935
7364,3200.459858203504,3211.4349911639974,10.71612779551175,3222.9003100147593
8065,3202.363639661471,3213.3365166347467,10.935682514713186,3224.7023392369933
7317,3204.220492095219,3215.2224326749642,11.759037149116352,3226.4358943006455
7374,3214.113838250352,3224.025156818851,12.298849077207816,3234.1944982654177
6679,3216.143974583922,3226.393846541952,12.23704381165455,3236.8938812927377
5990,3218.318452795226,3228.288221350349,12.152165813250528,3240.653901777048
8797,3220.26407147557,3230.005943639857,11.824204571892583,3281.3515870130436
5557,3226.0919798671534,3237.4893307629413,11.184740644540062,3287.902426307491
5985,3228.0536729789806,3239.362303929055,9.396592274156388,3289.6488256734874
6019,3230.0268434423974,3241.348783633841,10.14552591433325,3291.9076653935604
8040,3231.990799239964,3243.2635052200417,10.308805175835202,3293.9114478283805
8759,3233.8541452967406,3245.215262498356,9.486438420909542,3295.6305295976636
8037,3235.779372136328,3247.2762091403993,11.264689250743174,3297.507990368482
8802,3274.449458274376,3284.0948312276964,13.36564527572863,3299.404243344077
6717,3278.3605039463955,3288.1772012199062,12.219000499011173,3303.3993165224374
6683,3280.3428452157405,3291.118846307347,10.76337279486603,3305.531961132185
8122,3284.182622868214,3295.018200992655,5.747651860208278,3309.1402576347564
7314,3294.265006762622,3307.060573390579,9.102883449384708,3318.78589288671
8105,3308.0075319822317,3317.511968252641,11.964790346447003,3327.456094661562
7341,3368.4119626652137,3377.5222732706166,12.906066949330144,3387.1086498008463
6637,3372.376467399424,3383.0440675115947,11.057426235789961,3394.4877386080993
8108,3383.4091852299543,3393.501629383275,11.588189550167707,3404.100502920734
9253,3398.5527881055486,3410.173709885146,10.663355031794506,3422.050696100593
8095,3400.549198691533,3412.078759839111,10.449761874668525,3423.843460815319
8784,3404.5341569918687,3414.033948489301,9.346110108049913,3425.634646298521
6007,3406.6594865945763,3416.234373971697,10.77281747030638,3427.387856326776
5987,3408.363659953568,3418.1682717881554,10.717017265608103,3429.0837602496417
8055,3410.4387468896857,3420.453600020283,12.322628998129058,3431.2024571461748
8060,3428.1108218152003,3441.0585088203557,8.940059248362365,3454.6803415502386
9198,3430.307407568429,3443.0142918802417,9.098995044682372,3456.508237464551
6706,3456.3877863003886,3467.248164567831,10.217919600006532,3478.861070395478
6663,3458.2576789107557,3469.236902657616,11.870780339601621,3480.7322801304604
6632,3465.600415676105,3476.506985232444,10.28903376837104,3488.3607865742606
7365,3467.373803355974,3478.4281633228784,9.860384538546207,3490.220682730076
7326,3469.283937244951,3480.4761534461763,10.80631576845614,3492.0314861285474
8058,3471.367430019462,3482.2947222258426,11.534439441709074,3493.731305373165
8078,3473.3675291064933,3484.162557611804,10.867990425799055,3495.7247559235134
6621,3486.038608644511,3496.305398156593,11.008248036834118,3507.1944931339303
5552,3488.116245095142,3499.0386837094447,10.948939010744597,3510.463361325839
5546,3499.4350225528156,3510.521727027298,10.982206263443405,3521.4194601142367
8101,3501.3640668333182,3512.4744342344925,9.862717110374186,3523.292178891331
9640,3515.369240364316,3524.56625746917,11.73847712091872,3534.30176068773
8064,3517.077721733234,3526.328917485049,13.972337504939395,3536.053852442456
8035,3546.6473093798845,3556.130149256302,12.687866462406518,3565.777914720629
7380,3562.192625612238,3574.46341279846,10.730806495065627,3586.753811311934
8127,3564.1621887928095,3576.408327336373,8.525549504031652,3588.475421607212
7344,3566.2631418922815,3578.441309414318,9.802680660472486,3590.4123656395504
8766,3573.8165405548107,3585.404691748798,10.627292439272331,3597.615816868081
8768,3575.9648410216796,3587.330626686879,10.283431947850973,3599.5075177042186
5984,3577.9994176382115,3589.181667408687,10.077210911515486,3601.377933305706
9218,3579.8525716215845,3591.2456486760634,9.081524905359247,3603.3266704298653
9202,3581.9385343782474,3593.2454076338095,10.27939583208268,3605.2517862975124
8104,3588.5348770905885,3598.4974930988187,11.278709186900018,3609.098459189799
9631,3592.8276947412683,3601.4316452998246,13.977290561032683,3610.8628618830503
8036,3608.214857967211,3618.486316869962,11.131972383732933,3629.4147258292387
9231,3610.01261906856,3620.3711554155752,12.327406954479052,3631.211498206573
9240,3619.2888802156626,3628.0062585153273,13.876026529815013,3637.1175056540924
6648,3638.800245430313,3648.4768067637906,12.272257752164702,3659.5660086514463
7329,3640.6020485259824,3650.188040553483,11.412335482146728,3661.4919922763183
6685,3642.364926023261,3652.033332718285,9.938505774274732,3663.3234185311007
6667,3648.3391787442742,3659.369467708026,11.477412817978664,3670.743956853647
6682,3650.2723973284237,3661.182109998776,11.869210930331441,3672.6664769811546
6653,3652.325604899691,3663.10637610829,10.809445208894523,3674.5760310906153
7340,3654.854452162785,3666.400912573449,10.602200970919718,3678.2534145212057
8080,3726.3139093901077,3737.4393824065846,11.304693737513515,3749.3954252693993
6702,3728.2851962212007,3739.312579288109,10.241691336478251,3751.3832546414205
7316,3730.203944149624,3741.186578431304,8.89625156285692,3753.268089941305
5931,3732.134323580968,3743.2105641170215,10.520696012327194,3755.3416925940596
6676,3733.927986700392,3745.175302076159,11.508439731776017,3757.2019204053254
6687,3735.879070277882,3747.024044843239,9.403338745485529,3759.12023298513
8046,3737.7943631952835,3749.070463086899,10.24233377022059,3760.8304395175546
7395,3739.6618257781834,3751.0234751837456,8.812582279166818,3762.6350412806055
6666,3741.502638969501,3753.0096690492824,9.468634177902445,3764.37132334638
5983,3761.780553022623,3771.5071618326597,11.308212416854321,3782.1853417196317
6708,3763.626114407857,3773.2610807305937,12.925307440865168,3783.9513014787835
6671,3765.332146842588,3775.048474524479,10.946475573114585,3785.726219895006
5979,3802.713794974446,3812.3493459597794,12.488457768046691,3822.301866181946
5513,3804.517752450667,3814.110776162334,12.584853900450511,3823.9759702824886
13617,3814.207795615731,3824.2065550228326,11.809742094433835,3834.162424813483
13635,3816.3044879849463,3826.28184808619,12.17435733510121,3836.6678199830917
6639,3824.238461277053,3835.474029184988,10.959037365110717,3846.9645881045035
12871,3826.116581364149,3837.3935456515496,8.246778153169279,3848.709051148012
13630,3831.803110651218,3843.416756886898,11.655331660174207,3854.0848062742275
13547,3833.9500248497866,3845.3134840813573,11.579694665073271,3856.315124826908
12893,3835.9171772682703,3847.1071449634182,10.802358268723154,3858.2667654444313
5501,3843.6962176564066,3852.0778468989784,14.750982957079756,3860.5351604053158
5962,3846.36913537369,3855.1649101940106,13.324606404206058,3864.307768245085
5520,3851.0454980367886,3860.4369340802004,12.217877634792053,3870.376181189969
7327,3852.837465324603,3863.2640956501796,11.101685589843779,3874.19065477873
8106,3854.805097524858,3865.1902405325754,11.084829107484214,3875.996682442236
14742,3856.798115673423,3867.04503826127,11.28821210290984,3877.6338025304317
5531,3895.9546148589116,3904.4261628091895,14.068305389954844,3913.2961375855184
12157,3906.6182086511476,3915.489184054712,13.928239749013324,3925.3888473731236
5534,3936.1001281595018,3945.376373547749,13.260057464320077,3955.706488369052
6002,3938.215601046168,3949.3853947968,10.274731240583836,3960.8953228918085
5523,3940.221003303624,3951.3449653605094,10.37037913130424,3962.625250723993
5554,3942.141524538583,3953.290383149538,10.106742156125813,3964.3446136198563
5529,3943.989806531869,3955.2074899739328,12.194856970181583,3966.058820262883
6031,3945.892962001288,3957.0353548136295,10.330095030840354,3968.034101294439
12827,3994.1248889259823,4002.3417839809986,15.627068905676449,4010.1471517058153
7361,4030.4541563673197,4040.460333336302,11.637677757842553,4050.7395706312514
5958,4032.4696311072803,4042.255880994563,11.986180833720885,4052.4463849730805
5527,4034.5922907926647,4044.0824060146333,12.37189630393397,4054.232919170328
6030,4036.3858599821983,4046.5744934158038,12.062725208185183,4057.164347478615
5929,4038.34295342831,4048.4235997374085,11.407143628815861,4058.934360283856
6700,4040.167705238922,4050.4326542600184,11.075044648046209,4061.1844910806667
5973,4042.269887840327,4052.385597679956,12.124470954380095,4063.020437841723
5950,4043.9972690564,4054.0929882065902,11.398592389821566,4064.981341462096
14287,4053.85843226451,4063.154715963822,12.982787191518371,4072.8260515975194
8084,4056.505238503721,4065.15589664616,13.27395095286148,4074.5801182685304
8102,4060.2193075887762,4069.3781368274454,11.913658398807366,4079.431891137513
8092,4062.2377625812946,4072.021077985403,12.089469679407538,4082.059642085973
12213,4089.9361634035954,4100.425935294247,11.323540969206022,4111.372024586336
13627,4092.029723510179,4102.286819938839,10.617909409655887,4113.1777379879295
13580,4093.8282565573513,4104.1501930907225,12.548575975969682,4114.985209816923
13566,4098.058191502896,4108.019713837217,11.224591873739334,4118.882287060684
13576,4102.045342868231,4112.1192013754335,11.984253637048372,4122.631337029056
6029,4115.765306308295,4126.3383035757815,11.462970444107397,4137.300342946591
5942,4117.95863222143,4128.222359268263,10.834081617928907,4139.138368780275
5951,4119.695501874439,4130.148567041826,11.482148495471353,4140.942067089662
8075,4134.795144149594,4143.566200007278,13.039001080890593,4152.9966246679405
8052,4142.2009526577085,4152.317574779577,12.041923835967976,4163.111704114929
14268,4161.805270262682,4171.059337258818,13.182274395833645,4180.512348753697
12815,4174.061718206008,4185.052130260552,10.769337104303455,4196.396235819051
12887,4182.347690772055,4192.427681542218,11.14445753023116,4203.486225805466
12851,4184.2133028737435,4194.360262247074,10.312223380108351,4205.221398430399
13618,4186.3555540611105,4196.231605624542,11.525953418841866,4206.945258273635
12183,4188.966352308576,4200.080779814081,10.746637551296555,4211.658550355461
12902,4190.850906120903,4202.034648727912,11.352275088358757,4213.504179489321
6643,4203.7232146432925,4213.143151071752,13.654621325037125,4222.552190054721
14725,4222.031955665452,4232.207994320566,11.532798378360711,4242.999732134856
13609,4263.955698829946,4274.063047122654,11.69417523788309,4284.657825995955
13632,4267.574195095124,4277.56613271365,11.592864406298778,4288.237903720366
12840,4269.652945223969,4279.418779535851,10.481392739097846,4290.055335799385
12821,4271.674725550366,4281.318333842656,9.740249278710225,4291.672396128558
12897,4275.768067378181,4286.552163967464,11.174427238147706,4297.93562910353
6016,4277.642575395999,4288.422893638795,11.042341513506882,4299.756633865902
12165,4279.518909577413,4290.356340437912,11.044474123403065,4301.575082806803
12808,4281.293310139916,4292.248924418206,11.078425691250736,4303.473081177982
12161,4283.257018520416,4294.080866338152,9.967596029749796,4305.3029013983705
5963,4285.631065537821,4297.253767700278,10.272342532563595,4309.473020568891
5957,4342.356394361064,4351.486863913409,12.79043375472396,4361.10232429742
12193,4356.374730630275,4368.066947254747,10.661756085215602,4380.247949909161
12119,4370.659850281596,4383.124129222644,9.557215370614246,4396.082812135825
12131,4372.641833583795,4385.19138084897,9.49170613473248,4398.168768411034
12218,4374.608404089246,4387.132656836861,8.354780555090326,4400.075904742842
13583,4376.582078733207,4389.207859172611,10.345538659962425,4401.947833427058
5937,4390.476192379865,4404.037731517213,8.224205545059151,4418.489325312852
8096,4392.833036004188,4406.1075836461205,7.635742588380714,4420.539151904219
8081,4414.127341912436,4423.4226002101395,12.537785787326332,4432.733169649559
14737,4416.105729596747,4425.209820760773,13.053737264548833,4434.479554417433
13569,4446.3493366334305,4455.5610057719,12.64816879465534,4464.929326539005
12133,4448.240278436705,4457.346286815855,13.63079231018029,4466.68769670277
12159,4450.042591961371,4461.0204331780205,10.583493515304339,4472.24039187259
5548,4473.642304724433,4485.159198779023,10.331545969688968,4497.016050141542
8059,4508.396303932857,4518.356793592272,12.383450605635716,4528.604272164278
14264,4522.612516815902,4532.217473741032,12.18450303682763,4542.078831653062
12182,4526.302857233409,4537.41032549587,10.636199003396854,4548.793964644805
12867,4533.712143177009,4546.306975061216,9.004838613225632,4559.555936270306
12148,4536.504299264205,4548.37045142983,10.274888402370044,4561.588557218355
12139,4538.687541393804,4550.323266319869,9.027836434149597,4563.565851688841
12162,4540.547056671309,4552.262385134552,9.595221331423941,4565.37447137591
12123,4542.660642178812,4554.310240167362,8.762261806351521,4567.253761076018
12894,4544.4025546532885,4556.303298041807,9.166679677005831,4569.094686804513
12898,4554.636870944578,4566.4158607231,11.248580328217233,4579.225608843119
14266,4563.885484417242,4573.1939790040515,13.182523704428359,4582.408617684441
8049,4577.422090266728,4589.312909267625,9.976670176378981,4601.724837039863
8031,4586.322593533138,4595.381884634609,13.491366267180235,4604.969182353365
12129,4626.404121543905,4635.425160427294,12.372676864149032,4645.213186774303
13620,4628.294159347022,4638.1243860049835,12.051099519717967,4648.422950945319
12163,4630.430703715976,4640.23791836059,12.52900827836763,4650.32089243148
12221,4636.465756903127,4645.536606575508,11.744806899918965,4655.355108660188
12814,4638.382459364697,4647.489091577279,13.101918109615733,4657.298445279411
5509,4640.079591595883,4649.234622846409,12.368741823900253,4659.045782746083
12849,4641.994488689206,4651.221195710641,12.01178458681445,4660.985975104378
12869,4643.924159707299,4653.121400133083,12.820989526853351,4662.848937923322
5555,4655.948355669424,4664.5641900649425,13.409428701760131,4673.612288845732
14288,4659.908936236271,4672.270605595326,9.463189273266643,4685.360867163082
6014,4662.061204767076,4674.292187453193,8.892256655497564,4687.360636584488
8033,4668.331562901981,4682.021745033081,9.51410349451738,4696.61912506898
15142,4681.922841467631,4691.207046054292,13.052195477361415,4702.205342572639
14295,4690.962381851905,4701.248825378621,11.865143166082463,4725.049566395517
5946,4702.190231541999,4711.2577924940815,13.275564004780062,4727.231373888642
12809,4714.31806634859,4724.0286565153665,12.411273390915568,4734.201673916157
11446,4749.9766084174125,4762.063493186366,9.32154976942249,4812.468632939613
12180,4751.979504368258,4764.12114398426,11.049510149296987,4814.8808697110535
12190,4794.709134373506,4806.338689943061,9.369050350589088,4819.172886955667
13567,4806.246653967117,4815.092413180009,13.121584980520534,4824.514604371821
12910,4810.198220007813,4820.076590236829,11.608891976353004,4830.3935592708885
12143,4812.100587859348,4822.262960520241,11.888663795389574,4832.7874009296365
12192,4813.917601109028,4824.250915036427,11.781886042107574,4835.182224090703
12203,4816.038739282637,4826.169161415786,11.701589112815272,4837.106451254062
13612,4821.624775724464,4831.0878478818795,12.110982204368913,4840.947938796228
14292,4836.605900864207,4847.0364470643035,11.973627215395403,4857.4712309012075
12892,4896.086390604694,4906.152037745498,11.514967218569248,4916.573412349119
12168,4900.381859287075,4911.171619502134,11.333930773021635,4922.653805503224
12152,4906.258314754763,4917.026544879266,9.98086130521057,4928.394703265734
11521,4910.183656952075,4921.517828882647,10.855858240919202,4933.5025509276
13577,4912.075634845453,4923.348889996976,9.217170042182786,4935.323557945211
12186,4928.236224855075,4937.4391760829585,12.364002246220611,4946.969988660539
11447,4930.568059363859,4939.432912475821,13.699694978982267,4948.63685567972
5538,4932.470195122379,4942.417829233536,11.894564300487112,4952.801074971854
13581,4934.228486354888,4944.214345818819,11.940999793863003,4954.599003905057
11006,4974.220650647901,4984.39503541606,11.425137856507146,4995.524188076583
13543,4986.222164470441,4997.459508751129,10.218064009170266,5009.1798790015855
12905,4988.193471975244,4999.438382720833,10.574732414381424,5011.120564989919
12178,4990.031832887183,5001.281100333442,10.016330896656054,5012.859359046391
12850,4992.041550214936,5003.224690314691,10.230716156463114,5014.619826528356
12132,4994.22036090371,5005.139799543329,11.426869721609332,5016.4359691855925
11012,5014.241931867202,5025.395568562726,10.588662888457563,5036.915482440322
14308,5016.3918090084735,5027.277455894461,11.83650007655436,5038.773603775343
11469,5018.354783060074,5029.414499062086,10.758730422356058,5040.935940415742
15128,5020.247405962916,5031.278531727904,10.051501554446983,5042.82488126403
13615,5022.134928615896,5034.242024986558,9.625401952510389,5046.755348956028
11470,5073.767792544069,5083.321047840708,12.60341496659506,5092.811043436164
14703,5134.090919146268,5144.009935977215,12.416689667549388,5154.117710425071
12728,5164.108519694411,5174.559087562644,11.528502759385772,5185.431728973712
12204,5165.9875066304,5176.341359120236,11.859538152452567,5187.340413922257
11054,5168.087428749191,5178.155860376275,11.865123151086463,5189.100337522879
12837,5175.421886888362,5185.504800938903,11.328141544675567,5197.396155732296
12783,5177.401345545009,5188.019499788293,11.490560037642027,5199.369425764224
12167,5179.746318546662,5191.4209312944395,9.852865403787474,5203.272738227334
12813,5181.8547611470585,5193.440280639056,10.748766904991129,5205.448276011177
12828,5183.747220359435,5195.377472905644,10.403421287722997,5207.354053146083
11529,5185.676167654431,5197.219654385493,10.734240395302017,5209.117369530021
12188,5196.351864603199,5206.525441756812,11.460095181008661,5217.309364886758
14701,5199.418058173594,5211.381058252806,9.968893878988823,5224.038486169494
14299,5215.605043671022,5226.2249187628995,10.442096109845915,5237.5195672301015
14321,5224.028025564922,5234.1324808832815,12.338357343382016,5244.25038342093
12889,5254.131429849913,5265.490096271281,10.647357661235816,5277.319412897576
13573,5256.049969647938,5267.379486440247,10.698061438332305,5279.2443696228365
11061,5258.17414362341,5269.309280534382,10.531886303944011,5280.962408316491
13557,5260.039446542616,5271.169190499391,9.959059152995172,5282.648523327286
11528,5261.85656937399,5273.104812559936,9.709673656983812,5284.463801347398
12198,5264.003207386076,5275.087206980339,11.69990844307499,5286.346671262141
11502,5269.285766683714,5279.0219942674585,11.58577199898734,5289.796319000686
12135,5271.423707498469,5281.0042886792035,11.387265986210213,5291.58123704496
11480,5275.228392736253,5284.371229087387,12.512997742572036,5293.995941584508
13553,5287.878071369425,5298.294113367999,11.866386229028095,5308.816523403868
12864,5289.726281448183,5300.085195563146,11.026424779863493,5310.738199828219
13570,5321.643819283416,5331.073925000019,12.685741814357586,5340.998901919428
12866,5348.176273093089,5357.157405169963,12.734187635291258,5366.390149620987
12125,5349.912940250734,5359.087146435879,12.781539514766711,5368.69661299729
12845,5355.486996401659,5365.194518811195,11.716770509331997,5375.19660768501
12836,5357.366834758283,5367.012578061873,11.533796793607364,5376.866366691384
13587,5362.715525233957,5372.490969001274,10.958383601710683,5382.5411491535
5530,5364.4478604257065,5374.376344110641,12.356600576786409,5384.287177221167
5556,5374.033440325794,5384.434474789413,11.071801322845198,5395.003006517756
11522,5375.999379406749,5386.329595864917,12.259820487459443,5396.816701494239
11455,5377.977481055344,5388.425327296418,10.74248677278191,5399.413419231572
11454,5379.8208153231735,5390.237360991017,10.645792149859904,5401.190546594572
11062,5381.681826405976,5392.076436589542,9.93962164719412,5402.992658317531
11467,5423.4218163510905,5433.036046215891,12.707395405818344,5442.980058121905
12169,5434.028030343847,5445.019463695456,10.551454778660577,5456.503220725255
12173,5451.4760881225675,5462.522894508418,11.186618908735383,5473.637566917177
13548,5453.273480719845,5464.403267542531,11.006418845436798,5475.496352441233
11492,5455.245012669248,5466.306334637065,10.493745708519858,5477.299790045379
12126,5464.0139100326915,5472.362214231035,15.940876309974804,5480.201699972782
12202,5466.224807578834,5477.435655779926,11.326085748695261,5489.002412814238
12835,5468.191883030424,5479.369064220726,10.685872514452987,5490.851839999829
11520,5470.218958576876,5481.287178519654,10.209424291091416,5492.580137636798
11490,5471.967775532963,5483.1727310188435,11.018507417286393,5494.532156865644
11067,5473.813936970422,5485.095741737668,11.092631238914487,5496.388183552515
13608,5481.578280441533,5492.455182972357,9.723482353198966,5503.703624648857
14270,5484.516544662649,5494.360057308598,9.918908249117361,5505.442734697366
13622,5492.2214722143835,5502.32305014102,11.408977046463475,5512.9433470224
13542,5497.252203324657,5507.093084545342,12.075126160947704,5517.559658768843
6024,5509.416996643407,5518.143479626709,13.900713262937373,5527.106755065503
13633,5528.282938393181,5540.294311794919,10.154513451973608,5553.00129664092
13607,5530.576985254938,5542.194571949229,10.33060238361254,5555.01462104174
13551,5532.46797096604,5544.099663441213,9.773876455419256,5556.975415351957
13534,5534.383566309725,5546.063028501112,10.328612341152716,5558.981754826137
13558,5536.597042731778,5548.1299906124295,10.625169375543726,5560.967709247278
12175,5540.479881872402,5552.042467098235,9.409561919507837,5564.57055261932
13628,5542.395881489555,5554.109069291071,9.529502762969303,5566.3093923851775
12857,5544.315236724502,5556.023376959652,8.712707835887072,5568.02568949916
11434,5555.814794660984,5565.348881630273,12.401378819682114,5575.1000955916215
11507,5557.977606991011,5567.5370559906805,12.892916693584285,5577.4751508534555
12209,5622.236449545191,5636.0277009722695,8.2250923681577,5650.686298020825
12196,5624.333093088455,5638.229722055236,9.128797422202709,5652.608537829882
12219,5626.2401250433795,5640.247314260453,8.276301555644148,5654.594135147809
11046,5648.293779387205,5659.517511408205,10.62578949475871,5670.791901520853
13610,5655.048154328258,5664.272375860047,12.99518099299177,5673.927797087806
11518,5692.35432984054,5703.0396300323755,11.410302977851783,5714.071676510624
11070,5694.401673129724,5705.104187642745,11.542866473044386,5716.143500810258
11516,5703.88702975948,5713.567893713884,12.354075499536027,5723.697843224905
17709,5716.154377665176,5730.092591539744,9.354156965162902,5743.330603466882
17642,5718.260721408413,5732.046497001326,8.624162311120907,5745.202072381184
17713,5720.261785551032,5734.093951122305,10.423217273260164,5747.118249117863
12862,5733.643495150671,5742.361007248971,14.932546918367366,5750.961082184152
11506,5737.900233778005,5746.496108145223,12.656128216923287,5755.917515075241
14267,5739.92049450813,5751.441538540796,10.588477793139988,5763.361530755119
12189,5741.8422056773325,5753.352569103989,9.688960070277616,5765.314766165934
17669,5794.14249504628,5805.010362661582,11.257539911836218,5816.252040072376
11445,5828.801334025786,5837.09098189093,14.695853866594403,5845.3590373799
11481,5830.784951333308,5839.201501736285,14.259451963728685,5847.694617867052
12877,5836.395261326556,5845.511153886759,12.159927891153563,5892.754558657644
12191,5838.23727699197,5847.611898800669,12.916101929452516,5895.263353360951
12222,5840.379623923211,5850.315240587603,12.12738644380971,5897.589849327587
12150,5842.140715667335,5852.043318121323,11.68590681575976,5899.560944124829
12904,5843.91616647926,5854.071998306233,11.58548450139667,5901.425204678699
11465,5914.17534826339,5924.1984743817075,12.796732919302958,5934.301733443253
11047,5922.2189947514735,5931.566584562487,13.426444823016208,5941.484685063102
11511,5963.174814607707,5973.25099408604,12.09511998318936,5983.720933415186
12823,5965.143315290204,5975.147412739622,12.180923020357026,5985.818217881866
18361,5974.150302001479,5983.488963799357,13.27512507670898,5992.489032385286
11068,6005.771707631344,6015.3140588465985,12.02016552775124,6025.142763561671
11014,6007.547566696293,6017.1436618213265,12.351447628187513,6026.862831461853
18335,6019.676776074453,6030.040926864314,11.341050749572648,6041.024595706725
12846,6046.038753252009,6056.299929798284,10.962415235035861,6067.138150856033
17660,6074.391532525245,6086.3240960288285,9.927193987878843,6098.498202966707
17648,6076.288981799446,6088.301159389229,10.07992413664626,6100.393013381916
17663,6078.353362938335,6090.275155112883,11.084356998351836,6102.2384187278685
17692,6080.347205894728,6092.080441247465,9.280035680831862,6104.193276903922
19041,6082.472617429611,6094.163147912042,11.479378520949556,6106.253421158158
18312,6084.440479307433,6096.0476722871945,10.847550674731218,6108.2390802899645
18322,6154.490742832391,6164.499283757552,12.026325178688761,6174.607940493746
18347,6156.706815034449,6166.310673750782,13.000758353192968,6176.378770879632
20202,6169.599668732532,6179.456874435182,12.213477071381947,6190.84366700238
11513,6172.78320939279,6184.316068262602,10.332660349440937,6196.204087726665
11019,6174.689833689326,6186.2230682436475,11.282888080905561,6197.9322553395605
21332,6176.580376323799,6188.101863521778,9.195553076440035,6199.7095888312415
13634,6191.278011417256,6200.532542033907,12.887096492341783,6210.088188495342
13596,6198.780134118142,6208.121064099099,12.253693010913524,6217.975764687692
13593,6213.987171052987,6224.5546754017505,11.472480789166411,6235.4818110707565
11482,6246.298268282759,6259.069708576028,8.85863602856233,6272.366499150511
18386,6254.399448551254,6264.122440686883,12.580221619039476,6274.613105822312
11058,6256.257161886744,6266.0379847869035,12.431179167774767,6276.597121877554
11524,6263.1362730542105,6276.0086846876175,9.030560240076413,6289.181683497688
11484,6278.132293830292,6288.493726290172,11.05398445885217,6299.401446317715
13590,6280.323303546793,6290.354906495571,12.012531687607172,6301.065341360657
11534,6318.808505263647,6327.126602676442,13.824783136588504,6335.77712117311
14277,6334.161636707731,6343.508412851173,12.647545779138897,6352.87004169658
14290,6336.651583640112,6345.55370430613,14.010018426340672,6354.614714489057
14310,6338.97991203652,6348.03784516207,12.444227074600954,6357.59438496863
11477,6342.587815747724,6353.396370472504,10.582927001330384,6364.858439113685
11444,6344.4498040184535,6355.233492813379,11.807165601231924,6366.68725615821
19126,6346.28569230893,6357.083539191768,10.671708882479594,6368.551039709981
11059,6367.602281841129,6378.5212568015895,11.337122398391951,6389.808344020122
14315,6369.462491883628,6380.3452387533125,11.509361782556711,6393.71966720516
16526,6371.228608831808,6382.148196955022,12.14640963648726,6432.582946542618
11441,6375.308675628054,6386.011704710758,10.722569517584882,6437.327316045694
12822,6424.563042471208,6435.0004675225855,11.007409497985154,6445.944465782239
20203,6428.512205554525,6439.022499031563,10.875211257108885,6449.790940098256
17627,6437.890393260096,6448.415905652553,11.807460345648922,6458.835483758395
12137,6439.788859660365,6450.236729737188,12.34627527732062,6460.672024910156
17686,6441.681670112439,6452.049292212438,12.386548129065877,6462.456332207502
20227,6445.456390288464,6456.1099781243165,11.301037624054871,6467.132247305824
13572,6458.091778372725,6467.253953957832,12.495829627178313,6476.653232991017
18310,6463.460201979047,6472.332539453833,13.387301578733782,6481.530387834668
16936,6465.563698830148,6475.250779967402,12.108678010679355,6485.312862107242
11499,6467.4125327114025,6477.013446467366,12.106569532319968,6487.114681371418
11039,6471.318399440437,6481.562616205183,11.600286495601583,6492.18960292048
11017,6473.2560335297385,6483.522741532891,11.092051460541763,6494.18362436541
13613,6484.136838809971,6494.30614212997,11.234003078093314,6505.164452111484
13592,6492.101388452765,6502.341140557215,11.810091388858938,6513.193192603085
17625,6516.0057178710995,6526.158217515811,11.579710829292832,6537.491127748611
17707,6523.732723136602,6533.415519196928,11.976072767060469,6544.836782179393
17673,6525.718557480739,6535.31532500491,10.580342093546863,6546.658876445921
17624,6529.829711731635,6539.471417517878,12.542434376802413,6550.354438925339
19088,6531.611975446199,6541.242902986288,11.635018761357289,6552.154692596723
17702,6533.663433360395,6544.240951844585,10.788583310732097,6555.482354002477
11530,6535.549918187111,6546.032643254228,9.714017678590611,6557.376268199925
11034,6544.4067257227725,6554.474649005536,11.948160658161942,6564.613973127784
14317,6546.414812950862,6556.378355758733,11.631210205821246,6566.365170538753
11515,6548.621111462669,6558.167523432139,12.08646872931888,6568.122067180098
17664,6550.456888458063,6560.016753037455,11.74883144137277,6569.854593486363
17636,6554.075154757516,6563.506001386631,13.048274108094423,6573.353750119873
11009,6556.073304427991,6565.416231407589,12.525107655256269,6575.229332663183
17666,6557.999323253731,6568.211357056171,11.377353223089342,6578.900287376847
11461,6559.808593289562,6570.0782972161305,11.431735629780256,6580.722215962253
13575,6565.2423684267405,6575.53426561701,11.157381440558414,6586.076296502674
11449,6591.011898786619,6599.59202526435,12.894324288847782,6608.411139019999
18371,6610.8024453984945,6622.21723818733,9.814382969581562,6634.133653887412
18349,6612.70509233592,6624.174476747323,9.919298095163617,6636.054311020266
18405,6614.641299354423,6626.186474102927,10.619444177920478,6637.864287675965
17668,6616.4723765744075,6628.130420532115,11.05264416832644,6639.740625172304
18346,6624.281854335826,6635.403328954776,10.481621500659774,6647.657551347688
11508,6633.672501562987,6642.352104706237,14.278868447540303,6651.001396143207
11056,6635.735549250267,6644.593209256632,13.319187142881049,6653.6220631505885
17632,6638.2740218868585,6647.119091252706,13.58385638206333,6656.167951486038
11004,6684.736217051331,6697.125653738419,9.420442150573207,6709.891273078226
18398,6726.587882095979,6738.262198869264,10.354910029818491,6750.526781287832
17630,6728.603351338751,6740.234337672632,10.041342761614072,6752.349942293387
16499,6730.54428806855,6742.111030903436,10.073459433469454,6754.347275084316
17633,6784.247207605524,6793.059915519937,14.47427566928459,6801.613669337392
18408,6790.795394789718,6800.478773365703,12.475840149260007,6810.472047142041
18325,6792.71834546115,6802.273472224919,11.939281818784934,6812.539730246913
19060,6794.534047872177,6804.086111333821,12.175748510895128,6814.29674534683
17638,6873.976015476004,6883.281243913174,13.026777389290332,6893.006395752864
17671,6876.264953784995,6886.074450600804,12.072550436315103,6896.23618367605
18365,6888.020501575502,6898.229574778589,11.795884671408556,6909.090462049304
11057,6903.6475788914295,6913.457012330708,12.052417510687079,6923.451943621215
17677,6905.681740971513,6915.2062638273,11.790453427633762,6925.234709975752
18382,6964.159637544696,6976.379879634052,9.014613675309144,6989.454269091098
17646,6966.140123579105,6978.470193669307,10.374212862382027,6991.322305823586
17622,6968.494797912265,6980.34550392017,11.207069986343932,6993.171151149727
18404,6970.728918142944,6982.286856997775,10.790484118167067,6994.951197929643
17667,6972.576928126175,6984.22572586025,9.808662818543654,6996.8829234994555
18362,6974.633380063292,6986.215389792407,9.87083409008416,6999.040835025205
18332,6976.487497171781,6988.1645280335515,8.110231895688559,7000.798182701331
18394,6978.445040548087,6990.2731225346415,10.142063889748714,7002.636128877502
18330,6980.368311876347,6992.201734691747,9.233888626594135,7004.3908281449885
19040,6995.999078513049,7005.220151811173,13.125131688925247,7014.573304045266
19070,6998.052270421238,7007.15636339365,12.814744213341081,7016.544434861808
19079,6999.912636456213,7009.3999576046335,12.170408701621819,7019.257032301018
18370,7001.788097720641,7011.174031507701,12.371416213539895,7021.022742960904
18306,7003.525356738596,7013.353381791958,12.081685295110942,7023.74379702685
19831,7005.364228590247,7015.427298182413,11.353033442339179,7026.240813174074
16964,7007.2150463107155,7017.2303851041215,11.743439899937972,7028.033772222767
13588,7014.415796025212,7024.103072431107,12.350350300723719,7034.81779523786
16950,7042.33066660859,7052.102366120004,11.825269905039024,7062.552320130341
21323,7054.117370250357,7065.1991931373,10.474454076056501,7076.840867196635
17698,7056.161100583269,7067.080782901584,10.808393381101068,7078.6826756075
18324,7067.916149471853,7078.537129565162,11.26347899128771,7089.79534661845
18358,7070.039031956622,7080.469145320766,10.775892984465841,7091.576036013671
17679,7072.076450536818,7082.367726180335,12.314661369277788,7093.385492306112
18377,7074.116674657231,7084.457773431624,11.145511670656056,7095.433306167377
19778,7083.971095378597,7094.353973854913,12.175997790887612,7104.9546720552735
18392,7085.987895087168,7096.503545648684,11.365661535230853,7107.406849464922
18393,7090.222860982595,7102.048023072916,9.400012712843884,7114.69999029569
17017,7092.147516297822,7104.049285941779,9.191814230111211,7116.50716900814
20653,7113.780131507238,7123.111259833543,12.914610968437263,7132.7181453216135
21318,7149.967934503012,7160.255872794343,11.13747260239548,7171.00543850568
17701,7151.807917898645,7162.061433231908,11.233624278021924,7172.858483480425
17689,7159.099079665545,7169.504283310767,11.549607774037725,7180.139039274023
19074,7161.030306586985,7171.310678020817,11.484369791240404,7181.884678923257
19783,7173.601898446423,7184.12978846479,11.433730100710536,7194.842032306339
11026,7184.210646282838,7195.447473958371,10.949367186296264,7207.293086243289
11022,7186.116696269382,7197.28575610766,10.131338944620193,7209.228655178571
18397,7188.12938250566,7199.24669544979,8.822421946259677,7210.979705434557
17693,7190.104783054481,7201.272315622906,9.703501219209697,7212.693026351096
20649,7203.767525615101,7212.384420457157,14.738555906662286,7220.932079830807
17705,7238.1824817794595,7248.531583437467,11.56433166456195,7259.839099093623
17670,7240.000962049385,7250.313341748308,11.73634434646268,7261.741398530322
18321,7241.83211253472,7252.443953221409,11.123096401380575,7263.721609596579
18400,7251.613117366982,7262.365495063292,11.008129099517506,7273.602242723199
18381,7253.502228783232,7264.226698986751,10.437017002397933,7275.551551212558
18378,7255.869271401354,7267.2154591355775,10.530955373941957,7279.110764576615
17019,7267.429397870226,7277.3980286510305,12.61087927474859,7287.77144642764
19830,7269.610739427156,7279.160041220912,11.721239300664907,7289.558772345809
19815,7271.350527823091,7281.399714922061,11.781152115541477,7291.779435775267
17708,7273.223279273344,7283.236169993483,12.41892844735338,7293.631282127854
18319,7275.139560056488,7285.038263930518,10.302532220773143,7295.498660027297
18383,7324.017167227446,7333.288602341807,13.705794867566876,7342.464120159613
16989,7333.804469830398,7344.1572589596635,10.930600033382616,7355.297493223762
17706,7344.557813426555,7353.10508513762,13.901258259522077,7363.018196543351
16506,7362.100949385473,7373.44829310685,10.510582959034563,7385.252085549896
19789,7363.940417801456,7375.305924473735,11.360769002003488,7387.325189666395
17008,7365.891342912569,7377.192063949228,10.13486473304164,7389.1757421198545
17656,7420.201587622324,7431.025960542758,9.346425081681518,7444.173261525609
18387,7425.613040183987,7437.028545603791,9.368548442451045,7449.529589693007
19058,7429.474474604922,7441.138871432873,9.679138972502159,7453.194647085502
20647,7443.69194170121,7452.129021634293,14.484027323666147,7460.744511792358
13568,7472.132202805485,7480.248564203195,14.383754696496046,7488.806672552976
16536,7533.725335297788,7543.5609835620035,11.845536189718269,7553.816399796668
17718,7593.819966631596,7603.537876219258,12.58642294416393,7613.455945140131
17631,7595.878886813874,7605.385022096945,12.643208254814533,7615.260738028074
11525,7606.0382895540415,7614.47112366208,14.335798093667027,7623.300982850397
17018,7612.6913050943585,7624.342884793151,10.492741654489302,7636.487666906901
17032,7614.65559502431,7626.236078287736,9.212522065464809,7638.548006336547
19037,7652.866996106276,7661.389851007215,14.412003989330303,7670.21298331602
18396,7685.894421689905,7694.558281643117,14.402882287540665,7704.326249510979
17687,7687.7173384078005,7698.129781256045,11.798257694131555,7708.982854832862
17678,7695.5645097403585,7705.250732648578,12.240038797422429,7715.444750552207
16978,7713.938928681995,7723.410157313679,13.516799579487683,7732.885176543104
16980,7716.251097274494,7725.403119608256,13.433776767528862,7734.998839614134
16539,7722.9040123506475,7736.05368826681,9.502823474205146,7749.679688314806
16973,7727.143076735487,7740.042136016571,9.044044083868053,7753.721118306556
20201,7729.194617196404,7742.039464159722,9.10218625201088,7755.4642849857555
19055,7733.145551374832,7744.074557898349,9.07654620804386,7757.228842678714
17007,7760.0662893564595,7769.449781202146,12.5267273744876,7779.178433660098
17012,7765.325511980625,7775.41469921043,12.133446373001796,7786.139158898126
17617,7788.88554868184,7798.346962621176,12.105978538749303,7808.53242170003
16992,7803.79473747287,7814.488078548588,10.883514227046614,7825.760768768433
16994,7805.637589342314,7816.299308938279,11.552173854069384,7827.61892060032
16979,7807.9264490229325,7819.316129404464,10.94022067365659,7831.080911165007
17703,7810.551132925029,7821.1894008617155,10.531716555403158,7833.013558435294
17700,7812.480966946413,7823.4600558463,10.523175013821866,7834.867897242896
19116,7814.350009911296,7825.296072755938,11.485302177150636,7836.677176965729
19772,7819.915792646699,7830.0977920882,12.095946783123608,7840.729053757626
18339,7863.9170785942315,7873.586385075526,12.358159178671107,7883.444969650634
18376,7865.937788674523,7875.436727930084,12.3178853236164,7885.141046520558
18340,7867.73097279602,7877.238008951546,12.711633432429096,7886.785637862084
19048,7895.831505693888,7906.291664044261,11.078105404646582,7917.201319737075
19733,7897.802564857869,7908.088717598642,11.468918766353909,7918.857044932192
16508,7905.058669588829,7915.394032072293,11.840003742802544,7925.703093571794
16505,7906.97798557185,7917.262134869376,10.733092026812177,7927.678248573507
17665,7909.19701920967,7919.187386967098,13.216317256817172,7929.439098427632
17010,7910.951173275323,7921.024643498508,13.58565672376127,7931.241571864878
19010,7926.028782295884,7935.233557924906,13.614759934216158,7944.752218864832
16511,7928.4158762259685,7939.1282661905,10.410409322953019,7950.257224400789
17023,7930.200222848064,7941.068760806269,11.106924105207474,7952.085060808973
16972,7942.050249563052,7952.384731108462,11.947145151650481,7963.083446799543
16567,7954.250321789174,7963.44403826046,13.54647313276972,7972.725603082046
16562,7984.105776740181,7994.383939511855,12.301406817820803,8004.824068628786
16997,7985.986945600259,7996.148985551407,10.923709385274504,8006.6580695759885
16969,7988.362615745327,7998.018318005258,11.990008903428246,8008.507489907723
19127,7997.256264261532,8006.015177951476,13.973897213244262,8015.229116123971
19080,8014.63185972193,8022.56674383186,14.661390988246648,8030.890671910999
17003,8034.829304607162,8043.429603904983,13.876985314487728,8052.43219595973
16967,8044.534132752181,8056.450502060186,9.858909297946756,8068.7094308032965
16538,8046.6287973322305,8058.448012422388,10.976156354955169,8070.636463385545
16558,8048.96231402534,8060.330921125079,9.538138475952852,8072.548117506115
18274,8050.792295948087,8062.361825002598,10.850146739176418,8074.485502292264
17005,8052.672983238067,8064.155077147744,9.344964318228527,8076.498972301349
17033,8073.829041756153,8082.591143172351,14.522561326527574,8090.717408698246
19067,8091.2563974786335,8102.25843432833,10.27461665405864,8113.792061982522
19075,8094.892051561912,8104.29427202655,11.218125385685443,8115.688675427364
16561,8134.311300720858,8143.363890112806,14.436107786164428,8152.0879564919305
17004,8136.349342210029,8147.33645462348,11.409053276188923,8158.670289861331
17025,8138.415598069453,8149.169662358035,11.203878205593808,8160.472341636534
16971,8140.451150908566,8151.0454803759,10.510588726346995,8162.317611472097
16961,8142.1718072793265,8153.016968984708,11.950543617416423,8164.250605030362
18309,8149.998229970604,8161.178305419683,10.86554079831701,8172.776362269276
16933,8163.764733054864,8174.412485904149,11.761428003334993,8185.362938228268
19062,8179.342690521778,8189.236425542807,11.943235268048891,8199.84110099221
19136,8184.720860147742,8193.592994501869,13.061618439288445,8202.934203648887
19135,8261.053444557434,8270.183286254543,12.899153331447653,8279.81860812652
19122,8269.702504940795,8280.440543822024,10.454235949429917,8291.533224655355
19049,8282.46479723526,8290.194642725211,15.747289309063156,8298.28348536648
16530,8301.129359171266,8311.183604222188,11.868492001751099,8321.74778472508
16951,8343.729264281385,8354.131016661187,11.996031573540444,8364.58110426429
19099,8355.37044942207,8363.408072856306,14.861281209510999,8371.886289704795
19046,8463.957237069153,8474.469336940656,11.267042900026258,8485.132202348903
19063,8553.74046704417,8562.434284068338,14.294394214014796,8570.97670861698
16932,8571.504790793933,8581.535940973205,12.027130734685826,8591.923900831816
17001,8584.37178026155,8593.428636475379,14.126461672893015,8602.195593158705
19096,8708.504468314506,8717.495011418901,13.473581146199098,8726.935785868265
19059,8714.304481724832,8723.491117837437,13.43962117300833,8733.064975677704
19104,8798.84203097632,8809.232866251132,10.757429592584963,8820.049074821256
19098,8889.313983849772,8901.467272752037,9.458576579785827,8914.134116854742
19109,8996.092720087645,9004.40450091396,13.856604955278307,9013.224504362473
19061,9002.141031076033,9011.044154729147,13.362671359057686,9020.21348273075
19078,9067.665353671282,9076.08336556979,14.34028043060161,9084.981540761892
19134,9183.880496327163,9194.13125619343,11.351289144849758,9204.749540201516
19094,9274.621088387526,9285.144011764425,11.294165862415698,9296.078005961774
19056,9363.387157223007,9372.430012040773,13.102235574016808,9381.443763485895
