1701,267.0,270.31176878514054,14.675303705647217,274.36240354748776
1306,361.0,365.0511720452619,11.690936788205263,369.9466071097268
1717,410.0,413.0078277939117,16.79774415839904,416.57830623279614
1289,540.0,543.4292691846653,13.694039767110834,547.5375780446707
1723,600.0,603.6286428244656,13.745156977338292,608.3073664416526
3412,649.4600580073652,652.4859838988024,12.550240597100332,656.9639829123953
1251,676.0,679.5512892048653,13.223777616733697,683.9049351763917
1188,810.0,813.2491747412081,15.004141333104219,816.9782410945834
138,831.8183975574323,835.3051534547014,11.399258008953058,840.6169144524523
1468,1007.0,1011.0309715968418,11.999328409498705,1015.9266156614642
1245,1072.0,1075.4376574505504,13.61341489420064,1081.0321408647774
1168,1204.0,1207.3861787182398,14.468818379447425,1211.5319421774386
1510,1347.0,1351.1494996619897,11.222524131897963,1356.370242951389
6945,1806.0,1809.3797975183975,14.856844221734356,1813.456516775878
7275,2338.0,2341.611341272193,13.470511256721096,2346.1139109892183
6724,2437.0,2440.502237151254,13.384266710410989,2444.783610319304
6902,2857.0,2860.585942340538,13.016171963670905,2868.0
7195,2883.0,2886.4551208233984,14.361278585445712,2890.5405342067947
6970,3053.0,3056.431397631141,14.280807661172723,3062.2234270722583
6846,3256.0,3260.059286332546,13.035631144433667,3264.4890900516752
7173,3298.0,3301.389722197176,15.097081636601617,3305.2994748872165
7238,3368.0,3371.4610567485265,14.149610454439689,3375.7108489085017
6937,3519.0,3522.5698479155644,13.635677992288631,3526.9275001886613
7050,3538.0,3541.367896119953,14.454679188488338,3545.5170984031524
12476,3686.0,3689.350358804042,14.228810800821009,3693.448019251141
12486,3694.0,3697.303234814577,15.505065967802222,3701.0861199928277
12416,3843.0,3846.2957797988183,14.372711683693018,3850.1738028514224
12270,3903.0,3906.5225025096674,13.569472900377276,3910.640560637196
12692,4061.0,4064.5153366375102,13.556685305632495,4068.7028910181166
12704,4072.0,4075.488388485483,13.362316066090825,4080.053367208333
12140,4085.0,4089.007326416778,11.314973026094297,4094.4178551256077
12571,4507.0,4510.38167894809,14.144726054044984,4514.487418833347
12383,4589.0,4592.506673165233,13.526679266824175,4596.785096678973
12686,4628.0,4631.11443941479,16.394956893095305,4634.758935089571
12625,4710.0,4713.54837917429,13.81361229478879,4717.756804098616
12125,4832.0,4836.059597951274,12.149538279375303,4840.710830159343
12670,4898.0,4902.110218863292,11.450208690979492,4907.41205377808
12576,4922.0,4925.1950164096115,16.114935298502218,4928.945859553417
12240,4997.0,5001.182562986133,11.252224479868884,5006.311915197705
11153,5059.478253176287,5062.542816110326,12.35791145851822,5067.201738066741
11140,5061.984704206805,5065.13866929671,11.482135261603219,5069.968891522492
12471,5110.0,5113.3697066833965,14.580909461755908,5120.0
14883,5149.3270317570095,5152.270667295234,13.1247706002666,5156.70931327088
15267,5248.977225411647,5252.037118574743,12.365419682669197,5256.648169964149
14832,5251.506275527431,5254.554750615503,12.585479108246874,5259.323608822896
12257,5280.0,5283.431627166954,13.428489879478887,5287.48879408742
11197,5337.701704384071,5340.373044656687,13.861880907864931,5344.602993716805
17962,5540.0,5543.32857810207,15.35055293925453,5547.112941836245
18171,5580.0,5584.125791483248,10.490050754531037,5589.68750828494
18029,5714.0,5717.478502902017,13.550748316774127,5721.7002368718
18220,5760.0,5763.232310867497,15.56301521997174,5766.9564271651125
18276,5853.0,5856.5837196760085,12.977383394597068,5860.896973559704
18198,6123.0,6126.400701214798,14.635000813327462,6130.36293228747
17737,6339.0,6342.442682806899,14.460521284671325,6346.61146090097
18049,6345.0,6348.459485575468,13.946401459665504,6352.729957513458
17732,6622.0,6626.152820107527,13.172930344240662,6630.759402093381
17646,6748.0,6751.456314915241,15.20315670244154,6755.423046495051
17924,6839.0,6843.46993660984,10.153853277782755,6849.311253911575
17760,6878.0,6882.4064003676895,9.21607563140985,6888.358730329544
18233,7075.0,7078.554100056474,13.79729525554768,7082.752787293462
19930,7230.284449020365,7233.447027778356,12.10889696055314,7238.335313944872
