5040,22.737452365038205,27.488585536770984,14.495538848407106,34.55736536912466
5103,39.10303473379322,44.001098681346804,11.950982160981674,60.98013692786791
5169,105.10913130560492,110.21530943427898,12.303113856905341,118.68972611475826
4950,109.51805618416915,114.33391032958697,14.478039860771032,121.69744120819182
5200,122.69820964556587,127.57990847069446,12.967779752516218,135.63736062601043
5016,138.30017724169716,143.2813133468404,13.076241622322117,151.46257704164907
5151,147.28388035594216,152.2055819737932,13.270794908197573,160.45334616314824
4975,149.86707397027456,155.16386520541892,14.02529657471898,167.1562273780696
5014,161.56012161073588,165.43207895865362,16.49367455964241,176.01633197099724
5114,165.3881003457324,170.1993910588185,12.30971974955966,178.96673345496762
4981,182.59911879209247,187.52462852630194,12.759537864265182,195.6718602716044
5022,220.16656383864688,225.0033039033997,12.75285379424585,241.8713483390184
4852,231.56349701039468,236.61448780399252,14.049286528626348,246.83612230119837
5236,260.2089270872167,265.1618523405623,13.070303828347223,275.74146415252744
5091,310.8631056633581,315.4663223288941,13.544502548063258,323.40606678671253
4851,328.5626316288517,333.2120682902782,15.397471732614509,348.1932946497226
5120,342.91606977296044,348.1685302680692,11.924571077641476,356.609870813139
4955,347.7936176642575,353.1276337836954,11.470339340215165,361.51311808119493
4992,389.90356354558014,394.5042005627257,13.872353790663276,402.65988279295755
5015,391.51882740652945,396.3253124471983,13.564725355535135,405.3550690658879
5235,394.5596462925723,399.0958954528056,14.355346615987918,407.5853380569594
4854,401.83038050986494,406.4325099442607,12.789066364914495,419.0402624940997
5117,427.8785465782505,434.20777214204423,9.678751446627523,449.2213693790359
4984,453.8938244251257,459.2923331102718,11.159072730596266,490.8530939682259
5042,465.7880113140438,470.5901936568401,14.623476748563053,500.65205945211557
5144,485.1067019822219,491.08475004432194,9.733041978358079,541.2113669844586
5054,492.2734783676645,497.0930342511631,12.518511700894425,545.9921572107714
4918,524.3866586210095,529.440794998174,12.370843273231976,553.8592679654964
5211,554.2473177211588,558.411849014289,14.43110930990861,566.0343079037729
4991,564.4452359872282,570.3659925882615,10.87161209742354,579.6196314500361
4830,568.595291966313,574.1462002123008,11.459171318140791,583.365034025777
5003,579.4566379600732,585.277581535175,10.553313273143369,594.6365818809246
5110,613.6967898930725,618.0173772902581,13.728828667993538,632.103880475086
4898,647.9787780021175,653.1031446852463,13.676317843822487,660.5997096056008
5038,650.6588357461735,656.0403758144937,11.903969789446183,664.6352026979731
5215,654.0349204482027,659.4117765090884,12.743040225579001,667.5702764992831
5059,672.4050024147683,677.1156612662261,13.378349720162445,684.5917935579728
5116,704.4161371365147,710.2582411736928,10.54374060909352,744.9416940368343
4946,706.6751224884787,712.1741627139031,10.813214796762093,753.9401958550753
4882,720.4868774534348,725.238572202317,12.41433787752113,756.7427345641299
4863,730.2460165097377,735.1487212822011,12.75773806313019,770.0757795298078
5277,740.6523170121485,746.4556980031736,11.99959861723017,778.5356827357125
5076,765.0555493453406,770.4617355568178,11.867436185745087,780.7475514446941
5024,769.4620517454234,774.5011331334487,14.413178138565588,783.3955143712312
4990,776.5420723125011,781.3865317423703,13.032399645368969,825.0356843109455
4139,795.7129903339238,803.1188041208345,8.57994439321398,869.1036965411769
4986,797.9073513325134,805.2102465559763,8.869551016798406,871.891969060472
5223,804.26342122973,809.545313684756,12.001148710776246,878.8905782216843
4961,806.2240233819755,811.3661851820298,11.905734290068265,881.7864216608384
5032,843.4491155168117,849.0228385968438,8.430979423149985,942.7229212285923
5047,852.756922820293,859.0514504106712,5.417767567996971,945.6531751689482
4857,1125.6416174778958,1191.0712385311306,5.7288648975347884,1324.0696115874853
5130,1348.7247708025002,1506.1251261937482,5.991540120357412,1586.9805302043114
10626,2483.5998345722414,2521.2000820106296,6.849629122260668,2746.230008199071
10601,2683.988497536701,2772.011110881158,5.132620043115308,2948.8210081450907
10411,3440.179800584306,3486.050383073197,5.315424880280826,3596.3868304575353
10363,3534.6452507197587,3611.0790424744896,5.6207962774261135,3676.8630229181317
10335,3835.725385580844,3841.408978437031,10.211560317598337,3936.399893152288
10354,3838.673977152891,3844.295574561169,8.93623197523359,3938.6649462616324
15999,4240.640140468149,4291.112333437849,5.895793727063111,4372.006466353756
15971,4294.4651769921575,4334.073305290939,6.040913150348869,4461.480249638236
16138,4341.595344003797,4389.05363496527,6.166782057164299,4492.483721278611
16074,4404.6788402804805,4502.353219896514,8.083708660493695,4573.656818719009
16085,4511.861683991887,4578.013171912286,5.13874006855836,4735.153306693414
16036,4517.05248866862,4583.082112965425,5.785354347932817,4754.194175349215
16096,5120.856096972016,5193.117010638727,6.881617069658016,5294.309945814752
15822,5296.300873600916,5319.032879898773,5.648289997259902,5384.883480979779
21667,5510.568299064398,5545.051417304435,6.489230664654233,5601.789623561385
15879,5547.889826813982,5553.4033537483465,10.69239412005239,5604.441716379463
16184,5553.717793571147,5559.518694397555,12.49092819090061,5638.074649288607
16000,5586.536023569955,5591.514062739467,13.984357262637936,5645.491366190358
21648,5598.358031303951,5603.128252450315,8.634757906996164,5691.8107348828335
21571,6103.753870150991,6188.046882192232,5.948690547682858,6255.933278702497
21387,6132.2819607696765,6193.022852253378,7.4340523173151505,6261.57802895221
21680,6208.647663068177,6268.007187387057,5.4861573264607495,6444.230249830274
21688,6283.106781473841,6287.359353338887,13.563188835300581,6500.017942254394
21600,6289.005539037961,6293.567473846948,13.385641365224286,6502.7868785824
21524,6290.778984612731,6295.450175978159,9.973680681844757,6613.0741191809275
21657,6293.571462546855,6299.176180635389,6.080929638692712,6623.065094059056
21384,6508.286616980869,6651.052946411875,6.010352411966211,6737.683409332955
21576,6671.5157566812095,6750.18564885707,6.414809331535872,6819.226136952464
21665,6815.694673259359,6833.15125666851,5.95467263192028,6906.720435725099
21430,6842.739029177072,6911.097952940811,7.197654188168739,7048.642217687964
21447,7195.434593796057,7266.213353231903,7.569969893771392,7340.796797243165
21717,7343.56301177094,7355.178976708636,8.078767326940142,7428.378522918848
21432,7346.696579325836,7357.287445736455,8.700772819739663,7430.567582601941
21586,7383.077402308435,7388.32996643737,12.254311460220087,7452.228995771292
21536,7417.480101992749,7445.2738664292165,8.355852191070985,7517.47952308063
16510,8303.177095362527,8307.476198045004,13.614406472287925,8315.535035312001
16554,8488.535378663957,8493.346158538827,12.50310234066452,8501.660427380293
19828,8491.184182191924,8496.427707371426,11.66742647958868,8505.647761788432
