4483,72.9205607100234,78.30077583048242,13.36240310235182,94.4507327592617
4411,95.86400813068114,103.01594230473616,9.923716217720646,110.67344714116051
4378,140.2228402491947,148.1990926114348,9.201811268004139,181.71573314192204
4784,158.03828471982825,163.57970664488624,12.789851526426004,186.38532817182173
4790,208.85133898212038,215.0505658681474,11.885304705447563,271.4843119403085
4447,230.3129257777134,236.57940553008137,12.85126306929737,280.4095305836823
4189,234.82498961998465,240.58200424287503,12.566512309792827,284.34775480281996
4283,254.22816525623983,260.01892169295655,5.863344552927974,289.97711562962706
3699,277.70972612548206,288.14442272550315,7.514362493970587,295.384277788759
4809,308.3316854855901,314.20435992782114,13.183345770017098,364.0546430719855
4453,387.72088417433116,392.47182964109834,15.017827304221825,397.6366122439851
4455,399.2785800004232,406.03372804892336,10.214488407927165,454.5139392932849
3750,458.0083521732527,464.5018695544887,11.165578073051567,471.6144044034458
3963,459.7598835182558,466.378086249724,10.578194952148586,473.48566983341266
3677,517.0237346630527,525.212697737584,9.45231912205673,541.8371437018172
4067,563.8386673176469,569.3719132257896,13.586175159347604,576.8942198783112
4376,621.1195678228058,628.2629665160579,10.02614257050501,637.2839504968829
3751,640.5194732095373,647.0941747876949,10.551206360167646,655.4955871633828
4448,659.5442490727913,665.3212802569718,12.606203036428392,721.5807392157237
3729,662.8376605219883,668.3130959217375,13.976405861306992,724.3372521354931
3738,678.5402063280429,684.4732576847686,13.607999958063088,726.5384170603138
4410,684.4310267791398,691.5250221794583,10.540256602943366,730.7554986582196
4403,686.3857357325008,693.4237321760767,10.507865622660807,732.5828520864733
4428,694.2401867243925,700.3533652682166,11.4077335441652,736.5101275521359
4781,696.2433280067955,702.2122144110502,9.45081956695733,738.3955266881251
4489,729.9464877542517,738.049708133769,8.739100962652063,746.7814205367074
4505,744.8577635059329,751.199234476015,12.35169533336842,757.8821503041371
4130,751.4426499200679,757.0565224726832,13.3034904070587,811.6784473079842
4323,779.449628189273,785.3467858652525,14.659736527664005,820.5182008739348
4310,785.7173782493263,791.5182275641264,12.559020683750065,822.3580382999138
4134,787.8116604660272,794.195437560055,12.03207150528557,824.3640084963035
4473,813.6986491023893,828.2797225865725,7.536150175218267,837.3883828847822
3743,843.5056920566636,850.0679114886226,11.085532809963668,901.4249850515283
4150,847.9830655413106,854.2352682802743,12.24215613438093,906.3279759539207
4178,858.3651399476719,865.3098939662272,11.685130402067443,908.4815327686024
3685,860.9924116689286,867.2307316653989,11.772062662052655,910.8821642161919
4121,863.0914541493606,869.2457612429009,13.091921344669135,912.7051853264949
4117,864.9816154359564,871.0345733727073,12.847738636792334,914.3664409777298
4371,867.551378843785,874.0380961306684,10.02082674586256,916.1783035917613
4111,869.7523181509055,876.2020898774399,9.14387947435927,917.9925896805158
4477,891.8747104052472,923.0447780328284,11.087380689638362,930.4679548945537
4119,923.5618461198001,929.476663909184,13.874256542911771,935.485478190862
4149,931.5169252776459,937.3008697789767,13.196884120864285,993.9475867378394
4426,952.8281465845475,959.2640923428661,11.548957482438357,999.2397146537314
4401,954.9145321409516,961.0679333823377,11.46671524734478,1001.2777756428545
4263,960.3030701494629,966.2504806246853,12.164115879611217,1004.3941921595232
3669,966.1391108161412,972.2063188498068,12.548951598923166,1006.4732039565333
4795,1015.113441656193,1021.238248325728,13.66763223592396,1026.9673902532384
3704,1038.5090297729125,1046.1467592577392,9.79532892621338,1081.516888806754
4348,1041.3771062505764,1048.4418176354895,11.163012095926229,1084.6261268895657
3710,1044.0299504441198,1050.455863333044,10.96984730353504,1089.6562070381494
4400,1047.0253218259843,1054.0643063095854,11.994408289891997,1092.3807764892797
4293,1051.3843504334716,1057.2711138928742,12.883356660894513,1095.1937336580577
3934,1090.052586945964,1097.4796464966535,10.328584925617315,1105.2790663163933
4449,1109.7997220293366,1117.0823211431466,10.058704381302876,1171.3964629467353
3767,1111.6932243013441,1119.0347523358464,11.109588589412722,1174.1360443415585
4350,1157.9801022780107,1166.066015870506,8.766002038383629,1182.6272905217972
4001,1177.8916738574537,1184.4180218818337,11.83369119683142,1191.4102092353894
3758,1179.9030375625994,1186.2576860544227,10.373835879723547,1193.2216207137865
3917,1181.6909691241865,1188.2265891966063,11.215040482602536,1195.2132920522354
3974,1185.7186084756893,1191.0411046666131,13.47565392405152,1197.0971208993008
3761,1201.6090811534782,1208.5220040818715,11.538780455402682,1268.1411846951191
4147,1205.6725766357056,1212.406417744074,11.652830217150983,1270.2659948379746
3681,1230.7973518725973,1237.0822047921697,11.679182230665061,1274.9733926971492
4157,1239.4950539257554,1246.0765536771203,10.635526931482191,1278.6667179909841
4303,1248.4999493575863,1255.4651270728984,10.812978282088073,1282.3294309948037
3723,1272.5885437736467,1279.0340780874255,11.36905256973656,1286.132852748653
4270,1307.7780675474442,1314.2207471720599,12.234122956626113,1351.3366641354712
4402,1312.3712828083294,1319.4573147884,10.8608051596774,1355.9950090376865
4414,1332.159067497537,1338.292494226614,11.864270030716497,1361.7073022606664
3752,1355.8852510361276,1362.094208725044,11.59221244765574,1368.7419705304176
4085,1357.8570785215302,1364.5120694934521,11.510159078806586,1371.4439877557088
3700,1387.737508647839,1394.0439771693061,10.894695355233585,1444.2705294089262
4267,1422.4610259798171,1430.2955688572652,8.846975548917744,1452.263591624615
4129,1446.1243041600378,1452.084681102793,12.257859836132193,1458.2931212579456
4151,1447.9260880775173,1454.1106429890162,11.887619683619967,1460.6846498702096
4506,1492.457095777349,1498.4893645406241,11.850719318484682,1537.1861989605075
4184,1498.8589470801394,1506.2355055900778,10.391904590533178,1542.3285923404324
4144,1535.852523028067,1542.0413562218707,12.43887910122862,1548.5275461078872
3947,1549.6924079669873,1555.2683638684005,12.86638717536265,1561.2433528940658
4138,1581.53165710368,1588.4129964878564,12.435177269325498,1639.097850349608
4372,1584.123597351569,1590.208934164007,12.835225573126435,1641.7625606718918
4786,1600.4150208601789,1607.2134507654432,11.117654900709264,1643.9499575250034
4290,1605.051709712137,1611.1426607047567,11.822247025140697,1645.9502199962778
4319,1667.8739285213844,1674.1829277664244,13.017361463285628,1720.2813630266564
4511,1681.2085185158928,1688.0031095389322,10.545774261541627,1722.7510895928747
4342,1687.0932864282854,1693.2362030256827,12.157854804581373,1728.112621521556
4459,1689.1259153522255,1695.1911505802725,12.472613663303965,1730.5160333729812
4092,1737.304613616361,1743.47335678254,12.877708507797868,1803.9004674739904
4454,1759.9064440827035,1766.1889598601108,11.974298565399481,1806.2078465593063
4432,1762.085898996933,1768.4377812188443,11.556707618192702,1808.3516873669355
4286,1768.0172951700229,1774.4103728393175,11.881219464562626,1810.7205902742646
4437,1770.088150945726,1776.265896018854,13.128539503464044,1817.6778230337775
4089,1771.3120871945152,1778.1489116665089,10.531857818265404,1820.891991076198
4467,1773.48069451721,1780.1702316725398,10.124159785284148,1823.4131035240696
3753,1830.5545443239905,1836.1644463938005,12.826438058849714,1894.5378010502557
3731,1832.3071836588654,1838.1209088767628,12.597127091051284,1899.0485594824509
4793,1847.8565982142932,1854.1847246990649,12.507662878877206,1908.439877254183
9980,1893.8971505580198,1902.2753843671787,9.07744525215257,1912.8906758598262
9645,1916.155170528061,1922.0006931731582,12.769381550101325,1981.1523522924267
9224,1918.4398317157654,1924.2965420792634,12.609915596127944,1983.8345657779312
9251,1924.4858045305996,1931.389310023996,10.735108799739347,1986.4681337976092
9881,1926.5632535164762,1933.3129369171265,10.130287031525443,1988.5193458958247
9931,1957.997497714212,1963.2898684144473,14.400897161101163,1994.4034136549624
9459,1991.2892482262728,1998.5109359429437,10.487008833936018,2006.4123890285
9241,1996.9645767374413,2003.3330790567238,12.31933542095991,2009.5830644111138
9472,1998.9154425316265,2005.1077985866982,13.253742739700254,2011.335992606404
9582,2015.5470124210608,2021.2568166559647,12.787063669577147,2078.1764225747806
9558,2038.3092292644324,2043.575565608151,13.957234714187695,2081.0928964488016
9652,2074.046556124629,2080.1342667825306,12.889132902986887,2086.104083824469
9900,2093.1556972574235,2098.118712443089,15.255003508797815,2103.45809404215
9585,2099.9457168436616,2105.164234622644,13.864030014951318,2161.346462103906
9959,2107.663024451736,2113.5509641488466,12.423714667541923,2169.487054876676
9777,2126.051131648082,2132.2464561757038,12.525837786765509,2177.836180016627
9627,2127.9514259981397,2134.183575407277,11.994467000471056,2182.1808801948573
9792,2134.508929716787,2140.2183325092874,11.754770946953307,2187.056153883918
9986,2145.209032397715,2153.238492410303,9.678498450620978,2190.065294827183
9966,2182.1313514261606,2187.4146216936274,14.393409117975219,2195.09856375959
9574,2209.074163064095,2215.0271199465083,13.64646991261155,2258.541397978853
9893,2211.3638885276755,2218.032465265709,11.687167355835891,2261.451169470921
9802,2217.7045595911463,2223.5242234644797,13.3320659982384,2263.660117719635
9571,2219.875188396895,2226.2651069647163,11.841223673187876,2266.057016675253
9818,2221.671297224387,2228.057302843112,12.000814853146402,2267.8127786539776
9876,2236.4937347621867,2242.112017098627,13.30030457881249,2269.8417942444644
9999,2239.926494756604,2246.3401205839964,11.629747288066204,2272.9484037734364
9588,2253.246821773341,2259.424741213355,11.266471743906024,2274.998907286475
9925,2271.495620775095,2276.644510004105,14.717407272593052,2282.1459009953096
9226,2275.01874684704,2280.476904441818,13.834204744771371,2286.727666085372
9626,2300.356103322581,2306.0657947109003,13.339824431602308,2351.310161819284
9896,2326.509426052088,2332.1004906655644,5.902378703933336,2377.6253723509362
9605,2447.5162799140803,2454.236492656196,11.00634823797638,2521.7612856890914
9943,2457.886021181654,2463.2472047035258,13.458737523062894,2524.3459855169554
9220,2461.340688416896,2467.2257010593476,12.306028386064199,2526.555987672744
9204,2463.2557648284296,2469.019048170686,13.215698450897989,2528.5375810823903
9650,2477.6991337705977,2485.1252786163395,11.110640701937747,2530.7355632262374
9839,2481.7554214212505,2489.020530976615,9.48090037232772,2534.4237889999927
9638,2485.6487928379884,2491.3291081832035,11.108185645144694,2536.3940887350323
9573,2492.833055729667,2498.4733618309183,10.21249780831597,2538.182788529359
9859,2567.923451482766,2574.152280410301,14.386611982220197,2622.614321326227
9944,2570.08674726056,2576.350288318596,12.668190809614906,2624.561490288822
9916,2574.677258537276,2581.036053781908,7.765425266858526,2628.346094048101
9819,2593.2518500976794,2626.0833860875564,5.957358146813891,2634.032063975803
9463,2625.926524171518,2634.5547765800043,12.071045298427443,2641.3723197030586
9621,2630.455899756959,2638.4374253553983,10.038738306570227,2646.3972028166986
9245,2635.256375240189,2642.4628209679636,10.21680665571623,2710.163149305531
9633,2641.5266325599637,2647.1153602360446,13.798051478574285,2713.865714418272
9835,2657.7543199844717,2664.474176001411,11.84303480111145,2723.139780241316
9122,2660.2595156046837,2666.4683631141747,12.94485580402649,2726.700922035067
9788,2662.7717092706475,2669.452532746492,13.168371536288271,2729.827687252599
9177,2670.224787193353,2676.4625740985534,12.123102627111633,2734.422941592903
9628,2683.533897260425,2689.2565489696835,9.623557978772576,2737.488234896298
9918,2736.7547839380295,2742.0507488376415,14.150132897498542,2796.1998765777976
9992,2758.4226079526793,2765.137857399623,10.988438390815942,2798.217566833885
9771,2764.344672978845,2769.578498371445,14.084529707994193,2800.1037474448126
9935,2770.6444627976575,2776.4060455920558,12.443138154995019,2801.8971789327557
9554,2781.657577098919,2788.319176341331,9.598241683803906,2807.3699122404023
9953,2819.1605814506024,2824.5337733606657,13.000287127024153,2887.2849652879877
9623,2820.8509036774217,2826.2516324774074,12.185899794767623,2889.695286656959
9942,2823.529020353144,2829.0017337215495,13.828711586733881,2892.2809570747604
10289,2838.1295062345116,2844.423359941786,14.745785196415778,2894.112123467436
9848,2844.4286807265103,2850.5260758566815,12.192233304600677,2900.058928943114
10001,2883.753551875061,2890.202247872172,10.423588280288632,2901.861316418502
9219,2979.0272123288505,2986.0616192420753,11.576204697531296,2993.083885812905
9619,2998.4938172167044,3005.154642397629,10.461925291500968,3061.347693750147
6600,3039.1263337921387,3046.4658645909517,10.701865530726662,3066.4133671790996
9655,3090.865295179436,3096.145229770722,14.695622284076205,3151.7175837195723
9921,3124.644961198116,3130.6172075473664,13.157690657060938,3162.734053733646
9703,3126.6366646516253,3132.398174713921,13.752969099733768,3165.3133331457752
9804,3128.5577933942536,3134.290954681738,13.159228440441355,3167.393098920115
9651,3137.8101509735766,3143.099125983142,13.290133875551838,3169.482297744461
9656,3157.324626980456,3163.3829992819915,13.576539682484569,3171.380586791383
9948,3204.2370501201026,3210.4834909542096,12.647411701005865,3250.6445625943793
9616,3243.2280335901637,3249.0939330489146,14.046361450837688,3254.8573770594776
9239,3249.022133857073,3255.0676090864927,13.90499072712373,3261.020942628201
9987,3266.8546470605424,3272.371715956767,13.62426149476923,3331.4530484507013
9982,3269.599259452092,3274.58738870503,14.661633060485793,3335.2848524431197
9950,3278.948279878687,3284.012503748524,14.376249035439887,3340.452316201299
9564,3302.517327332651,3309.487148363293,10.131347420759248,3358.4559031113117
6614,3309.0599818494616,3316.432598925215,9.704224641748594,3360.5290355741467
9646,3323.035140566058,3329.2078788628005,6.63210794622532,3362.4714721941828
9231,3368.351271363478,3374.272253960387,12.386473943752673,3421.50229961595
9915,3424.26800750987,3430.5584069659585,12.523859832937163,3436.743537402567
9446,3434.1489013584933,3440.2707480044655,12.19064025559078,3446.63437797882
9203,3436.1912624690813,3442.083896321865,12.630285799671762,3448.413683353477
9255,3439.8772741251105,3446.1405857717014,12.154406026651591,3452.896407154423
9949,3442.8505662305256,3448.141071961507,11.954738528827827,3454.7410582515818
9973,3448.0643662775988,3453.335175832487,14.04924424688604,3511.361151002748
9814,3477.2341279895777,3483.257787514293,14.072722489806583,3516.9816221706483
9230,3546.4306430888973,3553.1181167809928,10.832092582762295,3601.53804870311
9766,3558.361907884092,3565.1855958687593,12.411052748481428,3604.3194398885444
9906,3564.7894493454232,3572.04116588051,11.018934341531136,3609.215935084486
9941,3574.888729613625,3580.329138185204,13.575020605958251,3611.9416826593874
9175,3666.302221576495,3672.570908020963,11.660120409423437,3705.207078230696
9568,3668.1456956140883,3674.342119408312,11.971304609392554,3709.806360247557
9604,3670.4179196867444,3676.1492918504546,11.12473820508896,3716.128909421192
15426,3672.9388089748963,3678.335280028563,14.20247910554559,3719.104155703821
10297,3693.935612458082,3700.562040130869,11.981635686202171,3723.3320881662926
14698,3715.978408621932,3722.3760790801834,11.863573302052657,3781.4780384658293
15415,3722.295928563337,3729.02057194201,10.9193205173745,3786.942202928262
9126,3741.0647377181253,3748.0985534787915,10.761782905821072,3790.7896030682514
15484,3751.85037552576,3757.543133383724,13.67204190939462,3795.5041457506213
15504,3753.984396322123,3759.3422400269747,13.481636947813223,3799.036566594786
10308,3760.822006380166,3766.4645627581117,12.765734904959272,3801.8140904327383
15156,3783.6907561023054,3789.4297359634857,10.526572506727984,3808.1376667524305
14981,3790.401571027418,3797.3460515347056,8.48659683191363,3812.416883064382
14747,3815.1256085523764,3822.362069934223,10.508199547672643,3874.2063546001837
15492,3836.2708497095523,3842.5021125270573,11.69174049726897,3878.5229527761553
5881,3842.7861370573924,3849.1818466662507,10.830308215896439,3883.1706548753587
15123,3852.3894090262256,3858.546424107588,11.961939449210288,3887.2355096545034
15253,3860.1084230962215,3865.2368240431474,10.051097182703385,3888.932779797033
14984,3878.029485563002,3886.1397995735756,5.839878810334577,3894.6275941602976
15070,3918.5244352142186,3924.3583223305513,13.739328079572253,3961.3760352071426
15351,3928.114433579643,3935.0168463561213,12.295038057466979,3968.1434685650806
15323,3930.292581645761,3937.1590105622363,11.10407788198929,3972.4990788967357
15135,3963.92499497755,3970.5178645625338,11.222119950161566,3978.360586319888
15336,3966.0511776631038,3972.3589904474425,11.267919733189085,3980.2302672295664
14732,3968.0502479557563,3974.271045108252,12.465448453239793,3982.3197444688167
14723,3970.136404452774,3976.299795521672,12.500940956692558,3984.2748907353443
15121,3972.2290521634222,3978.2267303096532,12.44214148247171,3986.2595049817846
15115,4008.5958144731962,4015.4927375274115,10.543485599635481,4053.5311499723593
5907,4015.644760852924,4022.398353186173,12.016057463958159,4064.770039552704
15178,4027.61934271271,4033.371350953597,12.506124260332157,4071.103881267323
15107,4055.876049669374,4062.4375574068663,11.430129710728417,4076.951550487572
14951,4146.42092044246,4152.486341493309,12.726292924692434,4158.581308848458
14740,4148.495135694568,4154.28158871363,13.868378819703961,4160.343148371515
14935,4150.330410465045,4156.119678803326,12.33250107248924,4163.10938229373
15469,4165.034053552147,4171.09687048024,12.530476238167012,4177.831772573428
15471,4172.143166057767,4177.11021595359,14.041666034984512,4231.521023420719
15120,4191.1014064831315,4197.31038179902,12.659731386276944,4233.992343090737
15389,4193.801261086673,4201.102484420483,10.918774363735672,4236.757851521215
15082,4198.603349911484,4205.013279937869,11.845690173094091,4241.402107683005
15122,4330.731285583626,4337.245001708991,11.931935222021188,4343.94994304966
14941,4337.844279460551,4344.21990154471,12.148351812820534,4350.5910547729745
15477,4345.074341453407,4351.21883729552,11.477566434733442,4357.930947042099
15448,4348.507743494701,4354.447639737903,15.661963789551198,4414.053179537557
14738,4354.564100182432,4361.1284185521545,12.33801413224824,4417.219347482968
15097,4382.71714848029,4389.426611269373,10.598558195794906,4421.586239317255
14752,4435.589760532736,4441.317195721476,12.982667188621644,4447.441556801097
15375,4462.360874063584,4468.469337694318,12.5480337791531,4504.004546673327
14640,4465.440260695029,4472.482401976451,12.670054438161754,4506.3706729780715
15780,4474.924524357704,4482.4259255112165,10.206824025245185,4510.411739643388
15279,4477.087013817282,4484.335235774888,9.935595065543282,4512.412243579878
15474,4479.21351476361,4486.265250855531,10.623603825036623,4514.52519470647
15365,4482.746686751562,4488.357050945338,10.311953128039992,4516.733674306317
15778,4537.184761696803,4543.478836121831,12.219260768923094,4591.338198317521
15788,4547.694813122733,4554.490308505543,11.566107267856927,4594.022516536498
15058,4550.4989527497355,4557.075224516763,12.018377928457955,4598.222009802706
15397,4553.817685539056,4560.0745602376055,14.266939898451183,4606.156905708813
15138,4556.382851346809,4562.261561932488,13.872868533929333,4611.5770732243
15446,4566.854482727762,4572.095289782357,13.442375630087888,4615.440567149869
15488,4593.370754561148,4600.08583017213,11.464626756056067,4620.022658239478
15803,4595.9730345780745,4602.027233055393,11.031330386865964,4624.137836764246
15111,4617.4601582800415,4623.4397132835675,14.929779688185121,4686.098092953916
15303,4645.480153911611,4652.005212862285,11.794929317011896,4689.14398110076
11373,4654.191262460496,4660.3978862707845,12.295207077188298,4693.633132481444
15109,4656.097410944853,4662.160183256207,11.939555716975917,4696.002723023418
6595,4658.122670981212,4664.07968889517,12.624345072258373,4698.116008211935
15802,4669.2370540187585,4675.523095521053,11.074709138958736,4703.152796381384
15128,4739.492124536881,4746.062018842888,12.919623546426408,4779.269491410175
15302,4741.888547039658,4748.254350122627,12.702745725033472,4782.559827867279
15427,4775.7954810844685,4782.009818937545,12.10381167631528,4791.807804339565
15432,4828.3381134659985,4833.6147487312755,14.345931236925269,4869.5583650520575
15410,4837.507722296926,4843.006754810615,13.29266749487177,4873.048558131941
15405,4849.481790747023,4854.0158829062575,15.795462279445626,4875.9349522325965
15176,4908.347993212551,4915.168016086966,12.113113159916134,4953.4025733283015
15457,4910.593252811762,4917.241379133409,11.295166515962716,4957.192785128142
15309,4942.7741306882635,4948.116187236238,13.246707847121234,4962.145787337282
14964,4953.651573950233,4960.44221203714,11.760067582565759,4967.204913236061
14739,4955.67560371441,4962.333143665713,11.849734082319998,4969.058827082511
14758,4957.6032067925635,4964.120568013227,12.051447359796407,4970.85885394233
14757,4979.594822704846,4986.378629609846,11.481771994593588,5041.390035280638
15438,4987.4617637209385,4993.494745133079,11.994596696052012,5046.70049814114
15148,4989.288902159584,4995.277281734834,13.248383014536936,5048.620766106643
15431,5000.819577892516,5009.211558580152,8.379370236788617,5050.701729475617
15462,5002.831152094817,5011.316945363219,8.211113099209465,5054.083686510778
15251,5004.836208526488,5013.367066616293,8.575156955791991,5057.196834381371
15792,5034.844289762545,5058.2420585024975,7.954204971647154,5069.878091099244
14719,5068.168011978625,5074.544293034936,11.141015583467057,5134.284730035646
15393,5071.912411098257,5078.488438480236,11.339131636877745,5136.558990070947
15399,5098.530639731207,5104.499152019617,13.827736248569556,5141.069733357794
15103,5142.771931056866,5148.354499505369,13.410775696957145,5154.3760589686
14706,5144.584500925843,5150.349713751421,13.088968476237065,5156.364419064119
14694,5155.820134169399,5161.2177065470705,13.967059709126074,5166.985755108272
15379,5186.131918770437,5191.469587034881,14.541441359630475,5231.996835529313
15146,5187.948635345154,5194.064095038057,11.428461004597594,5234.230671910751
15304,5190.064548606507,5196.4881734514875,11.933269658800343,5236.392025300915
15093,5191.775926185053,5198.318994333118,11.60497478713394,5238.4080587809185
15391,5195.723018636075,5201.605031830204,13.926250419003003,5240.2213967488
15445,5226.840418513134,5234.1239245200095,6.641613639430782,5246.0072817975415
15478,5272.30616405174,5278.541013747189,12.683715126745565,5314.1182528127865
15404,5313.296554303212,5319.004386807306,16.17054511790181,5324.038561780103
15140,5315.876844910568,5322.285840233826,11.236424528262146,5329.122147406725
14691,5322.249638138429,5329.098163637931,12.223377679443017,5335.448986032433
14974,5333.000417926189,5340.41798885944,10.085364136707899,5348.192931975468
14734,5335.2012144321925,5342.359085567218,11.0943125150788,5403.786685063198
14750,5344.153032264773,5350.42411478386,11.566163651652325,5409.494983363237
15466,5345.973251903061,5352.241147998194,11.332100580978086,5411.659396513286
15400,5364.481721391948,5370.403581240596,12.699870982692241,5415.35587714526
15057,5459.0479400763425,5464.420247626635,13.833013062750412,5496.278939028525
11364,5473.450408711545,5479.42741949216,11.99446066936224,5500.541648934301
15060,5498.849132974827,5504.382087108884,15.954245975385781,5510.073051725338
20587,5517.542442602852,5523.481435586141,12.768988011711173,5581.660904247217
20966,5520.360516145838,5525.654321334652,14.515082015146811,5584.360634415891
20643,5528.950647068661,5534.556260248127,13.305683148340284,5588.552253418439
20918,5546.263241242809,5552.404188996471,11.926775633565672,5592.403176102609
20988,5548.074345033513,5554.167604844866,12.144449534154663,5594.604263472891
20927,5552.12692594194,5559.005710288382,7.906707466880511,5598.421482559739
20495,5597.139146318173,5603.522566997184,12.869617638595564,5611.308946452093
20206,5605.064124515209,5610.385798039177,14.016278690172237,5615.962359102025
20904,5632.73163702828,5638.507746690401,13.293852321501289,5676.581926330449
20656,5640.437005373441,5646.047890769094,13.951107449947665,5684.175141477792
20738,5644.510788409826,5651.383077489503,11.129878910795327,5686.432508534955
20773,5660.876479309359,5666.321198340248,13.21987212449743,5688.493212785242
20588,5673.658515271349,5680.228000510213,12.085115565581624,5690.3839706831295
20912,5675.761205860021,5682.0076466995915,10.460180263374996,5692.517045553339
20659,5677.963109209739,5684.00587594265,11.296317507698546,5694.284587657257
20413,5679.949865796559,5686.435996776499,11.656264104871475,5696.2211587060665
20231,5681.812308659001,5688.408523555008,9.27163890495493,5698.117959411715
20987,5718.034621404842,5724.134617077206,14.778266136813276,5771.891397281274
20902,5729.720080318002,5735.560361680757,12.890514884656287,5776.23606100932
20181,5731.153129327268,5737.188130772144,12.70411110490279,5778.382060494904
20563,5733.011962915116,5739.1571285891005,10.59609914376916,5780.400910023635
11399,5737.110520521799,5744.14243211576,9.38023198242452,5782.243623309453
20982,5787.026318906143,5793.119515059778,11.77395819892967,5851.423275859214
20883,5791.768295002837,5798.18746043533,11.615382550402314,5854.118866025808
20139,5815.326795687515,5822.044882366856,11.792344032454292,5856.547936109562
20797,5822.960206488679,5829.216919603971,12.735476618462291,5871.057200346038
20405,5857.355345856847,5864.22816848917,12.19709335545298,5882.782510461755
20438,5859.395721224446,5866.24112515678,11.622993580490244,5885.007138950868
20227,5863.357722974525,5870.079556431037,10.34681449943704,5941.832111489905
20559,5865.315327151677,5872.062470382294,6.786787344295989,5944.592471363714
20248,5869.691179936234,5876.373274157192,9.16362556487675,5948.786677105752
20256,5883.4051179378885,5890.150695202832,11.607391629992637,5955.060615137345
20644,5902.182833346329,5907.565171325617,12.630538726457715,5975.451059922347
11415,5911.5343829393005,5917.340674343878,10.243193792005348,5978.141428304971
12717,5988.722060870202,5995.445764449184,11.923361728597936,6046.143253838354
20817,6000.358823998515,6006.508377497272,11.63093287087428,6048.278476893215
20802,6022.122154919873,6028.153339374215,12.171762969965128,6050.196800543366
20574,6060.074285786069,6065.497326837672,13.251928008903015,6121.536299989332
20909,6086.96409805954,6093.107429888506,13.739256738634177,6128.597676859897
20949,6089.076073489317,6095.46754890442,12.279024082566366,6130.357884065793
20772,6091.107612793861,6098.118067634931,10.283238532700338,6132.231809873537
20651,6093.603876194474,6100.127964839366,10.589883149965551,6134.177850823591
20764,6099.084824907256,6105.063947826798,11.249838870832297,6136.366095773269
20913,6124.05652352942,6131.32866042946,9.967590908723453,6139.182085324879
20950,6128.197502691521,6136.386767875629,9.34840653287092,6145.491563594509
20250,6156.907216738039,6164.221742022001,10.26658522279163,6216.800441647721
20975,6158.775126089425,6166.165128830879,10.797209488185675,6218.810358215136
20932,6187.450693659336,6194.231401335155,10.746408321860127,6223.273726197506
20866,6213.37376677748,6219.458358008331,12.685469140972634,6225.6518771881465
20489,6221.582177449641,6228.554869980987,11.552001864849423,6235.907521369233
20461,6228.644991536548,6235.265749847333,12.613727997275618,6241.5592822087365
20478,6234.839949058812,6241.251208086189,12.208581499934388,6247.55127615341
20631,6245.788226848609,6251.496379282919,13.399261768024502,6301.5368148939415
20955,6262.367054074716,6269.307241341841,10.265818695717908,6304.064150779666
21309,6264.397755129275,6271.208034352649,11.230073190150131,6306.141931536939
20890,6276.854608362756,6282.372703127324,14.293406836681063,6308.873222509165
20645,6303.803017604358,6310.324323500853,12.67420740345693,6316.732416811292
20221,6314.6466428509975,6321.22226661767,12.433780043751417,6327.76276057299
20242,6316.6050788639295,6323.039778948129,11.48411266531952,6329.540742301271
20636,6333.946980032486,6338.644748985341,15.812348737386767,6394.182617525852
20204,6357.458901840367,6362.149427116642,15.363339360893956,6398.836594153774
20144,6365.365413474289,6370.102875653426,13.310854195846975,6402.742742518464
20195,6374.01988536497,6378.607584572041,15.430336272448203,6405.48367291978
20771,6383.019591449234,6388.492691794762,13.802774754141312,6407.567451046602
20220,6397.036216612532,6403.297576566171,13.503468707879483,6410.251764551561
21295,6437.735328622037,6444.2327065127865,12.784254038186903,6481.378269385197
20930,6451.505982817797,6457.520853390856,11.912942019089394,6490.554922233071
20815,6453.4752579724545,6460.179394108493,10.9162185002905,6492.561664799464
21008,6484.021473819276,6490.0906364890325,14.552760604742423,6497.887745026679
20477,6488.438268209521,6494.522737560783,12.386343432807944,6505.770892012876
20229,6506.2353674509295,6512.175612024109,12.147196070130839,6571.61352114031
20193,6554.617453050207,6560.071855538554,13.985951394482495,6583.629893480919
21005,6581.947207974923,6588.191268308974,12.843576184456854,6594.395774667807
20630,6586.000689995393,6592.2243140819455,11.86387887155456,6605.629521180094
20209,6587.954021015321,6594.035676486896,11.97393214906824,6662.778133509592
21305,6618.200260936188,6624.489339784526,13.1356743069218,6685.304269853949
20577,6623.100104352442,6629.465004356667,11.417030433201393,6687.5084421379415
20603,6624.9542735695895,6631.260110332675,10.744604533011158,6690.184103673752
20885,6645.522895475933,6651.063315144857,5.694720240026964,6696.6073928637115
20786,6715.4628172637185,6721.172921818384,13.364352721365323,6768.233996608134
20968,6727.001792359633,6732.3487854592,12.417544198677085,6774.406058934947
20686,6729.194255919458,6735.067956613858,8.971067282049276,6776.384167829017
20473,6753.6131546511315,6760.015682057339,5.3001189002938895,6778.173839931861
20901,6805.370237260937,6811.584728768904,12.630981332345295,6848.429997582604
20198,6849.955166688072,6856.043383428749,13.40895219828338,6862.065455491842
20251,6862.917348648508,6868.24037210974,14.442380283107841,6873.936738097038
20926,6874.594107613515,6880.358176154906,11.132905022924632,6934.546871269449
20940,6958.9042875004925,6964.547968519818,14.14187636202837,7021.690567439148
20835,6987.7689020998805,6993.054672294569,14.168832189812413,7026.835128678061
20560,6996.728485487389,7002.429563523051,12.97682813285397,7029.451555926652
20828,7002.818159968972,7008.173190082738,14.155643629508257,7031.4089325037585
20776,7005.140706005025,7010.546288273314,13.484782058357982,7033.205223808817
20484,7030.850681223211,7037.081598887402,12.697764554648938,7043.479864904809
20213,7034.783705237704,7040.100166332189,14.170663458938074,7045.756632402924
20896,7073.0248888340575,7079.588554818602,12.651487653347655,7116.896235885338
21297,7135.386505117759,7141.247773265828,12.925046692488506,7147.393970903224
21291,7143.3582969664185,7150.380998628123,10.326061819385037,7201.479725185187
20899,7172.82561062543,7178.431164229136,13.50657786681612,7211.807823302019
20868,7180.237361396202,7186.283093607331,12.56730889140747,7219.228972339764
21284,7187.877568702183,7194.128710182203,12.025996355947859,7221.56628867651
19777,7192.232491506808,7198.083733863214,11.24257369807621,7224.299531927909
16534,7194.164549985354,7200.097401262108,9.246970156711866,7227.533453389502
20584,7229.54439584006,7235.402215862208,13.02314903358275,7291.625738695152
16533,7251.627576824474,7258.249811294063,12.189757367437744,7294.659190073158
16942,7268.088600026095,7274.562952546907,12.079825532580243,7307.957444530162
16564,7610.676856649532,7618.412896110776,9.53228111408046,7654.437013492104
19767,7616.781809964077,7623.464884174779,10.216191912980513,7658.905820728691
20140,7653.903990638315,7660.529210623195,11.872823327662196,7667.537501829321
20191,7656.205258543535,7662.390607560094,11.606932055838708,7669.316475746501
16875,7674.429298960343,7679.611597604526,13.596627578804442,7685.218306189487
16924,7748.409054032594,7754.496440295689,12.366300879547394,7761.12637246474
19808,7750.2674628401555,7756.531752002543,11.42898185390951,7763.176856033111
16523,7772.841598975257,7779.16075749558,12.421638885326441,7831.4009051735375
16986,7834.280181268114,7840.60458242682,12.67912950770296,7847.057746152919
16531,8150.931079552262,8158.399194068764,9.720426746840968,8191.970242596357
16928,8152.993937186398,8160.372773116647,9.052711131934911,8197.840226059341
16869,8155.141745591724,8162.375756980867,9.4055934921668,8200.465776109808
16957,8157.080218856713,8164.336505886835,10.207794584139872,8202.686996351867
17002,8158.992315274763,8166.180728558761,11.110921736279947,8204.558614065993
16545,8161.09634083034,8168.020064131594,9.495626598533839,8206.71695861821
16922,8697.437252003556,8703.253646047291,12.727544408443036,8734.471576020085
16945,8699.17020365031,8705.044370788159,12.433660602261048,8736.643994751543
16555,8784.385377962391,8790.44764503566,12.107873988888452,8836.24892194573
16974,8873.13916054914,8879.052156464377,13.275203654834533,8911.368288420432
