4018,98.09846227234881,102.53911116383269,12.406703095946014,141.0903954826746
4029,138.7680897201891,143.0700620664123,14.094255727077336,147.07954240156315
4011,193.87715286009126,197.42536417361143,15.433768549662453,226.4589350978444
4020,228.77798106878532,233.48953742884174,12.46004195031844,238.00665060980455
3789,231.64253774338277,236.3833941247162,12.193375420185722,241.23870327102517
3774,233.6123017169558,238.12380226165666,11.704899240859964,243.03211168263854
3797,235.6411899492081,240.18573293205574,12.132145752094543,245.16431930305507
4002,281.60933279799485,287.00581167578275,10.236938903807786,316.63004506792527
3786,318.6573645718553,323.52833172664566,11.755081337393465,328.4073317573509
3796,363.4912814564205,368.5094881492688,10.676726275631504,406.54799516006756
3835,365.6409347804728,370.46350918227404,11.197863466794756,409.1815912003779
3806,503.08622692708656,507.5659371364452,12.075746958390852,512.5506582092465
4030,546.0131261751687,550.3748924369326,13.253174887612348,588.9256195275555
3769,558.9204181212384,563.3710715728374,12.103678860940532,594.4579231526816
4012,568.8071348832523,572.6273831754423,14.221916181202952,598.5753025490352
4024,589.0820274464004,593.534509316686,13.3004475991312,601.0821899518127
4016,633.7579468790532,638.4878476381779,12.14693365706258,676.7123068511765
3914,635.8752464416673,640.3129551522763,12.766127523145927,679.4510676410523
4005,640.1038188150429,644.2535266183215,13.097502955329853,681.6047070706225
4015,678.6184439452006,684.0124420996307,10.891993578485247,689.5812731340893
3828,685.1605263705316,690.4723138919234,10.675732241010826,695.9981825036629
3775,729.4363630218969,733.467309842936,16.206932693213922,766.4993031911093
5340,734.7164344516211,739.4175035268124,11.223823567555781,771.2213458617814
3057,748.0418958043691,753.0605652630375,8.88977789361187,780.5662037053906
4025,772.8287792045887,778.22877047255,9.959228619176033,785.9485592661023
4013,783.9270315133172,788.0672447605691,12.769703828474993,792.5594133369585
4021,788.7513528963963,792.6084396056867,14.542431339506434,796.7558020099424
4037,860.9940072915055,865.5476075349802,12.225692563876926,870.2293767100886
4023,864.6444141396033,868.4177454676371,15.113339986937136,872.4056984887836
3870,906.0233316604041,910.5611998164763,11.57635346700252,946.3422047377749
3906,957.0519768969411,960.6252497395557,15.17733812478349,964.4619235458237
4665,961.524408941714,965.2961385818037,13.797681215037114,969.3220292974707
4039,982.1966605825515,986.2317402805847,12.815411828934177,1036.4795311481096
3821,1007.1770379999766,1011.3295688559568,13.054705008203673,1041.5662077900504
4022,1008.9784761288375,1013.0226600965766,12.153551634672484,1044.203078851046
5365,1040.6215684907486,1045.4259374190642,11.09239790724702,1050.6507413383545
4630,1050.1970389743676,1054.4690015022124,11.623716862377798,1059.096035635274
4033,1052.0850997059013,1056.3554734812735,12.896269070133307,1060.9499126572275
5352,1059.8828130876905,1064.1388451434952,13.267772453650368,1068.534072219084
5373,1065.795028575213,1070.0887018856477,12.475449808780315,1126.661167071305
5361,1072.0876137483122,1076.2511912873638,12.92970002897219,1131.7581780052406
5349,1138.7175003791292,1145.4080368429165,10.476839813840817,1150.3348481994205
5321,1140.7897021776423,1147.3183810091655,12.182867194944707,1152.0892354892353
3819,1143.3567395581758,1149.1277064367266,11.077975930978472,1154.0196420213078
5307,1242.2208395412724,1246.5135591418953,13.044059527458895,1251.0238557672235
5344,1244.0179317969544,1248.29328041818,12.749928579395444,1252.9501734823127
5302,1245.8036331229678,1250.1067857221317,12.435947112909284,1308.0282535361428
4635,1263.035994209238,1268.1076721048657,11.417214881383146,1310.8718021864927
2992,1285.6347875809126,1289.4672061006568,13.210158037422543,1318.5104704183238
4618,1370.367761869939,1374.3645322432703,13.907995646378613,1396.449833034458
5363,1377.2565158619313,1381.0560300769812,13.659503891323334,1399.110319709136
3050,1384.982248095508,1389.2919832606356,12.114380524501156,1404.2061270460727
4032,1400.6280630799324,1405.5093449049382,11.40560876916278,1410.7824803858603
4003,1402.746581334952,1407.366573723364,11.09959528972277,1412.5495350252536
5322,1468.054620589835,1473.4557609070962,9.469169240371043,1487.020292859451
3795,1508.6449917162831,1513.4983653083957,10.31518191683379,1518.7243464304722
3772,1578.9054860414608,1583.3728742620297,14.526188631529802,1587.5278898611723
3810,1581.1152088684642,1585.21084083949,14.219115298127603,1589.332727683123
5301,1611.1465705155126,1615.4800565158662,12.84067354331565,1668.1283495828122
4644,1675.274606364127,1679.4594461661154,12.752408795052867,1684.867155042909
4683,1677.3089372080008,1681.354932394188,12.527801292388732,1686.759821615606
3805,1730.2958349889877,1735.3329579673564,10.918177326115488,1756.523524966429
4626,1760.437329755741,1765.171831272142,11.661046695314461,1770.199524637861
4026,1776.0044271065583,1780.2754044144385,12.677207464887983,1784.759405282193
3827,1785.870037157781,1790.3317212450606,12.161064752325261,1846.6163877749248
4607,1824.488703304478,1829.0292102503288,11.296333054832475,1849.688907562048
4632,1831.5408035332362,1836.3689808444672,10.516157001340536,1858.0282812082273
4609,1833.3734366962021,1838.2657840800246,11.596024301996144,1861.4714801951147
9316,1904.0486294641635,1909.0695293453593,10.727179849940159,1936.404138667137
3014,1910.4228958514996,1915.4907258171588,10.68592491151162,1939.1304502643459
2994,1916.306616355829,1921.109246062802,11.783587544693521,1941.853839848374
4619,1938.710027302833,1944.2546846551788,9.08591430192585,1950.1059683202031
4602,1940.830830078162,1946.2039253534617,10.206734645586307,1952.1812770864253
4611,1942.805096716227,1948.1213192563857,9.532025919962631,1954.0528818891248
4614,1944.9406801168795,1950.0627580468995,9.49830676685438,1956.02140183242
4686,1950.229719219985,1954.399790849836,13.021314618462574,1958.8844046083173
9315,1959.9545372145026,1964.2432352664036,12.453559964974147,1969.2245438949158
5372,1983.0085129013783,1987.3717329677163,14.99531515921919,2026.3785051266843
9501,1985.6524932824427,1990.3042849873216,12.332213655544647,2029.1963925864493
9319,1991.111449413481,1996.289962326308,10.254587948684003,2031.4750800213749
9259,1996.8459447771477,2001.5697830597414,13.96142070582158,2033.6779180917847
5358,2007.4405809799734,2012.4246242037236,10.186229251971419,2037.8491628318145
4688,2028.7816588826252,2033.4223553955794,10.471026659597472,2039.6366511694735
4622,2033.090533810159,2039.0669922976113,9.40660513722375,2116.7110224917064
9500,2035.546607875663,2041.0403461361295,9.356713834952513,2119.253816028681
9527,2040.3859723262717,2044.5277563094446,12.903949229102826,2121.4208014628007
5310,2091.62576277589,2097.10253754461,9.288022216490177,2123.536955332157
5362,2093.551198723703,2099.113255397118,10.673120566496364,2125.725451722082
4684,2141.842271196716,2146.0956715579687,13.145828039060518,2150.507110437637
9292,2173.7487378041915,2178.0272188223457,14.436977641847495,2208.904981322508
9511,2179.0627281068896,2183.521874227238,12.075226859891197,2211.153326860567
10106,2214.8500041822126,2219.5399329997504,12.021035584798065,2225.934790821723
3055,2217.006718300945,2221.3410686756893,11.753247435668943,2230.68744061857
9517,2218.7939396868446,2223.113645058491,11.35359166955124,2233.2253767654324
3060,2264.171613091176,2268.0076107237114,13.742867750770491,2299.937071392831
9507,2298.5698043958914,2303.2490666773483,12.96221543074266,2307.8371538259594
9493,2300.585628673213,2305.1045423532128,13.12102289825613,2309.6439917758858
5327,2304.307400412372,2308.049655336336,15.237424441085892,2312.9334013362145
9533,2308.455597755641,2313.515038400081,10.524070519427479,2320.7099668094925
9516,2374.6314339199903,2379.164182363107,12.46383425740944,2389.146836492105
5330,2388.6345074279984,2393.145294146173,12.300049906644922,2401.619638848645
10096,2461.994125296447,2466.149610202587,12.761002908749393,2479.0854113311534
5341,2483.9092349710495,2488.507680167839,12.203498337902158,2493.6754119234456
9512,2501.0677109689273,2505.3919534088577,13.69394654056195,2509.571320735408
9503,2523.435692300009,2528.4967099594182,10.481302900030256,2566.3804442884607
10815,2548.679508670649,2553.5398465394483,11.38724093851819,2571.6444678522544
10816,2568.5847367158185,2573.2709821521016,12.057057910982563,2579.1760881455593
9515,2571.0268318085978,2575.525627399025,12.642309597699102,2581.370293995306
9284,2573.0245594194553,2577.300538411663,13.047007466187239,2583.334839850081
9499,2581.5196030799984,2585.4706518592784,13.244703474559973,2589.782975848184
10789,2629.7263935930146,2634.2056677563314,12.077330441912403,2656.4408605683775
10842,2637.4420211123897,2642.026862957124,11.811907357596992,2658.874318824808
9492,2659.2129668441494,2664.0292500019527,11.88478936319542,2668.9272308181085
10158,2703.045049388939,2708.007652337153,11.16483296350406,2746.379564311358
9326,2709.740603160531,2715.177559146436,9.289159278477259,2749.254701435173
10832,2720.0432099546333,2725.296732205635,10.735152935651668,2752.0611155072393
10833,2726.1798532338453,2730.0249379604275,13.612952212473973,2754.9924791998187
9521,2742.113902340664,2747.373533779955,10.574204184302515,2763.6506317154717
9273,2751.12948411277,2756.019376279191,8.88028129216702,2768.0117007317167
9391,2762.8777583319547,2767.0367250382637,8.63197914676124,2773.6342335490845
9092,2799.865310118493,2804.0506664225486,13.160975477977436,2844.894102163385
10817,2845.0013170568905,2849.510453439459,12.369788450592713,2858.1644655671425
10124,2850.755192465274,2855.536587871784,10.822005213616178,2863.7099315626524
9689,2854.236919639001,2858.0326875449578,11.931838839324277,2866.4555955067563
10069,2856.584771733418,2861.3967474866813,10.790589686158393,2868.739691818016
9277,2858.3675308256634,2863.2086077875697,10.366472089742906,2870.6416084116336
9264,2886.1078186365853,2890.0388194154034,13.73493251181417,2933.482904636492
9286,2898.350032333563,2902.31695084185,13.13213744055332,2935.3769939720733
10864,2941.818448814795,2946.052167698926,13.61586285209839,2950.233756571647
10873,3018.713408663563,3023.362167880549,12.277350919525892,3028.1732160586
9523,3108.6273246618116,3113.067139428747,14.273026975407822,3117.1581596700694
9282,3142.421562415987,3146.4460091504875,13.228526357782421,3196.664239622496
9276,3161.9707546020013,3166.0896684329346,12.38744375808083,3199.4336561661216
9525,3199.020951377874,3203.5108289704845,12.901786104874452,3207.8592787476528
9283,3289.0549090677246,3294.3844473058825,10.208841715907552,3300.327955735992
9494,3299.665771874531,3304.4568017053457,11.197814005659083,3309.606504758777
9356,3313.2455788074826,3317.514349121821,12.325636749536342,3322.063798136495
9293,3333.595998559719,3338.173886473414,12.903732619025293,3376.8249404789235
9262,3347.4905029723395,3352.5302986147285,11.420307838261712,3379.2368099794317
10869,3378.473204902647,3383.002164129405,13.798354835532512,3388.694187363108
10101,3387.749383031121,3391.5152865834248,14.102232109192403,3395.5181879674424
10108,3394.37138127078,3398.596977909549,12.766260878036888,3409.4914475132537
10043,3396.169247852005,3400.355331479899,12.260889687059906,3466.549518447723
10819,3397.937791228052,3402.256215611249,12.534467257738406,3469.475506249036
9296,3429.369302691354,3433.3359091816146,15.86092837300902,3471.938054681463
9301,3431.4357592278416,3436.1204084705705,11.294693609452281,3474.1986627745346
10116,3473.0605805632977,3477.3211972404206,12.820324983283331,3481.7322722184263
10072,3474.9857368445664,3479.1414045550077,13.542977631881124,3483.442803276796
9324,3513.899725907395,3518.4714673105746,12.548765564214683,3572.444070856506
10171,3573.6293121622225,3585.1720627498803,7.522484998745347,3646.658766723336
15031,3662.562097530017,3667.001421466037,12.554954220565604,3671.623000011482
10012,3738.881440766481,3743.2216576178594,13.780222917200291,3747.5497761392357
14997,3760.6487256469673,3765.013500343591,12.407836308156867,3769.756582378207
15010,3791.936327172364,3796.01682654973,12.134620298583984,3916.724626247606
14824,3808.50358799244,3812.42592032933,13.290055753371707,3922.137541675702
14996,3831.1821746264836,3836.1048514199797,10.68729213416896,3927.3631013268305
15015,3928.7845055737776,3933.325050070587,11.284650573216341,3938.376128853491
15630,4008.688778591826,4013.109545881789,13.512746280542883,4017.628641753245
14822,4027.601877990606,4032.133547603391,11.936730272634318,4037.0590403136453
14760,4055.865325502532,4060.243851526316,13.07457888798725,4096.360972717186
15629,4063.7977566811255,4068.3937443602204,11.389589723793224,4098.76989210778
15648,4100.900582917594,4105.56807913379,11.745614835351326,4112.896006826946
15011,4144.164089089023,4149.133348717129,10.830273276336197,4186.644801574838
14809,4153.571837264771,4157.359624119852,14.507355921700084,4189.271055319784
16307,4178.482177720103,4182.431652961475,13.322023616526245,4191.562357693782
8498,4233.0783908291105,4238.146010849834,11.316246899424627,4276.303816133802
8557,4235.664000968053,4241.016768256558,9.721942067322201,4280.064212236262
8475,4246.888754935708,4251.236778506888,12.9317190326281,4282.382577093232
15025,4251.120505340564,4255.361503177991,13.582364857911491,4284.421095038502
15670,4306.133872551154,4311.306722675432,10.05918370737758,4366.362277233903
15655,4308.029520239273,4313.239736866594,10.262118264399593,4369.118643497936
14585,4341.493599903115,4346.410422453762,10.710102528163898,4377.280020008919
14792,4373.35301434213,4378.26699084825,11.311884205752737,4383.64240396452
15659,4377.702236372131,4382.130205935964,12.191276484862328,4386.8428786597415
15657,4382.58615356042,4387.124890140135,11.577111912225984,4391.961537292181
15610,4460.623809301199,4465.339658360511,10.989931361868955,4470.378877650997
15534,4515.047538675401,4519.080755823417,13.53367157328684,4549.3483696922685
15032,4554.782792906823,4559.110905156104,12.503442373236298,4563.794064473509
16305,4560.5535096056055,4564.401912984139,14.058649603033647,4568.475970334991
15647,4563.842500374244,4567.585992064335,13.862881694790804,4571.558338211148
15661,4567.866674862178,4572.233301390099,11.692886307721556,4576.9313237184715
8523,4569.691616176778,4574.185472981681,11.908089369295984,4578.899300010698
10868,4573.502890501473,4578.0570971759835,11.810693416338275,4582.983276353079
8531,4580.622544672031,4585.2506773559035,11.259096601957092,4638.736510407087
15030,4582.466707250808,4587.0513120923615,11.544759957456876,4641.938901109914
14759,4608.042496477437,4612.494136219845,11.655045287250921,4644.103092856434
14801,4647.774484063345,4652.075616163626,12.728339493833385,4656.655884770829
10872,4661.586160548463,4665.29875265448,14.621127931078316,4669.31583315108
16300,4728.607929919801,4734.341032989519,9.943384319530946,4816.514386094517
16296,4730.603332252736,4736.328684333813,9.099358825590343,4819.300737576871
15613,4732.769877094449,4738.420354410515,9.467991636939018,4821.509432307563
16365,4737.041614800266,4741.07191429307,11.707069593270505,4823.601778537501
10843,4843.944372649745,4848.191461544497,12.550998842518732,4852.757806166906
10857,4853.84032677054,4858.436933329555,11.562447759243238,4909.5226070836225
15571,4855.609283631212,4860.273455415034,10.546730169771974,4911.792316472185
16289,4878.439427477125,4882.116603172081,14.08653672642374,4913.857206663542
15673,4885.351488817857,4889.337903061243,12.63850607008267,4915.84995756157
15642,4887.1583044405725,4891.271972234219,9.229037772789157,4917.631364876242
15687,4893.642727051442,4898.238647836033,7.216876601439317,4919.526793443618
15679,4920.756746177416,4925.444180499988,11.338763195011273,4930.443333307372
14768,4922.672391610771,4927.238813905527,11.931387236573169,4932.264468687122
16349,4953.118660425228,4958.2435256931,11.690747530032906,4997.886056491341
15664,4955.267695552547,4960.038982292828,11.514180719119821,5003.548558742168
14794,5000.648386049239,5005.3660301878845,11.432289194500239,5091.755104073934
14791,5009.334523508681,5014.4336698700545,11.450945078584425,5093.828694036905
15017,5011.67478771994,5016.363374493778,11.045287170538664,5095.725939424934
15000,5013.516578550619,5018.2524146976175,9.19350310503889,5097.907695137952
15009,5178.5804264094895,5183.031909392729,15.30933302025188,5186.961084432809
15027,5183.017966951419,5187.193542678449,12.366515853033683,5191.690248511138
14811,5196.664165239029,5201.040487866954,12.205964379649961,5359.117926518159
15680,5272.812730056925,5277.390990235405,11.514322870117512,5369.112180249453
15028,5274.568867617734,5279.20072952893,11.452463907332849,5371.8712094513085
20524,5421.127964325622,5425.023232932189,12.925090755398775,5447.9302615498555
20287,5424.891702757765,5429.27946747558,11.968002878310308,5454.669404017407
20285,5543.979898444935,5549.147237451566,10.847183114951582,5555.101703654541
20310,5585.999437879895,5590.297393031222,13.106332551849922,5629.060620849856
20279,5592.283994229164,5597.338137461484,11.112119675734421,5635.420704871733
16346,5628.947028829082,5634.036857751386,11.577681695377942,5639.395285617906
15627,5636.683956191342,5641.495904391209,11.142459769539457,5646.352989061739
20505,5638.636355493559,5643.506758409516,11.548085566618854,5648.922530717781
20531,5646.321826940158,5651.468077973848,10.57520224442503,5656.872934531596
20528,5676.040636434122,5680.4960887644775,12.48154093711958,5716.515013654809
20329,5722.678261801958,5727.309437445304,11.63543752635806,5732.4314485415825
20515,5724.5436413179095,5729.142123051347,12.274980935160915,5734.192734467307
20312,5739.520539641132,5743.563315883249,13.55443355272524,5747.962340486328
21161,5762.9580247487365,5768.19864465561,10.847988617419622,5806.687679159727
20093,5765.035518103585,5770.034873834509,11.404972657364128,5809.393464319973
20512,5813.144154736714,5817.144394407004,14.55720353265637,5821.098218638733
20511,5856.24248999322,5860.266966280719,14.019523512898298,5986.721899698696
20300,6016.9890674606295,6022.1831352646695,10.302242833342044,6076.672454957541
20508,6033.815919709723,6038.500372296181,12.273530610694158,6079.385798837962
21130,6050.662230752637,6054.627302031679,13.754227843147884,6082.840810543172
20282,6058.24122234055,6062.541328859736,12.085487690671583,6085.9057387032735
21805,6078.96975978569,6083.434914494936,12.766950598890512,6090.013089260176
21808,6169.040170364606,6174.022600472326,11.215601442525195,6179.22961997131
20501,6213.699873233819,6218.307876669106,13.748911837524354,6256.4252318332
20311,6250.103596155721,6253.652283958757,14.615623181733474,6263.161972960567
21104,6261.1431916432575,6265.590669160773,13.87230919606272,6269.808312061388
21179,6263.0207376123835,6267.354775892444,12.790671927765883,6271.7765489507965
21163,6264.867096214649,6269.26447680804,12.121614547586304,6273.978142540108
20503,6266.765175090577,6271.09098423799,11.39889835102247,6275.782149314788
21851,6270.6802189565715,6275.297600914493,11.48358419445592,6280.248332124366
20320,6273.180784274777,6277.590782114364,12.415579989569984,6282.417035814694
20299,6281.884959448991,6286.047841405671,13.327240849977576,6290.390531811618
20380,6303.8334669336855,6308.1413065575225,13.75507670386774,6346.5834279928
20283,6305.933670298127,6310.128344050365,13.373173490024417,6349.307764902405
16314,6350.904339271474,6355.585426894816,12.323450123045355,6360.341199856126
21143,6354.985102743853,6359.161761102843,13.51477460184854,6363.5590829278935
16371,6363.857684043152,6368.2707459652465,11.89457553727603,6373.328990476879
16306,6367.659791339571,6371.359189802371,13.861956171750961,6376.217997600558
20526,6369.360536194312,6373.050073814921,14.07267779910588,6379.808469015963
21835,6405.504778567264,6410.000577361661,11.394311652000532,6436.403723150895
20499,6446.2910251839,6451.458647266947,9.929414359154185,6459.227920062828
20267,6450.201629955703,6454.28049642213,12.597338352974456,6461.511582099142
20273,6451.937864829811,6456.211779680732,12.291313161871964,6562.549682055314
20321,6488.055437394141,6492.23241400617,13.100090769295926,6616.415404718544
20098,6495.5097705978715,6500.358914157368,11.469154641920602,6619.124544928825
21135,6503.159837282538,6507.482597044733,12.57738994981532,6624.3703615925015
20520,6528.680514177334,6533.426674307795,11.199597918015737,6627.603103265614
20326,6676.993908964132,6681.231718319007,12.347426147876103,6901.518632078576
20269,6709.02207251626,6713.433019895471,13.212768002150385,6904.03945894309
20521,6711.088407818603,6715.304172903856,14.251877173024251,6906.619903995161
20498,6817.5887739443315,6822.040767649661,9.824783083499293,6912.287040148639
20289,6984.280303883095,6989.146886736115,12.904095372789689,7002.458247061394
20519,6990.208886384331,6995.323982866443,12.09396215329295,7005.057023654969
21874,6996.886736186999,7001.5314922488,12.51919745659913,7007.4470873904265
21793,7005.269636255609,7010.212202524859,13.735127246293775,7181.451155514367
21850,7017.060076140405,7021.625333386134,13.830365357779433,7186.608465731429
21807,7072.1355197642115,7078.0984447883675,9.00817293321148,7192.0335504674495
21150,7265.63808734311,7282.175411951234,6.573829028339495,7346.938410013018
21812,7996.340464802747,8001.435036294334,10.65386726905991,8063.689604596786
18098,7344.837729653912,7361.115441281657,11.062375786334325,7369.960862292064
21849,7385.468749310354,7390.1539526337065,11.572116765577189,7431.935038198992
21813,7998.245421190926,8003.363698400875,9.584418095018487,8066.985618481154
21802,7453.170113721051,7457.398112066181,14.018858096729515,7462.246744299865
14067,7455.098974190601,7459.208798413312,12.921267060835504,7516.75722879598
21825,8000.263131451084,8005.351303642209,10.26016964628838,8069.1664733285
21107,7484.595217563187,7489.404710654308,10.849616465436696,7535.072018188497
14022,7880.956078991784,7886.027856288646,10.770286766838192,7891.329829404145
21790,7899.086008583227,7904.127780119908,11.052733593603323,7909.523975772669
18799,7910.873497955524,7915.040262904549,12.730961232802848,7968.9591000201335
18082,7915.599106032458,7920.472636843365,11.012014700035149,7977.663424598313
7027,7968.811095118487,7973.080399288283,14.541253165156911,7984.440830085288
21846,7972.827600936968,7977.351446125875,11.289231068107414,7988.309149823764
21865,7974.991054616225,7979.386434371046,11.822801118424726,7990.629442817287
21843,7976.856084542474,7981.224089184601,11.507743515578259,7992.794970566248
21867,7978.733773874585,7983.068244060304,8.673188980602006,7994.61000876424
14052,8058.605869816078,8063.366558129977,12.518169858254335,8071.5193425418165
18065,8080.395916198693,8085.054060639886,10.955329699549825,8090.515572701523
21804,8152.292216823463,8157.222637513502,13.656751601980712,8161.561668874766
19513,8158.38470073511,8163.107266081528,12.918335983038828,8167.679008874459
21801,8328.777658542007,8333.14440978596,13.79407956502942,8337.262341392017
14028,8331.018564420323,8335.302023143873,14.138460775834966,8339.517074470297
19560,8419.01091064556,8423.473397295582,13.432456771546592,8427.90470039191
19497,9071.884177774733,9077.001355895436,10.66023810768874,9082.570634177986
