829,471.43435198901545,474.0000984299152,13.810048421421211,478.5834452154548
797,683.4049127158727,686.1975620641992,12.897189698573948,690.7568422024427
1459,771.6640830167635,775.4824562143247,12.384629801130199,779.700212444204
316,1227.4870591198417,1230.3939944383917,12.075807317928914,1234.9221766603832
776,1361.1289263390247,1364.03619534337,12.040385103504006,1377.4130369101413
792,1578.8454441457661,1582.29426505342,10.990807839365862,1593.2745756266359
1473,1599.419707699777,1602.2272901083038,13.311496403098447,1609.1637009874028
1458,1671.9841627123383,1675.587018212889,13.158993012484752,1684.269490365486
1460,1674.1615154134893,1677.45711446995,12.874069780125481,1686.9764184962519
766,1783.448528159145,1786.1411856173756,14.55243760751842,1790.6543452391547
750,1865.5655679430722,1868.606964513594,14.811358539689715,1872.701309119373
1501,2123.810561867312,2127.1469675928524,10.814890100700913,2134.7271524485413
6306,2208.5533654950104,2212.088332023281,10.08929208928224,2216.8237145853964
6960,2675.507143070231,2678.554071737233,12.121890049970666,2682.7404718305474
6271,2729.5423174746525,2732.2303225786054,12.941255306617581,2737.927132298933
6284,2732.791859504786,2736.288341915682,10.321385880957832,2740.8557132081205
6333,2735.601628936685,2738.4429697694545,11.044964803139178,2743.666571141351
6980,2748.7148170417186,2752.037350489819,12.047749543795252,2759.350180496355
6283,2838.9257549143226,2842.327418177806,11.319490692775064,2849.3048973341347
6322,2840.968257508983,2844.229175540213,10.61292497482542,2852.3749996631886
6329,3113.707577433743,3116.6140512644724,14.258389336687197,3125.3088954914992
6348,3347.2404798253515,3349.5892196813866,14.678369323404008,3357.4691672630975
6254,3350.5927580098155,3353.3017972336784,13.276760081224355,3364.148843552825
10749,3437.725427784989,3440.4978509857497,12.527330258055896,3449.2057012087216
6260,3439.7202407324644,3442.5098436528547,12.885305078245812,3451.8828212193816
5815,3557.982889368289,3561.459261474067,13.784093423938524,3565.6114392000677
10730,3619.099866513699,3621.5944604726083,13.715917127453473,3625.6089424332686
6247,3650.673759720456,3653.42943144411,13.42410046747611,3657.7123873892956
10055,3660.7302166415734,3664.2182435947693,12.217696343788909,3668.6548413635305
6245,3666.405119268877,3669.382801342132,13.47613241238999,3673.5466955181464
6970,3671.5300736059926,3674.30352221317,13.802273786479397,3678.655282231897
8461,3681.501744847977,3684.5109704023334,12.433895755267606,3689.5833062760526
7689,3684.6287471500914,3688.0481666945266,11.553282088003492,3710.253352670975
7016,3738.6631843813466,3742.129646933331,11.05926815026896,3746.579840233108
7701,3740.772795109302,3744.014612548919,11.098508090677203,3749.710930192584
7677,3743.4894145805683,3746.484463313301,11.363677880199713,3752.599605997828
10039,3748.9492463840593,3752.1930788943564,9.931892608986528,3757.78045656247
6954,3750.800617792392,3754.221128989962,8.176540606714447,3759.8645365858956
6981,3828.8416134519334,3832.1278537146563,11.592017676235232,3836.5198097374027
7000,4065.659833707902,4068.361551936825,14.137112396576907,4072.758200622934
6316,4067.728154299104,4070.4676050879984,12.971765737461995,4075.656956989236
6380,4215.6956311283475,4219.36173512147,9.408305862949817,4224.755715351933
11853,4252.342105091106,4255.433265198775,11.408228426721141,4259.855772028961
11813,4254.161016544479,4257.321174025809,10.654606190929329,4275.285641056599
10716,4267.299604084688,4270.011129938365,10.739715654361076,4280.839506830156
11881,4374.869636477995,4378.358106699338,13.101341549845088,4382.609772602538
12515,4433.240069678216,4436.46152092098,10.767994623490853,4440.807691358476
12505,4522.361258335119,4525.5479470360915,11.236364429373806,4529.871674675852
11791,4531.244503573853,4534.226824692539,12.035790703130589,4542.41837421658
11773,4543.7513356104455,4546.56472229354,12.003692868796296,4550.724089388617
12522,4550.768734927614,4553.602357880822,13.42729111669849,4557.675500367231
12459,4638.649784226549,4642.060168264419,12.190916285891673,4646.614157469799
11814,4641.469442071426,4644.43076068077,14.189432955918434,4649.622026229225
13166,4915.542211845599,4918.240633777185,13.810545459323698,4922.857811449477
13223,5006.859025036006,5010.2964794161635,12.66892747779328,5014.660153121541
11815,5088.841654134681,5092.179288877391,12.487564484272939,5096.553827890278
13201,5102.767782977713,5106.376117419277,11.221375353286156,5130.176974004136
12474,5153.474526251983,5156.383386341196,12.335060223154047,5162.380393423296
13190,5155.479738496296,5158.205390201173,10.982341021222798,5165.267008906352
11761,5160.227646873521,5163.521944314796,11.334875409982947,5167.988571377214
11771,5164.140444543674,5167.07141622183,11.607112125588618,5171.521801622084
11799,5463.522585797887,5466.579932944342,11.918858051716326,5471.985157645495
11801,5644.312281249603,5647.090522672855,12.776714824306032,5651.834063273457
16508,5710.540244714689,5713.11355021705,14.158293554987138,5716.754712473546
17540,5732.955359954,5736.548242135965,13.79132890598617,5740.697987947421
17559,5746.494732453396,5750.367136883878,11.540271658945544,5754.710350424657
16990,5748.712324526967,5752.19822377871,11.671439690157435,5757.769207353524
17029,5750.843100261196,5754.1705560070795,10.097563240594171,5760.7273540326905
17285,5818.9221430352545,5881.265964154645,7.875100400375233,5887.997918937204
17514,5824.692898734282,5886.111386548581,6.322652878233204,5892.899380955954
17261,5898.721787859889,5902.415939620115,9.795147896343428,5907.866019674227
12516,6003.479247445175,6006.501607226143,12.120098980753665,6016.379325477733
13247,6078.774606231093,6082.080427581952,12.103416177354068,6086.772551923402
17972,6217.672851725478,6220.544071825819,13.33106952337674,6224.957128329119
18009,6356.540179370796,6359.602301369172,12.87651763165623,6506.194581109586
18690,6439.011916083909,6442.401978749338,9.703838641751009,6518.352128051232
17298,6533.583948219373,6536.530082629345,15.319671006519291,6540.920393347158
17983,6541.474016176532,6545.053783542028,14.057990685651072,6548.74217141763
17965,6618.855226550108,6622.045663228386,13.048769922214472,6625.752064677253
17471,7073.669948329359,7076.536768850907,14.598027305993014,7080.6977390231
12584,7076.761812917068,7080.097500443786,13.873645882945866,7084.51811370082
13276,7078.8144419744,7082.034007755522,11.807556809021484,7086.937906901011
17456,7158.810432204517,7162.110886896937,11.908375018283149,7166.5900336354225
17476,7509.840500865422,7513.430546420652,10.216069805117726,7534.451474758179
17488,7511.903064657042,7515.362603804059,10.897230721543922,7540.217513744045
16566,7513.889078858083,7517.330069899955,9.165152332857021,7583.31733738373
20499,7549.295209977703,7552.449000761163,11.963469820561565,7588.849032839522
19898,7551.3158073875575,7554.390517997195,9.38980357510621,7590.8278832154265
17397,8179.795037231636,8183.1473368446905,10.310065022702947,8187.628423628306
17347,7566.231347486159,7594.040502866757,7.071955242790045,7623.2023284559
17431,7568.258231126524,7596.3192946838535,9.049842110878657,7928.0
17271,7609.137585169196,7613.096896730915,6.135164936766848,7962.175633297314
17964,8187.088150284521,8190.004323708146,13.39985107648416,8193.663111029677
