2602,15.370686059664417,17.583883921176195,15.059814988488649,46.38272432245405
2966,88.33557904222533,91.16920297756357,12.090427739224065,136.56844726103202
2812,103.22144732303947,105.36458961845086,15.083800673941473,144.0745363584283
2822,149.02199047611973,154.1977761340337,9.010134431058784,159.8549543683979
2805,180.2941718639762,182.5057893045061,14.70406587621546,226.608333404625
2714,182.4857629072285,185.14512520257708,12.160971879403164,229.31399168165905
2705,189.1391680934594,192.11486580262718,10.694158649770953,234.77624860059905
2911,198.77803964405678,201.3075301555749,13.081774925017509,238.707414022112
2565,200.53400093529967,203.11038890069517,9.159113034258535,241.13962427777034
2866,205.12974887749795,208.33149365720877,7.989515967223275,243.2436350337683
2782,292.60206981888433,295.3292050347314,12.183324153476903,323.45754548454437
2617,300.37778001924147,303.2181834305752,8.793974493336192,327.3335479082394
2955,344.9151346468328,347.28378547812287,14.413245673417437,351.573910452373
2640,371.4757508413967,374.0371459559657,13.403724885630313,417.3050603115431
2704,442.86592674679844,445.5087985484678,12.643249197405236,496.55170226169963
2814,458.88079018607294,461.2382800217577,14.370719162209772,503.9750407602356
2555,469.96879550214686,472.4867913557412,11.352658441608343,507.82858787866644
2551,513.78353091295,516.4189225014992,12.896498680283791,520.9287992347888
2727,530.9595425431199,533.6022646295023,12.711915470475214,586.3671595524286
2943,545.0356388499926,548.0282223428269,11.340781365934568,589.0954849973758
2568,558.0023473783099,560.5352591165927,13.620232289881624,601.2541882015038
3946,561.2736649747935,564.4354026308653,11.86060260035436,604.3330343717445
2933,616.5950229624879,619.3066844322539,12.094273317288556,676.4624741929244
2951,624.8173968008531,627.1694208469291,13.874161994227274,679.1372566484434
2573,648.2835827753339,651.323331822455,10.718297756451255,683.2533156063461
2651,671.4903917028751,674.2932235788728,10.910049276390012,686.880524562391
2807,693.8839030143498,696.5313645559371,12.465966606109097,701.1284029115427
2587,696.3273112590609,699.2185052099649,11.731647299529534,704.2044303108521
5089,719.5334161087164,722.141294307223,13.16214104978141,774.433757850557
5074,735.0786936286638,738.2890468990483,9.70076678542335,777.173966460383
2910,738.5614733988122,741.065115383913,12.904735345835915,779.364091735782
2601,754.4423703294381,757.4826222834372,11.433147572131038,781.7988176112543
2793,757.7835478949465,760.3319393090319,9.39705097408434,783.7359908252398
2790,762.2027720173134,765.2054630543538,6.729417021082056,788.9719306129259
2801,780.1199078982562,790.0307509232305,8.006603840732518,801.2186772791949
2708,805.0245287183691,807.3950137753701,13.684951264513526,869.4169568729866
3927,820.7078445474962,823.233918884006,10.137923517771142,873.719281208684
2653,883.1454618640165,886.2272622949304,10.292578387334233,891.7427927893558
2969,890.8336030449035,893.4481204299119,12.122309481719745,948.1288748701694
3941,895.2697693905977,898.3400196638581,11.977898948984544,951.3699139387045
2557,933.2845186853749,936.3908373171882,10.822923155696913,958.8553094898629
2838,946.7167416794564,950.0431034756589,10.039723497923418,961.0982620938274
2839,978.0912649576564,980.5254850276872,12.926493221754589,1036.5175352889485
5116,985.3410392355183,988.446898106988,10.988331926349806,1039.1386745573566
2709,1006.0513600322877,1009.0265647155238,11.449018820070277,1044.002797200726
2747,1010.7158593906954,1014.0987416082662,12.319676681670042,1050.3377060479083
2691,1014.9005635701112,1018.0826187969517,5.783108951276518,1055.553543975948
2864,1024.3489510068061,1050.066885703545,7.656378215980664,1061.379319068577
2784,1054.4067883950538,1063.0551880470196,7.232622179661784,1072.5104339172508
2865,1056.9883594271762,1065.1619534023698,8.153446916230926,1127.8700130147538
2732,1060.168742487277,1067.1789471560207,9.602396223625636,1132.271900767958
2789,1068.1572230019128,1071.199553980086,10.662908997569808,1136.2755433330426
4428,1073.1809121990998,1076.2969385778827,13.366243759948551,1143.130920446209
4403,1076.0172174370857,1079.2178553481006,10.123797076878171,1147.1583881746508
2794,1078.0454466476335,1081.2998496620262,9.050402169516325,1153.115280935707
5092,1235.6524097272936,1239.0412169791616,7.314733889200503,1249.0796319997862
2869,1250.3527493468368,1253.4173634530732,11.57566629623409,1311.4185290219878
2925,1266.118099913273,1269.0015425637762,5.379593704755048,1324.4991330892608
2791,1346.5241183610638,1349.3695781225117,11.47254115015843,1402.6121493512996
2603,1376.221410663604,1379.0624676063535,12.014972595103014,1413.4608965862737
2562,1389.2157966279422,1391.3663766231173,14.057974791576337,1416.4957736222411
2585,1394.8122352216462,1397.2910791515665,10.213323714053244,1418.805940998704
2648,1416.5322972416589,1419.5349559899325,11.32671455379067,1424.8453332061326
2642,1425.584914974258,1428.4443578786559,11.85993241488627,1433.4520350856262
2543,1452.379927601683,1455.080877460234,12.773146402077213,1493.6515813935039
2828,1468.211633240147,1470.5072401736863,14.46318343494742,1495.6947873890633
2580,1513.5054801695928,1516.215253132256,11.302280639070055,1521.1470806714842
2676,1517.7758697221136,1520.1102185410427,14.602007265358457,1524.1294540252516
4266,1521.316824109348,1524.5344257708773,12.981236390818284,1576.3150840090482
2549,1523.7734546876725,1526.4979825831579,12.265928629783017,1585.1882610500218
2561,1541.7089456282945,1544.5423162832774,11.105645471600594,1587.7970283242341
4431,1593.6905943046995,1603.042720344033,9.948861400550259,1668.6403729531378
2713,1601.2969370406006,1605.089614238074,9.081722772003227,1672.3529367881538
5097,1607.6155099693644,1610.400699190997,12.427316858432096,1678.424301636773
2652,1625.5899060025959,1628.4052242002151,11.47787384795975,1683.9386951414233
5109,1687.9897199162708,1696.0693435435505,11.419606341309235,1700.9200704522243
2544,1693.3638077046983,1698.2261269199719,11.080304568013965,1756.4894666096732
2608,1696.2994537980012,1700.0204095102883,9.780347183518687,1759.121835869226
5122,1700.1853441544608,1703.250537539582,13.169241113850221,1761.5358223927992
3940,1706.0792419277097,1709.016952557963,11.308007124612846,1765.5734455370634
2770,1718.7099958230724,1721.3329302824345,10.302394612552913,1767.322991935187
5063,1762.4617872891868,1770.1780560519423,6.2540023472173,1776.0930877556348
2686,1772.6130320389368,1775.1902379124226,13.5507292499438,1780.4100156486047
2754,1787.6555141956892,1790.5687250864055,11.74986739447215,1849.4479850085245
3929,1822.1227917070858,1825.154556921409,10.093715386022716,1867.9851840857934
8302,1870.2049526362564,1878.1122240987925,5.868499856873781,1936.6875640928793
8251,1893.3266222506738,1896.2240049097068,11.65315026574298,1943.0190594325911
3915,1897.423621394464,1900.5534770212512,14.274868398114902,1945.3442820131747
8395,1903.980044079654,1906.446583025693,10.461894965192503,1949.3378241855276
8329,1938.1980587852972,1955.2032727907613,6.9576742473702895,1960.6919156721026
8113,1951.396735999395,1957.3190559610541,9.036468476796133,1965.063668723729
8273,1954.2914520760755,1959.3204265692505,10.267293215821299,1967.5740284930039
3491,1959.3827314384912,1962.5724912280684,13.24910944883832,1969.6895166937443
8172,1979.4686973210314,1982.0091574667863,13.7954417849594,2026.7167108756626
5061,2041.7068172287666,2044.5211379470304,11.671004096714736,2049.2120396298023
8255,2053.215291203571,2056.4403323659594,9.77080609328335,2062.1835812768236
8396,2055.3525343343035,2058.404530036032,10.962802150573117,2116.438264302322
8416,2059.049760667907,2062.211062505956,10.507187152848935,2118.95589083647
8268,2067.8720918512636,2070.567524630886,11.714674448039291,2121.0286612620007
8240,2108.1113089870996,2110.508613085199,13.461814939797321,2125.88940999157
8244,2111.3899405191196,2114.3582852673458,9.752679413931025,2127.9865036475308
8073,2133.546049592182,2136.430548405861,12.260228861702402,2141.612875008421
8247,2141.6822902886865,2144.212799163007,13.015578934749984,2148.6977405989205
8123,2145.2861785637624,2148.052457752512,11.746712109373975,2152.8722663800654
4432,2148.2571354482347,2151.4760386123326,11.502614500217078,2206.540639870547
8119,2156.6527425364575,2159.2296072112936,13.278900019656277,2212.0787769176013
8115,2168.1689754473214,2170.5484637239683,14.0366474831645,2218.434203818915
8281,2174.970116436763,2178.462418062263,9.801520892036349,2223.916840834153
8460,2242.3193601356584,2245.0816980168825,11.3594318486982,2296.551602625079
8225,2246.490255864552,2249.434728703203,11.269501051500532,2299.0505990467987
8184,2248.3103002984253,2251.2915493969135,11.584823002489737,2301.152282592806
8402,2252.3757936993084,2255.188584867124,12.007984444626105,2303.1804118807713
8145,2284.6378958823075,2287.0039977110046,9.933769960059404,2307.2460091965695
8282,2294.636072513471,2297.379051249529,8.28372393085563,2309.343582823167
8280,2324.3913177033337,2327.2613170780446,11.808916385354848,2332.169678209116
8192,2349.498133490778,2352.0178427479063,12.92416301727044,2393.1088178442737
8367,2380.052671699146,2382.325686294706,11.13726709352978,2401.317468750171
8153,2398.3838467781134,2401.1747730282677,11.772058788623365,2406.0918908497943
8264,2400.2467557012087,2403.016521761731,11.804029083387576,2407.9214724098465
3953,2402.8041550809917,2405.3552169132863,14.488631105783522,2409.7053908918633
8278,2444.3686071770185,2447.4195660648543,10.43558873513825,2481.3888286548104
8350,2489.762458356365,2492.468219217021,11.985616275521915,2499.3405787687916
9398,2547.17873449225,2550.1803542638336,9.944080166505653,2573.82031991287
8316,2555.353679981498,2558.0823229594034,9.391705008079962,2577.6459678284627
8160,2566.6741893207586,2577.130942325648,5.8886892631837915,2583.1442914244058
9900,2575.503107797862,2582.0989787969543,9.05364310084464,2586.9155725676183
8150,2643.0885970990084,2646.02916217161,11.51241276820344,2660.030964855228
8253,2647.6126410310167,2650.475505675381,12.06944283547642,2665.182029414515
8138,2671.834630045581,2674.180643482753,14.315879037514273,2679.2693838649625
8386,2677.5681546092833,2680.0359904124844,12.37726551617927,2684.447390700829
9433,2730.34875944895,2733.5465795144787,13.240782652142334,2756.6972346163
8267,2765.9360294466687,2769.0630730056014,10.381509419133346,2774.759656820808
8189,2769.7860205763964,2773.0231217254964,10.063236881120849,2778.4116053752714
8032,2779.4216114263536,2782.1064850075823,12.000827297653498,2836.5762532626077
8308,2782.9015485108594,2786.030802911744,10.42268548528123,2839.3843110853677
8130,2791.366402419429,2794.01742047161,10.56618779291868,2848.65564816607
8987,2799.0657292429573,2802.0487126337716,8.933969193680154,2851.013023142073
8204,2803.0712659589435,2806.1065739657956,5.774876585276574,2853.2231060829586
8272,2813.3142494221115,2847.0235495356774,5.871729520458457,2857.393700812492
9410,2866.398462554278,2869.582690798577,12.51285446471823,2926.4759688937843
10587,2876.3592361312226,2879.1278327940545,11.648312254427799,2943.5045459202793
8309,2884.375921888977,2887.4407414065745,10.174420516919769,2954.557568230202
8065,3043.0283470796944,3053.0432657265283,6.557003242532772,3120.2747619394995
8085,3123.6728756261364,3140.261542060406,7.699495553880761,3201.5621578976743
8122,3127.073072499846,3142.4300484762452,8.936778976563016,3204.040640234229
9399,3160.6387089854675,3214.1554740622983,9.398138463113723,3221.334181881895
8224,3164.4016385022082,3216.1346842073467,10.281652994487336,3224.0156664569085
10615,3212.5915842231975,3218.02602973252,11.006705982619472,3236.0507299876426
8215,3236.033039677591,3299.1101413706706,6.847562631396274,3308.1187964089913
8242,3239.3772160896474,3301.2780673464913,7.8675125520789635,3310.1452361415927
10614,3249.809817523906,3303.3580126576835,8.416734403555253,3312.0390986716807
8344,3324.4640786071213,3327.6096070734875,13.134401110703163,3389.327576236982
8314,3326.616480407939,3329.524419140136,12.296321940799215,3392.182196557479
10567,3591.7215726096497,3595.12752216275,9.209106260500244,3656.6612584919785
13742,3673.4469606751486,3676.227317935842,12.62720964996139,3681.0362867790313
13781,3675.232808063218,3678.0027360282934,11.821604594589909,3682.7256443166584
13946,3691.680956127451,3694.5514019236907,11.6035286544955,3736.5047901288126
10575,3702.8388877189573,3705.423088233647,12.813760620306367,3742.506700122379
13777,3710.6023727819634,3713.451135702302,11.482244362853308,3745.251495941731
13630,3712.424755609934,3715.3009599429756,11.817799851841045,3747.6307974580477
13649,3714.2770224222913,3717.0793066750202,11.329231141761237,3749.7254746866674
13547,3755.1931298298623,3758.119192902099,10.812905984527097,3763.3000076114436
10606,3776.761283609153,3779.2434741066304,13.11749686121136,3826.502785335191
13739,3780.6399179745144,3783.2674820845027,13.157850849913077,3829.167517263373
14514,3810.1001044119635,3813.009679662022,12.482374165302684,3831.410689538552
13700,3833.951906455717,3836.5355962310964,12.531610121879693,3841.9201959505717
13705,3852.5915890526285,3855.284760167319,12.394715873840294,3860.590363186315
13804,3854.5960960194802,3857.2030856452893,11.981913357835694,3916.4890301024875
10553,3882.8503345715812,3885.4187487018576,13.348002755078403,3921.3385379796005
13966,3885.2510880173672,3888.041791414015,11.70313935558515,3923.4578932694217
13951,3887.2779549969027,3890.3189958517437,11.081948272244478,3925.327929657735
13597,3889.1983918103547,3892.2019122532442,9.013037985773572,3927.5920387368133
13888,3917.972719411867,3929.2604313616034,7.954839790190581,3934.953210120462
16102,3957.880906234735,3960.56359102516,12.957907992900237,4013.563124727333
13580,3959.636813904198,3962.2536979947145,12.472024330209186,4015.502224668527
16080,3997.1096025281026,4019.01727645686,6.973712613516476,4025.179290154035
13566,3999.1159079036684,4021.1791801678078,7.961529598396218,4027.0943531523853
14491,4003.7555029539612,4023.3189505051528,10.141486684430646,4029.173648411345
13911,4020.920246685574,4025.318635268502,9.809667370260332,4030.9990204004553
13589,4030.6266300504053,4033.1996617316313,13.26123874560544,4037.6383475342795
13576,4033.516763459333,4036.282472827313,11.951852850453633,4041.225375087865
15371,4048.82423948744,4051.585674922486,12.557742887660414,4096.464139622348
13618,4056.5703587145736,4059.054817741178,13.5238422909189,4101.235471366415
13676,4079.1174871033227,4082.0016830539284,12.145748282420332,4106.191425441578
13766,4110.35909596993,4117.009094146968,5.723224934522328,4125.6039023897
14911,4216.675559461128,4223.022092536655,9.085413477927554,4280.992272993937
13858,4224.770267370457,4227.140061197133,13.54800561353653,4283.091793534937
14483,4262.091126148611,4289.008722819911,7.757700433361533,4294.642140146733
14912,4268.857021048491,4291.022233958515,9.944442004435713,4297.540474602688
13569,4280.885799589117,4293.170171895034,11.04772874891225,4302.0721950025045
13938,4290.710501455759,4295.518336370249,11.00632706705365,4304.964539110121
13687,4293.638192493999,4297.281396065157,11.519148011836,4307.208739671123
13898,4295.872264279319,4299.05300317213,11.058920935757204,4310.279209769228
13834,4324.732420857022,4327.415275037357,10.774743078890056,4381.2697918066815
16084,4377.650118949726,4387.052556471546,9.765291200363718,4392.100635301206
14940,4395.761365696975,4398.384409649066,12.397394084775632,4402.952738572096
13769,4482.854548374893,4487.451414109248,10.15597557806697,4552.897058772481
13559,4582.604191409695,4585.151064237274,13.303028447485728,4646.727866492062
13567,4609.780814353831,4612.113433648155,12.778750864829949,4653.296169945677
13750,4612.291956467781,4615.0543880685855,9.877642539651932,4655.607897754577
13764,4636.451099872772,4639.216842063717,7.0482040435722055,4658.712641486403
13638,4669.500824043497,4672.321813410127,12.159978804055593,4726.598180431606
13650,4684.8363670283,4687.507024090371,12.849068371603439,4735.706617481073
13712,4691.436450882594,4694.288034103993,12.144336958921244,4741.705653474908
13605,4709.671140010105,4712.319357149074,10.308468785242484,4749.158999926823
15401,4814.583494990437,4840.1850097624965,6.747678796130198,4906.419378214413
13773,4885.0457073106145,4921.269286096928,8.580647137222597,4936.976551532829
16113,4963.394117786913,4966.1413010417145,11.880496883774658,5002.671744042486
13952,4991.698462940584,4994.51455072738,11.512496983646988,5006.901029310192
13611,5012.449419284979,5015.151630441682,12.170781531851768,5019.780701709115
13619,5025.686475302059,5028.18506655,13.194874858934304,5032.688449267828
13675,5041.606518119668,5044.275708028005,12.209592711149165,5086.3337864931245
13758,5049.769305897776,5052.184058104535,13.963403075738496,5089.161994825801
13679,5052.618194859078,5055.232119730301,12.427389797862142,5091.472087907237
13802,5059.49952526386,5062.41141648471,10.665966771421065,5093.752044155498
13674,5061.399679560427,5064.30717281618,10.870374939718655,5095.769986967255
13548,5069.622991575321,5072.420228752111,11.356401097516073,5097.9586936776595
13798,5112.705365584508,5115.010869003078,14.7000074475159,5119.086542772737
13924,5118.721881439068,5121.349195924834,13.206084564455846,5177.198204001607
13661,5126.073252457719,5128.489147999691,13.854674322192428,5184.228108605943
13838,5132.875426762361,5135.189974083739,14.665445107252957,5189.454235336673
13629,5145.895890047482,5149.095381524053,10.830328356955512,5192.666244259304
13767,5147.8601569423945,5151.048486198614,10.350844375255141,5195.3850231540055
13633,5158.7470592396,5162.144527555967,10.315567430539051,5197.462841966884
13654,5160.94817671255,5164.178328198329,6.195653655813765,5199.996174045933
15405,5223.361093623889,5226.429091910292,13.216766950278297,5276.027957313156
13723,5234.949018024331,5237.333525034974,10.228466475402513,5277.905541726351
13852,5245.415307270181,5248.158073692615,6.4335417501829575,5279.705136092819
13833,5285.203394270768,5287.440730267906,14.567969406072715,5295.1743361599165
13795,5321.717285089698,5324.09312794231,14.17776643618993,5356.6315922177
13556,5327.203043720335,5330.4485908645465,10.6455169608877,5359.296366230783
13728,5340.2495155458355,5343.085412954212,11.490348570182809,5365.477415862411
13917,5351.922484494144,5354.537925508395,12.235948140701888,5367.765107728716
13956,5371.698131120102,5374.570418360962,12.026053383477768,5380.114494653733
13697,5377.808052001373,5380.09017005601,14.618098913361232,5389.946792820353
14507,5386.857219487151,5389.407334873084,15.0854236215201,5446.22853798735
13791,5397.612435824146,5400.439602615719,11.468812919324613,5449.190545109582
19293,5441.444489327618,5444.249133538686,12.17868666261116,5455.412441634646
15270,5446.909815606236,5450.179968522835,7.006159618440018,5459.109292487835
14882,5469.253074269982,5472.2979585146895,14.124630822652039,5476.413309274665
19377,5472.3005866855065,5475.09505626855,11.431764249745525,5480.001700044221
14845,5515.167546360735,5518.479521454523,10.783341965770525,5536.66696393097
19071,5523.002621021777,5525.430980639176,13.366998349762909,5539.419245323706
14848,5526.135518676427,5529.340467322994,12.714065236349143,5541.602026535334
14476,5528.23516846493,5531.183163780084,13.081154361010332,5546.053667028608
19310,5554.770118053341,5557.467405100875,12.408706939427455,5562.120875400001
13125,5561.628331960661,5564.303067473322,12.014260035203613,5569.226253752223
19215,5563.430010458444,5566.142265424093,11.749896570685365,5570.868256301475
14851,5575.69017962245,5578.216208354821,14.499247247458246,5626.84454930077
14889,5590.980554638385,5594.196152540976,12.982083152809377,5632.51474409933
19456,5595.250621293824,5598.0806272291,12.137043899466464,5639.891504398969
14878,5601.137724786034,5604.319188438929,10.267773778374222,5644.621500889769
19183,5653.896992506657,5656.286707537542,13.383119186857106,5661.476749021833
14853,5661.204724746165,5664.584310729279,12.836796743966921,5719.23990127615
15385,5663.276869196925,5666.289156195064,12.211409048614811,5721.29883492747
15399,5666.155011150581,5669.023604097896,13.640461539549117,5723.660503241055
19414,5730.926378398515,5736.007667824765,6.1043681072408935,5746.054158075401
19044,5738.825515178285,5742.014707151658,7.559542800667446,5750.59797821473
19161,5755.057607742002,5757.5162703060905,13.530833099057919,5813.970615970098
21591,5756.71740014843,5759.180380109202,11.67495472990705,5815.941865859165
14874,5760.049930537551,5763.077913643886,10.162529994754516,5817.877418410116
19241,5792.586303158423,5822.094151006509,9.177931964641266,5838.977479224689
19319,5798.862944713804,5824.06298398283,10.884014617418767,5841.12974847287
21593,6024.796046073769,6027.222682410257,11.26230242411981,6091.985269254507
19100,6032.702664164717,6035.273247968109,10.391877315263933,6094.078150693975
19251,6102.259938091848,6105.24683005506,10.158035758512412,6171.177504961826
19351,6117.888414984482,6120.557543359619,11.540863001891712,6176.950403335058
19331,6176.435505992538,6179.252987159268,12.150227594679492,6184.513462493244
19182,6181.576246748448,6184.370970878809,11.467070407379067,6189.852675529876
19352,6193.350415151445,6196.399806273327,11.084947672061267,6201.693390182972
19451,6214.921108685156,6217.501511404764,12.020678493619435,6259.1446010511
19330,6224.414883174772,6226.613274278279,15.249046192127324,6263.620626407352
19480,6260.241038213252,6269.313526757307,7.389503477581717,6282.86922045403
19150,6314.513942474055,6317.197706102227,7.433577791478901,6371.708794913096
19367,6393.196178536185,6396.188981212863,6.759151845305398,6449.359718566545
19250,6403.569357860311,6449.13277499092,6.021288835673611,6455.390373728908
19114,6459.288416381424,6462.049009605556,12.094969336868594,6470.573255937584
20897,6471.087558782983,6474.241500514862,14.259528714888981,6529.405745606711
19040,6480.59620665916,6483.078849738993,13.313089786417192,6531.650906266918
19070,6484.5732379021365,6487.135550824698,13.63094655072828,6534.072312086395
19313,6489.09404570453,6491.489865268017,13.897376873136093,6535.988111897092
21558,6491.623261153209,6494.459549288361,11.041078891650338,6538.600860624058
20870,6567.385600701924,6570.38702244808,14.206526006293796,6621.719195806558
19208,6571.999585921856,6574.26206118771,14.202921161467113,6623.977549486505
19125,6610.618320900001,6613.271424706724,13.028092682430824,6628.263753335793
19140,6614.136881512603,6617.116323277644,9.08267760609783,6630.428132796466
19290,6651.390043917934,6654.188791280311,11.50676297484285,6706.627934084292
21616,6653.227799849327,6656.04102019275,12.36374653742453,6717.327666806856
20879,6660.763381455319,6664.078944554445,13.783397382723898,6722.237489212338
19296,6669.307003469201,6672.288778026658,10.723868924279447,6724.177647797922
19164,6671.20049834906,6674.236628822524,8.427248819934396,6726.241102857338
20913,6757.843076108174,6761.140503680314,10.240542047085826,6799.719398880061
20348,6767.09305826124,6770.089744216141,14.0544668678113,6807.877555246287
20910,7275.542467224133,7287.0453672971735,5.521194514491236,7351.76501883825
19977,7347.806771517676,7350.454719472741,12.59483065977566,7355.069733309849
19990,7356.125819244946,7359.051239590469,11.496682879695475,7363.889696298178
16742,7418.40768690506,7421.537866853592,11.856701723242592,7426.3113436953
16733,7447.74358776071,7450.119631877217,15.236306651888384,7453.913291013196
19989,7496.63538312276,7499.325854276714,12.00781767785569,7516.393219912301
20401,7562.918056137115,7565.596940003326,13.136402500557542,7606.5273093375545
20414,7568.814677745804,7571.532992050252,11.735526291794613,7609.297112533352
21590,7591.886713308786,7594.4905815035545,12.908291593277944,7611.622642095471
20406,7611.8824251898695,7614.5335635774045,13.074013311358737,7618.90627112001
20437,7784.282129616862,7787.192386520252,12.374285641239302,7791.934323750747
20402,7789.046282433131,7792.374446492345,10.177877122316069,7798.048022894901
19981,7820.170885161164,7823.021731111749,13.96238290181721,7876.524835518342
20346,7826.231434607571,7829.32477439422,10.673638695922094,7879.087178248623
21546,7845.746211438955,7848.547674697631,11.26149032002083,7883.689432340683
20384,7874.6168776210225,7877.18220439757,12.328262263028368,7885.581732694553
20919,7966.7432302123825,7969.434768767917,12.608607645788096,7974.2145498892305
20349,8011.155645876021,8014.124810495841,11.30204073827882,8056.94182971917
20358,8053.910680652726,8056.544596922749,13.427990701971783,8061.01462166828
20407,8211.317405440237,8214.249529937284,14.456636519301874,8236.460198673243
20012,8222.950454535696,8225.630944914064,14.151170951629984,8239.348976339565
19998,8360.949268193755,8364.1807188058,10.151182088024875,8416.799029111242
19354,8917.769078136696,8920.266683410011,14.404620248808252,8956.632923112185
19365,9163.905641910835,9166.433520978699,14.621383373420985,9170.590338385415
