1503,102.69877532110351,107.05928838911197,11.515452771675891,111.1007597970532
1472,111.77937762960106,116.28860922473861,11.838430086700857,120.32008912076834
1463,127.03850534439106,131.35380771300063,12.065121492280209,135.20724528975256
1440,149.83656635393066,154.25546240101033,11.640859284610773,158.1824489188304
1497,163.46420556575663,168.49619426279577,10.90637439366231,173.10835428221296
1244,332.03715286529217,336.31266825803266,12.526900477304501,340.2854306008698
1525,351.3652153601378,355.3427492111237,12.451127787956514,359.0633615233512
2110,437.04527601638637,441.21029726357875,14.404903619393256,444.71726964483986
1469,619.044708584854,623.1111148025424,15.220810633063559,626.284642997293
1450,695.3070728955247,700.1775268496363,10.948647259679865,704.530227973549
1471,709.6426373458589,713.5808390403981,14.326141225611984,716.9829597571382
1238,728.0527807530299,732.4398090110519,13.267013444574271,735.9199472586104
1483,786.4279127181524,790.1282271887179,14.301193857923375,793.5164434671792
1461,895.443095582706,899.3948518801407,13.22076117287005,903.0785641906418
4998,917.0681981877599,921.5454159636848,11.44759753434401,925.6481621073226
1447,933.057425374348,937.2369041946154,14.411445023702413,940.679269526208
1475,961.0,966.0013770267267,12.723563309160998,969.6723682587638
1917,969.6975758650891,973.6023385784817,13.42275200003192,977.2448646467262
2020,989.3112593974798,994.4600610235268,9.62437018166047,999.2521876250386
5003,1008.7846923642056,1013.4587940447209,10.938736671743754,1017.9174120205101
1266,1030.7764093968046,1035.3688799879658,11.828510474477655,1039.7100086417092
1235,1065.926021340563,1071.216423307993,10.33759672602865,1075.9901524578047
2034,1090.4354967662573,1094.4576734395953,12.878955675905106,1098.0678177366037
1245,1110.521722064139,1114.3830727574662,13.782654453646966,1117.8561403290114
2091,1158.3844421821782,1162.49125025308,12.769794999770731,1166.2621027989999
1232,1200.462009351081,1204.4857635707071,13.670446985747654,1208.1416426817248
5028,1267.5067373867369,1271.418800561612,13.697623041453815,1274.9825967018592
2016,1338.2124061884683,1342.0971239895373,12.731102211620312,1345.747984467189
1234,1372.5599513959285,1376.4601713589614,13.003872568214256,1380.122995476514
1460,1395.5407828326897,1399.4007988735166,13.07765256243422,1402.8260561213108
1513,1412.4715097397338,1416.3649333000085,13.629535769493403,1419.9555852114433
2032,1417.7816367303324,1422.0642294353522,12.272461781031879,1425.8757317983338
1231,1477.8251643335411,1482.140508370529,12.405570635682919,1486.1352542333552
1505,1546.9865162844733,1551.397376189495,13.785575561349372,1554.9126022397122
1260,1726.2927207439964,1730.2207987943018,13.63873127857773,1733.8206936064396
2109,1772.437313214058,1776.5140877122321,12.818356051527148,1780.3579348269504
1507,1791.8646958719678,1796.5282012749612,12.788894840811528,1800.2853680168269
1488,1809.943324957022,1814.224497252843,14.22897359581287,1817.6925413319054
6972,1839.684847245705,1843.5459192380085,14.132365162271427,1846.9651780751362
6760,2052.1955520983047,2056.4354187012696,12.372848184296805,2060.3726882389906
7017,2055.1530165497566,2060.080470536123,12.502450663139637,2063.9404750000563
7012,2211.738423863723,2216.098408633322,12.644785055730406,2220.00665887111
6947,2316.3483483376644,2321.400955651371,10.426765572184268,2326.086028233061
6745,2392.599719959318,2398.1414017144,9.082955586912133,2403.282078961916
7546,2417.419146813993,2421.2378994941973,13.46248390807879,2424.799656103853
6980,2516.7489195737962,2521.164050613692,13.066823589301679,2524.9649965676504
10518,2632.708642957781,2636.321621899453,14.329614436371575,2639.635167144471
7586,2688.860694283671,2692.6219772953914,14.297678225403311,2696.056201485958
7107,2717.749038929957,2722.4508567248417,11.325869080789058,2726.7112268944443
10486,2727.6196843296507,2732.1682210887475,11.709521344642907,2736.2426920952753
10479,2806.9204436824575,2811.0848749039196,12.304812683808136,2815.0597755890176
7591,2859.7287813341354,2863.5356145099163,13.417868379277518,2867.012145493926
7571,2980.062031884921,2984.244369292134,12.861261353199408,2988.1437202225943
7015,3067.669293617891,3072.002802774636,11.266049953920056,3076.0968831138366
6989,3133.4420115988037,3137.08428268314,14.548562625368854,3140.414479397024
7436,3137.8552103020425,3142.1289694826787,12.392657257637072,3146.058429982812
6730,3167.1141502233963,3171.1711700662167,12.760932446055739,3174.915825986874
6931,3222.534026111523,3226.139722246463,15.486959034008434,3229.244336095556
8266,3305.341552223983,3310.2628080200802,11.29885973751947,3314.5688133269123
6726,3391.3013165558473,3394.6774463989277,15.756029489067485,3397.78803517766
6996,3487.5768656530167,3491.5858927576196,12.63887791988888,3495.283105368569
6937,3561.507805214533,3565.4360229401736,13.26002078442345,3569.1126467316144
6753,3571.03006356447,3575.137201553161,12.981391354356402,3578.922539968548
7510,3573.045611038478,3577.352799982283,12.050332043169,3581.1732119362878
6962,3596.5839520688414,3601.154548062829,11.538926198656721,3605.537516097702
7422,3665.810072377119,3670.4431779959837,11.80293249203711,3674.551318452319
12476,3722.580382924421,3726.1255866016413,14.191082491661227,3729.4352480518755
12486,3728.0456042438327,3731.5096077219705,15.266272376134363,3734.711371611478
12477,3752.721913886753,3757.2899636394495,11.921864312644672,3761.5271192791556
12287,3797.1917977903718,3801.4730954912875,12.311081636039406,3805.3660501970503
12482,3849.9616521738176,3854.244309321609,11.493480504907822,3858.355030299203
12509,3862.863269152459,3867.0236653086504,13.191634677932495,3870.682721273359
12448,3890.9736279460567,3896.4627085625143,9.866029856420866,3901.459388171469
12441,3935.6921617816824,3940.079516729919,11.528723487556938,3944.119574174579
12279,4029.1723798665307,4033.525573302789,11.487725731185124,4037.5225211198585
12497,4113.882629637796,4118.056675062375,13.113311366440554,4121.79076333855
13115,4135.6950419451105,4139.620611441618,13.797581645525339,4143.250250081091
15884,4155.071425773591,4158.293752894406,16.19825903786635,4161.313796626135
12483,4157.115296665126,4161.4223886886975,11.635115354006617,4165.422854039495
13050,4228.683343792213,4233.535693194005,11.146718414636117,4238.130397275349
10451,4241.309355730671,4245.4135808877145,13.483448338603473,4249.20632606043
13023,4306.04627008431,4309.598168006351,14.190544058253739,4312.910571258501
12513,4309.497001990203,4313.423170594703,13.038539651509904,4316.9992728240595
8279,4338.946175165686,4344.0469081364345,10.957860448806201,4348.47165550774
13039,4391.401635464755,4396.140440395404,11.65790745091387,4400.314924269379
13017,4396.785998771083,4401.436078122403,11.418665222202936,4405.645800604509
13068,4399.4124812811215,4404.3718424415465,10.168550641550912,4409.029174945735
13080,4404.570615116922,4409.106616945721,11.67878957897694,4413.263225321999
12470,4442.015344496845,4446.411569938538,12.166456503975228,4450.238241217567
13112,4471.349938668833,4475.203391920328,13.885072088873795,4478.752709476228
13030,4486.785375208219,4490.542403465373,13.746582708408912,4493.987794181846
12253,4538.585829962986,4543.003830170459,12.053652404138218,4546.93590184296
13223,4574.3462204472125,4578.546466332771,12.426028036864421,4582.369049892961
12514,4779.000524477534,4783.151558063236,13.05078023935087,4786.909827514925
15849,4784.851322831736,4788.228646023527,15.180130330519352,4791.338380226668
16008,4788.732135676336,4793.350106981532,11.505614961794215,4797.61824148032
12485,4874.77540177043,4878.545979150118,14.769038705393525,4881.919146700364
13016,4922.844769124848,4926.323711782063,15.469617829069316,4929.440204972323
13203,4926.377272537707,4930.594078937735,12.485290248516602,4934.466454631582
12517,5012.157044906722,5016.538027644804,12.002982973746642,5020.625031745551
12499,5017.571058128682,5021.342800312135,13.782492308505903,5024.792423266223
12516,5084.650255868325,5089.072482179088,11.988022763727848,5092.980405529165
12523,5100.614862662422,5104.443157491111,14.236717033080543,5107.873459002819
12251,5130.641416868698,5135.124372692019,11.487829486507215,5139.103768334696
12453,5148.482687913579,5153.193527387454,10.608734111624447,5157.634004461293
12471,5163.540855948109,5167.166806133278,14.770232061441378,5170.470939026257
12975,5196.928648606187,5200.613539037221,14.245507887225703,5204.075351983931
13207,5204.4915180580365,5208.371426783892,13.62642012694413,5211.9591536525995
12460,5207.815500906432,5212.5295852050585,12.139385994102243,5216.33916790006
13182,5228.635104164502,5232.510709642764,14.025051343440612,5236.073963361438
13073,5254.091611058634,5258.483375251716,11.861257253479067,5262.45276746029
12280,5377.656148292296,5382.159813060936,11.792327343809006,5386.340614767109
12478,5440.251840249519,5445.190542173297,10.817488759629034,5449.834221352367
17952,5445.920488990142,5450.191487150862,12.70116228000059,5453.878564614406
12440,5465.591577505405,5470.250983251251,10.912590974547157,5474.410327715587
13075,5467.693800013891,5472.2442831882945,11.38257515905701,5476.309511289219
17991,5506.602433056677,5513.219165072528,7.282321645459644,5519.378094413772
18560,5562.325237809185,5566.534678089732,12.155287703084825,5570.439086761547
18533,5570.3241185382685,5574.491990181005,12.302965321623773,5578.361599083057
18010,5635.898806914052,5640.531966994565,11.886248360381462,5644.739474771707
13780,5646.86838894451,5652.16391265847,9.785465866956155,5657.0141074237545
18554,5665.9165678292065,5669.63862154915,14.47184433699138,5673.054160830354
13049,5678.180605185947,5682.273107620963,13.124288663000618,5686.084518248911
17980,5693.619611483125,5697.477798469031,13.52751517006206,5700.85110969708
17973,5712.773957708367,5717.155548680098,12.12538684434344,5721.103580885565
17977,5730.601218103285,5734.448717493728,12.897974607178512,5738.067409258752
18011,5750.079804558457,5754.546159913458,12.764773746988071,5758.252300393122
17745,5775.647020977636,5780.040180162827,11.758861705371931,5784.061202744672
17945,5780.176487442583,5784.134177449506,12.672570741535916,5787.899198638031
17995,5854.7856860447255,5858.65272906279,14.451610025347751,5862.041039810811
17730,5917.803503784654,5921.620688419033,13.227532896893957,5925.222958706693
15968,5958.369962286986,5963.173324458362,10.794436806247369,5967.567986621863
17738,6079.530169103655,6083.31051956772,14.084214365091501,6086.847048380422
18541,6102.278302281979,6106.24975689985,13.06518589509417,6109.970186867462
18705,6108.021625671624,6112.1991649134025,12.516352010280537,6116.13781003204
17983,6123.051472970926,6127.3380528838115,13.998991263413137,6130.754168223947
17785,6137.116471160708,6141.185452658165,12.700554671875173,6144.926897558528
17722,6142.2069735265595,6146.5396490816565,13.018038506312893,6150.214357782031
17746,6162.7887977020655,6167.470681457426,10.893225677552126,6171.906006872144
18003,6188.398307158389,6192.0661447210705,14.088732360534669,6195.41284316021
18558,6197.35937346111,6201.1794751179605,13.256404088750473,6204.638673179133
17988,6291.67482956028,6296.149287370467,11.507150820114271,6300.188096571706
21541,6296.467095117285,6300.550874857428,12.997306196434241,6304.311105940163
17960,6325.0325217732425,6328.329873407001,16.414758303936154,6331.324285697226
18546,6377.743800803205,6381.237063880256,14.80132187269242,6384.453477077777
17961,6384.311949727751,6388.188567994076,12.96317868328976,6391.781833283167
17951,6425.915350019723,6430.114863266089,12.99920348262861,6433.866781759927
18555,6466.802665701585,6470.59633281257,13.428794001372165,6474.376548808803
18584,6488.036918706073,6492.037413313503,13.588770008731114,6495.731732210909
17734,6526.607441640834,6531.063579450168,12.28212908090448,6535.113685701972
18012,6573.940780035054,6578.400945159146,12.672881377785856,6582.183203383289
19325,6583.282580112382,6588.118283980892,11.090932776459226,6592.527034420596
17971,6632.1227828506235,6636.296900522792,12.190240648283863,6640.196379050262
18416,6657.475133349989,6661.591512276795,12.809977901798819,6665.264057395061
17948,6663.557210969316,6668.135508931165,11.868095258542054,6672.277148208911
21393,6761.733162007076,6767.0170985771165,9.451530036783778,6771.865478969617
17767,6811.805598341883,6816.011717390621,13.09553642937438,6819.742716187999
18005,6830.732041892609,6835.134342246069,12.335683538988006,6838.981161309416
17943,6887.498381865692,6891.29557269243,13.560627829621868,6894.749143048904
17773,6909.657045771515,6914.284817409221,11.850919401276245,6918.4824040090625
17957,6963.557203536886,6967.417914054075,13.298354998287081,6971.002013326163
17784,6966.528850494472,6970.062909520268,15.412819669938235,6973.281462643203
17747,7051.750713257367,7055.376604062727,14.363354728285058,7058.718322514736
19282,7192.12393981571,7196.479482310545,11.882711551517652,7200.507596957388
21479,7224.419146374419,7228.481477617505,12.490699939489186,7232.330568854945
18590,7260.634361983052,7264.258599993645,13.929264702716049,7267.573358391957
17937,7268.926670633784,7273.380643027075,11.442465227523934,7277.508337842113
21490,7306.990599792313,7311.163622011858,12.129631889197233,7315.012104826118
18517,7532.901973959983,7537.438871212494,11.589627810385915,7541.543514774023
13733,7712.049317743811,7716.171497702095,12.265616252942912,7719.99388115556
21391,7846.099898444818,7850.167331923444,13.398375454228987,7853.801500619356
21764,7936.966294530589,7941.040928718381,13.23963850507244,7944.778260138009
21536,8093.823878159519,8098.052177867975,11.829163736537392,8102.080106580249
