1285,100.13831842172031,103.08654068183344,12.93178019452194,106.35762139625233
1497,154.88954678812226,158.32960650818205,9.949133867330328,162.1667612185803
2080,235.80136963533462,239.4309254632819,9.770836442308772,243.56662120144566
1277,279.2996628452118,282.2019660443736,12.948866441118732,285.47390752591906
1525,344.3523882930416,347.0733169511864,12.397679223047291,350.2774706084686
1239,369.6466957146123,372.3207632394138,13.747809463045456,375.4805356824075
5016,371.69490630215,374.54211304339253,12.849038560563944,377.7554028570553
4975,373.4710784659926,376.35150130074834,12.193693734819187,379.5026561396041
2760,414.96640999051107,417.5693223374363,13.887463791606775,420.5081081323339
2079,421.1124764061264,424.17813626577623,11.48949268295468,427.5867967767203
2030,425.44906280807487,428.1036305558544,13.311653591265202,431.03420634618715
1493,429.99277827896884,432.4775185168788,15.190440354098994,435.2285696843993
2830,515.5518245296137,518.3550789964659,12.528698603300858,521.4827622475563
2054,541.16551402705,545.5317296758598,11.994667731111361,549.0647096780824
1282,543.5828739387515,547.3046069012331,10.973046164874825,550.8814582728978
2825,545.8047369685005,549.0791808831432,11.22994824458772,552.7410020444286
1492,642.18289160559,645.3288174438527,11.4665926531042,648.8602716768131
1450,687.104544433425,690.3155880886706,10.659264402410892,694.0533463982301
1249,729.6679698904189,732.3866186893827,12.333010653709481,735.679955770172
5042,731.4675213734904,734.1495025556975,11.724060337384403,737.3773588644934
1483,779.8038911606991,782.396359074067,13.523877616395,785.4172760974169
2088,883.2666115244058,886.1892280725626,12.052164365293244,889.5611668165606
1461,888.638394481158,891.3466070379162,12.627358662314538,894.4002092948483
4998,909.5830634727768,912.5356028282821,12.50787314469408,915.9652998496075
4984,916.1006584355473,919.2603593754098,10.970538397295982,923.0348258585151
1274,917.924660613506,921.1242824577856,11.075886546541511,924.8932246084784
1690,921.7398834242291,924.2743591495941,13.860500639993269,927.0
1964,968.0,971.5152112900543,12.313406878075446,974.788144117422
4333,977.9897924545282,981.3641898071263,11.095387245958092,985.0821748556417
2102,1044.5828068905316,1047.0019903694947,14.766289367135558,1049.7612046163945
2065,1049.9989464512462,1052.5499288893495,14.373851449554017,1055.3897943898917
2835,1055.1146752218303,1057.3354819254619,16.54859431571901,1059.8557583338638
2769,1062.1738930331346,1064.594677841557,14.38258196045222,1067.3121086375643
4295,1137.6969931728693,1140.5615212221583,12.720723936908017,1143.7588139655659
1232,1193.6481094369099,1196.3041023136739,12.587564498670144,1199.4165926659011
4294,1224.7878783639865,1227.3719511170282,13.999189264705102,1230.362584878405
1441,1237.744722239095,1240.6154631727427,13.105803651499517,1243.8253019227477
5034,1350.7411258975433,1354.2268898501056,10.785698632768819,1358.0983353114264
1234,1365.6383072990602,1368.4183061183319,13.323700850969525,1371.5265400431442
1513,1405.8293365791721,1408.5141063027684,13.480330366879791,1411.4804686631894
1465,1449.823870420824,1452.539032401959,12.544850475931238,1455.6705414171204
2046,1501.7364093217209,1505.3358115575106,10.672860871620554,1509.3202824587336
1265,1507.6362956588712,1512.0123289720564,8.495184004530007,1517.051477412718
2053,1509.691617111176,1514.1165437749485,7.889971228856956,1519.1665187277117
2059,1676.9232971168747,1679.2766266175158,15.835352594011013,1681.9622280780843
1260,1719.419303619639,1722.1079149766508,12.692699454854342,1725.2167352041647
2024,1771.002415427038,1773.33034662705,16.209985540101936,1775.9431076727744
5011,1777.8116461357858,1781.2989667916188,10.673898931616487,1785.1312295671155
4967,1801.210560552865,1805.5404544331425,11.840514270501913,1808.7817379317596
6945,1836.7775231355931,1839.2985816595485,14.596193825774822,1842.067108061008
2107,1856.22464618725,1859.5347445576435,11.098488143511881,1863.3921105534187
2006,1860.9275119199672,1864.1332288437488,10.948481015619224,1867.8265515247217
2073,1891.4955732185856,1896.3169458655673,12.09107180172753,1899.8160395803432
6747,1901.113182844812,1904.51562171341,11.139506843027991,1908.2780658241488
5049,1903.147262859756,1906.319444143756,11.434263759734993,1910.0348795072396
2827,1981.315864277353,1986.0152836074378,12.262920086091587,1989.2312731139712
2766,1984.2130809213265,1988.0723957178623,14.000974671072658,1990.9812364211762
5052,1995.4314063003071,1998.2229415887812,12.901614106356414,2001.4533162444563
6964,2036.1692615430868,2039.1413889920727,12.01547764294906,2042.500702149902
6771,2041.8464362758295,2044.265753915244,13.968416487932306,2047.1721810902268
6938,2079.250541417176,2082.101975852979,13.185272724089797,2085.339822233501
8251,2128.9195337205233,2132.0596584348655,11.29730600417746,2135.641641226582
8329,2161.2065117175707,2165.57862835434,12.261232372437803,2168.9806537049967
2752,2163.813495786915,2167.6049004916426,12.860768296712177,2170.8823060728605
2085,2166.0608973576163,2169.388742679478,12.190743676473232,2172.6622061689336
6766,2169.127949661099,2171.5258883529223,14.568568244265428,2174.4921688225113
2824,2175.9393432808515,2178.5221462879654,14.173126994074735,2181.3710961733336
2796,2217.028827702091,2219.303729265394,15.354329958677958,2221.90747681798
4970,2259.4621496052123,2262.5140571623056,12.10401353307359,2265.944164260523
6947,2307.486650790539,2311.0015674676633,10.223091478563543,2314.9946824734125
7579,2322.2656199069943,2325.092811360473,12.359147516672245,2328.338127984934
7524,2341.2131607390397,2345.5645951119286,13.025357787976034,2348.7180200865955
7573,2415.1712760358696,2418.063607911272,12.752842924378768,2421.4227142758064
6783,2442.040332327781,2445.090843867848,11.925782577880536,2448.5676794867213
6724,2468.4237122674226,2471.1031009966237,13.65999311291325,2474.01904635081
6942,2491.0969452188197,2494.0249727332707,11.978174809725871,2497.343668284462
10502,2535.4520257454624,2538.0663300532165,13.802279846415644,2541.0470973575843
4271,2574.8142009240264,2577.50529240282,13.679298451608197,2580.608461778033
7515,2595.5693201785807,2598.5067596745225,12.636687492044768,2601.8491447168217
6752,2621.2459943742,2624.52840123623,12.125150768697265,2628.028672290177
5005,2664.6426981686636,2667.3034899828185,13.62873558103796,2670.270174924777
7590,2670.1473238984527,2672.575608384307,14.70454537543208,2675.370023246596
10539,2680.667996408476,2683.160995379208,13.724511476459499,2686.0883147021104
8276,2713.8286621155457,2716.576929948472,13.103968300314035,2719.6958881017376
10482,2746.7978915876533,2749.291382186239,15.032492014860896,2752.052594934695
7431,2758.403859612446,2762.0138432618724,10.559982104580918,2766.1214442886426
10543,2792.6046219500467,2795.194293237618,14.55060446446475,2798.031566769676
6776,2804.140975066085,2807.1013214654813,11.73888646448013,2810.542185002797
10506,2809.1343966586755,2812.3178787882384,11.25142628373738,2815.9272941738695
7567,2866.614993010775,2869.1703841674225,14.252595420900693,2872.037773554763
7588,2870.6397283606,2874.2808758073375,10.283956127047391,2878.387203962682
7563,2881.214726330168,2885.5366977258946,12.680574927064491,2888.913988556373
6749,2890.8987507092156,2894.1372315856734,10.86005473584165,2897.8264860046143
10485,2896.1308739519245,2899.1840346504737,11.714505765363247,2902.6701182008937
7564,2935.3345407375136,2938.4612665320965,12.02016155495378,2942.0595452029197
10457,2986.171231477141,2989.4401567349023,11.243524566762073,2993.202551929401
6968,2990.8476227753927,2993.2162618670154,14.696355388045635,2996.0006556285116
8267,3025.8762573714102,3029.2593951509466,10.245291387820084,3033.166934415429
10469,3070.1578831912084,3073.455855245101,11.111577511434945,3077.1600575092325
9837,3120.4036552400994,3123.0329742810404,13.639307096449015,3126.031095011262
7436,3130.459391634531,3133.403549168849,12.474083882524365,3136.6967593810105
7520,3306.2793558151984,3309.1348943923294,11.872788611630675,3312.457839527566
7516,3331.4390848994567,3336.105221747704,12.611902525820927,3339.053502510418
10454,3340.017816111742,3343.174576551853,11.598477091055699,3346.7783006876653
6952,3387.545292541701,3390.4510472938478,12.399257676984211,3393.5913891849345
7523,3391.557522011918,3394.5547349589756,12.547876845760795,3397.834616900975
6996,3480.7180290988963,3483.3891631644874,12.610628495647456,3486.529828298625
8314,3511.2400271072056,3515.346115057697,12.446345282388416,3518.650065789494
10483,3523.008026097414,3525.5769376247376,14.331660621480259,3528.462612690016
6937,3554.0,3557.409716026784,12.963898075323202,3560.477237494203
7528,3557.4244698380826,3561.275711309937,9.59044705317489,3565.52919703443
7512,3590.891458468741,3593.498209095352,14.02599069117802,3596.4964777871364
10462,3609.88050028892,3613.0291316696967,11.147433576281477,3616.6330710047014
8277,3655.0915361000907,3658.2144648634808,11.322257384201537,3661.782597846319
13060,3678.4263773937373,3681.179125040231,12.331300765326207,3684.3904416722976
12486,3722.169211643453,3724.4661257710522,15.30828943521351,3727.1499169140784
12477,3744.890718863284,3748.015142912631,11.772627979494695,3751.526001293668
12278,3824.8666873487887,3828.1525852879945,10.894359043655912,3831.8219303560877
12482,3842.583796988695,3845.5450901236195,12.283900143087711,3848.864231035214
12288,3855.4514620862437,3858.262348066281,11.198479170581566,3861.661180978553
12448,3881.333330406314,3885.1031474177785,9.026463015913025,3889.4993967879727
9813,3928.1814659158763,3931.355653248921,10.440481607458095,3935.099538893217
12267,3998.5175642612394,4001.443959181689,11.8459643777936,4004.8064114480403
12497,4106.703583272049,4109.498648847855,13.160008556504415,4112.779281409409
13095,4108.031807213092,4111.384316904851,10.89394487110892,4115.24010923436
13043,4127.3282945047595,4130.198291407939,12.085968538798372,4133.595858114824
15884,4149.521545861999,4151.681941758862,16.593312417676245,4154.198869522375
8294,4196.098598757079,4199.52903405078,10.766271247839065,4203.544090879355
9814,4200.750464347417,4203.20285504405,13.919271891086291,4206.16993912931
13099,4236.5084031448305,4240.043257519961,9.939342519320105,4243.95786954688
12513,4302.767202984611,4305.483914809001,12.92986675993583,4308.488217856539
15955,4306.302084752823,4309.052904242319,13.185373562407317,4312.137214438082
12490,4386.714827451178,4389.545834677506,12.36027159932047,4392.772237977452
13068,4390.774735734698,4394.270654554262,10.28578651399628,4398.1398935131365
12458,4395.256130421813,4398.244198813887,11.981323782616274,4401.67947144054
8284,4398.162454290799,4401.45391241982,10.876227257357218,4405.299007100219
8317,4411.357195179242,4416.043538770572,11.704848952151876,4419.092644924997
10520,4513.8336480451635,4516.487313498085,13.011584455740138,4519.47280074705
15992,4579.855060015488,4583.319873341138,10.217370323975384,4587.297684753105
16004,4599.9808013001275,4602.571594389868,13.911348480201706,4605.533912496812
13835,4649.65381606725,4652.413205986316,13.231525901734987,4655.428627004494
13103,4664.213408550526,4667.01082735763,12.761772309576687,4670.185626114072
13834,4689.679791920528,4692.517975738555,12.630892333912266,4695.728690821201
8296,4754.064370886613,4756.596988525906,13.980144651097183,4759.4141926591365
15849,4779.1544870969965,4781.415949001545,15.505642771979533,4783.97101542451
15973,4787.469513469471,4790.282580099058,12.134548618666255,4793.491732919992
13769,4792.803275152744,4796.337736393353,9.988732743388919,4800.4316768333065
13789,4794.543490981149,4798.153102706527,9.614700252945205,4802.379936708199
16021,4798.1724628896545,4801.353467479482,12.122980435339558,4804.911166677409
8293,4838.225703037672,4841.020372520328,13.520837912572176,4844.39383035997
13016,4916.0,4919.170869007456,15.439455389254833,4921.894607818189
12284,4977.493323807124,4980.260099088429,12.492419475839432,4983.486376302908
12523,5093.890056673851,5096.570797757643,13.497754345845863,5099.569735953354
14838,5098.507939403656,5101.250459241118,13.100706568346082,5104.271544991443
12453,5140.211876182029,5143.44973176917,10.768191149240618,5147.233226076751
15269,5202.983152031344,5205.441446475457,14.183275373402818,5208.252816691851
13059,5224.3783227434205,5228.275873978329,12.828281226100652,5231.483734619518
16036,5233.46756627655,5236.501913985444,11.676825466854538,5239.9218622917015
13056,5240.499981005952,5243.564760465745,12.198211742020518,5247.117565115887
13073,5246.572147458369,5249.55188254269,11.729914515067042,5252.9050418762545
13069,5248.388319563032,5251.325771945266,12.217946283926116,5254.618550687427
13071,5275.31202032749,5278.309224800925,11.974338428944076,5281.691521328341
14849,5280.079633554372,5283.235122861275,11.552865118134196,5286.897715514784
12256,5328.234210340144,5331.136167779766,12.230317437711845,5334.498450603489
12439,5364.578029613978,5367.441010908164,11.925830713328242,5370.695227216297
13021,5366.179540659943,5369.174865047996,12.097056160802529,5372.460723599587
13803,5408.773688325412,5411.1622362680155,14.85193157932305,5413.89227667312
16028,5416.061415211228,5418.51891813725,15.027530836168213,5421.304646072274
12478,5431.5554579875115,5435.07183069588,10.176625136876867,5438.970609945278
13075,5460.68750024429,5463.402770932275,13.453374083905667,5466.585278954844
15990,5501.711317030757,5504.230499202131,14.364906179902944,5507.51910819099
17779,5507.511559409033,5510.137596517769,13.536210194812488,5513.197176064942
18566,5552.738991307018,5555.392248428824,13.877931374370469,5558.323271732017
13780,5637.638361252317,5641.212988412632,9.551861049768112,5645.411684822536
15324,5642.096386936262,5645.315162719067,11.495451044458775,5648.930026862968
18532,5649.1383508060735,5652.416824651065,11.954034217222427,5655.93046660597
17977,5723.904687568983,5726.52775952242,13.259410767649126,5729.612001283494
18022,5730.297701322112,5733.153205424371,11.976642941722238,5736.434153863997
17945,5773.243960353159,5776.000760462955,13.142116647145075,5779.105224635685
13767,5817.475239498717,5820.1496397154615,13.214302947073131,5823.215665788897
15309,5830.968444459429,5833.561617144768,13.387990315635308,5836.440952985113
15913,5863.960006724398,5867.272685751414,10.49014853669724,5871.131864661599
16019,5865.778191445186,5869.196325492053,10.705823622551053,5872.868819431398
21513,5867.579313980603,5871.041308476717,10.842653411506994,5874.840959162076
14413,5918.393235604914,5921.281755310966,11.878212543810363,5924.642925583262
14460,5920.122153321203,5923.105494700586,11.489824514650312,5926.390468632801
15968,5949.991333484487,5953.3081912516245,10.865739206145138,5957.12956518526
21468,5958.1698606212185,5961.127796362959,12.509113312899428,5964.498174028182
21461,5960.4341853248825,5963.5296539585215,12.308909368254463,5966.992504119655
17967,5985.3872321874815,5988.473680800593,11.699082751032865,5992.015888569806
18580,6031.273915534549,6035.500866542005,12.51970656199711,6038.888576745184
18705,6100.468982259273,6103.4702566866845,12.581314068217859,6106.854514507765
14884,6105.208067610356,6107.502492760072,15.0112238366591,6110.083596865493
18521,6175.060358624787,6178.012417006342,11.420904382366588,6181.454014985913
18003,6181.906043398503,6184.4680839175535,14.50338681679094,6187.414111576688
14835,6183.488087517169,6186.136914728194,12.961750195155206,6189.202382061074
17947,6219.787495042704,6222.592146318964,12.633239275374493,6225.665371887249
17987,6268.997671220947,6271.50058558837,14.86675105490899,6274.35359011656
21514,6272.195584050003,6275.0237595445715,12.197703706752405,6278.317012940371
21542,6282.738896566138,6285.577951850414,12.478314921093792,6289.011740667759
18578,6287.561639638518,6290.436794680229,12.182525676316233,6293.7719928907445
17960,6319.443094056012,6321.646898823389,16.500136365032617,6324.20216252981
18556,6366.062683636691,6369.079067424905,11.57887768793152,6372.447187916136
17961,6377.707145771093,6380.294074928447,14.040111584111186,6383.258120973509
18597,6379.351407455472,6382.430322001698,11.131915375228644,6386.006196624865
20864,6394.067520745283,6397.562497206651,13.025972995220096,6400.790363144932
19287,6396.546492710565,6399.413791658985,13.324234496969456,6402.5746147770515
17737,6398.978788141006,6401.5641845093305,14.187377896149064,6404.50822783159
21503,6401.396635833784,6405.073045086581,9.111776876576196,6409.397653004676
21460,6403.380661017223,6407.115349921241,9.662317359805883,6411.450825485323
17726,6500.057925726741,6503.283113400873,11.243846284923576,6506.976811672637
19316,6571.448580016522,6576.216437037733,10.149543802927226,6580.437982996639
18519,6574.15841204883,6578.1295358752695,9.594612443532593,6582.335105641572
18575,6636.581782676368,6639.433548851823,12.559010452157052,6642.709312271173
20820,6643.132909022111,6646.496282755561,10.995379139649042,6650.278712349973
20335,6645.042768833726,6648.323467735988,10.649501799367314,6652.093399925214
21505,6669.774384119935,6672.333513716689,13.824186338301791,6675.259624126435
17777,6671.783343557941,6674.552938713762,13.016777143967863,6677.775574161402
20814,6719.64229890744,6722.252574982102,14.36207395231548,6725.239796819076
20366,6721.658340027361,6724.264399073668,13.016600804920728,6727.329419648357
13799,6737.16439534655,6740.359782573114,10.704837302170437,6743.945963998962
21393,6751.374901640554,6756.301352131801,10.175118217929132,6760.409747870478
13816,6754.233420234538,6758.348300044651,9.863296401694113,6762.311850850411
21482,6761.674669167149,6764.576941539753,12.554196481870745,6767.962638826351
17767,6804.764973889499,6807.587823643598,13.247372424242078,6810.726401766265
17982,6816.061649712529,6818.493909360122,15.141979656119654,6821.348243365321
21483,6841.356631323745,6846.20686654634,11.97113767801152,6849.467810965128
20854,6903.437721606279,6906.178529899871,12.942115130492196,6909.39676102528
18535,6934.388943708251,6938.085442204862,11.882055271885898,6941.730718002906
17957,6956.886508557644,6959.52656964583,13.894426004510793,6962.547565366091
13763,7002.41040009893,7005.189956156489,12.449722518576944,7008.31996376465
17782,7058.388825951929,7061.517579114087,11.726279510634562,7065.103503958009
17762,7060.179680415178,7063.322695946308,11.337934890002114,7066.819952939013
18428,7111.429293643516,7116.095650351207,11.271779671993665,7119.756555574091
21450,7130.128342630659,7133.456489433702,10.657150989490459,7137.295011630177
17966,7164.71885115749,7167.520104780337,13.455870176207538,7170.606325572919
20785,7167.133732235939,7170.083864330837,12.001847203025552,7173.529633119122
20775,7173.266731378889,7176.424528074083,11.219232703445607,7179.975186801446
21523,7215.215531352974,7218.109445317884,11.464491766648157,7221.5980266771285
21489,7219.142996564588,7222.338571612681,11.565947047646729,7226.015955837206
18540,7345.247986752866,7348.2684001293455,11.659842562237408,7351.74782674649
19314,7381.400667254524,7386.11910673593,10.839979412715234,7389.921877802384
18613,7650.971546583392,7655.114181132658,13.093739917892723,7658.280404044893
21473,7664.198001711264,7666.609488544075,15.19932284945552,7669.355099274567
13819,7751.364429976867,7754.456568711668,12.656416259029086,7757.964385072683
21455,7753.099912525379,7756.259544558391,11.91484654119946,7759.802114854183
21501,7755.284288566093,7758.293887106715,11.059448106177278,7761.6578197538865
20837,7831.670364345514,7836.27921349411,11.065393656344297,7839.95819345522
20341,7975.1975502413015,7978.2777276880015,11.181096063969564,7981.82068665435
19920,7977.1597018570255,7980.299695692826,11.587969249829317,7983.812092977206
19935,8073.340429935796,8075.548706148969,15.970358818961145,8078.12517631962
20390,8154.58977934058,8157.371274910005,12.695572456297633,8160.557199616851
20398,8156.518104375837,8159.319651543605,13.625192683056046,8162.473028596948
19259,8371.204916719047,8375.505778298495,12.130974534438764,8378.931630294224
19324,8374.140088268376,8377.622131684202,13.589715701243644,8380.804189725464
19254,8393.173648825983,8397.430764373203,8.880796182648501,8402.154219650753
