4848,193.51466376995464,198.45125149093735,16.77271889260924,202.678697275465
4140,203.76080495444154,209.1375596739771,12.41794329540236,214.5546867109786
4143,209.43742880886492,214.02985292293167,14.478611351488945,218.82776450622154
4823,313.6296288534694,318.5524920659859,13.864169213680471,323.64591889782696
492,330.00680117198294,335.06830025015796,13.87688934877713,340.18373076956476
3707,334.22255999674616,339.3275341252731,13.282891388672718,344.8302741026178
1875,341.4304673739528,346.18461146420475,14.098433608451112,350.9261309506542
4834,380.84237488762363,386.35086893922164,14.372752021624157,390.94290711969717
3708,425.5218889296762,430.4414528239286,12.947684254238533,436.0
14,534.946518300451,540.4174731641072,11.993779720723154,546.3165729893462
2576,604.0332950092185,610.4123084998871,10.426026453620578,617.2260105581104
10,616.2774548353735,622.1151598108447,12.048325831326116,628.0
1867,695.6273607468219,701.3481089909776,12.408254768771585,707.0
1860,704.1733532610367,710.0255567238368,11.7540398238553,716.0
1904,748.5383707313642,754.4002860798894,11.48794883642976,760.7406751949457
3269,807.5400333459716,813.0022990692861,12.5611218818498,818.706591190775
530,859.1154385301035,864.2086881925704,14.432546823829911,869.0
3320,881.6049310793992,887.536767012356,11.20545444176689,893.6908337946371
3314,893.4764357421145,898.0987310993463,13.856332568308723,902.9193023924566
1902,962.2437229012676,967.2776471759192,12.197149947848324,972.6917742351972
1870,963.9930104019822,969.0676028629745,13.421698045823586,974.2617027919468
2538,986.3505498863129,992.10505352043,11.075235318868177,998.3915565008377
465,1040.843902476954,1046.3057939790338,11.747191738390793,1052.0
1840,1048.6955414524948,1054.014107652059,12.501354067512166,1059.538223871662
3268,1091.1419658982027,1096.0008797160215,12.598036195998482,1101.2629204194998
1128,1093.1044010407775,1098.0095521162252,13.643603366230103,1103.3527730581213
2567,1155.3148093757995,1161.4275597473911,11.129643009522978,1167.9523486411051
1147,1172.7260053386883,1178.2509223947766,13.07058444788278,1183.4383869298726
3277,1174.7073606044848,1180.3158469303366,12.017941765577069,1185.8442616550813
3286,1176.960723797725,1182.0977598540933,12.662955406954715,1187.5177538658684
3710,1180.9266897106154,1186.2343213178494,12.678080249057421,1191.8957133422502
1837,1234.8088809418377,1239.5785767092518,14.377477132340173,1244.5265848386452
12,1262.7650799526748,1268.0873048171634,14.000288119913082,1272.9976236643286
475,1265.6560785470067,1271.4503903028508,11.570426576112725,1277.2114213036118
1154,1286.065796829598,1291.106417297981,13.384670116481935,1296.4391398759553
1862,1299.5514099304296,1305.2532846380798,13.42245408724768,1310.2662387369717
496,1355.3808740159334,1361.0724900519006,12.075441149835285,1366.7654586109454
1818,1398.762766293729,1405.2112747319552,9.886246251685009,1411.9799253438837
1908,1408.112475223298,1413.4206314121204,13.474651871556032,1418.7297113640407
34,1436.3404628843828,1441.0913750323793,14.216389260743988,1445.9897175099122
1878,1438.1458730808338,1443.1151829626815,13.126601055020224,1448.566450146752
4147,1465.1948492037657,1471.2453486218083,11.322194202668364,1477.3882716281892
4157,1467.176183939239,1473.3236732977316,11.161277647274762,1479.429073299378
3723,1469.2177189316358,1475.1092581515738,11.264362043805614,1481.3328305674486
1882,1510.1304420155147,1516.3301681456762,10.518489995891445,1522.7332413847805
2598,1512.1855316089357,1518.3326988706576,10.67117899212589,1524.5595603854813
1218,1528.9332253480006,1533.6152240765366,14.943097043929614,1538.2268469878773
3291,1581.0349022480673,1586.4720976931562,11.46377420122143,1592.2243055534009
1854,1585.262198636661,1590.5425964614876,12.58954219762173,1596.0
1177,1597.3534704374647,1602.5453540486753,15.118276439413329,1607.0
3711,1609.7565247789064,1616.009295541688,10.964355656857895,1622.6169540183623
2634,1616.5547888405551,1621.6054721644446,13.281032607159194,1626.7993768136766
4144,1622.8396338506473,1629.0223687507855,12.724116899486761,1634.6388883010422
1183,1699.0430214064124,1704.3244270626499,13.141389132460063,1709.788157758543
3287,1765.6150181966866,1771.266724889648,11.082621677483038,1777.403400627094
2613,1869.4368024007058,1874.510038325293,13.279410021548342,1879.886099661385
2620,1881.4530664826273,1887.0439472938297,13.031063613732911,1892.463110938764
453,1885.981724034439,1891.5124559459273,12.150820012587706,1897.0
5,1965.66105602613,1971.4217045010828,12.270963083168555,1977.0
1162,1967.6774058255912,1973.2600077537807,11.468060268712287,1978.9681290004405
2547,1969.8020807279227,1975.1893995006847,12.557204459565687,1980.8088162446843
1844,1974.5477361956061,1980.0455332807385,11.906872077319013,1985.892895306943
3764,1989.4816682006488,1995.4444966894646,10.675612212621612,2001.6970684769547
1201,2030.7442745033622,2037.1262945772999,10.932615094376336,2043.8673801328794
2635,2053.0899839156727,2058.55081871562,12.424236708198976,2064.0
8772,2054.9317364006674,2060.4035855267816,11.86616166082892,2066.223992007155
9241,2088.839201808582,2094.0223627892765,13.030203023414213,2099.4135744866826
1852,2155.3713145613347,2160.2612968588564,13.679280571096342,2165.2297614848867
3308,2163.444297930709,2169.0961347650796,14.007713101409331,2174.213451822721
3292,2175.3198904756655,2181.0085189683286,11.050281180869835,2187.0
10331,2187.8509942511905,2194.5221964252983,10.667707814520966,2201.3738394511097
1214,2203.4023331574917,2210.3990393102363,9.2975491219703,2218.0
8030,2210.497344526933,2216.322460176995,11.654157851532426,2222.4889681185914
2600,2212.5499529275075,2218.1144943722043,11.274068542542814,2224.0
1836,2227.177997098623,2232.5472228347558,12.303863009361494,2238.2324793460484
1117,2228.8977642532836,2234.259036879521,12.087508760319503,2239.956220653567
9190,2298.5266085239305,2304.0147660154166,12.17062370996042,2309.6898733146795
10329,2348.5170608906706,2354.27290313757,11.792938930108605,2360.0
7321,2391.176107875098,2396.264341773008,13.271458176095333,2401.672211108432
7393,2395.922032200237,2401.096454887614,12.079392788057664,2406.7949788070837
525,2461.765036937892,2467.1849361114405,11.661397756518562,2473.0
4,2463.898070175816,2469.205906300222,13.106588702854921,2474.9146093023282
35,2467.5253891914567,2472.071753800061,14.321059051094352,2477.0
6691,2507.683881781212,2512.218633073613,14.101209801123664,2517.0
9634,2559.222241887903,2564.3692368295597,13.083277835532849,2569.7739448530438
7362,2591.2932971893824,2598.396394295443,9.676379630547931,2605.8064366367435
8774,2605.342617889003,2610.603197386495,12.693540069476693,2616.301190659993
480,2633.8541847940605,2639.261850485663,14.553688353832491,2644.0
6705,2637.788387032306,2642.6314574269727,14.4599596734969,2647.6253218392285
8760,2692.293779515437,2697.052284135525,13.172733999347196,2702.203465120411
9650,2707.0952403119277,2713.3027347615493,10.41927697244027,2719.899256567477
7403,2713.124861734002,2719.367736365263,12.263214450596557,2725.0
10318,2726.4409473210035,2731.463135203429,13.705235536191205,2736.4419019234306
6626,2766.4139363544505,2772.2985455896073,10.567462266081147,2778.4744077779856
8779,2768.214042094382,2774.092286008446,10.83989191911159,2780.164649220872
3275,2775.7837042296596,2781.2314850237585,11.722604777061845,2786.9086657786065
5543,2838.685309151375,2844.0272067820365,14.187753742426692,2849.0
8087,2855.3004586940015,2860.535403512239,13.837310345537439,2865.7239594344405
6668,2864.195826077362,2869.2423886651104,13.27761351120801,2874.6176594182098
5996,2869.62108378311,2875.074741055891,12.181963716105665,2880.993027138752
9637,2882.934363022013,2889.052570106269,12.069194228365628,2894.616488056061
5526,2933.2135300694463,2938.5542595696224,11.988043778049782,2944.5227917509856
8782,2959.168368119797,2964.0085889676316,12.961981030972895,2969.1956569982426
7376,2965.655739002214,2972.030540690254,9.605909173470627,2978.9999406997654
9216,3037.621818817568,3043.0992384477827,12.448862434152261,3048.55408138727
7398,3058.943640342323,3064.571057211152,12.095357530635061,3070.4920984575297
7396,3102.510945394063,3107.54297099449,13.968622718125399,3112.4480123021913
5945,3126.2859223778664,3131.5707589532235,13.27332051733186,3136.7984557277973
10340,3160.4609127911044,3166.0043248154443,12.40019048460055,3171.5518224401294
9189,3182.885628437065,3188.2187525361987,12.524172220259947,3193.7330330557033
9625,3193.578550945082,3199.04925084258,12.31277467004639,3204.792217871474
7350,3212.637651499095,3219.040911949437,10.791011797711725,3225.741160706357
8062,3215.2705287469576,3221.1071539407444,10.737560076635898,3227.4933649004147
5932,3217.425255642536,3223.0603545268536,11.208834085803476,3229.462007322171
7322,3228.0448428441127,3233.4810920139876,13.407395307384252,3238.89964166561
6620,3232.248876928796,3237.174156114855,13.943122944300706,3242.217964204537
9238,3247.635216456651,3253.319251997826,12.094682356203558,3258.939804174219
8082,3266.8845231012715,3272.6301122134655,14.302605876374471,3277.518081131481
8814,3270.551188752317,3276.1092858394622,12.580124372556252,3281.853172728182
7306,3285.574614343498,3292.170419525476,11.278252387890602,3298.589572796848
8083,3289.041145444264,3294.3750778330186,11.09808567332257,3300.264975281073
7303,3302.1923338271517,3308.072605179239,11.925565141780163,3313.711180029516
7377,3308.2752711736584,3313.338967976529,12.371019245010869,3318.6770876486185
482,3325.1252434972826,3330.496169818468,11.256115207028644,3336.4044019051134
6000,3326.9053327347715,3332.3442236354,11.604983058476135,3338.0
5525,3328.6777253640344,3334.2221754979373,11.407213121448686,3339.5537472740803
9209,3341.1143397699643,3346.5414514059034,11.870695943430082,3352.2030649107087
7388,3353.1122472566294,3359.402673505947,13.145602010854008,3364.675610520591
8114,3363.3812060453492,3369.2821249458475,11.582860752835368,3375.0
6662,3365.7964790183723,3371.317009151496,12.943346113245038,3376.7035925172177
5960,3378.4771509378957,3384.342160144071,11.154720758457694,3390.6470251332958
5939,3380.5414025033506,3386.24280363096,10.94511639030152,3392.0
6661,3383.0656051660385,3388.3761603156445,12.419812301068623,3394.0
7343,3385.218502312715,3390.2216644872897,11.761520831315242,3395.761653160135
5978,3387.080725312235,3392.0770635263566,13.01089527733038,3397.3843156048774
6686,3391.0840214388904,3396.106538925568,13.082776382688223,3401.342872798312
8129,3428.088838847856,3434.3943054715537,11.217040342854611,3440.288459777479
8,3520.99157973335,3527.2005383593696,10.166975428339995,3533.947400790491
8039,3530.3847273455103,3535.56600919281,12.621692964804883,3541.0
8791,3532.1689321266317,3537.327789078486,12.525756294515974,3542.757384242133
7355,3547.608760312537,3553.226454686464,12.938823648531088,3558.560589047608
7368,3591.6137431521147,3596.258295809949,14.385598000803371,3601.0
6654,3611.449017649508,3616.4775950407966,12.781487890211915,3621.806938543113
8777,3616.943365356285,3622.136924514994,12.410160448207202,3627.6581662773797
5992,3619.036624266523,3625.1828786844567,10.36657226010105,3631.7427261640373
5564,3669.2824291283864,3673.6248435948382,15.755864259974107,3678.188394880118
5968,3671.0624238823884,3676.526229428639,12.118416294955429,3682.5200551740386
8763,3676.172731415384,3681.077695735574,13.99933220389173,3685.9466893207828
9197,3700.0812865327753,3705.124613013913,13.465583055337314,3710.391986582126
8765,3752.188872397782,3758.1097169957848,11.857054322281979,3764.247750713136
5936,3761.5065728436966,3767.176200244115,11.120865089343983,3773.0
10337,3789.9056161712224,3796.391705656008,11.76775162243014,3802.415611644115
6646,3859.7796662432766,3865.470332140295,12.216205954776838,3871.555409255142
8068,3948.2670673584926,3953.6080908254576,13.387626189265772,3958.7213729842456
6640,3954.091750468317,3959.0645674438647,13.44178583472396,3964.367211264363
12208,3957.6884304921005,3962.6311462119475,13.838029433120866,3967.7839473615636
14749,4029.3549904005317,4034.420059143025,14.0462732133997,4039.406553951314
15833,4056.8801997190753,4062.5890886321076,12.312223129414189,4067.9798680682143
15827,4097.282349626926,4103.381268612865,11.17149374282615,4109.2073375351565
8057,4188.949535783188,4194.59531949587,12.853311941841554,4200.0
5943,4190.9645258350165,4196.390147441871,12.517943010297255,4201.6796440707585
13565,4308.8220019007285,4315.2790439991995,9.678511903052875,4322.0
5959,4313.752127241136,4318.370285835343,14.154248721149559,4323.656981916542
15813,4360.938908882089,4366.578228034557,12.982232065934518,4371.883501276318
12874,4382.594987397112,4387.110968665583,15.191574862084083,4391.4566033865
15820,4435.460831644137,4440.4908229178,13.778707914295682,4445.365510991568
12883,4479.5537915649675,4485.2777021059555,12.106604206458236,4490.993609908074
14262,4483.533446896174,4488.484310366212,13.854710516317574,4493.652547265191
13574,4497.231906722894,4502.367692109307,13.283267520255789,4507.527304772833
15835,4519.560253324918,4524.502150554316,13.756023101176032,4529.390355952544
12138,4548.582545960072,4553.559936723771,15.535666530206157,4558.0
12820,4564.70423325291,4570.514874239863,11.860352274161688,4576.569002353396
13603,4649.453579596455,4656.11930711523,10.254137783544316,4663.0
12843,4667.038569882684,4672.57944653406,12.252877679047495,4678.250184000786
12899,4674.283421040024,4680.332485850509,10.427027208947115,4686.590584235499
14319,4731.093877250746,4736.5081372449595,11.847516225230862,4742.201831302999
14697,4732.921802045522,4738.283641984918,11.323056358827383,4743.883073409854
13552,4734.808105927194,4740.46100915745,12.084756735734146,4746.344746758253
8093,4736.777064371834,4742.2189287601395,11.507230545094574,4748.0
8063,4738.735631199453,4744.445313302901,11.638255617802335,4750.419935155088
15155,4748.54310618857,4755.066088434035,10.070686795341004,4761.993325656541
15818,4780.324521213716,4785.066456836641,14.783815273684988,4789.935889448052
8031,4782.366343745407,4787.437558427469,13.266598722372077,4792.703317946227
15836,4787.492776991102,4793.052760961087,12.344666546166145,4798.532025414133
14322,4818.864416171238,4824.300590275826,13.665496561987776,4829.294628433255
8069,4829.784314343385,4836.472204244478,10.102878093908089,4843.268949858906
5519,4831.784455705638,4838.397320850807,10.541505809181803,4845.0
12197,4857.014754204763,4863.041044523527,10.565708149566596,4869.547032243315
5568,4890.785820041582,4895.51637993099,14.28252338229716,4900.44302502916
13606,5013.853747135,5018.483546778551,14.336196976565825,5023.427875750736
15125,5054.913910629995,5060.005205168497,12.185781481050645,5065.449033167578
13598,5056.858338793656,5062.234433171864,12.067703882037915,5068.0
15151,5065.25224145455,5070.195047377521,13.483408016136577,5075.331330875823
13563,5094.3087630598375,5100.263969997238,10.95104292916721,5106.495283698086
14711,5133.2257262531475,5139.072142828191,11.985747293198658,5144.8391304243305
14293,5135.674614298922,5141.235625211632,12.448047560442042,5146.828121294204
11462,5178.657236525882,5184.306304200942,11.865665016776136,5189.8655709618315
12156,5196.241074384237,5202.072827800327,12.0810031914161,5207.9638846958815
11044,5217.305595280833,5222.434293360052,14.198336573586124,5227.3408695285925
11437,5288.141686202429,5293.3518499950505,13.029859007433533,5298.773154793653
12199,5297.9930302225475,5303.4581899359855,12.595360838840534,5309.0
11509,5335.537381585924,5340.555693852008,14.31157075843846,5345.485261678919
12879,5337.352925055983,5342.206027853147,13.543553458840432,5347.0
12127,5339.178779804513,5344.043198032614,13.725633609097132,5349.31412560434
12146,5354.854078518425,5360.538300042826,12.66588883004281,5365.896264715122
12149,5636.654395160875,5642.435762969404,10.701147216064943,5648.568454791976
14297,5750.225960743805,5756.198170262476,10.58704076373915,5762.520538950702
13616,5757.97768726638,5763.595049124592,12.803271456438365,5769.44533133791
12819,5835.885141347881,5841.50933041393,12.081674598970109,5847.231142609686
12825,5838.086615331847,5843.479060755714,12.6748206140352,5849.0
11485,5842.832898284094,5849.2193497720455,9.916130541137203,5856.0
13621,5847.42543645842,5852.075001457302,13.835931686468623,5857.596050135181
20206,5892.68560419757,5897.432545544445,14.01271528554034,5902.267821767312
19115,5992.757529780796,5998.401994503839,10.73893828442476,6004.224015323482
19068,5994.550247357628,6000.25312858538,11.631804855041192,6005.724494879596
11013,5996.480252049573,6002.426514617168,10.755375360420723,6008.640329848944
20237,6113.729416266203,6119.386344193167,12.190025580124152,6125.232269957039
20644,6128.316429805086,6133.164913062659,14.992999811546218,6137.916105827815
11510,6144.842969009561,6150.357530882797,12.386956978795489,6155.891369907449
11496,6146.766657606232,6152.262009707347,12.63341202514464,6157.872698583453
18323,6177.083192864093,6181.4656761881615,15.462533644128934,6186.0
20212,6179.050380361567,6184.174037784426,13.307158612263185,6189.410359425528
19775,6180.987498161012,6186.367595336436,12.10172691506638,6192.0
19132,6182.740287370045,6188.153784409703,12.143927843640741,6193.9322301917155
20223,6189.235005580329,6194.039830271179,14.15045529128234,6198.952750824034
12185,6203.400180997937,6209.107486825124,12.00978220540049,6215.22030793209
17621,6213.151422121899,6218.5368153968875,13.419767502260134,6223.510281501981
21341,6252.457077282107,6258.240116957132,11.807036780325452,6264.2749680715115
11010,6302.903473454621,6309.2502734129785,10.64083097388898,6315.8005956520965
12852,6379.0866033733255,6384.500728737796,12.567557880213396,6390.191643666285
14314,6403.145589395973,6408.154093317858,12.690357162512077,6413.453945031664
20628,6414.862433268842,6419.615811395605,13.724834900314555,6424.684166630951
18395,6489.658171489627,6495.164986543635,11.500021454182804,6501.0
19819,6594.865322828116,6601.248586104063,11.812327503857773,6607.334425363301
20648,6609.183201930057,6615.427561919027,9.830778848951272,6622.0
21334,6614.547156704576,6620.595594306707,12.689482683484654,6626.0
21336,6665.554352501644,6670.361794089596,14.589494972966506,6675.0
21342,6672.517790857847,6678.505546522952,11.875963704530438,6684.188541553252
11460,6695.394494256389,6701.400218519533,11.414208970403777,6707.3387429432
16935,6697.559661670905,6703.17164230155,11.466134409347006,6708.988165908081
11042,6728.02761917588,6733.241196453963,12.564914966654236,6738.605420245923
11031,6773.723792051669,6778.595017954826,14.744908863596729,6783.505772647601
19820,6782.955439856807,6788.30436548678,12.295633234761615,6794.0
16990,6784.711506938638,6790.0411392194055,11.995402127991266,6795.811344459408
21325,6790.161347209059,6796.260110848552,12.213194077219063,6802.0
20196,6836.842311046177,6841.412186882796,15.161433042123997,6846.0
19120,6896.760878673008,6901.193101637272,14.087817367891395,6905.926910664091
19073,6901.4268003488605,6906.391912847526,13.324215357368157,6911.661186641761
18353,6906.2406053366385,6911.232790483924,13.366417515870054,6916.361467383176
18307,6908.094046091253,6913.2800117797815,12.629422707699666,6918.671483763551
20230,6911.640984851861,6917.020695339743,12.228224600850984,6922.817153062672
19039,6918.737419481383,6924.303074705788,12.025781550359577,6930.0
19054,6920.57023839327,6926.068402592257,10.905220835834704,6931.586966558376
18345,6926.000689530336,6931.336687985125,12.697462797506132,6937.0
18407,6927.779764772689,6933.105712120097,12.532052624554757,6938.674182246352
19792,6979.024390930217,6984.334948924779,12.971119169127142,6989.447408751241
16988,6981.018194532226,6986.394125294875,12.186369550173827,6992.0
17020,6988.871305423916,6994.305497713512,12.028452726844748,7000.0
18401,7008.990557327585,7014.584854936549,12.565104576471585,7020.35033452897
19036,7010.8898153022865,7016.307982138621,11.840808165859013,7022.0
17690,7162.956205195045,7168.0127595198655,13.897722889914213,7173.0
13549,7166.903543056593,7172.168561820218,12.803413776361136,7177.732352329817
18338,7189.21823792683,7194.122921901672,13.613913712657517,7199.0
18327,7192.656067035769,7197.3360988717,13.644497054126447,7202.379658341309
13586,7198.102951205157,7202.467309058335,14.928067016180693,7207.248500561351
17639,7242.747471688228,7248.120060631035,12.039369284666636,7253.966528485783
18342,7248.6092593134845,7254.1445951591295,12.847563564060124,7259.688299630309
19781,7301.281263820543,7306.193675461766,13.847771435836831,7311.227685288161
17029,7303.253010868467,7309.34586281365,11.083737778189336,7315.985418146037
17672,7339.103661877072,7344.21521777701,15.166068486589134,7348.70155041861
17710,7346.345331878361,7352.066929653698,11.931115840184285,7358.0
20217,7348.973542904384,7355.0031026039005,10.390956321007517,7361.0
18367,7365.384035729417,7371.203526363583,11.516353597402961,7377.380822920593
11023,7376.69461137666,7382.032937598213,12.300341376548863,7387.6909485145525
19773,7387.054176305059,7392.554006178159,11.530580562704818,7398.206554594709
17716,7398.457878005397,7404.042699665688,14.659677388407111,7408.7083949994985
17670,7410.454624418036,7415.457121395126,14.63202539634144,7420.238580426363
18383,7499.728613528403,7505.286224982293,13.580027446679942,7510.432675129515
18337,7501.7522266344695,7507.470521722076,12.28224085370938,7513.23685055735
17647,7539.430722109726,7544.101031542783,14.713306589245567,7548.606285766496
20239,7541.304415662376,7546.41271087651,12.477691838677588,7551.886945386232
20219,7543.353154410075,7549.070818794032,11.275420849116033,7555.264947064308
19768,7643.573295489932,7649.507330858327,11.435454089597647,7655.654284047562
16532,7700.9700659852515,7706.026759982436,13.911661790881766,7711.15326436611
19811,7747.40045042077,7753.207662657296,10.534421964682219,7759.501586594961
19082,7795.386474843979,7800.377074498083,12.691035228947095,7805.763057869379
17644,7823.1187658791,7828.410663415279,12.633281433637555,7833.924859769917
16523,7923.03362363679,7929.112190230027,11.952314157552625,7934.792039238963
18314,8042.798011062976,8048.52096392512,12.489341371581734,8053.977238634186
19111,8058.913881411022,8064.598692189378,12.548212715645882,8070.381688344413
16943,8122.10066350802,8126.562552316302,14.508376633576912,8131.345697516406
17024,8240.805088942565,8246.049538535783,12.598316235060992,8251.45904989308
16500,8245.240070677995,8250.24891238051,14.129987282616414,8255.307723021187
17002,8287.66296905949,8293.132522422868,11.564207530379848,8298.93924914234
16933,8293.781672028566,8300.103557020428,11.906627823649876,8306.0
16954,8329.035167242917,8334.240863508896,14.336685840399051,8339.0
19085,8349.216566248644,8353.651406635996,15.76888981189181,8357.892542311833
16952,8355.218277632568,8361.360236515986,10.55957738325433,8367.942598006795
18326,8427.542164828854,8433.07037630233,12.584026094921576,8438.702088707143
16970,8447.585175694046,8453.167337446897,11.113573344414998,8459.0
18369,8449.387622431877,8455.050822874236,11.1720481929957,8460.925448941221
16956,8463.170806123147,8468.62472890736,13.789875688634423,8473.772946389237
16566,8525.360561000402,8530.437742835848,12.551727927369555,8535.778206281559
16985,8604.92107261733,8611.420743312789,10.461770875513368,8618.0
17634,8616.655438835276,8622.167450566554,12.10106277441192,8627.983949828062
16945,8825.485908046938,8830.388062210943,14.60011307089063,8834.933597430043
16555,8914.958182876317,8920.409539156506,12.831877716128995,8925.83481675456
19076,9138.689817968685,9144.084388387837,12.789157266989625,9149.517637022802
19093,9500.710549895135,9505.488896725792,14.121874198127635,9510.41647672448
