3832,229.91250695128696,235.35080634602735,12.837479964916453,239.6866212024061
4580,231.79784599559167,237.28228522161942,12.737919413019547,241.82902691102058
4597,236.0301379165664,241.54894649644794,11.361957290590095,246.36288218815875
4573,319.6885426768565,325.4077338789755,12.39711272359921,329.90915277645126
4581,361.6385324963415,366.63213399672924,13.692049344782092,406.4158858928618
5213,455.48859048685745,461.4415586762541,12.18365518299795,496.183704054777
5276,457.45528817049234,463.1565445835713,11.357938459812468,499.06702380722913
5266,459.41151692150595,465.0161866347454,11.739427817487671,501.33937882808164
4002,499.60160482122416,506.26505521313186,9.97848909257477,512.1048017670806
3786,501.77955256139006,508.17549397248644,9.347539088372294,514.0474262526491
4541,503.6192337079531,510.1694207757779,8.736507532527192,515.9360899840234
4252,505.5672812197657,512.1236384346965,9.649439329748388,517.8659006105964
4520,507.47565022826967,514.0669853855672,9.304862795675593,520.1835293695409
4202,509.3496922571727,516.0776960157654,9.222188983412284,522.9484493464654
3768,511.1269112985098,518.0763460151435,10.921152876247609,526.8871654892449
3835,514.8125590661055,520.114227196612,11.241470916850522,529.7663121259152
4578,542.7702223614199,548.5275396899294,13.88221617793834,591.4344005703726
4592,547.0812410651343,552.5569919940712,12.69361018466278,598.0967029187959
5200,548.9610664319454,554.414156458932,12.510892895025403,600.8519844925491
3343,635.2314811366468,640.3381517624589,13.807702176386341,676.1132503679386
4513,645.1622097030469,650.2130026789745,13.740930301550087,678.7262411081861
4586,679.8830804558352,685.505808856651,12.131318886432007,690.1976243421565
3808,769.611673311163,775.1128577306865,12.567027494720191,779.4908437148624
4200,771.7957183759149,778.1899040558566,10.368891507781273,783.3428690617465
4849,902.9540265187029,908.6664099103771,15.181810985634694,946.2400009583882
3431,907.517048702271,913.367267078964,11.206675814850975,951.6099353821756
5261,910.4811086572661,916.0803224129432,12.541650169591689,953.7434928457699
3430,912.6467905237654,918.049885519411,11.41844893663648,955.8826355866422
4859,958.167529109711,969.4733423922204,10.28289776239248,974.9662473979895
5279,963.656894082071,973.5300291113629,12.064126670040828,978.8321157975305
4233,967.0670829262048,975.4433502571658,10.451518984733637,980.7600224435947
4941,969.813375131926,977.3426027184519,12.440506803561437,982.641338179834
4899,972.226323163882,979.1574125540008,12.10185603928466,1036.321834666214
4264,1043.9006534664484,1050.1461837640209,10.857909466919825,1055.5311971052868
3387,1045.7450737755498,1052.0344056007546,9.899431950811644,1057.5173583378821
4183,1063.1255087654788,1069.5085247334023,11.025366232616992,1126.2809880702266
4540,1065.07880938187,1071.3580783586497,11.238180502328348,1129.350439190868
4255,1066.9884214215463,1073.2620368019577,8.309673480247065,1131.8726666330338
5283,1073.5267772404088,1079.2966021529735,12.086997851140577,1136.249239629551
3831,1130.6341650856857,1136.4518575020286,11.688595774027835,1141.165339924169
3776,1132.5445206838365,1138.2079368520483,12.16067820573184,1142.9028896431942
3821,1141.7862088406287,1147.191145844142,12.836653888714913,1151.657873635256
2902,1148.6315203901497,1154.2510182000442,11.614554939379678,1226.3468786342974
2949,1150.3737234613598,1156.0392621664216,11.15637739209215,1228.2633924594295
4245,1154.5963072453137,1159.3721050144395,12.636098166394966,1230.6226705814013
4220,1222.1524078213547,1227.5455731048642,12.061581622823354,1232.7304911253307
4179,1355.4514925554222,1361.3633983022305,11.610233491254201,1399.122635381488
4856,1359.7872710944687,1365.190927687143,12.449811157415523,1401.8637059576674
3836,1402.211598624584,1408.113253598199,11.688425685162265,1412.9893961075031
3338,1535.085244268092,1541.1730189279453,11.564973905522757,1578.867026689087
3349,1537.0039555601481,1543.0056405775256,12.54143924003551,1580.9788962050638
5207,1541.612073054272,1547.4444142503917,11.264760266650978,1585.227727112515
5234,1544.1876681687493,1550.4029821894953,9.94459853501957,1587.4295114051422
159,1562.5369290359483,1568.2463764058728,7.349269446844573,1589.3616096024452
3830,1582.3328505632046,1589.0597957270222,9.084906699849068,1597.029435480761
4558,1584.2825016639647,1591.1433684254512,8.501734960394073,1601.271807383289
4526,1585.941614625302,1593.1526035733798,8.925644119592821,1605.1134715078979
4553,1587.7986719205537,1595.1381224789363,10.471922690074832,1612.6414691170548
5225,1589.7344143871178,1597.1415126852394,9.640585349744553,1667.161735076933
4587,1592.0547938862132,1599.2159361454524,8.728266024670488,1670.7652344865146
3452,1627.1126283190792,1632.1903745755926,13.336865215509281,1675.6075526248371
4591,1652.5087935161694,1686.0229122786018,10.019328162523305,1693.816346568284
3359,1704.8939300715247,1772.136394749146,9.042435236413628,1777.2842659567216
3345,1760.053073412535,1774.113496482083,10.985237584201252,1779.096420188792
3772,1765.7978709362972,1776.158088349661,10.739992126215885,1780.9846696862178
3810,1767.9328097926516,1778.2378598835455,12.326750358587596,1782.8947507909184
4188,1850.1493315572784,1855.571656458084,13.250313645982178,1859.8674505094696
4550,1851.945890451429,1857.3307683598543,13.625947167535037,1861.6188824189537
3773,1853.8528365411719,1859.1360866980456,13.067046070945457,1863.5195257146636
5237,1983.0503825574415,1989.2029716149884,12.496439440900128,2031.365017520033
5222,1985.3971018412917,1991.335531907215,12.330532480832394,2037.942373515995
4523,2016.8688213048908,2023.0564209982824,10.791121704315229,2040.359831986824
5650,2103.8094857735796,2108.5033784228317,14.82983021050046,2116.433648448667
3365,2119.682499717262,2125.4983769173014,11.510026049823063,2130.2350652010377
4926,2307.183515354403,2313.0872362448736,11.289652871740678,2318.014884630458
10008,2309.2054023083165,2315.505569406458,10.540763736901066,2320.8898921900786
9307,2311.2487332186042,2317.390507638304,10.417276914345159,2322.798443899256
8868,2399.184715785274,2405.4861380404245,10.974206985373982,2410.757731515673
8860,2436.2668334322766,2441.078406939166,15.814037556444651,2476.1004554432166
10019,2440.0900334260336,2446.283896024082,12.23601592063622,2478.5458406661483
8960,2442.2020570432464,2448.535306824355,11.676018724065235,2480.6810133510116
8923,2447.7499927553163,2453.3108887180897,13.148380843495424,2482.828700389157
8925,2449.763760265216,2455.0826442476696,11.905956185532668,2485.1319073501827
2916,2459.2955881246917,2487.013140987579,5.736255938402247,2492.872163881473
8880,2479.9506188113683,2494.058063297852,10.711731419735992,2498.521602370746
9672,2481.9377476052737,2496.0103064363593,11.327022106946416,2500.34894588814
10729,2490.136960013255,2501.5392682054053,12.076123787237817,2506.108030958447
5252,2492.9517470236506,2503.3263803967643,12.584018307942854,2507.8764025379455
7726,2497.2394130508583,2505.0147119842877,11.433876103829562,2509.53338864811
10037,2500.1291710979926,2507.3431750816235,10.625152739726746,2512.616360250119
9311,2507.057944230208,2512.287602973956,12.581547238256189,2571.308562583344
10718,2516.7590821110084,2521.4377544212125,14.278153024458529,2576.370351061004
2898,2522.8947010742545,2529.503244617609,10.89596524204754,2578.6875132016535
9498,2525.182129070105,2531.347418371101,10.889107430153704,2580.5291299124897
5221,2527.34007890544,2533.2725876069608,9.78691805547801,2582.508081426559
9695,2574.1338155714243,2589.4438351894364,9.276704947935853,2595.0495323327946
10066,2576.0017207144388,2591.318351423792,10.654947576038815,2596.9540137436243
9495,2578.0573752796086,2593.2962659893838,10.710468505979911,2598.766078769243
10044,2580.19167025308,2595.309502613155,10.568395772666664,2600.8952545983484
9746,2582.4190878473933,2597.2288898260317,10.607993082484562,2602.8067039902503
9677,2660.0775001751445,2665.4759033041073,12.974070988716884,2670.0187158283
9722,2663.96564881301,2670.378219049866,10.935411238457544,2675.908117674534
2985,2665.93045299974,2672.275436686248,10.24882141680957,2677.8550280019185
10041,2671.70117958053,2678.171080941935,11.167715929596735,2683.508210582147
9713,2751.772532107214,2757.457787002204,11.95438632025387,2762.281396925596
9688,2839.7177224182938,2845.2988552014913,12.737254165781561,2849.8345128899164
8892,2845.507512016158,2850.1973245194777,15.03147802242508,2854.319309196217
9295,2857.440182240903,2862.579923326936,13.710907053096571,2867.2991316435055
10398,2860.7373846657765,2865.261401044074,15.509724160552718,2870.860966293326
9711,2862.5586955851795,2868.021561872425,12.249026964227829,2926.0864419729455
8425,2891.13442482413,2896.1091475871654,14.500349871580955,2928.7154696030984
9682,2931.55090094429,2936.610347028405,13.599259668211715,2940.950472842613
9266,2933.8847748938424,2939.4804479394115,11.365252892404314,2944.474432395689
9273,2935.848230102772,2941.311615669155,11.948352308158281,2947.328191415839
9759,2937.7088010955463,2943.2588643558943,12.419188853885055,2949.8429518714624
8219,2992.2707801999436,2999.0053468585847,10.116200102709003,3021.3854813765156
9497,3022.095304020795,3028.437563952414,10.404635805283386,3033.9217672983145
9689,3024.13973789065,3030.360861661107,9.812692909723472,3035.8930241675494
10069,3026.052954623618,3032.3945760611487,10.522019518513703,3037.7722871379847
9277,3027.9977661554312,3034.298255479778,11.63478138985603,3039.7774543271116
9685,3062.9732822187093,3069.4019017868995,11.434915073862728,3106.1304942436077
10023,3065.548286706124,3071.4194071000393,11.172726035073254,3110.2088363636594
8136,3152.9896177241144,3158.4669483584794,15.326600567548883,3201.428035294051
8220,3155.40981613591,3161.3575603408294,12.092583511233325,3204.402532096494
8144,3159.5257769824675,3165.511165163356,11.849905928462658,3208.9791937741547
10710,3161.3671643880484,3167.3548973923444,10.213813220103809,3211.61163697123
9681,3163.221785168007,3169.3653094574393,8.619297364333383,3214.5065986943464
9699,3242.8396408054177,3249.234420342399,6.876355892354572,3306.8620722786377
10046,3333.1543341954316,3338.6583053311465,15.114218932754751,3384.1747364680377
10092,3385.0844804990747,3390.593160546553,13.452346737754565,3396.327068143977
10739,3396.2441120922986,3402.0730354937846,12.035288963723533,3413.528221047542
10045,3478.3792328645154,3483.219356369157,15.551401907333391,3487.9442895049447
8414,3492.5289531539474,3498.043238729372,13.292819419604115,3502.589191243919
9666,3498.3327969329807,3503.1432945456095,15.127054474121046,3556.7037217907086
10080,3504.888490466947,3510.4300155944743,11.736619013368843,3563.3910021195497
10714,3511.0464138350835,3516.1870159831797,14.582024450248412,3569.6337648007716
10387,3559.4660256906127,3565.1291646082464,11.810117548545598,3575.5589460466804
8436,3561.235697794437,3567.372702937639,10.87331425511293,3584.0297781311315
10067,3563.4124787338683,3569.286679820938,11.92551817650092,3587.4320737628527
10745,3565.432681146426,3571.158052926087,11.173095582362064,3590.1016409856607
10013,3567.820834360426,3573.2242524891976,8.101793707529936,3593.2548022289157
9657,3832.201845072951,3838.5060756643493,11.1545442620914,3843.7883242278813
9274,3834.1236570746896,3840.459765930955,11.109303624369664,3845.7343557777344
9712,3836.1305734393068,3842.3743189536267,11.163101757480609,3847.6234113971586
14764,3921.677451568003,3927.2573455900115,12.433120281751187,3931.822729482141
9287,3963.1051153252347,3969.3698408184146,11.9911620203093,4011.172719169571
10405,3965.263710401901,3971.342905866241,10.961976735512955,4014.1706674734837
10776,3967.1166786576705,3973.2125283209584,10.842061872950776,4016.4257249593684
10374,3969.2671946661367,3975.137867519626,11.543767410040143,4018.497325741035
10384,3971.6709163878345,3977.1485339442693,9.94563618320176,4020.557108034881
14368,4009.930082932096,4029.0232633202822,9.916833177904664,4035.646197495465
15247,4033.419556157928,4041.1537599216635,6.744990999673856,4112.150361794181
9745,4067.0168173041748,4073.170900821978,7.0575195625382126,4210.160072204721
9687,4143.131677337271,4223.038952812078,7.493627051133245,4286.550390044201
11101,4240.052652950856,4290.166522208314,7.192593363770506,4296.192870934164
14824,4283.174252914835,4292.414851967401,8.91028608652067,4298.325624089126
14825,4285.23608519149,4294.399088354807,9.868826293544966,4300.372298588207
10361,4302.131005853685,4308.445985402236,10.593697536756444,4313.755116244166
14817,4303.993723332399,4310.327486946605,10.835826315548672,4366.224101033997
14769,4309.687228951312,4316.2382825463055,10.703309960943898,4371.473234555508
14416,4515.909665390934,4522.446251175194,10.40290829372066,4558.214112286982
7786,4530.268354473719,4562.181016394639,8.290659002185004,4567.974044641424
14785,4549.834015460521,4564.2306470053045,9.490205922131924,4569.943913288316
10726,4551.828337157656,4566.16850743576,10.575280318425031,4571.871812502581
15574,4553.888116848599,4568.110527223775,10.073810094349867,4573.912783456981
15589,4556.080403867566,4570.144079716306,9.54999273065203,4575.99088007256
15517,4558.47872561457,4572.1604546575545,8.974080092050645,4580.940977063878
10733,4562.372390094459,4574.190991536123,8.92345508331006,4636.077160853598
15520,4567.808099609719,4576.20393192879,9.148551003296689,4639.68124734799
15562,4570.431158493695,4578.116301953111,9.685323725830058,4642.102516475459
10717,4572.812566347222,4580.088993909014,10.574915965724909,4644.72487619593
15522,4647.980408248043,4663.04445439423,9.710315741397347,4668.863449311201
15572,4651.367463670257,4665.060829193924,10.82749689338163,4670.956694279394
15224,4658.225255313139,4667.044779042431,8.27086242617077,4672.855890527115
15182,4683.188516484616,4689.213707268912,13.268635143073755,4731.233523797102
15596,4820.423291412539,4826.172223178704,11.340876605787102,4830.964517713181
16235,4822.363622631733,4828.019697615752,12.40727462831304,4832.7684308375665
15261,4824.190026951086,4830.293018075267,11.559161563798371,4835.282114364098
15254,4826.025362954551,4832.122390776749,11.558952903034866,4837.040713092252
15198,4829.7285333441605,4835.024381847947,12.774945980198328,4839.41627920875
16247,4872.600515177618,4878.193354192765,11.445220913118538,4906.258771049668
15895,4885.052441977777,4891.328347739903,11.557864838432378,4909.098863410939
16237,4886.953150732729,4893.256631791431,10.577459555782319,4911.245095151322
15524,4895.746180185009,4903.0113803537915,5.085695785411579,4919.717950084027
15533,4918.466361453715,4924.488478311914,11.649355139238887,4929.3018554003775
15191,4924.434527507315,4929.5071897539565,15.080174232983756,4933.435094450395
15243,4937.054830445346,4943.497888125276,10.017441771174928,5001.47672034161
15214,4938.888538180615,4945.399544701951,10.480565496821772,5003.785662564249
10758,4940.830296689091,4947.286068340469,11.110806283937293,5006.033478321395
15554,4942.715451147169,4949.199139390415,6.6303647185395,5007.904045752892
10752,4953.105213702814,4959.146006539853,6.718016962946602,5009.765473379841
16238,4982.073844386512,5010.105600053375,8.487397652971305,5016.028247430525
16243,4983.962811527728,5012.228518275643,10.23396623691823,5019.886480534026
15530,4985.764572220954,5014.2619659254215,10.915250152185193,5025.054353418049
15159,4988.516858070659,5016.280981343395,10.750046125241571,5028.968022163459
15597,5002.108771171501,5020.452930704299,9.996118108907579,5033.341431120663
8216,5061.533432175774,5099.211400060048,8.370687089715593,5104.5443784661165
16223,5070.241092333606,5105.546953145189,12.470859513236949,5113.891891878949
15893,5072.038619905666,5107.540896426392,12.947327279373608,5115.993224436775
15001,5091.8183795913055,5111.454827654338,10.041828704471738,5120.333728718536
16218,5165.557912178341,5171.043863401429,11.978521320625164,5181.481207549475
15565,5191.431946887625,5197.093656759494,11.657498458407671,5201.799283711793
14380,5298.837619212526,5303.586556031211,13.820204084859451,5361.315844540646
15566,5403.329170195318,5410.31284657332,10.161591387785997,5446.24624822455
15234,5405.676112942752,5412.319417530713,9.37993619030052,5448.985386138744
15578,5407.86697515761,5414.300196572861,10.563583301594623,5452.24650082409
15558,5409.806412553342,5416.153153040317,9.610001035249107,5454.652017695773
14803,5482.677721712713,5488.42130154528,10.852619857708042,5544.788999857792
14816,5539.943455522199,5545.548918527395,11.857563383183955,5553.494044894944
15232,5554.845367071913,5560.292471921472,12.838105903550892,5565.141435768035
16254,5562.814518493063,5568.47273591745,12.724371332191922,5573.070202790006
20287,5576.952504405543,5582.406243691582,13.076072492396852,5628.75250202607
15212,5629.686830956572,5635.537677617205,11.36586341083021,5640.63079366211
15181,5635.7618377553445,5641.13973832214,14.561428336913952,5645.007544447263
15582,5642.703340731883,5648.542385790437,11.6510029652926,5653.451598169787
16236,5644.5981974362685,5650.396540696998,11.232411136115344,5655.367176018581
15509,5646.458913675173,5652.196178547334,11.725984364140755,5657.244947874508
15577,5648.558365834802,5655.20985097186,9.591689292461389,5660.839270042853
14795,5810.110503040777,5816.39251002054,11.713465660071186,5821.360677081816
15203,5820.138643102682,5826.234639953107,11.70548956150048,5831.319636641614
15206,5844.184628218631,5850.007061055122,11.959496275576907,5899.034272459843
20279,5901.9696097587885,5908.3882367346705,10.964621173382483,5913.734955480849
16268,5904.290196848799,5910.290415150514,10.911994042779831,5915.658409068615
20751,5906.292351530731,5912.193973827979,10.608854715956134,5917.5046013939655
20068,6037.579810254262,6044.355310690592,10.31699621279584,6081.51245602984
13731,6039.4668073808425,6046.29197268382,10.602438114392973,6083.628550328894
21028,6051.324845897815,6056.556722436804,13.264067353326286,6085.654214616695
16690,6058.680313721894,6064.4086127679875,11.295426378686493,6087.542013830227
15193,6079.564222618154,6085.457492716919,11.254783595665698,6090.4882195041955
20757,6081.431065882197,6087.36035393748,11.27244327480581,6092.2935638336785
16283,6112.646087950477,6118.443663378656,12.486173161638455,6170.876540508196
19447,6114.578560959664,6120.231025217654,11.125176921410787,6173.298001160376
16224,6129.851034057797,6136.017530126471,9.284779796433124,6177.437394190266
19855,6148.840689269565,6179.2038674620435,6.704491616317595,6185.097259421512
15908,6175.92765045099,6187.4128231801915,11.44830012513116,6192.769089800852
13967,6177.863003400953,6189.35452649424,9.374169194099316,6346.404309295522
13716,6179.949750500225,6191.3325367996,10.32935173412431,6351.183139119252
13722,6184.675153655776,6193.255921711337,11.886866330111042,6353.951395747184
20325,6190.617293157264,6196.091953532623,13.15276462046307,6356.867413964844
20316,6196.389811891716,6201.583671604947,13.374027072500184,6360.55760672715
20329,6198.285817484761,6204.351693274322,10.05685512344142,6364.5853004075625
21059,6602.848382122579,6608.609042152476,13.22638699729467,6616.077737217267
16230,6620.042325181109,6625.536125437439,12.420770605663712,6629.983440333676
20285,6628.430445247601,6635.082988962532,10.346292464222396,6640.484806479653
20500,6630.3990292775525,6637.006590399395,10.78533717701655,6642.381314163599
19889,6642.096241475039,6648.5025226481785,10.979803666155512,6710.947396191634
14575,6643.922258738919,6650.345887168926,11.065763808083261,6713.820943635557
20733,6645.904219754036,6652.278604476776,9.970711333990508,6716.190359673199
21083,6647.8022530739245,6654.2204039122,8.925695304562193,6718.421386737071
20725,6649.722179459669,6656.253790425094,9.880130181816144,6720.5193725422105
21069,6651.6651211953,6658.183753916275,8.341235033284057,6722.685511154282
20295,6719.984938253676,6735.108200577574,9.620262308914617,6741.055505101408
20696,6722.210098255718,6737.051098961051,9.185580119626398,6742.865700500024
20663,6726.249281534011,6739.122376006372,9.767482090670118,6796.122041674725
20274,6732.399019690988,6741.097547986218,10.261034542547037,6800.0142044518325
16595,6755.079993293325,6760.569121703586,11.798651564200197,6809.431872513616
20510,6802.2336350965315,6807.221884085306,10.165871175371018,6813.503431965159
20692,6804.195901568483,6809.554008510118,11.42048009102513,6815.387746423337
20758,6805.8239669908035,6811.380763519223,9.573962740992854,6817.252740135165
21019,6927.465685947266,6932.3138766749,14.27806148384538,6976.223846305788
20273,6936.797731492159,6942.203582186024,11.953101442769588,6983.849290553574
19845,6938.636082251536,6945.278603358232,9.488668066577365,6986.242856926881
21011,6947.484014694663,6954.2891922406625,7.176435807239233,6992.182888217392
16820,6963.61450749463,7001.155926053107,7.183230523496265,7094.06837913849
21075,7002.828759159487,7098.156159910996,7.284846523990221,7274.553740580265
20354,7005.552046842977,7100.345576735499,8.834020242972212,7276.98797689112
20277,7007.737591205769,7102.347569431924,9.827269491184987,7279.117103842324
19876,7009.852755604227,7104.354858338412,9.187136488568418,7281.103040752543
21781,7108.468610158651,7287.164651047094,9.118515784024884,7606.520022857182
21760,8106.49158424275,8111.511072156129,13.947652780020167,8146.226691928259
21375,8161.782738578847,8167.5142790103055,12.33925906457282,8328.753651152587
21404,8166.290184136823,8172.474321743004,10.067770542745942,8331.140032892015
21383,8172.679729633399,8178.009524973367,5.903832363696175,8333.292768797206
20718,8242.362752073768,8341.271237499284,8.516969824021457,8347.382905807497
21430,8244.528369849966,8343.44068722303,9.198823003314496,8349.48783968813
21060,8346.979130153117,8353.457442478413,12.090416041070656,8358.710055101415
13948,8350.744391035876,8357.497525857865,10.787780964671537,8363.132422043895
18771,8404.052544480759,8410.093898160329,13.412449867461705,8418.87069894329
