1973,95.56620753446528,100.38516693258374,10.698220256347998,136.4353591658367
2114,162.48157583640673,166.09869811058843,14.4853047559846,171.9416743000237
2675,164.38812884152998,168.0192525706499,14.612268076352484,226.67085774643476
2077,168.16650412359186,172.06939551064585,12.373878902253237,229.31075999036955
2011,172.18518908445625,176.4163139374315,12.780114821787114,233.79359762601212
2966,236.70767527471537,241.03259684025883,11.891773755666454,248.0355595860209
2803,277.46224725010893,281.4087220886093,12.927111046362239,324.1952134529733
2246,335.0961930028033,339.30648883137076,11.887418518734922,346.4215107453574
2173,338.28083717159,342.4907239683677,12.356745019111324,349.41653657768677
2714,341.3124915995029,345.43418209244965,12.204064041519326,352.29054047099714
2941,346.4627295756094,351.10038786344586,11.252517932890855,406.3290570234981
2705,348.5190527655761,353.2098355514199,10.920251629594372,409.303923002239
2911,350.3890767369876,355.15372385781245,10.09524134636669,411.4993279703402
2963,352.24743464897375,357.06543688881897,12.010134902871973,413.54631439361344
1998,395.65500066016733,400.40049528202684,11.506862503805337,417.45861597650753
4861,397.6695655460884,402.19014058766663,10.51250340843035,419.35348018858184
2829,399.52713405385697,404.0480913495093,10.08112630751005,421.1821074597094
4973,411.97905231537453,416.3772529618503,9.896713483106625,424.6167951850704
2248,442.2425797899422,445.5393178785995,16.27996402874921,496.39757279204855
2112,455.48423705232153,459.0928107171587,15.591057013891549,498.9298438927719
1913,460.23517487213,464.11966024465085,15.058962479231967,501.5763976654349
2084,463.9509508271428,468.50321825981194,10.832536495913518,506.1375204413178
2069,517.0546501270823,520.5746313718878,14.171832486013788,526.3888747470687
2045,523.5238634685899,527.4882861282128,13.454678164367333,586.7078086204502
2938,529.3060141912814,534.1767601919857,9.951031995707517,589.2251048231319
2912,535.7786179490046,540.2570336218055,11.495756857828777,593.391587868683
2677,537.6089342577054,542.0476672276365,10.62012005265117,595.6049955802177
2199,555.8430476601127,560.2500042812773,11.80904598878243,599.579240537673
2704,635.2446255436448,639.4121926744613,11.897809557883585,676.3878617716939
2715,644.4398354320846,648.4349362148818,11.609886718919256,681.7928728000554
2953,646.1555341184754,650.3437910830747,11.299565823560277,683.8516358507649
2210,680.3502509684027,684.4924035189703,12.625809697134766,691.3221950482563
2727,700.3618168700222,704.4873268125707,12.832360224096991,711.3133897761725
2943,704.6490785729814,709.1581598113293,11.116969886834788,766.4168948593176
2712,709.7912869653819,714.0960642292571,12.482732705212914,769.0708574851267
2696,716.7468862798358,721.5220778910456,11.480566780548468,774.0292641361351
2219,731.46758277936,736.0206572619894,11.532947290660012,776.0876077602849
2773,757.5165981253034,761.4730468245325,14.801991900601017,777.9076190794051
2230,762.8272988576316,767.175094149398,11.426027629047294,781.649818262597
2958,766.4275311494316,770.5530771958286,12.601377781620318,783.483771473088
1919,782.9759536543158,787.1682829043101,12.648619846173759,794.1305876360263
1989,822.9100746787985,827.140986545011,12.405063136846968,861.8094335947995
1988,825.2112876342985,829.5686219775461,12.150732442594068,864.0907066001419
2021,827.0897674153772,831.3487332064644,12.459135098820834,866.0438349281156
1911,828.8823291953154,833.1477906314418,11.451635263603599,867.8672263116449
2207,840.0302600916148,844.2051969213128,14.581142760052105,869.6419157950395
2003,842.0203026801443,846.0594009787492,12.385258656420781,871.5225632875572
2216,849.885046934613,854.2099097494378,11.12450009345106,873.3511455242408
2240,874.7741785040057,879.4326736424357,10.538407665767867,887.1325088026642
2209,877.7823619749497,882.462512606856,10.472145260469874,890.2055383758748
1912,882.4438390444514,887.0547587552779,10.386745647293937,946.49688109217
4931,885.9093251190965,892.0774608269178,8.682541741586313,949.1817637650656
4905,887.9719281036911,894.1236179517626,9.13717539811124,951.2505812326297
2933,890.9239977067274,896.2160503632342,9.272240039233456,953.3045207741839
2951,893.2826587973,898.295744014772,8.228354378926435,955.5404906699329
2167,944.4777428236581,965.147237674128,8.406572224331809,974.3430028347138
2910,954.441127070465,967.1985128183939,8.162795421921922,976.441600882935
2171,957.1269878668113,969.1377883419232,9.08784398510015,978.4946028667708
2201,968.2551980015687,972.2753760665746,13.389586635134828,980.4860744263764
1968,1115.2698022764155,1119.5511133168789,11.478236421992378,1126.5547477351279
1939,1117.0966571038778,1121.3761304437094,11.557217401643516,1128.3099825311683
1925,1119.0112621177561,1123.2046202841884,10.835192235816052,1130.1145928112455
2200,1120.8494609446452,1125.15831842381,12.227628474685241,1131.9436433252938
1439,1154.4130804979002,1159.3452615921196,10.020767023344254,1216.7221341588959
2015,1175.6187956072795,1180.1501000888663,11.396305148220108,1219.2499766600286
2709,1177.4323720895043,1182.1320843211124,10.374382952901712,1221.9472232849937
2691,1179.3607757542923,1184.0249297486816,11.180432743523172,1223.9827412033205
1952,1185.4349252007903,1190.1436896794698,10.391018456451793,1230.1952185684145
2252,1187.2816466351824,1192.078566182978,9.806128323008602,1231.9861480232903
1498,1213.920322142913,1219.0187728235999,9.444794826093029,1234.1812540101962
2195,1222.5021999585183,1226.2922351432967,9.996177504061075,1236.092652247558
1951,1237.5976229412674,1242.0164167350445,11.859157065081206,1249.3426118447023
1920,1295.2210217868198,1299.2682967156884,13.228510557013095,1306.1202156010704
4873,1301.0550635454188,1305.1258151682744,13.109744462970582,1311.5767959532418
5020,1361.890640430189,1366.3670505323248,11.368251074257516,1411.5977918556853
2221,1363.7726658340491,1369.127679231286,9.137878640943889,1413.6624658357782
2719,1365.811789469215,1371.1077706167205,10.318890223425672,1415.6196531963449
2723,1367.7997522204125,1373.0720785146536,9.212658714433848,1417.7082687643476
2753,1419.1699969594329,1423.1437913254067,12.75919701203916,1429.5881933435187
2242,1423.947792133685,1428.2772280790614,11.683700958269183,1486.5486776435775
2178,1426.781451849313,1431.345797414442,10.962485071571127,1495.2097734577935
1993,1431.4522357691892,1435.2075900090429,14.771209381708791,1497.9303621430784
2908,1433.187386400967,1437.4493852422547,12.077237429382343,1500.2911352545668
2729,1438.48607125027,1442.4885821409862,13.126922922216037,1502.3961143636284
2702,1476.8572929066154,1482.3056478876524,9.148639004376369,1506.2851884469007
1960,1478.82073381678,1484.2669324796177,9.35382611244053,1508.1923355829877
2004,1480.8955560993832,1486.2149798313812,8.822638134394891,1510.1323774810573
2925,1482.8150912520234,1488.2990192771972,7.7378889290821355,1512.0358354063305
1462,1506.3856704698387,1513.1665384865946,7.539747842142284,1521.479914931387
2214,1517.3141261783462,1521.4242271335625,12.005443879782312,1581.8748685851192
2235,1523.1867505284454,1527.2436372597474,11.90888480014077,1584.129967289021
2191,1535.4599085935354,1539.3186398008058,14.132916171135594,1586.0025678342536
2189,1538.1288236129951,1542.1213003872708,13.134828645240523,1588.0312563245127
2648,1548.3931642603702,1553.1638406553593,10.774804043299426,1592.1305460012209
4914,1597.7102224778278,1602.0002592665892,13.140893985634788,1608.6051776617753
2215,1604.229368492796,1608.2373540591145,12.462740408409596,1666.2923805907376
2193,1609.949505087251,1614.3085372131861,11.698713776209898,1669.165034930849
2680,1612.0055545749883,1616.1174891286062,13.490879659099367,1671.1940022877814
2965,1613.9429716412312,1618.4447556813998,10.84536864948746,1673.2066781073045
2676,1615.9177266853378,1620.3713954090035,11.24726494794548,1675.5909111670321
2233,1658.9262410740962,1663.0680110238875,12.442002683649948,1677.6582236094673
1946,1665.3700416549666,1669.2650589303457,13.993078631207846,1679.4329596224957
1995,1669.6867449054807,1674.2033839183616,11.91119765078244,1681.5645189656054
2009,1721.4157948593004,1726.2738227747138,10.879097443458196,1763.8487678267516
1956,1723.6484170031881,1728.1901770655475,10.603693047180409,1765.7688661535735
1994,1725.5901535127075,1730.0505017648263,11.687107151609382,1767.797058079817
4930,1775.414297550431,1779.498605737887,13.757406759583574,1785.6995171508179
2713,1778.1820158335856,1782.1816815525128,14.331646960575751,1788.236888185847
2652,1780.6280483768385,1785.0822478629964,11.311423852173373,1792.3712861912502
1940,1835.4549472514032,1839.4038718809616,13.612975421285299,1851.5668328426439
2218,1837.4584410658313,1842.2514643264462,10.945797601658523,1853.8447319981153
2733,1897.5085027593393,1901.541254873925,12.215683393624962,1939.3050315539936
2686,1899.2979937617604,1903.3399554645819,12.490370508618772,1941.6700851551745
7739,1957.4822388055595,1961.5646126679649,12.773351591884586,1968.2556842261986
7449,1959.3937363681252,1963.3454619717597,12.067156879064523,1969.9267157327238
7597,1961.1402896182256,1965.1821305142007,11.862798955762981,1972.3085144395645
2730,1972.3556348564382,1976.238428574732,12.843129295335338,2029.0922652162687
7686,2022.6332755351334,2026.4853600162455,13.471400593573263,2035.1289408288144
8231,2077.450008666192,2082.193202087247,10.419576768026191,2121.6270938651855
8143,2079.5583071594588,2084.180198728365,9.573241851589044,2123.617689427155
2000,2081.2967587995736,2086.100378689606,11.400214475257599,2125.5204263860105
7741,2088.8063659942113,2093.1924768772374,12.45320210633431,2127.3729216392626
6936,2106.439745387735,2111.17317890996,9.687835464232958,2133.750331752432
7692,2108.494101527261,2113.2708405228955,7.935763523670985,2135.9689495756706
7693,2135.2641702124583,2139.182963832648,13.664441303958162,2145.3806018160262
1941,2137.960680547439,2142.139971261452,12.820357052307253,2149.0090481987404
8172,2148.395375236916,2152.408134323388,13.568346152445407,2209.3037391389225
8255,2154.0396749836555,2159.1077724499946,10.667625923348613,2211.6507080681868
7412,2198.2366514157166,2202.1011998897693,12.524581964975834,2215.554904375295
4911,2205.2055639686264,2209.5617262641945,11.519019623421022,2221.2622523633127
7483,2257.985186982409,2262.0013408995114,13.31029100513921,2296.5883498095513
8396,2261.768280378611,2265.5861319827295,13.166090433104724,2301.3494373718363
6992,2283.814456231576,2288.5084199463786,10.941834208127544,2315.3834996626333
7706,2315.2714398837006,2320.1908576869105,10.407675182888992,2328.221058473575
8247,2317.797375022165,2322.254464731014,10.614712173073821,2330.1011282389536
7452,2331.7843430320786,2336.0141572809753,11.501476843565335,2391.6888847512064
7742,2349.6870862468495,2354.3696066388698,10.70210165306343,2396.638624252595
6976,2353.660337237055,2357.341314417563,14.697359696427432,2398.919179486977
7845,2404.0794216018244,2408.5252220785947,11.746307088017645,2415.76203131014
7018,2407.0644931886686,2411.5561802821285,13.798622009690352,2417.939482907893
7059,2417.3638141738656,2422.357371572171,10.97777637881222,2478.9267827168205
7920,2425.0574944259324,2429.429997148623,10.293828144880239,2489.0234696476255
7135,2433.6704289317154,2438.0178601759203,14.192499743145449,2491.1024032230484
7484,2498.3897946849283,2502.489151704144,12.386243757962118,2509.060044739736
7663,2505.877337764932,2509.595753183144,14.876786476083794,2566.405444743731
7674,2509.3586479126475,2513.3912545048556,12.145037997738573,2569.113537178007
8460,2517.6061842633576,2522.1346492322864,12.544858706765215,2571.2305703382804
8184,2554.9782743687956,2558.6484093024005,14.428423538025566,2575.125429905592
8166,2558.365824826789,2562.1859033808914,14.065353861971666,2576.8898714223765
8137,2565.1924156279256,2569.555341275589,11.347379964090717,2582.8446166217254
7728,2576.5881239512137,2582.2105958544807,8.821311320802677,2590.0709482738284
7411,2615.4509777100207,2619.3416566604446,14.505188455898244,2656.7840825625244
8398,2628.7046081132394,2632.5182544651097,12.635128971910717,2668.292330506531
8200,2636.2862835018227,2640.50618791295,11.093769361487565,2673.82103218793
7670,2674.873896789557,2679.4507280363696,11.036518012806958,2687.0118698204324
10721,2678.2067387018465,2682.2517887268277,13.266031790748368,2746.3211557901786
10396,2680.0999247293657,2684.3600015674238,12.203370441982457,2748.7891130949183
7486,2739.549148283435,2744.4493003522525,10.794076296250726,2760.7980535173583
8275,2863.217604069487,2867.1305442495045,13.259994077015232,2929.8248246541357
8175,2865.125775114144,2869.1141395120208,13.05202131092903,2932.453074243559
7671,2901.5368171422533,2905.510534759318,12.80681783999129,2937.1677625263687
8177,2915.6684609545146,2919.603318184544,13.648401794987427,2944.854143832051
8189,2928.6661780738737,2933.167297984784,11.997909671635462,2949.6494025324077
7698,2963.5207064880824,2967.295545045819,12.963043049736939,3017.838021994123
8387,2975.5105990213756,2979.2823023810083,14.627144507430451,3022.25313829522
7593,2989.2188858923737,2994.344461301957,10.531501221370146,3024.9871669045606
7717,2991.042052831843,2996.1870256324473,10.622111097071057,3027.134317591093
8204,2993.124145283764,2998.0131709069874,8.319465302975418,3029.742337824458
8134,2995.148923755753,3000.224219859191,9.682927216528316,3033.8160621055154
7727,2997.142212385213,3002.1965353758233,10.50368260010664,3036.148807342423
7765,3006.1239387940127,3010.5013881390614,11.366331548024583,3038.145976924435
7787,3007.90945068589,3012.2922884217446,11.20006480243042,3040.1855826392175
7744,3142.314827649552,3146.4262954746414,13.008351044948492,3196.5085410585457
7435,3169.449607698238,3173.488899361623,12.421479993325471,3199.1102240060914
7712,3205.5395379754937,3209.2910907239725,13.895694138139591,3215.444186784726
8424,3223.3397268215226,3227.425790254252,13.134590848255103,3286.3526555343005
7013,3247.8141419141057,3252.059412244972,11.728397186245497,3290.8889929298243
6965,3264.159943993558,3268.07142548843,13.492787927359762,3293.564042049759
7441,3275.1721264272605,3279.464755914172,11.425409369176654,3305.2887979230873
7490,3277.0219857344578,3281.529803403107,11.559288651301841,3310.3043812807055
8234,3335.600643181572,3339.373162997684,14.65450853310633,3376.651394438431
8224,3343.0582659282913,3347.0254903281407,12.2886740797004,3379.4506111126348
7462,3397.7939895378813,3401.5349082345856,15.432602100667154,3406.961905042449
7719,3426.3025182840747,3430.3157127479653,12.926451326996977,3469.4096275221355
7404,3455.419218446362,3459.513431784223,13.179937625637267,3471.8140859687846
8162,3515.277501206544,3519.128995995588,13.52965965629059,3556.6549836333156
10550,3517.269107139512,3521.0158730007115,14.087842675436674,3559.260049716432
10433,3534.4324722599927,3538.409566148603,12.703069548281015,3561.356771905644
10450,3575.262712517336,3580.277752921905,9.639669266045374,3588.7334128109674
7691,3579.48699221574,3583.483153379243,13.714534799629533,3590.69296825607
7502,3583.4185641526433,3587.4110726615318,11.901996836421146,3650.1490740572526
7544,3585.412940223179,3589.3279213153305,12.44223597949448,3657.6727023422054
7493,3587.34638814498,3592.0692094598303,10.879794732143832,3661.277598700716
7257,3621.1371523599687,3625.216784427484,12.662916506286658,3674.6784810757895
7246,3622.998736034114,3627.019663105752,13.054109179943548,3677.9006205150663
7809,3632.34295672063,3636.2835831382513,9.667336395741195,3682.298081899946
7427,3764.1842930956104,3769.4714443217395,9.688167666919934,3834.143917700146
7097,3773.9991764061565,3779.1154990301225,9.72272018146187,3842.889836874375
7212,3776.2283266957825,3781.1634078147504,10.796826982931796,3844.855023713913
9658,3784.955600022779,3789.324031313033,12.041961670319587,3846.7125290845743
7021,3787.845322035879,3792.1605184151035,8.610035776251303,3848.529085508287
8420,3823.570454052281,3856.00575456536,10.09301464115341,3928.29032017857
13171,3864.510703101733,3869.0840779069786,11.671476609341804,3935.9610109413243
8174,3875.006301128099,3879.1622726726614,12.413661635221949,3937.8361237830695
8470,3879.49821711128,3883.5108172429136,12.983108558328391,3941.6319685981944
13211,3883.3323178434885,3888.0714812169404,7.659608623168338,3945.6535827233633
13074,3893.495162495254,3947.32466511054,7.6625682731598985,4008.696758680633
10411,4007.7645532325023,4012.23512278849,11.74602007569414,4019.563158410761
10363,4017.6103496711744,4021.463635795079,13.924455059776472,4027.630790176815
12464,4102.537421827251,4107.094560651494,11.551277511720857,4114.4892556379245
12442,4156.881863819887,4161.393824991142,11.464630532982422,4189.210997548567
12920,4174.714676430682,4178.508474270409,13.095571857490272,4191.437497688346
13968,4179.535754597242,4183.313658584673,13.464914079976518,4193.444061230574
13939,4184.104562443144,4188.259983200945,13.256571972456197,4195.754156418162
13196,4186.999491060729,4191.186617964904,12.811081726747734,4198.313872016714
13911,4194.536527385942,4199.372560882065,10.677945717319124,4207.167452816052
13664,4196.511649305503,4201.275882486022,10.806990881868712,4209.067274714948
13216,4235.406738714405,4239.170050302686,14.016915296375084,4279.480208833795
12992,4239.349661951487,4243.524340312535,12.8516514138126,4283.779184628432
12929,4241.115227468223,4245.31222527199,11.594161528111336,4285.835722520886
12918,4268.8104055990425,4295.092957032851,8.207836290174951,4302.805557185706
8146,4270.782228876961,4297.342248033246,9.092658734460061,4304.864443270498
8392,4275.492306074492,4299.407359699243,10.765528849038473,4306.769042965352
8156,4277.740410990166,4301.214656030592,11.755546291303833,4308.58154557552
13233,4285.804095590759,4303.162701322081,11.892187539886761,4310.495907235955
13963,4303.296288428579,4308.048746473434,10.16048880422269,4369.153724154845
8427,4317.944770374904,4322.1889448958445,14.684890841423758,4375.265349950546
8197,4322.865851091483,4327.298429521292,11.841625649403282,4377.1262277494525
8409,4355.264997274775,4359.441202706164,12.798269826005306,4378.978382976845
8469,4361.996849196491,4366.036747450939,12.635891671904112,4380.8848296139795
13220,4363.840973279751,4368.000690205574,9.352661292280812,4383.088171788094
13234,4368.275516183392,4373.14781190887,8.08390952369194,4385.3975904506915
10358,4379.706784519387,4384.434098723086,10.306896555385752,4392.317429587095
10399,4420.748093541337,4425.296003174228,11.712212487276723,4461.978852598093
8139,4424.088276293148,4428.132268865549,13.879761229658964,4463.987225770134
12463,4459.15204656196,4463.112614264177,8.91418790097603,4476.44941327357
10388,4476.745921140496,4481.081568639372,12.641431245815635,4487.985218690481
13173,4480.074542425605,4484.338508902215,11.821007458122644,4491.437912115013
15846,4485.692597394032,4490.410663965549,11.093455007851185,4546.713520361262
13695,4491.979380184278,4495.5883779404,14.467811144453337,4558.232778457353
13732,4501.371100301119,4505.527606540847,12.21830810497561,4561.082001015631
15885,4534.850549242913,4538.311284466583,15.066183161070319,4573.525819317993
13687,4599.672691768137,4604.033141238224,12.37378589767507,4639.500111061073
16258,4605.222580384785,4608.562939058799,15.454756675709838,4643.460038264519
15855,4609.427004954934,4614.049710468172,10.514600662021328,4654.654270810933
12973,4613.38638797614,4617.093147816929,14.078727010258847,4660.435832926949
13688,4615.284737593871,4619.254938648647,12.990548685412646,4663.286246894476
12936,4665.250398883547,4668.535767943346,16.48667487184904,4726.512513490666
13208,4724.7689258229875,4728.4173878061565,14.09494686737682,4816.420893438767
13177,4773.55350888038,4778.106090242346,11.491236492783074,4819.633816570005
13408,5056.995526538565,5121.071952923458,6.699505517543568,5181.866213271669
12921,5135.225146962033,5139.5297571634865,11.55371890348118,5183.736564284888
13006,5138.083351735135,5142.3607014302115,11.976578737081306,5186.072751165524
13940,5146.435955838232,5150.39897128358,13.66105406963203,5187.920194782946
15896,5170.0409120675,5174.335913730487,8.579970992349594,5195.587366681557
13222,5208.23496882488,5213.131804801823,10.460856407151288,5266.41014784026
12983,5210.133667703579,5215.061901187454,11.581481152384745,5268.90971176947
13114,5257.097101811075,5261.51754637357,11.67895662346439,5271.134005772217
13183,5268.852633251048,5273.185712115383,11.467331602053068,5280.577674541969
12913,5315.712441055805,5320.424482275711,10.912134068541503,5359.079380672703
12926,5317.775879914082,5322.348169387171,11.188329612598382,5361.306564654995
13924,5320.346264765229,5324.327709914049,12.355231415237716,5363.325195152999
13661,5322.072070236912,5326.142146019299,10.856420035202351,5365.294423773369
13838,5323.780836246559,5328.115380700842,12.736650300924259,5367.081787627812
12927,5375.018635111879,5379.001664564416,13.069834380839524,5385.541316815539
13947,5389.967081098635,5393.611859943671,13.94540666780936,5451.544621765504
13969,5391.916551385877,5395.551963921076,13.657598741866734,5453.563188957317
12769,5404.084488239308,5408.313883494237,12.496390908893904,5459.140294247889
12452,5406.420913030039,5410.603406752624,13.292212656523681,5460.999524087461
13029,5443.804484985379,5465.024895189417,8.14823265498315,5477.314893505766
13036,5445.785143756171,5467.2334393222645,9.123733731548151,5483.309364508553
12796,5448.827525300264,5469.301671170973,11.080360229421794,5536.515050011125
13776,5453.621457857542,5473.416262262304,9.863701581853972,5545.033054594507
13728,5511.708098219061,5516.040060272693,11.474879990313577,5549.946896999567
13697,5555.385619817123,5559.133868378569,13.568509103815535,5565.077701753952
13247,5557.960034106073,5562.3723009680525,11.799259928874843,5569.4621574523835
18721,5560.10307735293,5564.242908787149,12.124167540902425,5571.218555521747
19156,5631.277970822167,5636.057813190111,11.063106460032676,5644.008342430106
17981,5663.5645151352255,5667.501093580974,13.09430749281688,5716.437206609174
18688,5681.093117461825,5685.053169974046,13.52607845621342,5731.752629955949
18452,5683.202405318877,5687.355017952811,11.946347868800764,5734.050902473391
18424,5685.020241332847,5689.18005912399,13.430056133495121,5736.326611072281
18431,5689.43978686263,5694.23146525939,10.917149904690012,5740.336460658147
19215,5798.009374807536,5801.504757180361,15.055645491228045,5807.787200506952
19414,5853.767327385111,5857.627454701784,13.534953952017,6004.272728655277
15909,5859.410421412647,5864.500103476035,10.674408542426395,6008.6056221626295
18750,5861.694173442666,5866.410455738317,9.912383229860245,6010.585942972143
18745,5900.467890185787,5904.306424874996,13.456258028025053,6012.669469665176
19265,5928.093485803607,5933.288035946012,9.936281122818086,6016.98433963287
19161,5930.055777684206,5935.200930446464,9.883193890105348,6018.807783194756
18710,5982.82792854195,5987.398357953841,8.73269369017545,6020.771421861105
17963,6025.433187284811,6029.219820432143,13.135478417896726,6081.587365502681
18727,6033.84759448636,6038.247357917992,13.115090445856108,6083.763859008111
19401,6047.6231418628195,6052.010388694891,11.96952530125992,6087.538504079819
19159,6054.177482315334,6058.335133348892,12.562960062353111,6089.477167285752
19173,6096.510698207623,6100.363147719707,13.956540418783263,6106.476414746488
18453,6103.2654974586885,6107.443357723812,12.472786050130177,6166.335756356329
19462,6105.423139705129,6109.372190977824,13.204398204776053,6169.5055852872765
19197,6107.395287880007,6112.098414618129,11.18236477105753,6171.750685946164
19235,6158.4782467559535,6163.100985103448,11.133200644907102,6175.8944212077695
18689,6166.690846846144,6171.249950728188,10.762880141170282,6179.813045873749
18501,6233.665288814467,6237.462055162023,14.956149907025553,6256.471945946655
18548,6235.6507259033415,6239.4154765364165,13.680142718189828,6259.101722256095
18748,6247.78766845072,6252.302510273305,11.327751875112323,6346.83372001057
18000,6249.665299795767,6254.129187222781,11.11347063582685,6349.656750628896
15187,6275.0982749675895,6279.43344053432,11.96189723331618,6436.664699795786
13945,6285.370186819999,6290.484209632425,9.772491716184993,6447.888107977753
18504,6287.352591282595,6292.448509798326,10.186015757201556,6449.687843768758
18708,6477.925036253251,6482.323628413619,11.844916359509059,6526.826492910233
19207,6528.313241475343,6533.092440712098,10.856904017502377,6540.834178201022
19446,6530.674102932813,6536.0612383299695,9.408562367879952,6544.977574297872
18664,6534.673657986302,6540.052784224267,9.328580463311496,6548.671237091399
18494,6536.644937794049,6542.009265523206,8.799563768437082,6550.5110899801875
18697,6573.848153142358,6578.203456860352,11.960989486818017,6616.5707251713
18722,6581.961329601158,6586.20077510334,12.175910244560637,6623.381714646927
18676,6583.751721803076,6588.027808934991,12.078830303142851,6625.382464748933
18663,6636.9434177655185,6641.092746257807,11.845033408848158,6706.626684843148
18446,6656.386089886506,6660.1610360124805,14.100894871956038,6709.371860404017
18667,6668.262331927468,6673.2674387702,10.55521991102988,6713.7898857674745
18007,6680.680709905349,6684.516160612023,13.787771489917676,6715.855601298003
18674,6767.897917727454,6772.3315967946555,11.571688898280549,6796.8839353282565
18716,6849.774877622898,6853.5421745858275,14.29237944509427,6889.05428579266
20362,6877.634668627436,6881.500967013746,13.529479148000092,6898.432310245439
18503,6954.095718487452,6958.440215873649,13.312299934160194,6984.013762075688
18668,6956.062682876227,6960.362464323226,11.76526412669872,6986.021003965008
21518,6997.712168424134,7002.065679333136,12.145113610463282,7009.286070809009
19208,7000.549322386823,7004.397490059313,13.588130863118929,7011.171348635932
18731,7003.435469756708,7007.3634257439035,13.238847189993674,7066.341960253284
18678,7005.845537953891,7009.488805560698,14.624043473170067,7246.34228433592
18670,7007.739968411992,7012.320762572128,10.511865318103894,7249.27159170473
20832,7030.892239234873,7034.393146104179,13.947448451735719,7255.444906589491
20698,7032.707399027134,7036.600248533165,13.48618058616643,7257.4697307706165
20300,7037.1558047474,7042.136806189943,10.403363255527953,7259.733559799558
20810,7039.024492211053,7044.079240015191,10.615111949063111,7261.7340759800845
18692,7119.380794099348,7271.002169054211,9.408408791869016,7278.531291967833
19308,7121.867513237526,7273.162087481525,11.375478289451706,7280.299786119582
17949,7293.766056388814,7298.16579700991,12.089647912370005,7336.831034193941
18665,7391.909150414816,7396.107848626958,13.023802818828687,7426.650091534608
17946,7393.87082614901,7399.308727442136,10.138912961827382,7429.276539745501
18699,7396.2644599226705,7401.347065072939,9.48624486346872,7431.482219311323
17994,7398.185309902266,7403.357792767035,9.69355665676274,7433.876287776409
18751,7413.797783674588,7418.162692915586,13.251939383218813,7441.659413740188
18709,7475.2304180111905,7479.2489540943125,13.202229969257242,7531.216016336596
19913,7504.306259328562,7508.17246686992,14.399228802448443,7533.516778298212
21550,7507.21922486141,7511.190242870378,12.879699290915696,7535.723375298067
19941,7513.929382967811,7518.251970273346,12.322456203334658,7538.029332208723
20296,7515.923303761902,7520.078207356046,12.225260335811935,7546.784754910597
18693,7546.035565822461,7550.397367575246,11.510371430537154,7696.579183796051
20771,7612.233585150752,7616.135870839155,9.27171792043314,7786.622797419624
20339,7657.320686967756,7661.1960964514265,14.845116469307932,7797.984725291681
21772,7666.868687678126,7671.455482416404,11.292804197201578,7805.793606440984
21354,7671.308205007111,7675.361227786148,12.229844765372986,7808.145926529328
13730,7715.17072352221,7719.103845123626,11.065619439663907,7884.3368499544185
20365,7718.349182675691,7722.483323743348,10.605351584118274,7887.511189079766
21432,7960.311420926999,7964.351709687619,13.46098500085083,7986.696044360397
13680,7966.525524248871,7970.135942599585,11.639705112764846,7988.881910559065
20700,8154.923225066544,8158.532883729476,14.564622115565077,8164.628623793137
21388,8156.7540948676815,8160.333813570361,14.118792677943256,8166.321174438197
21367,8164.862479347384,8169.1240296870765,12.71568750907897,8175.884829276888
21386,8199.282544794029,8203.190411559564,12.835702011275915,8236.586058983488
19433,8261.193975890505,8265.504224683817,12.125287047170485,8272.65087764201
19163,8263.125829064165,8267.258046152112,12.562745251302482,8326.81992688109
19400,8264.921907141656,8269.02427394931,10.636359182439794,8329.658259858059
20807,8317.392875615471,8321.075306015446,13.87966915549065,8334.481308444734
19918,8319.273728254342,8323.148039909245,12.982902186738647,8336.468242923145
19461,8324.949769984043,8329.214309427842,11.959429655399893,8342.005488409499
19460,8328.648132984097,8333.059661728505,6.788326973008563,8345.622169928538
19442,8374.657117141236,8379.357642174282,10.347304737878746,8416.591086113056
19166,8376.557652316063,8381.258049557133,11.888744178328487,8419.241076607106
19453,8378.408591585741,8383.235337239705,11.524545569772574,8421.29075858032
19149,8380.339308094635,8385.004092806359,11.365774164948311,8423.231948876575
19329,9064.570611981919,9068.207391774613,15.85652556104378,9073.470913395262
19219,9066.687429969164,9070.367250461344,14.587735104076296,9076.346381119025
19195,9093.62488927012,9098.421362559078,10.58417718461227,9136.506119001622
19168,9175.029359050994,9180.041911585506,10.872435788829918,9226.42863975434
