577,164.11680816809644,167.5275431479233,11.674972970176132,181.19879284090388
193,227.86771588416786,231.36336949624473,12.382740453302164,234.70862648465095
575,351.2859047475148,354.1574131408101,13.533215150019448,361.06116087188826
152,408.05272068335114,411.5812107011678,12.944777954785348,414.846046174319
194,410.02545511369584,413.3440874997536,11.092683307541053,417.0329498876449
189,411.9566472301166,415.2752610924696,12.403214460191217,418.8866027357628
203,417.5739532063982,420.1690112781944,14.796162204866258,423.0519684253851
186,419.82322333392165,423.18766706849027,11.067056649164922,427.0305420444418
177,498.1142975849533,501.46236902917536,14.307706163440985,504.50596007757196
148,502.54117729802607,505.4229237707812,14.198876397046439,508.391815673292
181,504.77462387473565,508.4059769652035,10.326379984532348,512.4174067141698
599,588.5859242214676,592.378547578735,12.309833471601276,596.001290535595
596,604.8327406059149,608.2473740709569,11.68084886029882,612.0798691606565
158,678.6038015940961,682.1079817359162,13.058656845771978,685.3076950600889
197,681.0056870436831,684.408735643041,13.94118517268388,687.4298046522442
568,729.3130208830684,732.3981883445678,14.026646711686059,735.4551388485212
188,735.2360233896917,738.1822275306216,13.21307072494743,741.4512148380368
584,789.2605227868579,792.3877836779327,12.855957701421183,795.8424126237287
576,814.1879805052637,817.2616114878032,13.807424243322448,820.3000402932447
595,858.1696642336073,862.1437883233345,10.150619044866254,866.1243234295051
192,860.3146775394086,864.0707090865758,10.627490577856594,867.9950609206215
196,868.3629162503566,871.4900743985432,12.67658695986772,874.9821313173744
600,960.8533819001585,964.1256721167841,11.603223136634426,967.6765102845793
704,963.0266135071796,966.324970202649,11.642619944296516,969.9419701142319
644,994.7387072240919,998.076807183891,12.088135069174308,1001.6779617481023
149,1038.8116603954809,1042.566843127796,13.757111263086626,1045.4895031608976
187,1040.9966141634588,1044.336238351125,12.776642051132887,1047.603325582727
593,1084.2704538151224,1087.3678902332285,13.509209331494553,1090.532097714184
172,1128.1727361629748,1132.0749132836238,10.84099547404843,1136.0692874405133
580,1578.5903188222774,1582.4401306547272,11.843710444301061,1586.1172215819306
174,1588.4544223498738,1591.2464812391295,13.981631401402144,1594.3726168625944
559,1629.1410738023353,1632.3264004528216,14.561595333186526,1635.334724047433
579,1683.1212267591384,1687.015745396735,10.347940949159419,1691.2376505607858
143,1758.4996319710258,1762.0838761852315,13.123993790974062,1765.3318209538018
176,1766.6231489268685,1770.3875540472286,10.564371408468572,1774.480639488465
587,1777.987669224887,1781.0011849930283,13.053576254023838,1784.279744241967
153,1848.0980386418785,1851.51579901171,14.95520268410178,1854.2925322693557
585,1894.2753044983492,1897.5694366296532,11.987073071321428,1901.0644370554594
167,1921.5971121023592,1924.151592586159,15.185532216402839,1926.9137872242202
6151,2139.130751798991,2141.6200959071416,15.011343487832693,2144.3617017950037
6146,2148.5327887208027,2152.007585262072,10.660410423430719,2161.114230552335
6102,2153.3539711842723,2156.1727040867927,13.205239251517629,2163.6547391658128
5685,2213.082463152879,2216.369900659299,11.357984074237235,2220.0876744257653
6103,2222.470133616891,2225.5799454654334,12.02431807236041,2229.0469197216617
5640,2481.7779106610164,2485.125099864822,11.574754951380983,2488.767891472681
6078,2510.6821142474832,2513.3823905443955,13.536336015921618,2521.560729349972
5665,2524.5387276592514,2528.097566536052,10.44036495647322,2531.896307068838
6184,2526.6280139429678,2530.063249731294,11.71307516745112,2533.7726722172592
6076,2595.7639886794027,2599.4334086037625,9.999078207287598,2611.2255803304465
5661,2658.4114409266967,2662.0898534311928,13.954351082863882,2664.8920093806987
5660,2750.793475921665,2754.2316367407825,11.734790141750677,2757.917166975865
6132,2794.0437080499537,2797.374082009349,11.710164656106599,2801.0546112131155
5705,2838.339764024066,2842.072449544682,10.963938383458736,2845.999308250754
5681,2928.1738465259054,2931.5585306886046,13.054589151877714,2934.641041803
5676,2932.4272435154126,2936.0553560285957,10.672554046941643,2940.097990363883
6082,2941.887159365535,2944.6294841476265,14.061587806804296,2947.728576228993
5648,3018.013679969282,3021.5844147591615,12.787308757921256,3024.8936029220354
6088,3035.9780683826307,3039.2585741207467,11.320428025758648,3042.977873980024
6032,3048.3834743600855,3051.4147251301774,12.513536566124593,3061.2410673802847
5653,3114.474725701871,3117.5836229418223,12.45302537448831,3120.9392517812344
6099,3128.1554298705487,3131.433806953829,11.447677631209526,3135.0469490270325
5680,3154.2027517249417,3157.49675122102,12.496142294765692,3160.826504273693
6090,3312.0210976442027,3315.056708960854,12.220031753827346,3318.4721856266838
6080,3489.335799948901,3492.1481846464753,13.461429208923526,3495.312302924071
5638,3560.600051279286,3564.017579224012,11.969718158889918,3567.5241512447656
6073,3572.247655120457,3575.266374084003,11.943614070280782,3578.673491047263
6018,3660.1732462258537,3663.292489263464,11.985812934912177,3666.741205911948
5691,3694.861050243002,3698.156331550564,11.711264295307844,3701.783657721154
5584,3704.741256730875,3707.439470387346,13.953615480043881,3710.463289884325
5641,3729.8734157126605,3733.2040924250305,11.454483940794809,3736.817465617231
11575,3749.683085523545,3752.365456108406,14.518852651589944,3755.301011459317
5666,3827.9941722791714,3831.343049040666,14.214324948312571,3834.3989550390297
11171,3834.413943679779,3837.2305685863757,13.552191825558657,3840.3259909960198
11603,3939.1693322464207,3942.1986519296297,13.091574456106542,3945.407080606783
11582,3950.833544245151,3954.3506632799276,11.440210156170771,3961.320969378087
11184,4008.4170536214256,4012.3878285129413,10.543556110027282,4016.3489467573004
11154,4054.9578728832557,4058.347255425268,11.385659462686743,4062.1496014405298
11203,4187.936497666341,4191.311125788335,12.67567132494578,4194.60243605006
11529,4219.117326333899,4222.410383307135,12.242308544524958,4234.34156397713
11155,4270.250762366449,4273.127603668542,13.140350665506618,4276.257061734297
11185,4278.684522274626,4282.2561988837115,12.702303371208357,4285.619363597269
11228,4324.32507667284,4327.541137461719,12.511819613708527,4330.787342852209
11138,4413.964659632128,4417.160939795058,11.742133685542354,4420.699630474037
14404,4517.197790637485,4520.184489044781,14.728244702284968,4523.087265272192
11589,4584.083164450735,4587.521385144816,11.41702570869509,4591.337225674515
11151,4597.097770303095,4600.436378872098,11.951044364768633,4604.058960032378
11182,4599.8521957578905,4603.099435707075,13.920750802905728,4606.248736284867
11149,4640.622780217508,4644.300025860569,10.31494110251359,4648.18303853578
11201,4642.571173855273,4646.195643887753,10.159985991242403,4650.310085395046
11598,4654.1268675501415,4658.263090707172,9.698090692026513,4662.8087332724845
11159,4822.973384647173,4826.22940865329,12.66710640900728,4829.677996807411
11611,4832.986589706047,4836.344325080985,11.308091593210866,4840.1262156364855
11538,4834.869989391305,4838.24948710414,11.544159563735601,4841.930192409446
11189,4900.46384694805,4903.24278911192,14.00090898020118,4906.361282201285
11246,4954.139614446606,4958.183047996316,9.204499677158585,4962.738508439011
11195,5088.0167980857095,5091.429763294683,12.841614796406256,5094.678371458689
11587,5106.595876435073,5110.072446821771,10.762808566706822,5113.982726321309
11515,5192.36547200194,5195.4127028956555,12.388964374794073,5198.788123645383
11573,5197.477486919414,5200.249484086296,13.661877204776673,5203.334845403515
11202,5224.149808139909,5227.205908950473,13.558895524631078,5230.257761868688
11583,5290.317537715556,5293.211318527175,12.86366080045335,5296.40259157551
11172,5404.10098212069,5407.371903887408,13.518400249532979,5410.539244540162
14450,5410.976953849988,5414.185205444656,13.9170438156737,5417.285545398676
11178,5452.3865911768335,5455.402518346396,13.887297195178453,5458.461765596489
11176,5454.378283506147,5458.096006205293,10.76767191035186,5462.009951596125
11601,5459.552883243906,5462.3401501846665,14.040846152482503,5465.353373653957
11098,5530.799209642328,5534.0536534681505,13.640209395124689,5537.2613936633925
11194,5631.000326555329,5634.445038492175,13.349435743449012,5637.528077922562
11254,5648.0342599951755,5651.246590225095,12.076513855426072,5654.726774952694
11250,5674.147013424093,5677.155985059993,13.36267657889674,5680.367028860695
11205,5718.454143393932,5722.270642217795,10.810036415938283,5726.157076225341
17125,5740.772447685221,5744.0930774286135,11.57464515831378,5747.75037809416
17222,5744.0285581466005,5747.28185506068,11.334950915097206,5750.954366183127
17059,5745.917160570847,5749.122436914578,12.084292170264918,5761.293140504839
16639,5808.126970939922,5811.475186812189,12.959036759223968,5814.643004796667
16674,5854.712682830981,5858.057213707081,12.133842307966797,5861.60513805125
17154,6015.998346436128,6019.294145216202,11.797640359817787,6031.272372421073
17104,6078.2470978782685,6082.036871559534,11.346842426738522,6085.84543142841
17080,6168.408198432009,6172.316930852856,12.539161462969032,6175.522941086235
17094,6170.7622333270565,6174.126718475709,11.342215814981321,6177.84128437556
16683,6176.68775891925,6180.259106168325,10.769457277824355,6184.16758951049
16716,6180.676974089268,6183.2800496627715,13.888855657195535,6186.411603168584
16698,6182.622124973343,6185.6027362881805,12.979615150581887,6188.9689638411755
17068,6287.80685697981,6290.503173518052,13.86082217542941,6301.542663447248
16646,6302.9851728188105,6306.425091225352,11.384226432725418,6310.097578805276
17075,6394.216060105247,6397.384844127032,13.279877649813278,6400.53320998966
17086,6438.665653081308,6442.3705787860445,13.50090059661496,6445.593297424495
16642,6484.318500354008,6488.087782817588,10.291984606758602,6492.065821956608
17076,6540.8795090142485,6544.166162163435,11.104423658604892,6547.822877261934
17096,6649.183266991113,6652.296751430739,12.069797827416815,6661.164815824769
17018,6980.404910947258,6984.2399765107,10.081860065783346,6988.329579933222
17197,6984.156401641772,6987.385343140662,12.114515657735643,6990.871573175415
17211,6990.768880634895,6993.289791623515,15.078570035924335,6996.119982090408
17032,7006.071352251958,7009.360524686736,11.377413793622981,7021.173815206824
17148,7026.934812219125,7030.05250657086,11.804936676127381,7033.570161000564
16537,7038.128577073588,7041.391213248007,11.577603662852193,7045.003272204696
17198,7118.8788973970295,7122.2651348868685,11.365106617393323,7125.846903452318
16799,7124.745738214274,7127.534791929731,13.499185843147542,7130.735464187527
16792,7263.017963046915,7266.285128688498,11.820757209317236,7269.939876571076
17190,7266.851900811809,7269.4986755423015,13.882899283936991,7272.47260820524
17161,7294.325551825601,7298.427365491935,9.385975455855824,7302.962486419691
17060,7298.488903913996,7302.426338874905,9.30543609791529,7306.952597180564
16571,7300.42982207556,7304.374860965084,9.44886888078562,7309.009907677708
16659,7565.114121592354,7568.391783211271,12.236291591712302,7571.956699231487
17187,7608.072069846834,7611.5853099615315,12.593121953166419,7615.008411372251
16538,7627.3086956509205,7630.510092388901,12.25887954204713,7634.122439851394
16664,7881.281516866753,7884.149338178187,13.066292688582754,7887.361365832699
16741,7984.220795657987,7987.114128958406,13.829712582428618,7990.077481702854
20354,7991.250316852652,7993.6674508953065,15.216123149019511,7996.506210746392
19887,8014.6447937970925,8018.098902265787,11.587246992473037,8021.736574347351
