785,237.43732727646744,241.12172214858347,10.290671698199063,274.59639412067713
2183,280.61577642997923,284.51502171333107,10.939399295471894,291.11468899321267
1467,294.3786579428641,298.2054882764508,12.521502480696054,300.48106462710507
2188,296.71359743422477,300.31524005790635,14.162312991929355,302.4177680789057
2170,298.4816147838119,302.2049168856491,13.563249118232566,304.3499326518202
2208,300.4485383828157,304.53448091636574,12.029954000145423,306.8460446440933
4008,322.35887505624083,326.19178914892643,12.650872279052379,361.09035914635314
2922,372.1696818065199,376.2746479550393,11.702862376038691,378.69351893684944
1477,373.96187441421955,378.1217149806099,12.168969350602909,380.49198843342714
2237,382.89232227823703,387.1605974672585,10.740213925699377,389.727940649495
1520,447.582139494005,451.3447262017162,11.43525894213096,456.3178359203146
2944,470.5561898702145,475.0508200520735,11.38742055289469,477.5911200409933
829,479.77759482369123,484.3950158789786,12.739359339473689,486.73094452063805
2172,561.4836621833159,566.1138158071154,10.588851840939931,568.7732452592705
2180,563.4263174250348,568.0015470057358,11.44124925310466,570.6151635131096
3573,599.6141775576451,604.1688104993434,10.360544145940386,631.4709812780881
4577,641.415717879703,646.4619283423016,9.919129472313736,649.5130194766623
4578,643.4093041422252,648.4138108263264,8.621550417080673,651.4287087166219
2190,655.3803341547705,659.4581861732916,11.062308746534638,661.8708290615803
1489,658.4912493564312,662.086304430932,14.12930225932172,663.978300326262
797,691.8812042360178,696.0662461862632,12.173478672395259,721.2271492947169
819,695.8040728710642,700.4085827047807,11.044912807866256,723.8613107877013
4513,728.6018407591025,732.4257132588335,12.410114796206374,734.5259951678073
1482,739.2547212152591,743.3835913090087,12.27136682146985,745.6425415866618
799,741.0828758183379,745.1474717053978,12.121807569683249,747.4243872691119
1453,871.516376068411,875.525472421727,11.184471875290674,903.5624183330339
2917,981.3768380268549,986.2560836040964,10.49363776242781,990.5912551802166
4589,983.3368737016406,988.06852893109,8.342467758033589,993.0357823489583
4598,1022.9480172794671,1027.2188811060998,12.286627947491013,1029.5844743606822
5217,1026.2813749341976,1029.5789743975324,13.394863419047846,1081.373802656836
3579,1098.9109715330578,1103.559494799942,11.40513669179824,1106.0543027277272
2168,1109.425351763107,1113.3638230041668,12.981550190645258,1115.608606784209
2236,1192.5303578460712,1196.495659618268,13.146554236776687,1198.6969504958731
4517,1196.2249546473945,1200.0739541135347,12.488226672008139,1202.3043782771101
4255,1205.7243941322834,1209.4580752638103,13.329328340054603,1261.2139996180824
2249,1209.7022830050498,1214.0102089477361,5.610249485612567,1266.503913229415
321,1232.015549900236,1274.1253033266705,7.30006981276365,1277.1005190706137
93,1233.8711873271982,1276.2856724016876,9.343553761655102,1278.9472761520246
316,1236.1424064028738,1278.3287462276808,10.038866611057776,1280.8191464066192
1485,1274.3808521024616,1280.1447222008023,11.947963413291578,1282.4896602848426
2984,1286.482733281618,1292.0643319159374,9.029793882148688,1295.1570159122389
2176,1288.667749516636,1294.1281424994766,9.457676915468266,1297.3031891580474
5232,1290.7427805166988,1296.2118708035898,8.533103865313866,1299.4220021437911
5269,1292.9232649892217,1298.2895787775888,8.688520315597053,1351.9629302909784
812,1306.0591415908618,1365.3310857316658,7.827606215413529,1368.2224042681203
2949,1314.8910323183836,1369.4436753936263,10.389044599532294,1372.050824776608
3581,1322.8529319449194,1371.481239084307,11.866781782158268,1373.8909735416605
5219,1364.242687453274,1373.2510818883502,11.030103009600689,1375.6612732654703
2977,1369.5332512338578,1375.197070620123,11.541466743462934,1377.7290129488113
5286,1407.3789567489634,1411.1591323607852,10.08084443463647,1443.7545360589743
768,1497.090483976163,1502.2732443143539,10.048507415776127,1534.293432017985
3801,1499.3431831956752,1504.3431482725916,7.631997100740968,1536.587263606846
5215,1589.6992757086555,1593.5221885991282,12.780752311406227,1622.0806114565976
792,1594.8248447355163,1600.0280760966166,6.31770132824013,1630.232684891725
2181,1635.9109080100254,1641.2553244173844,9.089616406706714,1643.9419891965376
2939,1643.9905363084124,1648.1408077643512,11.897456032709112,1650.472419659791
4003,1777.1971269371559,1781.1986125327687,10.215173434968584,1804.0212845936846
766,1791.7021344869247,1796.0378436825065,6.220185630083384,1806.150037021887
1451,1806.7536297551603,1810.2512635494124,14.785900589420997,1812.2015226705919
4524,1837.73732269988,1841.512551886265,12.856509355742496,1891.3409551048992
4571,1861.4978943579192,1865.5763841894768,12.248047109338755,1894.71768097273
322,1867.5028805457112,1871.3232615834183,7.811706638105833,1898.202166723103
1490,1912.1170776188999,1916.0633568092976,12.520010460994051,1918.3235238145792
2192,1914.9322612755134,1919.4938002554063,11.110272406475715,1922.16051444951
1524,1916.720885521751,1921.3216262688793,10.500569630406659,1924.021111211709
798,1946.627766318932,1950.489807729326,13.157171876789707,1981.12655616073
1510,2001.9463196607828,2006.4334886388547,11.000388130383044,2008.9141587895688
2235,2003.842534261053,2008.2978608660292,11.033526398109393,2010.754841310025
5208,2038.5492199185642,2042.5797892409876,12.501231128578153,2071.0966072695023
5281,2040.3231628672136,2044.3360501844465,10.569152691745876,2073.9847001389817
6972,2127.6574076042275,2131.06028794563,12.687430881794786,2162.3332631036974
7680,2353.363928453555,2358.3101625854592,9.695123858382388,2361.1398934745134
6936,2355.385619164885,2360.3041404483665,9.891806110765522,2363.1268123818013
7693,2357.3531941159217,2362.259320533517,10.04351334059012,2364.9000969590206
8411,2359.190080169184,2364.144223047451,9.328245260887837,2366.7110562720313
7672,2365.781640845896,2369.3350153247175,14.196310300511062,2371.3324029639957
4556,2370.68705111236,2374.1712265202764,13.840134084975606,2376.164973774323
2205,2372.9855345370797,2377.4314218195154,11.996747695634015,2379.8168580645656
8391,2374.9316039193536,2379.2978748933074,12.225545787968805,2431.487616961801
6274,2391.7681002056506,2395.3671861266207,11.154182646220812,2434.415795277825
6295,2393.9282675513405,2398.3055939744545,7.328335346065367,2436.9626280939715
2169,2546.9864437100237,2551.3305998382825,11.549711442012152,2553.830764775766
7707,2577.7903559347856,2582.3524080417633,11.097787963570822,2612.0510141886803
9064,2581.7646984876114,2585.416081504512,11.095588603890182,2615.7529089433083
10787,2625.0281637288313,2628.5484960563713,14.206562529346689,2630.5603080503743
10768,2635.1291004402397,2639.1208973864946,12.178224553497111,2641.4652808515157
8467,2650.811813163674,2655.304904877314,11.623390040913861,2701.109659290787
7676,2652.6827130027878,2657.1762049606164,10.13653004001914,2704.13387678347
6941,2654.5164293593994,2659.150755661962,6.324546964313231,2706.4143838840214
6271,2739.390293136576,2744.2004655435567,6.986075973943549,2797.2756596741087
10017,2813.0249102187067,2817.483269997334,11.183146923879418,2819.9895766599016
10076,2828.469418313947,2832.471590026662,12.180955332075698,2881.307969834824
7018,2905.836124992595,2909.6017211566086,13.19877681322467,2911.71316424627
7747,2988.7033431175314,2992.5122965469805,13.147978846757066,2994.7690115705864
10738,3058.3052112511514,3062.3160314028632,8.723670841953423,3066.346075665603
8428,3066.9573099773024,3071.2333557801935,11.749075046240995,3073.7054992418434
6956,3069.013031275207,3073.118540856117,11.199881517350532,3075.536054287778
10069,3101.759702157399,3106.2404405434563,10.667999848707478,3151.401709846299
6323,3116.535332318914,3120.432651182884,11.318096574211415,3155.876306203058
6257,3123.4639178346565,3127.156164852664,7.18056694675384,3158.89760466843
10786,3174.3267402935053,3178.347709714639,11.721183763347545,3181.7766568279317
6317,3191.9873425943074,3196.0325971321067,12.444489375648862,3241.4449864033245
9063,3205.7531772883244,3209.1641552680458,10.198754253940285,3244.386224808456
7720,3263.5218646983403,3268.0900522070833,11.341861826987609,3270.7424337453444
6946,3320.4975128208225,3339.246323675207,7.217348221040732,3342.232033512977
6356,3353.5027069672933,3357.190864651384,13.438962259714936,3359.3236014059016
6254,3365.795146674072,3370.2774161475877,12.819140993592317,3421.266059370985
6949,3369.9895824069226,3373.342051784356,11.066396188135702,3424.102629351127
6327,3394.4521046768964,3432.089600729757,9.713168592799219,3434.7090411624135
8473,3427.3347251354894,3434.185879348556,10.579423645884432,3436.685891970718
7699,3429.2672817330367,3436.1007343319457,11.938260357545493,3438.452572731035
7743,3445.6411767141426,3449.1108125399323,14.004251844287424,3451.102384244254
6997,3447.629621017892,3451.2273562004107,13.094325594538278,3453.316847376062
10749,3450.767063976071,3455.5499398323473,12.114372934930667,3457.7580656392906
6260,3453.029849267609,3457.2816421157295,12.976963090074818,3459.5217154524207
10079,3462.096169489384,3466.111314927603,12.487477781559784,3511.157092821731
10011,3479.8738035776814,3484.055637730333,9.618974143475123,3513.6218613655124
10739,3485.094000129285,3489.3303101999227,8.712438704229342,3516.97368637963
5815,3566.562624614664,3570.5862540420503,13.571421624636654,3601.137114031541
7710,3607.65842717999,3612.491885062177,9.953851204911526,3615.2507734284
7731,3621.5002315801707,3625.569954758404,12.50121892714164,3627.892549954839
10730,3626.5157937389886,3630.3047787293613,14.888235246863527,3632.2816562775683
7724,3635.5622696418086,3639.1912287639107,13.446156891690144,3691.407442117461
6247,3658.6531805832024,3662.5834019138924,12.554684666745873,3694.2955546426233
9061,3662.9318908292134,3667.3643361272093,8.227523976750557,3696.4622003486834
8450,3706.2232536382853,3711.3443707820106,11.483523296679248,3713.731202146024
10061,3708.4848363368274,3713.156430381292,11.848679562154908,3715.4833865793466
10015,3722.6806633515257,3727.352059899133,10.605970126995675,3730.011577507914
10028,3725.7582257892104,3729.5298983733232,12.396655801307864,3781.560299013399
8400,3808.2911313185814,3812.4218002013386,12.003901992712446,3814.7286888143626
7662,3814.4792385377878,3818.48710885999,12.483573605934776,3820.7318792551446
6296,3844.466713138995,3848.437692204478,11.81528855436596,3874.15927506897
13943,3991.6877213219063,3995.0524400421414,15.035091604744608,3996.9318758225245
10074,3998.7690398691457,4002.147912464441,9.903915159447806,4053.954853719041
14580,4012.701796678635,4017.4011046240325,8.562488476373703,4059.6717292298654
7000,4073.7625021283957,4077.6441297179854,14.43114749894742,4079.5446655864757
6316,4076.7387942704986,4081.0062849789497,13.20337792975131,4083.114843126985
11772,4082.671942091901,4088.0886528813935,9.286876468902381,4141.250495640718
10755,4102.816424807069,4107.437923909711,10.509679369099347,4143.927651498157
6420,4247.14631188393,4251.006011077377,13.699676419529073,4253.065240316008
6412,4258.894057688262,4263.451009411249,10.85706134347329,4266.11670258132
11853,4260.733292451226,4265.319785097202,9.822481701209341,4268.039243419647
13204,4263.483964263208,4267.5294697339095,11.213626675476865,4269.994128152923
12524,4265.841330469328,4270.300944655539,10.668064282609581,4321.314033755043
10064,4267.73625003631,4272.13935568131,10.153104409818178,4330.424205889108
11902,4346.518630804144,4350.35452171246,13.464159854088956,4352.728237254334
12515,4441.608753409394,4446.1500741364625,11.086358586314642,4448.776782375015
12469,4467.927013424197,4471.326303883082,11.562981626735821,4504.101293243657
13941,4521.007543559921,4525.35850521577,11.742137601404588,4527.882385053672
12505,4530.674213310589,4535.184780837711,11.00871818438994,4537.771785955478
8465,4597.743369867242,4601.505708695334,13.324236196058266,4603.637729289221
12459,4647.757655736901,4652.320412145077,9.978381465752609,4684.048790586143
15574,4693.925195483147,4698.29338754167,10.95894716020097,4700.918296932407
15520,4702.308406454596,4707.055773089938,10.195849813338262,4709.833043955245
10717,4705.290872985712,4709.268241554358,11.123728297876232,4711.7831020904105
16265,4707.132855460436,4711.098116285968,10.313841753883425,4713.474395100267
15549,4709.366514366324,4713.49027409714,12.152469781900344,4715.822122548523
12445,4712.949656534673,4717.358662635741,12.191226870780639,4719.645079575861
10769,4720.754103956243,4724.5380046630635,12.794570751764931,4771.221536941581
16277,4722.460603160974,4726.382587666228,9.52567774411364,4774.00196578221
15537,4724.839590909771,4729.269420190221,6.983324039760065,4776.185211412361
8446,4779.126814706464,4783.245673079864,12.092825768898635,4785.553648225455
10770,4792.355327773984,4796.227691743144,13.354258005820457,4798.383067498222
8463,4811.77620129118,4816.414542828158,11.220386078192407,4872.4427027887505
13922,4813.65084254821,4818.337134449454,8.170365917592095,4875.478031134448
15540,4873.08714964804,4885.236535758037,9.345631210815526,4888.07539229864
16239,4875.220589388513,4887.074439366843,11.511284599122925,4891.153506729593
13970,4898.734096054087,4903.216695798918,7.702863773895368,4956.63504701973
13894,4959.075174042374,4966.063416035756,9.631465867165938,4968.566968753536
16222,4965.942571779041,4971.552491773308,11.672111379533291,4973.804664980723
16266,4968.07581820677,4973.384675743165,12.678165025611667,4975.574570761503
10732,4970.418790377043,4975.091471894146,12.218989193646085,4977.304873915241
12489,4974.350901412861,4978.5805123617165,12.573932298582326,4980.734031845489
15554,5028.681672068376,5032.159000340531,10.726391594832645,5047.73126690107
15568,5038.699216138859,5043.380946934982,9.505184607258963,5050.171482107163
13179,5049.030139130624,5053.064918844328,12.55836925669453,5055.384859580618
13215,5070.709472113733,5074.570584373751,12.92612132200474,5076.76982105277
11771,5172.54896973271,5231.384235515906,9.07326160928631,5234.194451843367
15534,5190.073925825623,5236.048949732061,11.299523622253519,5238.336409779224
15570,5236.090718061825,5241.361439818904,13.075159726136054,5243.5519967982245
16217,5317.018599423603,5321.28433036508,11.737965396419119,5323.604825131822
13221,5332.844526884341,5337.1546145355505,11.606193278014395,5339.709664118415
12511,5349.155046778082,5353.155208446655,12.019908798127817,5401.118029703891
14579,5374.97162343926,5409.048336328022,7.495502744233806,5414.155559976353
13904,5418.688829847725,5422.519245786085,12.727000355016386,5424.6586269299405
15510,5542.07277582519,5546.092667193847,11.794012150149895,5581.497694118241
15543,5548.024242571211,5552.000005503902,9.972280913944168,5584.178249946238
11801,5652.898836075187,5657.154219804429,12.547381866291055,5671.094275769506
7827,5707.617013265987,5711.514974143315,12.504335572653014,5761.213631150046
13198,5711.369563453744,5715.5614776174525,12.075843851654023,5764.041404570384
17029,5761.908433476457,5777.44743196657,10.283656054809104,5780.189026854523
16228,5773.730735875342,5779.431632801864,10.794480853204783,5782.092927492039
15538,5776.238265272106,5781.305868013652,9.691390311920761,5783.9996084200075
11324,5779.982823742667,5784.490697186834,11.862578121315167,5786.792348660208
15576,5782.208789050793,5786.297942958169,12.567927115760453,5788.600486998611
13903,5784.054594843716,5788.142615502246,11.776824348551614,5790.512335145298
12507,5793.685138907632,5798.4159530793895,11.01100493212944,5851.1062420030285
12518,5795.5651361019345,5800.283491419738,11.02405740061067,5854.2168864735195
13937,5797.510895366242,5802.306490732604,7.524123003608794,5856.544351362757
11939,5808.078764216903,5864.2268904914945,8.013668094247228,5867.123734265412
11999,5810.514453940174,5866.190048399167,9.522700784346027,5868.8619809994125
16930,5813.03241089119,5868.080097041236,10.0506423933976,5870.593013613835
16231,5863.866472627885,5870.019478601861,11.195440341699797,5872.445220161849
16870,5871.998958237182,5876.574229533619,11.93763787063764,5878.946389070649
16532,5874.412273500192,5878.569855019074,13.669102752530456,5880.706890861682
16788,5881.66727063891,5886.072193721922,12.187489362236915,5888.442098289812
12451,5913.612811198743,5952.109551244343,9.894991275655112,5954.856866542441
18717,5976.327697442838,5979.561387006051,15.15795578000899,6031.103909095815
16236,6015.136705783425,6041.185663157322,8.058159760455874,6044.502526853009
12516,6018.03158741261,6043.19808055155,9.711299249076308,6046.800365426354
12455,6082.280059908698,6086.134835640823,13.316184901976644,6130.27650540373
14576,6269.592555307265,6432.079820224255,6.277983052080697,6488.113497386843
19474,6505.082769147852,6510.077006912325,8.242453622215587,6515.191144295526
18672,6515.451122908966,6519.41231961827,11.490075980306774,6571.117732798137
18694,6517.173113793075,6521.317328826581,9.588401393016746,6573.979202031381
17965,6626.499574705153,6630.392108102742,13.541477177722165,6663.541043618513
21064,6713.796680707673,6717.3944929989575,13.178524078921452,6751.096029082049
21093,6716.177086057427,6720.500848688969,11.471848607105349,6753.837973505151
16233,6759.784571272384,6764.142623353956,10.674998456215429,6766.746769954688
19434,6787.206293051664,6791.354259277664,11.900143916372052,6841.394705074889
18740,6789.5524833467125,6793.3742216112005,10.560903821774323,6843.986379027987
18713,6847.083054248806,6850.488582238192,14.04267691673612,6852.500251654046
21750,6945.301978524013,6949.328082515821,12.589880962290614,6951.581091611935
13167,6963.321846230941,6968.39848606037,9.393149042960246,7021.177525333964
13170,6965.542999546686,6970.415407880393,9.67402606167249,7024.098428389807
21039,7027.463320040939,7031.456394599746,12.15110483687672,7033.756865423204
17986,7029.290792074142,7033.216067221011,12.046664900517365,7035.490590414619
21049,7117.645463396113,7121.387893150249,13.302141557644443,7123.521668992556
17456,7167.60021873069,7172.078094206333,10.94312298526772,7201.124516908472
21023,7273.460041155777,7277.293241903149,8.591760573059037,7303.327203826737
16807,7342.010917622523,7345.551369858953,13.895835130256714,7381.267319466348
16895,7513.504876513784,7517.166266871237,13.335270777060064,7561.5974879274045
20305,7522.310308917966,7526.296696349094,8.414292035025273,7567.018882314353
19866,7545.026881044025,7576.412652010149,9.484051594992716,7578.913716825319
21785,7579.823210683805,7585.126641977774,10.504793574141855,7587.825053609138
16566,7584.8242553880755,7589.519040259506,12.648804375134997,7591.840201910227
17328,7587.24177901659,7591.489798715843,11.633861251863138,7593.643964874221
17969,7599.696924985773,7604.1830882083705,9.555583146236572,7654.3869576264515
17397,8188.586002788497,7662.059947524596,9.64641248242461,8200.06761330189
19873,7663.752426279171,7929.23241787466,6.997629081283173,7932.270878284563
21722,7936.104358985295,7942.067045190612,9.916241859149793,7944.893356594176
20085,7938.639003589687,7944.136897910162,9.718160646107407,7946.897338113445
19429,7940.846069291656,7946.070993666923,11.027440252943228,7948.807775657203
16804,7950.401437401188,7954.311818385986,12.348248954500523,7956.6034871604425
16863,7953.955082778799,7958.199684940064,14.035585340786783,7960.227446165095
21032,7958.635360307323,7962.365390971718,13.246363136584737,8011.318760640314
21070,7960.3651574956475,7964.205390270297,9.024953669203109,8013.846564320239
17251,8022.727263069562,8029.037439355031,10.997960725456059,8031.548563258386
19479,8126.279892320519,8130.522934330952,11.738214735211224,8132.987138206019
18720,8128.168234382004,8132.3797716795825,11.9997078473301,8134.872760445231
21768,8141.107091481984,8146.154260837947,10.282072675630795,8191.390084246699
21040,8144.444827370309,8148.432366328229,11.064376054784972,8194.176668298787
17997,8151.288797851435,8155.045855471191,6.430306376857434,8196.216976623778
17964,8194.35678642178,8199.179255859042,8.683366144360114,8202.02952626211
13920,8220.152319984407,8224.137763987917,13.060715213844475,8226.343990984884
18699,8303.154302722713,8308.502792395086,10.228537746659589,8311.334272678216
19439,8305.220252658368,8310.4444776879,9.244896730660459,8313.159226573689
21777,8307.281586548355,8312.469173728481,9.896908128060677,8314.964981737327
13942,8391.172045029807,8395.256968011978,12.275224622495982,8397.562516762751
21758,8410.34263769457,8414.248071013197,12.58364993598477,8461.419199782435
13678,8433.522737822417,8469.232192709695,7.261580241883611,8472.295781656867
20507,8481.14699374122,8485.46951587825,11.67015146263246,8487.932640380575
13979,8482.941047237857,8487.255689293006,10.952858788777384,8489.734209590271
21426,8485.600441172886,8490.420067995452,9.678234497995769,8493.322968582583
21779,8487.577952756035,8492.424149924473,9.614576361766831,8495.220019735028
18696,8566.939379634707,8571.521134557168,11.299173735209163,8573.941010384091
13980,8569.089611091373,8573.398773443834,12.13890523214649,8575.771821896642
18714,8574.200574440612,8578.573272736672,14.03643651690679,8580.619631639896
17984,8576.222729018678,8580.311961832756,14.130379561672711,8582.263834514013
19454,9222.433634382996,9225.585967643494,14.819118281562773,9271.546391450462
19421,9457.279364055526,9461.546114321034,11.976720549358877,9464.014328278128
19464,9470.739739673107,9475.158110763457,11.62855096268636,9477.586128276005
19463,9559.385189727835,9563.459701438533,11.866060177126382,9565.86437984115
19481,9654.110196736705,9659.032769171165,10.73728377888265,9661.74891836253
19396,9727.551105288443,9731.030643600503,13.83480579001368,9733.058832815455
