3052,211.3500079941163,221.23581809427165,11.478411071896243,231.38578822432967
3016,292.2390114401567,300.1398579552038,14.795235324588692,308.33507868726633
2308,357.28765302283284,365.3725397724255,14.009516676263171,373.8039721256144
5350,486.8473965607641,496.3152825885129,12.507274869310807,505.7713643324023
3000,499.8304433233328,510.4909628279541,11.276026965800826,521.6533164143682
3007,624.9607781684147,634.5764457269624,12.870187766420996,644.1929806476141
3042,628.9964490430169,638.2923378039624,12.208456611887106,648.0324363843398
3071,630.9453273500426,640.3016059708824,12.638476919488975,650.1340858771264
2917,639.057761692426,650.3864553363433,10.294989142963797,691.5958369377776
3036,693.5229265224997,702.6016960898868,13.174254855951375,711.8481950348512
3021,786.239755868083,797.131541709144,10.088589885913112,829.5346754914169
3029,832.0064678136239,841.1102235317373,12.652820246400854,850.2204006956074
3028,903.3793921735197,913.4936860016944,12.625850895743891,922.3409345441236
2993,937.8784562756757,949.3004304222018,9.973397263473789,967.6548851720327
5335,969.0,980.3134020079467,11.017356290904388,990.843991577418
5219,972.1392708941406,982.149428364746,10.724119183796645,992.645984346564
5215,996.2870938206678,1005.1550078317392,13.118813479685794,1036.8467165719228
3061,1041.2223930927153,1051.2355547159857,11.463904069917549,1061.7361097786002
2267,1107.8524149143407,1118.1095872806181,11.821431825564531,1128.84169500385
2272,1144.269243669614,1153.0770132652353,13.245892471812049,1174.5076747302405
3074,1261.8375397260947,1270.4419117983082,12.600268735453499,1279.492402383735
3048,1333.7450766007248,1343.3547615705127,11.502000156025256,1372.0
5260,1337.9988422703373,1346.2595448011755,13.085645837647021,1381.4447370990347
2996,1385.5717762478864,1393.46409555571,15.305975809104712,1401.0001906991936
2266,1452.942506334111,1461.414018936046,15.049002881252294,1469.624453277651
3011,1457.0756538724843,1466.5145668179744,12.189604197307347,1476.2115751725123
3043,1555.4673147510516,1565.1032632249623,12.048139537007495,1591.2243136596423
2284,1601.931059767221,1611.5266537396703,11.54401442365166,1621.4768369934384
2260,1623.4602783836456,1633.1419689747809,12.351385592633193,1660.336402926148
2309,1635.4573535409615,1644.359165828175,14.838208448083575,1664.6768547583808
3001,1692.0452131142813,1702.5313609292834,10.703726853776491,1731.1420631489625
5355,1749.9032343440851,1758.346781879333,13.762663869213274,1795.416832189835
5237,1752.4014568874031,1761.2686632560524,13.381270231887504,1798.0701801341977
3049,1820.9557818822602,1830.5268176224815,11.78233454201587,1864.3666460206136
3062,1833.585944295845,1842.0682437804298,13.319867553975536,1870.6128237469493
2703,1871.287557664985,1880.5288900617938,12.225067152271949,1889.820499979525
5214,1873.2710418195788,1882.2665996075893,12.821156976588979,1891.5593109438162
8504,1884.0019288856004,1892.3362983640911,14.405727241036189,1901.0717935301407
5202,1935.849802855705,1944.3145271874453,14.338162388326843,1952.4303198461557
2645,1938.159119098519,1947.2939848707445,12.558707907261693,1956.6464811131661
5331,1953.9026999879102,1964.1720062240686,11.529982877772087,2002.8758676452292
2663,2007.2308137470109,2020.3611874151172,9.220580177017114,2029.3982089646624
3038,2073.5863418407985,2083.4140555966173,10.987433414842416,2093.5881721509704
7812,2082.8794924757804,2091.6135269367646,13.11015259992222,2100.816574595858
8525,2093.9907002732316,2103.3561546945994,12.097645072418487,2140.6079093084036
1531,2142.998514092266,2152.4223726518226,12.847036862853425,2162.0485446337557
7784,2149.0540646212803,2158.4495095200955,12.31698495212355,2168.397017990898
5230,2217.722096504289,2228.0369753903656,10.86988243952035,2239.0517487073203
8515,2293.8136501105223,2303.4998492809514,11.491521635779256,2313.458788187628
10729,2310.0843787890644,2319.4608455113803,12.315463766841155,2348.862634685547
10870,2349.608874144469,2359.116639041346,12.37856402673023,2368.8138977710955
7775,2352.078168496927,2364.24561206826,9.84628054275575,2376.776745410179
8456,2441.2205580542627,2450.3106582625114,12.058509656323203,2485.3325683560024
10861,2513.0699762067525,2522.267887296787,12.825688394121036,2535.0
8459,2522.687154345273,2531.6158602779624,13.068767190917466,2554.487007146407
7780,2556.8771651836564,2566.2728387283637,12.527513470904081,2575.6468329708277
8541,2582.2769335826188,2590.286242501684,14.355397611840807,2626.1624622524496
8524,2631.5689396964804,2641.611662518162,12.98827115310998,2651.991733706926
7020,2653.5105458046824,2663.3057858790394,11.82609086033017,2692.6255417231764
8425,2774.008686551763,2782.0740541660803,14.548321640994443,2790.6037366821884
8521,2832.94723509731,2842.137533510552,13.500620615320992,2851.035826958718
10793,2906.2490453056107,2916.4351086833144,11.66925956232993,2927.137123163127
8404,2910.029971336875,2918.545549158075,12.110401624213358,2929.026975329209
10805,2918.7534267457513,2928.2601607443985,11.439389134843303,2938.1537497734716
8477,2976.345655571088,2985.0306243695886,12.929326955981095,2994.736898641607
8548,3051.0995115838937,3061.385522083873,11.05874573415639,3072.249327754194
8493,3058.008076698632,3067.2460033400857,12.421805933726363,3106.5880935454175
8436,3316.044233852077,3326.4679085257344,11.073825098039897,3337.014453082916
8539,3337.007341123109,3347.2747984728635,10.759406894518584,3382.3736191123285
7756,3362.1770512410503,3371.114922948583,14.095037206103047,3387.4858137958736
7840,3371.9764927688816,3381.153039169068,12.604552802481171,3390.6360738891976
7887,3375.5917605985624,3384.558916050619,12.487762521720645,3393.877252162806
7101,3387.454266589202,3396.5484108996834,12.904923106648146,3405.755272410549
7762,3437.7067212668912,3445.448421292147,14.748954581360936,3457.23008472993
8476,3479.0042500772906,3488.4539466862143,12.426906462781366,3525.2440403038654
7759,3522.5226180233217,3533.2636562195294,10.884615103000431,3544.1180520859066
7041,3525.1465193820923,3535.1845832691392,11.287970707320001,3545.9714747120825
8545,3617.0340145929417,3626.5802440084517,12.097795495712539,3658.5973981350035
8522,3618.8507339184125,3628.385413207053,13.099237933088316,3661.1571068667936
7083,3650.642693683728,3661.098632691992,10.52199997203518,3672.0350483382485
10841,3661.1037243882206,3671.18135712454,11.627200301476758,3681.425373571905
13981,3746.6706735406165,3755.1191707046382,14.08271612966829,3763.8630922589227
10821,3867.467546438502,3876.212291525632,14.133009459472675,3884.7500919329473
8494,3904.678652041677,3913.558056671008,12.587523401509136,3934.391071084425
13983,3936.9240975813677,3946.4890531451993,12.82199181912791,3956.064958844667
8510,4005.597497968356,4017.0476706902346,9.439319777089105,4028.7871514143694
16332,4097.88070896928,4107.017250346075,12.328588357089322,4141.641214421345
14050,4151.62353393906,4161.192239596281,13.47897054855783,4170.004044344246
13264,4212.831893641262,4222.371006481628,11.749728541333278,4232.176805599888
8161,4242.589015100563,4251.072548307931,13.774191433736283,4279.461257929585
12602,4271.641800952865,4279.267138688819,14.746375670983033,4287.321487170936
14057,4281.807904881887,4291.45217578663,11.672347963429292,4301.347442095563
8546,4295.01938317871,4303.303419243694,14.317782391256342,4311.926916220115
8517,4299.075207552385,4307.28332453584,13.254590572864746,4316.006306518744
8446,4303.323519761169,4312.545139085941,12.067318893021806,4351.433461490716
12547,4340.654035966913,4351.467675907915,11.104629898267639,4362.702804847023
8564,4384.269337041542,4394.157650286058,11.729644901724528,4422.077734048976
12612,4452.063185559248,4460.309770590254,13.501269095033294,4486.339947953532
13312,4478.136553274962,4487.320407765556,12.632070815302525,4496.768624679651
12558,4495.221408829005,4505.502071789395,11.212284992201829,4516.116840596345
8501,4516.632820763917,4526.135873237316,12.545776142073887,4555.288561697676
13987,4560.255228548151,4569.196247414947,13.47687096471765,4578.242336534207
12557,4570.526773987037,4580.431812637129,11.14355271852083,4590.858509325571
13926,4585.23286616775,4594.391348145116,12.191784321460235,4624.353444070198
14055,4591.964821805188,4601.309278693396,12.269462467034762,4629.57733434788
13294,4604.076203057973,4613.353007782932,12.366923108271136,4634.666201224663
13255,4617.549266607847,4627.100055253574,11.79523707504841,4637.638670122685
16205,4632.747177130599,4643.284514050749,10.40037813244029,4654.321419168466
13282,4635.119010059879,4645.1947035596595,10.266142289859552,4656.271262458488
12600,4637.0670481037705,4647.019821172461,10.358692231491146,4658.241661773012
13326,4659.654341463692,4670.40640102673,10.887943760001331,4693.5075118278355
13270,4680.084656759812,4688.619515305876,13.98967771465124,4697.921587803703
13991,4695.572097338879,4705.447085730732,11.253200580661629,4715.4751096635555
8208,4697.615420008158,4707.510884060904,11.843354866978231,4717.978543737858
8495,4699.530075744547,4709.242785018087,11.142315693963793,4719.804978336495
13284,4752.680109386616,4761.30031951339,13.71296316517965,4771.833299382087
13996,4781.412068443813,4790.339054332915,12.150964490674877,4799.7392652019635
16220,4837.471715803547,4846.563477478785,13.158501037312526,4855.793914982264
12563,4902.684972005561,4911.391950721362,13.899215358076045,4919.791472920206
14006,4917.735706576476,4926.157515149586,13.424902747148323,4935.115851533713
13997,4972.0624314032875,4982.161070916586,11.738267760485956,4992.555468571492
16297,5045.2980219172205,5055.446119390218,10.442782359917546,5066.4040099227905
14040,5125.656904168051,5133.542022360006,14.368043278694067,5141.743139412221
13302,5138.700369234217,5149.154390588981,11.571638688165336,5176.686839354171
13339,5145.683366260747,5154.347963657375,12.526669970300027,5179.235294977348
14017,5190.672025577953,5199.2814978499255,12.834347172004062,5208.229543327271
16323,5247.579800445582,5256.436149896245,13.046769657283006,5265.2920955206355
16348,5249.496245145347,5259.497543539984,11.722887492419856,5270.130425057306
14012,5252.077534670663,5262.011621432482,11.913427239264122,5272.466224583688
16201,5318.874593538505,5329.480710922038,10.55156818991556,5340.468478606494
16219,5321.379344765883,5331.381271318055,12.216314579389662,5342.405192734287
16257,5323.290639232388,5333.1431695713645,11.710908188288784,5383.404603877176
16327,5325.081843913879,5335.118356202438,9.920543791440998,5389.662038021012
16373,5326.973611751283,5337.031641330586,11.247860707739452,5395.124868928389
13993,5387.8829596805945,5398.038774241138,10.853823435475753,5408.7025101003455
13335,5456.499015592095,5466.489202977005,11.037519017793691,5477.812857021928
13995,5479.67763071167,5488.569205628626,13.352896496172159,5502.0
16206,5486.594556098608,5496.134490074005,11.61036958174985,5521.468651531226
13967,5555.933779591467,5566.187172987897,10.542974761520595,5659.157295499706
13716,5592.777240339856,5602.533645108974,11.92354139832067,5664.17461996126
13722,5595.150819939369,5604.436727409425,12.227196974551982,5666.336489522685
13913,5610.157400808343,5618.634643834062,13.81288090542017,5668.122950163246
13731,5662.305437462885,5672.457056379147,11.359351308199333,5728.668891733924
16282,5681.5470338118175,5690.584069379954,12.38256607881181,5731.400803826705
12538,5737.549692914578,5745.417588828813,14.703409784541009,5753.73651203606
16283,5756.6198710102635,5766.231317842852,11.258145162897243,5800.141620027546
19498,5800.04582357574,5808.625021347411,14.807681360253621,5816.851660961928
16333,5810.6383625631215,5820.347798608854,11.077948758537676,5830.737291546155
12565,5814.462754943789,5824.181678476944,12.299950298635865,5834.389689764121
12574,5818.224333380025,5827.248074790406,12.526819384610638,5866.36953880511
13891,5823.46495222383,5833.352398563521,12.135492107127154,5868.96994797235
19553,5868.58832818321,5878.1609389478945,12.650940709866605,5887.628418804671
13260,5872.841081780035,5883.134811426387,10.782134053357957,5894.044368855675
16246,5880.069576477464,5889.222360604434,12.86610594709942,5898.881618234241
19493,5939.6120542622775,5949.477155869428,12.541918809524107,5958.917112791156
13976,5958.38861349062,5967.202495310602,12.58062045150266,6004.35736159873
13315,5986.566352290456,5996.343628785335,12.360621068811025,6009.01614923868
18830,5990.433814788429,5998.434440529471,13.82059001860081,6011.1574238636995
13986,6014.080363548341,6023.388355134932,12.752341778762622,6033.1186385358
14043,6028.202823515666,6039.442553057401,9.658053272150475,6073.584336394154
19477,6030.18952020457,6041.407178720322,10.088437173301957,6076.355842299962
18787,6076.063837012008,6086.397345192157,11.318986245107116,6097.313331863576
18813,6167.4565886492255,6175.4931443406795,13.824242795221855,6211.620265049773
19524,6213.998593870124,6222.350021566646,14.617136240174398,6230.321439069007
18080,6215.945470481138,6225.001013644116,13.471494888321121,6234.321942651431
19503,6218.006675506931,6227.363408729123,12.342157496572172,6237.010994875457
14062,6219.749236854326,6229.056641085169,11.95470103253249,6238.918285234159
18838,6284.767904571761,6295.161473821574,11.099505204616591,6305.710262991589
14010,6286.606754968212,6297.038688877601,10.998820235733092,6369.016307849069
13678,6351.904985272289,6361.298479385271,12.572950028514107,6493.381557786462
14053,6354.353323983017,6365.1670664915555,10.247363559726917,6496.4229944550925
21798,6356.28087099717,6367.151896867846,9.668498660529545,6625.499516748167
21840,6358.109444895233,6369.15035339526,10.278241824648461,6628.554796036394
14008,6360.075256609693,6371.078053395835,11.01898122509241,6630.806159300999
13645,6420.90301029245,6431.189612386959,10.7988036046497,6636.900215624429
13694,6429.245953625411,6442.062580825887,9.3451930505887,6642.521294451701
21743,6631.50502628029,6651.133605197722,7.731570572013061,6663.096723798152
18840,6633.240355085627,6653.1995203390425,9.615404621930331,6694.66922926185
19502,6635.387789672425,6655.067744023007,10.9122260999276,6697.458298716746
19548,6638.741119322914,6657.147483994157,11.045824185911192,6699.873858655438
19455,6641.001092899573,6659.1032065998525,9.431343182061763,6701.904257331246
21780,6642.779248834378,6661.003015066662,10.948946965808512,6704.092631695638
19559,6659.771466757599,6673.317530263673,8.869524724277264,6716.405054514693
19567,6661.979158893911,6675.425738952115,9.515063928622913,6718.43967114273
19525,6664.327120867931,6677.261293102202,9.649002316487488,6720.396152840261
14007,6701.209494682526,6717.192940665485,6.675492648037838,6730.243996130507
18780,6703.22300578059,6719.374010167864,8.698157808843964,6732.236999984349
18772,6731.114931787737,6740.243084045519,12.310494431711197,6869.824226121778
14003,6765.898872067686,6777.378670017234,9.63005370346667,6901.781097754462
21747,6767.909754881553,6779.389898723463,9.641417556175318,6904.23586121924
18031,6769.914158574822,6781.33134962757,10.876036380816878,6906.495908363535
21806,6771.822213009754,6783.111311939795,8.950200625692563,6970.853352242864
18828,6773.720167767109,6785.188219945983,10.515136826987112,6973.484120171359
18041,6834.386054655951,6843.111958686989,14.022252645671784,6977.704576593905
19521,6847.272497645438,6856.442446185359,12.425588292316434,6982.87859127163
18809,6850.216963235076,6859.56641233368,12.297325240380049,7047.581961824014
13709,7526.34528154603,7559.495254051102,11.498967969658779,7601.635804519827
18024,7575.845473187299,7585.443485465922,12.001039228885178,7607.061082499923
18765,7593.4584752347855,7603.050663982259,11.706418010513264,7612.878898791331
13920,7806.363349318455,7817.115973128313,12.016301904479224,7826.629955466704
13923,7808.337108414511,7819.16309493827,11.921418895930476,7829.425164535074
18046,7855.268552859765,7865.114809403086,11.041544658154152,8076.636511097731
18071,7859.05079351338,7869.391868395587,11.20127487665598,8104.019394597663
19425,8007.8631918611945,8016.242296998078,15.290976561387737,8106.237093573814
19570,8383.623195071514,8393.445708303303,11.414959112801261,8419.665529530786
19515,8421.866372816137,8430.25991099679,14.599986673047896,8438.65434835515
19512,8509.858932934656,8517.526760414958,14.669418403579348,8525.458846799944
19482,8559.918398416188,8570.00866823996,10.969539233132682,8580.404541069276
19488,8647.006883431699,8655.61289917192,13.563175658756961,8664.82419639015
19492,8721.658910785189,8732.21659715899,10.620544554158796,8764.597394181581
19489,8916.13265615106,8925.118111949709,13.336174334580754,8934.36025100088
19491,8981.135275384331,8990.060159200242,12.604980652199684,8999.388315069864
19546,9118.700522349303,9129.457718443908,10.116502495426937,9140.630498821542
19541,9387.957381903874,9397.390598502023,12.4263406507701,9406.86403476989
19564,9456.59418035507,9467.229097937596,10.935415342768431,9478.279813205756
