4580,103.58728692487055,106.46777392674646,12.73632068354673,112.17137105560117
4613,128.37634427751428,131.53430146505264,10.886138682117355,181.52841856984224
3935,141.29224376649663,144.26229258916035,13.451407851475633,186.3277927640826
4625,183.81904855398287,187.06226934502422,11.676028338997789,192.98489510844365
4573,193.60303060725295,196.5237082977108,11.541291411963195,202.3848780319842
4643,196.28722968122455,199.49507820979932,10.727881114209634,206.11005892689568
4624,198.11152946149025,201.36214795004875,10.775692247011253,208.09165475221582
3800,256.12215347930976,259.26011565085656,11.038134884460527,275.162958023459
4203,289.3453296741221,292.17485816337484,12.048802355914502,297.8274310604628
4615,291.45970224160664,294.2950141901885,12.454651968711627,299.8699862542642
4541,363.9989009375223,367.1937393456243,12.685327030020728,372.7940961574953
4252,366.19812176931725,369.1378661526018,12.82425242931116,377.0976550378592
3839,409.25133121846574,412.2842376714647,12.894736334060347,454.5849934807639
4672,462.21407075991704,465.1690957088097,12.132724392929445,471.1386093039838
4254,475.0733053955826,478.03907114304076,12.502184234546514,483.9466191512762
3892,499.2452463783044,502.14075119771036,13.7779369912452,541.842491231268
4586,553.3410292167433,556.2337888629928,11.880905380746134,562.0371748053834
4600,555.1433997614554,558.0022749638666,11.884410688402665,563.7968468103734
4200,570.9539288016047,574.1321662308416,11.24997352182096,631.4007784357615
3927,591.3262282778799,594.2644603913438,12.980905157774767,637.0609726112954
3926,593.2266985396961,596.0284615602982,12.54421800844658,639.376500129513
4215,633.7878064590798,637.1963753761892,10.93775676640662,643.5951852861704
4584,649.3986472140649,652.3676021637458,11.625185694694526,658.1825460857434
4521,651.9736905154138,655.1007250460258,11.430347769730389,661.4194979392257
4207,739.2015039408219,742.3252243634145,11.30916834303762,748.4500732174364
4681,814.0827330488247,817.2480593286615,13.7900907630552,822.5654619842487
4572,905.9479615985479,909.0900690710537,12.373893228842192,914.9002502567893
4547,917.064533763316,920.1983877026674,11.697669281168379,926.2804007455526
4264,928.064542151716,931.3233813069648,10.369858258485639,938.107020590724
3831,932.1325588793877,935.003998414618,12.672126843667,991.5909983247923
3895,953.1134415598546,956.1401414006787,10.970391619606874,994.6779113171883
3776,957.2605073760841,959.5929647416145,15.684910504898063,996.7103531371894
4551,994.5333367737519,997.4496223756406,13.071677477755212,1003.1917258211971
3975,1039.0636383567964,1042.1827961473891,11.712376236509543,1081.7712263356502
3783,1052.3527488989637,1055.275416926923,11.491373175163401,1084.4980112431472
4623,1083.9164979881634,1087.0563912006412,13.066458267687866,1092.2722129665694
4220,1104.5114080112617,1107.304904465998,12.724600725868873,1112.8427220743492
4642,1118.610415320527,1121.4166634765004,12.009924674988858,1171.3384208305042
4608,1185.7315732855784,1189.2901636993674,9.587388833418029,1196.801350189477
4651,1187.6536879985263,1191.214275922354,10.516578171052435,1199.0770977491864
4606,1189.5945003264767,1193.0851430172747,9.673213730074483,1201.3650297014526
3920,1221.070599517781,1224.0138714008015,12.314432255524466,1261.3600294484982
3951,1223.0009664518736,1226.2784241577754,11.314779597787005,1263.8450813687841
3874,1224.8418306756773,1228.105175166455,10.494744003933015,1265.9267302537637
3869,1297.454437981537,1300.5544694937928,11.60910241006253,1356.424029717202
3855,1299.4246233340987,1302.39760955702,10.515262287490893,1358.4473928321017
3891,1309.1951893496987,1312.2686924362736,13.646143144887908,1361.165423175239
3931,1311.2639888576737,1314.2302055821017,12.228430742809673,1363.3384804316686
3894,1362.783072826355,1366.0631777747435,12.29049623109673,1371.6382883378035
5273,1384.9986422713496,1388.509424338474,11.209430286041739,1441.3390885164674
3771,1387.1268303966249,1390.314084436222,12.411655100417338,1444.2300383845352
3830,1389.0565614148297,1392.133980111215,11.448118942090678,1446.4915772767663
4558,1447.5432072252074,1450.4985007397133,13.083172811060479,1455.903665503792
4603,1449.9875390123862,1453.0880686951664,11.571426079973005,1459.369019162804
4553,1465.430139916174,1468.4193958474762,14.390968690978513,1473.3252160200796
5225,1467.6764968466427,1470.5192781077574,13.358189337448769,1475.643347937729
4587,1469.641920196098,1472.5782750922067,12.176656000314795,1478.3138358759986
4662,1471.5401073793857,1474.3886791274545,12.779340793436702,1531.4598390322765
4687,1473.3912365431902,1476.1957726774863,11.93768565944165,1534.3294138074882
3924,1489.2192287765467,1492.2866382811706,12.640322174805757,1538.9442711769673
3857,1491.2423692048842,1494.1568331100218,13.103360986930914,1540.8146538093024
4562,1533.7866982458468,1537.2065310241774,11.57927390180437,1543.0972434314854
4527,1536.4257059126455,1539.5129282787514,12.478382256028574,1544.9853619883406
5209,1538.6713249937425,1541.4653655392058,12.947165009073613,1546.8033985547563
4658,1623.6430368748343,1627.1208933980063,10.407825838632158,1633.6095674091907
4678,1713.6034997766383,1717.1622909334073,9.9167192983093,1724.125400192513
4641,1715.985574885111,1719.2113083053268,9.495130511373455,1726.0196966853287
4188,1718.0429802890335,1721.2869757570115,11.286301833722126,1727.8285087741417
4650,1719.7176155192788,1723.0056865328813,9.905205326914793,1729.6583385624974
4550,1722.2768041774132,1725.2065061728497,11.909321342957728,1731.3446144542847
4663,1860.4255467543833,1863.248837010383,12.974112890681667,1898.8472388719147
3881,1759.0651890905147,1762.0636565138996,11.985455197970134,1801.7071223847338
3826,1851.2285489893006,1854.3431091591424,12.012933910810778,1894.0342795857523
4007,1857.7111902200643,1860.0692169245397,14.227848564267147,1896.6498444660374
3833,1866.1344373972004,1869.0221834722229,12.420998836472323,1900.736600530967
4217,1894.043427403714,1897.2956737475856,13.08871024135891,1904.4867633280348
4557,1896.1335858116224,1899.1871779047729,9.85020241001909,1906.3667911087316
2948,1913.1705451809687,1916.394215179835,11.45439313067677,1922.5993794811416
2710,1915.0574156226514,1918.1921947177423,10.721413610051902,1924.419569359701
5263,1921.4360027565028,1924.4792378903126,12.203832352556526,1984.2923790573443
4862,1926.7823142065947,1929.3866645615276,13.386249841660904,1988.78878809753
4534,1928.702108441437,1931.2341468636507,13.809619245056277,1990.7824428903346
9397,1939.1636449949956,1942.3266148268149,10.981546238269344,1992.6131377898198
9370,1941.5012688183624,1944.4147765466296,12.29849559837249,1994.4568776084022
10008,2003.5216957105404,2007.0659370156409,10.429358061071376,2013.9777569988569
9307,2008.334576283591,2011.2270428134686,11.573761810717224,2017.7272700547028
10086,2087.1847422671703,2090.0098269643213,12.652526638988823,2095.7509941366275
10150,2089.5591358285405,2092.4911863062166,11.42537826443617,2098.8716566994312
9366,2118.790545895557,2122.215937152233,10.840330459210554,2164.1042191546776
9309,2132.2144243678235,2135.0103326994736,12.319413672993326,2172.079318550961
9473,2209.13765999854,2212.1456227978265,12.097901795033753,2251.928108321081
9479,2211.379823607929,2214.5389866531373,11.919076305785923,2254.5933188395534
10054,2253.4803283943147,2256.598383382559,12.636247022336658,2262.134223652672
9437,2299.1373932674383,2302.166488212644,13.028064488886423,2341.7496098920715
9351,2301.127691172445,2304.4162974637907,10.307424439162991,2344.341587146532
10172,2345.3375698762325,2348.4678372342964,11.534692161900171,2357.5265843799316
9672,2356.1555963228516,2359.502423051035,11.40473973227257,2365.9432537732255
9740,2358.0492512737683,2361.397138623368,10.700384998773009,2367.6612132604414
10114,2362.3346188760647,2365.4695954447807,12.238378035137602,2371.6522557677436
9419,2391.210859047463,2394.5143097979917,10.462647034830265,2431.49582827802
9334,2393.150555558306,2396.397199991828,10.419031798256482,2434.373838740455
9379,2395.4412441011473,2398.540652245821,11.561026739788506,2436.809113984242
9318,2416.220444291765,2419.015584287558,12.990214879672962,2442.1395433288258
9320,2436.0992218090973,2439.002518005618,13.025832232682012,2446.432295138908
9358,2438.297328089702,2441.1241803178514,12.78390740905072,2448.3640796981813
9434,2440.234612358171,2443.01866806038,13.18585498462494,2450.1793877235286
9495,2443.99263655247,2447.1555076897434,11.005979692485077,2453.8553761464623
9677,2448.1410585487597,2451.442304854676,10.73606239648795,2458.0382008398733
10118,2450.0499143912816,2453.2949213637576,10.842906314746655,2459.9717076558973
10113,2456.136711189037,2459.089416348566,12.148780745576687,2465.0004236237905
10041,2464.815481467977,2468.208492248864,10.330800824451726,2521.4725447278256
9348,2469.231761468455,2472.18502280647,11.973518911303291,2524.529704333427
9709,2523.8630395783016,2527.0576702660032,13.123539106405001,2532.6017779035446
5275,2531.6944352750456,2534.578600369436,12.334067321450744,2540.562457608499
10779,2533.4689799788866,2536.4131333566665,10.644410852580283,2542.3538716704616
10723,2535.511106376895,2538.3151191374973,12.963148720093093,2544.0815905057916
10047,2544.3357950573277,2547.4566395158236,11.495667577059177,2553.8037055896502
9688,2546.157291386727,2549.2011181865355,10.72578294876304,2555.639673732996
10007,2548.219755362925,2551.1107331173775,11.375658539544276,2557.4912665127854
10081,2556.612780529271,2559.469002387248,12.213417592160393,2611.3726227306743
9422,2569.3156634116267,2572.418351604143,12.453666760191904,2614.0593859624373
9671,2613.3795560320837,2616.5195142383877,12.73330977498375,2622.0244453979576
9295,2615.673590284482,2618.5676458476887,13.020378782308166,2623.928391549363
10398,2621.8836497568664,2624.381241435187,15.008424472833774,2628.9313173527476
9667,2629.3392062748317,2632.378018822491,12.045298625390666,2638.527638283399
10154,2631.1414030118312,2634.170539658507,10.918076414435497,2640.372194641592
10088,2633.5136661254764,2637.102568203626,10.551226536319225,2643.8848983715684
9682,2703.864978369188,2707.1202991491527,13.715320987624963,2712.71017034017
10138,2827.0110447514976,2830.0620496934157,12.136828920394393,2882.0589449364124
9342,2839.1050415977365,2842.1242782259646,12.856223717436768,2884.6998536762876
9445,2841.1804855718733,2844.2704050306893,11.213255072080951,2887.1321172130324
10110,2896.4784081633898,2899.304477126435,12.556314031423113,2904.9005531899097
9723,2910.8037447245206,2913.556724244736,13.314519437872958,2919.09876579518
9382,2934.369514747298,2937.39229912464,11.775688236634263,2978.2150596636766
10156,2973.767973276703,2977.1290919098847,12.952905836228407,2984.325159592939
10137,2990.5392258627753,2993.4332740202162,12.893362042511438,2999.3556197481917
9361,3064.0372565411108,3067.36809093666,11.698643259023752,3073.156064824163
9385,3066.223795875537,3069.236562123882,12.212318245537137,3075.20525236673
10089,3073.532557002372,3076.49180592474,12.103989622448463,3082.425026873742
10060,3076.112698226387,3079.282143240199,10.483808393420063,3085.7650276764202
10853,3084.5623891987784,3088.146216504206,10.546157024673663,3095.1114069620667
9270,3086.446324457275,3090.0459452872624,9.941326014299062,3096.8924544987253
9327,3088.3320153916934,3092.0170139598263,11.06475501591952,3098.938027034307
9424,3095.6107877038626,3099.1798550512945,9.867361600502251,3154.663775915991
9265,3097.485504090843,3101.058899969581,10.307522744987633,3156.9142157073265
9329,3109.2382693885597,3112.429669817184,14.375081661871176,3160.821924951481
10803,3154.0561928045663,3157.36951286763,9.745482852885209,3166.329207567601
10777,3159.9476984468765,3163.1717887310824,9.08515861799945,3170.0363577830476
9730,3166.444153286131,3169.121106359055,13.622900761460546,3174.454239159884
10167,3170.2127591111357,3173.4039062978327,11.626260219113759,3179.563073588738
10711,3179.2645534870967,3182.210208265946,11.026146762310965,3241.6624158169097
10092,3181.0327312792615,3184.03909613517,11.44873541301663,3244.1455860112806
9403,3199.1294663650706,3202.137195016196,9.120153236396874,3256.473559372313
10854,3253.915912674799,3262.0892108123694,10.347472590466289,3272.715760411532
8503,3258.319282451768,3264.1147783527454,9.595539838546046,3275.4234896959942
8561,3261.490624520001,3266.1022826716708,9.579935514366223,3278.8150578194713
8414,3264.1130694215985,3268.063428883798,6.0686189469637855,3331.7566965458386
10080,3272.6184009225954,3279.292127271367,8.495836932564245,3341.4979551236265
10714,3275.1429407842475,3281.268610565727,8.870856989534868,3343.5872377725595
10061,3339.680036343339,3343.1130584771454,6.185871692416533,3351.175135807451
9306,3343.6265546886293,3348.0219820324232,8.035728270945544,3354.8505996724284
8214,3347.998163785525,3351.310515162571,10.35821366967042,3357.982264008864
9268,3445.8283446854434,3448.5130312171927,13.360965294719676,3453.903219644436
10131,3526.1529595121997,3529.1808903823403,11.376218397926685,3535.2646604236916
10141,3603.9012868008276,3607.003190440218,13.62269026971129,3612.3459995294743
10159,3615.5545513081706,3618.456876186844,12.552175553135662,3624.434548944044
10149,3626.219029218203,3629.2688973904123,11.833011272510666,3635.268486353285
10184,3631.4303065773156,3634.236331436415,12.466946798136645,3691.4135017506674
9373,3633.4518299340043,3636.0634382203866,13.099076159636994,3693.6943455242454
9260,3638.421987400619,3641.410851574538,12.061742013602643,3696.160361121161
9429,3651.286557602822,3654.2136980822233,13.702960151423076,3698.2447133721444
14887,3653.32297940323,3656.4050171847584,10.750059500516222,3700.107961932856
9281,3694.006095580054,3697.070305215488,12.814798969634047,3703.8921058977267
10810,3696.1382856645355,3699.2075476593072,11.084028046052545,3706.0282691398133
10855,3697.998023075883,3701.110491835674,10.390490579226183,3707.9705658012404
9314,3700.025735253394,3703.311581740374,10.611840275406195,3710.0771178344175
9761,3708.8367798191016,3711.564962685599,12.107209677548589,3717.4139662208704
9712,3717.3351183043255,3720.500225747894,11.072919414883811,3726.9952468783003
14991,3739.136284164192,3742.320690466013,11.9661439541314,3784.4240204907837
14895,3741.1500939915927,3744.119395961019,12.23094779131105,3787.005309408685
14939,3831.533054770591,3834.5059451352895,12.321320903933781,3874.3160640083433
14958,3833.7777494403667,3837.031180614891,10.29936010859694,3876.5094794852293
15654,3873.8637838715513,3877.028866941067,12.97933025658922,3882.427441385343
10806,3932.720777620527,3936.4341089141963,9.772046506776988,3973.212131971646
15189,3891.8802609845616,3894.307420327047,14.320516681521402,3899.201525643589
14868,3924.99797775241,3928.420302650299,10.417137569795447,3969.365271288099
14999,3930.7414389667642,3934.3919643409927,9.773005651659636,3971.3355289395
10726,3967.754034251851,3980.083947576329,8.780669585785896,3987.264044445203
15574,3974.906855849971,3982.0467740606164,10.487101155335237,3989.1095632415213
14967,4009.407094642756,4012.563629648911,12.770634555091696,4085.216875682059
14911,4011.5746453673014,4014.4704596371503,14.294127005653372,4088.331804888315
14763,4055.4258365863666,4058.2711072385023,13.49222202403331,4141.547202585123
8182,4057.3743841558476,4060.2202741526694,14.154136196675069,4144.210968062228
8442,4059.3008128422334,4062.266147825283,11.451896358501498,4146.547652155538
15633,4061.317426817674,4064.219939121432,9.784621225479842,4148.58411970644
10717,4063.020709338619,4066.2715954732444,8.161869255556196,4150.505355906648
16252,4171.696757817628,4175.209068491193,9.275627591493425,4238.2624075932
16273,4173.48049631801,4177.12355537452,8.870366325869062,4241.123558839603
14921,4188.795241363815,4191.579379550845,14.334034275871256,4245.473533260525
14798,4208.807406363065,4211.2247570688605,11.594258646167418,4249.313613625543
15639,4346.934983858279,4349.441318218001,14.30643102741988,4354.469461425
15631,4352.135795015786,4354.608033450135,14.003322030838689,4411.42398560149
15259,4413.784177774869,4417.116424300904,14.146065643973488,4422.273700361865
15626,4426.1897410072825,4429.252658347278,11.750138842209171,4435.502712684923
15572,4448.39728687438,4451.498301551253,12.14340510508642,4501.660256478155
15683,4504.0305370453025,4507.322549361799,11.900782903801554,4513.265698798912
15350,4535.874611304081,4538.561248425478,11.77884964815841,4596.495618226668
14818,4557.679572172707,4560.176738224943,13.316963808318716,4603.197600086624
14814,4570.875092797684,4573.528468825024,11.083417574592735,4606.965346039252
15267,4606.126353191964,4610.044120168014,11.163837150050126,4616.467013186863
15198,4616.234849100784,4619.401678645005,10.469976001725422,4625.985844636307
15533,4625.063607964053,4628.094203564941,11.577769584344413,4684.37533110797
15584,4630.090665346344,4633.414182939694,9.785773947273217,4688.8186926154285
14866,4638.859394835782,4642.127587607823,10.735668846008029,4690.965271996177
14793,4669.283708230301,4672.221774226928,12.169674172503719,4694.60103773836
15560,4694.89455004395,4698.180504944019,10.345028824468484,4704.688615153115
15529,4696.815514989991,4700.065279759887,10.258671661732441,4706.591525719057
15243,4698.74560722394,4702.070472402095,11.450245915300806,4708.481074931061
14952,4729.041049714839,4732.2983357660205,11.89180137210461,4771.583424539864
15651,4783.6235052553,4786.473906591308,12.658500445739357,4792.298057097808
15681,4785.378271558408,4788.23190790285,11.651788034315416,4794.164740574429
15597,4790.293929908727,4793.446488046086,10.8045242142721,4799.943118597006
16196,4792.161495066998,4795.295433880432,11.106429709936902,4801.818421658822
16259,4793.885631873139,4797.074062615101,11.315493420583062,4803.760077248322
16211,4799.009467220529,4801.0834993979315,17.192647166571298,4806.028495042142
15618,4803.041387341222,4806.097887549346,11.792196155387455,4861.792940359549
15550,4808.480600267119,4811.530939976413,12.400148460651994,4869.134178379339
15012,4849.3610989920635,4852.331520067666,9.147313772371435,4877.168095909194
10765,4893.708311773011,4896.454760234161,12.163708998839606,4951.3269851804835
15569,4895.471393943518,4898.231176487955,13.111513853061945,4954.266260038344
15665,4909.28795618969,4912.510648654961,11.516584233358353,4956.382370950618
14915,4911.158789762508,4914.3072710504275,11.097071444078631,4959.0382906117275
14837,4913.3850078953365,4916.34877418808,11.614657236652297,4960.948506553304
15260,4957.799076442943,4961.028113546803,11.1683894650263,4967.17993033399
15008,4988.527893830062,4991.3605067205335,12.99700940839525,5041.730186752586
14956,4998.992596904766,5002.10081424506,12.57673487658927,5044.593073185264
15605,5056.0537652524645,5059.266758601058,10.983054827334028,5065.478958159515
15624,5058.022512805612,5061.065799429872,11.329046826235112,5067.387266556113
15588,5074.755089916756,5078.095997347612,11.46703203643599,5131.792509704595
15616,5077.326610502724,5080.578122261292,11.905768989002977,5134.540778867859
16354,5133.843662661117,5137.139926814348,12.079024042098032,5142.949644622923
16302,5135.9450481913655,5139.015437794199,12.466353624010834,5144.657414426417
8496,5138.285127615244,5141.055570657781,12.620301471788698,5146.5506764407755
15543,5154.6724349086135,5157.544478977371,12.366804985694499,5163.21732267696
14780,5179.075490450942,5182.09645599356,12.78259309497075,5221.343529534731
14784,5181.462781102708,5184.173281497791,14.452956172970136,5223.949390920083
14927,5186.979632298362,5189.488095451357,14.444007931228512,5226.358001082177
15531,5225.73424033096,5228.583375776453,12.360230846168363,5234.241911635648
14989,5269.034524762028,5272.019772079952,11.61298381753614,5320.497874231068
14889,5271.281390452816,5274.094543619511,12.654568322256438,5322.794341898592
14878,5273.324949247417,5276.506160863932,11.354681183063667,5324.52432118551
14820,5298.929436899325,5303.112180191504,8.726025179927749,5327.306352212911
15555,5403.975969691122,5407.214769017755,13.373803178236138,5413.350112447116
15649,5413.232148026821,5416.004368612442,12.76749518311798,5425.300053821248
14901,5424.3033695902,5427.076477636049,12.248022195840667,5432.603735532994
14854,5451.182826417513,5454.282885202124,11.306253946047264,5493.9711399439375
15026,5453.074895603604,5456.197774019248,11.897348039835057,5496.034315354356
16340,5463.781300986613,5466.420692013336,14.246604413239314,5499.937235866995
16362,5468.067713182852,5471.339683871623,11.205245826334917,5501.986351251388
16324,5469.935763008976,5473.13439365173,10.56933956770009,5503.909677552343
15509,5495.8046754227325,5499.119428060062,6.202970009449186,5507.513558622812
15577,5498.204178847621,5502.135454787115,6.314916911209294,5510.094223397235
15433,5502.240152238944,5505.257143244925,10.001516804846633,5512.093934571316
15192,5505.2365360556805,5508.135553463187,11.994636285770047,5514.144227303398
14813,5507.946512688719,5511.026299858819,11.847059786539365,5517.171729691809
14795,5510.119297900557,5513.299569028682,10.851838027814443,5519.587684132103
20431,5538.728274855013,5542.030987846935,11.472735176255071,5582.002231348407
21085,5583.739815840135,5587.139422483314,11.337849747455719,5593.740184616235
15203,5589.834699380641,5593.0699376690545,11.655852576593233,5599.382278205574
21116,5609.320656610863,5612.497459214503,11.719356211999129,5618.705779223109
16268,5611.201305705863,5614.373556712823,12.182053568553012,5671.719673128614
20751,5613.008264993679,5616.189142072214,11.055401044544585,5676.228362496456
21114,5616.469752442886,5619.2042263344865,12.411083649053229,5679.235840697816
16199,5678.809012148593,5682.153692317488,10.745788257987748,5688.51348330604
16279,5692.352549250868,5695.471175440768,11.264174527875236,5701.755865319346
21169,5694.2103177361,5697.333894914715,12.832345144497209,5703.492721142407
21126,5695.952916554234,5699.056483781358,10.543217346201333,5705.221636596101
21181,5698.100302197555,5701.160222687974,10.959434807831999,5707.774175952814
21159,5700.0585249097385,5703.213908512268,11.134297248574553,5761.550277527651
20347,5723.046876072236,5726.234151721442,11.270013925532,5766.384266144716
21093,5853.33517048527,5856.559862325237,11.997138807141866,5862.650171835888
21148,5855.354301126671,5858.336919834311,11.928797707814116,5864.419697981674
16245,5857.425955871595,5860.328145191576,12.48402132469813,5866.183674230552
16200,5859.330093701558,5862.111825232057,13.45966325533333,5867.9982542161515
16208,5861.421155643127,5864.051903460698,12.212017548068319,5869.779576482201
20433,5899.317145043489,5902.537760258158,11.921907435154345,5941.899709379593
20439,5901.351653166991,5904.429961341348,11.06980221784491,5944.74565432961
20675,5968.562925763483,5971.532436988091,11.763199488911795,5977.731828601591
20696,5970.342365210548,5973.355157321143,11.244244151935137,6031.409099561494
20663,5978.793296547062,5981.61021075131,12.834806994440024,6036.326713735318
20425,5992.877566184646,5996.02075563819,11.031087668379097,6042.562712351629
20366,5996.775555996736,6000.121385990913,7.136757711210879,6046.230619493219
21077,6059.54733732458,6062.536961551451,11.653893713156975,6068.53428005733
20371,6077.766305929176,6080.567030121772,13.063178032107073,6121.439492982801
16242,6124.026844520336,6127.306709127981,13.333274567525933,6132.7779481430625
15907,6126.137586399218,6129.030733380567,12.684632998835692,6134.551454237581
20705,6134.39361242323,6137.511554471586,11.276900946125586,6145.051281769912
21019,6136.202986147201,6139.398647277275,10.268672741609496,6147.726884367172
21075,6143.53215079978,6146.107870433181,13.714384632621078,6151.336692400431
21124,6157.506933786469,6160.016519426016,14.91316335992827,6211.392746721614
20423,6170.980982491763,6174.0993095364065,11.519140111351135,6214.588715276772
20275,6180.447907531412,6183.2664991128995,12.93139083955974,6218.8697576320055
16232,6213.887940079877,6217.485861356895,10.11186044892722,6224.275879782422
21071,6238.236402305067,6241.1706466480755,12.148710829282798,6247.12585504189
20370,6259.3961972467,6262.511292813983,12.46392597422155,6306.076929568158
20327,6289.655409399581,6292.478672174407,12.216847720026799,6308.337791766022
20331,6294.85535198315,6297.556198747354,13.23916535118429,6310.521621731501
20286,6333.878608207232,6336.566072160167,12.68990936678808,6391.570106204293
20729,6393.585504674063,6397.359805119325,9.578673172880537,6405.09706042385
20692,6409.43737954243,6412.403981998537,12.528868390379461,6417.880513788604
20736,6412.485648893543,6415.313974141351,12.597359345113023,6420.998661133217
21087,6423.062529601282,6425.239054317729,15.278643378939073,6481.593987547805
21149,6483.512902934711,6487.367098043888,9.68710361247875,6494.627602550336
20753,6485.486270906972,6489.381290032571,9.269132769219539,6496.540407165612
21037,6487.532564658419,6491.2673311731005,9.967592704628741,6498.32072574607
20706,6514.701218045277,6517.354693087344,12.821749135254874,6574.088806303654
21105,6519.617933600091,6522.4778656983635,11.959064099461674,6577.267005018099
20339,6529.421199376237,6532.595679911874,13.41087125611655,6581.221255417135
20399,6531.373763708827,6534.370235831569,12.352225347355448,6583.619186259723
20386,6533.560598512046,6536.497679573936,11.731697875592822,6585.702651864794
21172,6574.0415999626175,6577.250872552465,12.2258111026259,6587.546040907574
20744,6588.060698892098,6591.119467637195,11.94680700362919,6597.2630663308855
20758,6600.644915345232,6603.0868435957655,14.471369193164012,6607.958347882386
20392,6625.863234672761,6629.058774019815,10.808383738513538,6670.8308835465095
20277,6663.881723316449,6667.049178267464,15.305088804266713,6672.819486456633
21839,6666.185713447051,6669.262454984321,12.986763875494201,6675.179773018255
21180,6670.352090609178,6673.153470991171,12.952889609845613,6678.890315408174
20410,6672.108580691349,6675.024994527717,12.545563596913185,6681.508726639635
21145,6679.509843140054,6682.355707254398,11.957973956966903,6689.205896049146
21168,6681.35349914571,6684.131970772698,11.425715348638521,6690.924858920847
21139,6687.153180486678,6690.383722663855,10.884982666486506,6696.884307621218
20342,6695.336509248432,6698.468868297982,9.42260745236503,6763.474858447138
20343,6697.219272757373,6700.375002748786,11.609207022573667,6765.659150306052
20684,6699.119396287834,6702.285803468383,10.529262374725757,6767.700668550774
20408,6711.140849036521,6714.03256500992,8.504513278718177,6771.4679752072
21089,6764.626199045078,6775.381906737519,8.11057513019784,6782.269542082716
21115,6776.834258893993,6781.509265064734,10.655868882063858,6841.766743719249
21133,6779.3921616026755,6783.365746343374,10.76950399039728,6844.64073719385
21859,6781.555990196648,6785.278112378236,11.879108113525247,6846.834647270573
21831,6783.705678924592,6787.360068357255,9.817812833634767,6848.668269976108
21171,6785.74823159134,6789.344821315608,10.19300515073555,6850.760157284139
20760,6787.720208230276,6791.30926194338,9.367266179416273,6853.223882689989
20739,6789.9563430285,6793.419010288445,9.599620245932234,6855.1154611840975
21841,6850.168635047683,6860.2277181237205,9.116249695927289,6873.34549133613
21425,6853.162744108015,6862.477348943463,10.698960636753323,6878.250379481961
20427,6859.407713465092,6864.3328449455275,12.5501916374795,6931.690927482195
18036,6862.489122283641,6866.173775579754,11.80703479090298,6947.260391677727
21041,6864.64552841126,6868.13432989112,8.665725991344232,6952.995279827716
21146,6866.577817500666,6870.27721720691,8.08839962416191,6955.653917008873
21112,7663.511176468758,7666.324966864479,11.810591996072398,7672.1066932734875
20723,7206.31953809308,7220.113646466291,9.371608730303452,7229.531387354594
21789,7542.731287025883,7545.104318480665,15.417207261851782,7561.459704036051
21102,7544.866155580033,7547.354900297672,13.899375939628108,7563.946092403936
21860,7852.986880394239,7856.16554816623,10.800642814554404,7862.667671754235
21347,7923.991114715458,7927.199752909078,13.89857106174233,7932.408634990031
21708,7926.044163490888,7929.11845851814,13.013131479241633,7934.44956432507
20718,7936.400538216453,7940.215253135608,9.435919294589493,7947.851753194745
14000,8023.07570235564,8025.474616434959,15.26563260371726,8030.272702850778
21754,8103.390660239941,8106.561623441414,13.634813916889831,8111.766800509201
21782,8105.334491073248,8108.489005717998,12.260803665432716,8114.46263863116
19544,8129.689814333988,8132.195513814246,13.778081438612517,8137.364443259158
19563,8197.448357823834,8200.440120741272,11.140375914792191,8206.553521779262
18056,8199.477062392663,8202.331140933768,11.601071111432509,8209.056609083482
