4580,131.22475387589108,135.52101601129831,12.760394734795476,184.24274311990325
4560,187.3477091097735,192.0533845962277,11.400447645553907,198.8451007876649
4573,256.5943626429209,261.0148689566862,12.669661364049599,271.01042487841175
3800,325.5138797835835,330.3429871841648,11.016889112952478,361.0989784459983
4203,327.4963816456112,332.2769058846253,10.816947298799839,363.85264873994043
3480,339.26894958043147,343.14357428099316,13.468847484995258,376.0625488331461
4002,394.8747536027953,400.3369561002561,10.333205528209746,451.18538620446014
3786,396.76751585509885,402.2982807264825,9.108277252089449,456.17116150936346
3837,398.7192424943962,404.4625667438881,10.030945597491044,465.0793064228527
3896,400.80787305193775,406.33136382190145,9.699275441780552,467.9523893174977
4541,402.8092641550732,408.35805115566757,8.65763387052676,470.03408420934005
4252,404.9181535600075,410.4379606814646,9.059590617626034,472.0930942913898
4520,406.8290861363557,412.3435780621218,8.987051494751677,473.9973123373678
4202,408.85976983815146,414.3572914327905,9.516849729227745,475.7383827175233
3850,472.5062971957322,477.2504658587091,7.186735690424966,484.8640283516536
4586,601.8882460706308,606.5237150999219,12.608861046091556,631.1856173002357
4600,603.8672404729714,608.2626892208672,11.908199593505087,636.1097412014755
3808,670.6773785543968,675.0512340445223,12.842183477097512,725.0535176179939
4521,682.5433629952422,687.3258924043844,11.140635643711974,751.124095401102
3429,739.4500524640423,744.1314756669682,11.57235862004244,754.2480950277393
2917,764.6565704467353,770.0812188779289,9.62640731542205,823.4002041807245
5218,790.3393699244124,794.4753258834945,12.811364298725078,826.219563693576
4207,808.489982960838,813.1593400702116,11.460077345512204,830.4580305425579
3775,810.648873106716,815.063499593727,12.05083723035869,832.4003877123137
4191,831.5431708690209,836.4543645788026,12.329474741759778,842.9466643006178
4227,835.8610829565152,840.3108322726255,13.081421787861299,846.4469357577244
4169,837.8278390844545,842.0903857812868,12.75323301161416,848.136119242605
4204,839.7397214840569,844.3028707639103,12.264671705279605,901.307650469863
5212,846.8368192768866,850.518972689599,15.326000547463345,906.4481567003729
4859,910.5765575849443,915.0710016726711,11.500842284336867,921.8733570508443
4233,916.8801290460159,921.3609792758228,11.56238208231991,928.1101184629811
4941,918.6229664563722,923.1175339346867,11.44829506518522,929.9521223859097
4572,950.0699540590431,954.5016774307855,11.35746373731677,991.3692308661465
3404,1017.8720568054174,1022.137706607235,12.953523366820686,1028.1753932117163
4552,1029.099150149486,1033.4326962912612,11.685072415337407,1086.5735591054702
4551,1030.9395919752214,1035.255500205551,11.684045725528664,1088.829268430238
3821,1088.8485407373403,1093.5237616894965,11.782341046575395,1102.0753391244568
3794,1090.7754174153163,1095.3733706560176,10.974608004734876,1110.0373070891635
4559,1155.472047963073,1159.302055028171,13.941568114104552,1171.3130391237153
4220,1157.8421505784459,1162.0364170335113,12.065620593760435,1174.293352486117
3825,1168.0685399148822,1172.2607758305983,12.035183007817897,1178.7645386645509
3446,1293.489283011882,1297.5558372420035,12.46068904812332,1309.3269864927606
3360,1295.32496713788,1299.4124666923851,13.533381782760388,1311.5758107395961
3836,1297.0569529378836,1301.5253858375288,11.88813012060039,1351.1491326606458
3920,1298.9190758478994,1303.3184233435945,11.210747381843786,1354.0473918546204
3385,1361.3343458854815,1366.4873652716492,10.553863809714525,1373.9677857235827
3372,1363.3084503444375,1368.3461617602952,11.049991719024465,1375.666996347975
4222,1365.137738607757,1370.206134469864,10.921635203744977,1377.5301040240124
4539,1367.0190023054954,1372.0912914609053,10.294279847019176,1379.3483800575493
3793,1368.8727190625796,1374.070771793832,10.382014221426966,1381.2098492837688
4533,1376.3124230739138,1381.0185149730896,10.742560729576118,1388.1143319351147
3894,1435.7261182505717,1440.4429927306135,12.286207397831024,1447.2689520307492
4543,1437.5312714987358,1442.1774575654174,11.396448473294956,1449.1461696811418
5273,1498.4888608917965,1503.018419318637,11.866833428953166,1531.4665267743674
3771,1500.6421614437938,1505.0078794225187,13.14164338101868,1534.1977986240822
4558,1504.4659766506122,1508.5773567871108,12.276479358364593,1540.2635369287666
4587,1512.5738638088312,1517.0693840299302,10.447560385867105,1556.1252739628826
3453,1514.4304887146661,1519.0122795335565,7.22264499273857,1558.0194261806284
5242,1570.1869644126532,1574.4360818388093,13.690662129439241,1628.3041559646194
5287,1572.0619275694369,1576.183589042111,12.907429277813813,1630.6636326612406
5271,1574.1643654255286,1578.461254633923,12.615672380482385,1633.2495460268296
4236,1575.9812394981948,1580.3040781698046,11.905535411692156,1635.1647015946485
4562,1577.961327878954,1582.4598552913174,11.942073637059417,1637.1949097127056
4527,1579.7515357562443,1584.2739635560572,12.755787794146618,1639.04547252863
5209,1581.6081867660446,1586.0370844386816,9.262753251250626,1640.9985025897486
5216,1583.7800452504684,1588.4659722538815,10.172883401589827,1642.9845480593983
3454,1642.6759590501654,1647.52362895143,10.667563874919022,1714.2888301810483
3406,1644.7535621493957,1649.400829778336,12.566236603569271,1716.5618794056086
3772,1646.4766926218656,1651.077681436108,10.532290812940747,1718.7150748240945
4571,1705.970346292989,1710.3285139000436,12.529302242478549,1722.3094076689727
4550,1776.5669076817042,1780.5873618636012,14.218308159260946,1804.0661072242792
3773,1789.105534898028,1793.262749478348,12.821297876724177,1806.3681580825319
3408,1912.617020798793,1917.057267352916,12.00335819528749,1923.4728684411925
4182,1916.4563386263262,1920.2141302836844,14.475003927318737,1925.7377355836481
3365,1918.7681826116607,1923.3726159257837,11.334420577393935,1981.180266583021
3827,1920.5920120794335,1925.241914561198,11.113290014557718,1984.0850604431503
5254,1922.936086275227,1928.4258166677494,9.680960928671093,1986.2730633005071
4913,1924.8936404865376,1930.4517356345768,9.5984629767391,1988.3386679718938
4599,1926.9201236248143,1932.3624648083614,11.662924242584921,1990.8140552058333
5228,1929.0130969809964,1934.194144451016,9.169102459541804,1992.7306558413206
3826,1983.6136653625704,1988.2008592335783,11.848501598311628,1994.8292006910228
4007,1985.8456706389647,1990.0723914126045,13.054008144766328,1996.6828353120463
4217,1991.1819015931203,1995.4993129042243,11.54657810816244,2002.3579754332181
4557,1992.9655561298366,1997.2871782299906,12.424654864698248,2004.48040021153
2710,1996.89490057919,2001.524491183395,11.640860757980404,2166.061325438626
8919,2052.670980169181,2057.4570012480594,11.388691394938318,2185.009421820866
5282,2054.807249074488,2059.3551686338783,11.293293711467163,2187.773318025597
5263,2056.906300934965,2061.328166195098,12.358438362080047,2192.0408726781
9672,2396.12518574525,2400.310837165777,14.284299915399801,2438.297728586088
9740,2398.04320182213,2402.028874391554,15.042170112304413,2440.8386698236563
8916,2466.152765960584,2470.3974718630143,12.670065240963412,2521.3413200788555
10044,2543.2402703550183,2548.3219316782975,9.91875129646423,2559.0551320197146
9677,2545.1554172738856,2550.318040415375,9.510083911108534,2611.1189942220026
9267,2602.7191569610827,2608.097417007331,10.015698141412608,2620.5288553454243
8910,2604.879625064084,2610.155236541396,9.342954336702732,2622.4516634994093
10041,2606.814183016716,2612.2238948038007,8.766989382964782,2624.3907416820425
9709,2609.8727798063924,2614.454394782781,11.507686350837046,2626.3935078292498
4867,2614.226117332815,2619.07787220268,5.6226678649123585,2630.415393551779
10030,2625.4604396088816,2630.2549899331816,13.108672757761028,2701.186472155656
9713,2627.5536566355977,2632.2551017532023,11.982820304754666,2704.3937916576674
10018,2629.8325210765242,2634.226075924352,11.669848674553851,2706.6817327190874
5265,2634.2683220548147,2638.306102897578,13.151576101978273,2708.994102973781
10779,2672.0472292839504,2676.5427353066243,13.04359007845316,2711.4508300272696
10723,2673.9746676343325,2678.231545602074,13.279768408777553,2720.0325025929546
10025,2676.0764293077214,2680.4824865076307,11.820519454850528,2723.2653371950246
10009,2678.0621942579573,2682.351592609065,11.49094439068639,2725.899464663367
10081,2740.7447803714435,2745.2607704123193,11.66592465908047,2793.625113656831
9711,2751.2271281603703,2755.522338019552,12.747023337064867,2811.284118878515
10021,2809.9977074544227,2814.378734334808,12.290239179264143,2820.7006138156607
10057,2811.884709287258,2816.1379339289097,13.019333148209412,2881.4505907956377
9682,2814.1612329651693,2818.2324664515477,13.249820659537459,2884.514195580898
9273,2817.895041275011,2822.435272072328,12.644562851294165,2889.1482494475845
9759,2819.833341868027,2824.2377739620965,12.040590007230156,2891.2171982508503
9723,2947.7605930869863,2952.1443652232947,13.10333887643379,2971.174134260382
9497,2950.938772508323,2956.0227016450353,10.947930274220976,2976.0626130867367
9707,3018.870882432362,3023.311738819832,11.873762805831632,3064.0567188763744
10089,3154.861349239462,3159.4036162700145,12.598684912094122,3166.1554452068017
9270,3158.726065667756,3163.51918773883,11.25955450212156,3173.032742955181
9327,3160.7186101543357,3165.385803069774,11.070622090365374,3185.9344732995264
8838,3162.564800651053,3167.270948382479,10.874563006780432,3241.0966189743676
10442,3227.6760168138644,3232.2550497855614,11.296422979587147,3243.7470104231666
10777,3229.613772435153,3234.0323589070344,11.321154633693341,3246.125853484627
10014,3234.407261917603,3240.0954578241676,9.041008066061591,3250.174674449707
8852,3236.4670078569984,3242.112564212813,9.855354466400374,3256.050399182852
10092,3294.799493593288,3299.4078740201853,10.956353057894972,3337.0767242140632
10031,3296.581248721497,3301.199572494352,12.333043209674752,3343.0291238952614
10739,3298.3860040341315,3303.03263709971,11.30313495253777,3349.051525525673
9679,3304.889702223763,3310.2520543163996,10.22195090819465,3365.301493067911
10091,3306.7875128228698,3312.226899375857,10.00657021046994,3368.0915634774387
9664,3308.7361689168692,3314.2010157193,7.976600915100482,3421.3137974126134
10045,3361.5695590099895,3365.3993020949797,15.54300832668604,3424.078205076271
10013,3432.981395505958,3440.038475689408,9.036379446666185,3514.099894397776
10061,3435.114944385316,3442.06765822266,8.463106838739062,3516.20515556761
10022,3437.104811448813,3444.227622572099,10.070363821205042,3518.52395764919
9306,3439.092160506719,3446.1333291951246,9.956944639298783,3520.4527832906865
8214,3441.351838393731,3448.115215190538,9.206905341294723,3522.205884905293
9073,3444.721125068122,3450.1352226906943,10.493807070254773,3523.9685749869896
8934,3446.8946947626437,3452.0303097024002,9.36652868254825,3526.0815384986895
8400,3576.8098454616725,3581.17298356542,11.837282180823248,3616.0435986136017
9314,3775.233393494947,3780.1951293751163,10.640189993224922,3787.802148236857
9657,3777.0303184787786,3782.0455009880952,10.09213696700421,3789.6844354411314
9274,3779.2652076674153,3784.0756471809223,9.96255286531486,3791.484140687681
9712,3781.644032733822,3786.4674886863154,10.607250438144966,3793.762427508905
14368,3913.4837872291423,3918.1166985858326,11.599925124589507,3961.147360878484
15528,3915.58919016148,3920.0078386553473,12.882763213262606,3963.595294989025
10773,3948.989203721131,3954.0057916980622,9.60599518573645,3971.855871765397
10727,3966.700252773394,3971.4254798660168,11.994713735971098,3978.3885228045147
14395,3983.179942621826,3987.5939713940043,12.399012283758605,3993.891579293089
10757,3991.0164709295964,3996.0043888151063,9.885949983613337,4056.0326174329552
14825,3994.87244623858,4000.0999872296493,10.948500585978003,4064.4775801500095
15591,4005.7847170338846,4011.042647447822,11.292474288351166,4068.9276726777275
14817,4051.4970774077037,4056.4277956050937,10.665139086418712,4087.230463584761
14785,4120.097674507002,4124.389249041476,12.568017623999502,4231.202650750143
14767,4122.135495152619,4126.300417994898,12.446310156578827,4243.087063648555
15540,4343.631279085561,4348.435886763422,11.727662446380124,4601.944126030208
15522,4467.41770140136,4471.531339609166,13.259098430549164,4611.45079091209
14774,4619.096517899798,4624.441199247534,9.652777399005867,4684.181235773897
14818,4678.624302624069,4682.564755899839,13.739729588418687,4688.871734390981
14814,4682.132880534734,4686.4761628047345,11.035360972145266,4693.07443118245
8418,4686.29989668477,4691.180598635583,11.098580444248848,4698.541819673183
16239,4688.11184986561,4693.098274546292,10.551007777572948,4700.426764116462
15596,4741.554812265451,4746.050964175401,11.574411747898893,4771.11394755972
16235,4747.468548939108,4751.485729102813,13.242597787923499,4774.081257391751
15261,4749.544585814003,4754.245671326259,11.508128742056964,4776.378245341086
15254,4751.5118825192,4756.098335708494,12.12593205074889,4778.551305126458
14357,4756.390457303334,4761.167947653089,11.11793542120167,4782.290674264747
15533,4816.546180083418,4821.13547837405,12.386689470377224,4870.650482653329
15584,4821.068168460035,4826.14976962666,10.423083210098062,4875.125320051377
14793,4822.98795084654,4828.039771565599,11.181479864284983,4877.1792893555385
15560,4824.952580223691,4830.077541512611,10.293045025575248,4879.136101848396
15243,4879.897016110276,4884.4950966687065,11.83830555809088,4891.033116605762
15214,4881.772880981525,4886.309221325469,12.749702274121686,4892.752340754223
10758,4883.623801578765,4888.33506810666,11.299277701932702,4895.407629453885
15554,4885.499454737003,4890.194332868049,11.270119308942277,4897.269778196671
15547,4887.524239553447,4892.418715864415,11.517783436072381,4951.42014008896
15597,4889.274573310551,4894.165633993892,10.551439228329098,4954.348921391361
16196,4891.172560606966,4896.041815581878,10.941202593662968,4958.035230037114
10760,4956.165505851437,4960.475398233924,11.43447801863078,4971.358454238143
15536,4958.0290548083985,4962.277782472021,10.38432210276042,4973.4106188716105
15550,4959.88941877994,4964.426350628399,10.331319614228454,4975.154629772038
15523,5023.930323093346,5028.500058383897,12.173305886775024,5046.2311436515065
14790,5025.850924442201,5030.459458116632,9.651254735516371,5048.45312214988
15516,5029.600513520062,5034.462029647968,11.569698800249459,5052.215102620524
15598,5031.430250113387,5036.408320010935,12.652986365215929,5054.029796514834
15004,5033.290860094095,5038.336532613211,10.575618418067945,5055.959574186914
14789,5086.652678156532,5091.006008193072,13.034669663902575,5131.157452105672
14462,5088.942624721093,5093.486681341272,11.283411626610208,5134.175899532352
15571,5090.806373067962,5095.34771655545,11.258874969968968,5136.564501933183
10765,5093.04386383103,5097.308030043387,12.316915635896434,5138.51305278568
15569,5095.234225948295,5099.259019211386,12.524363208322681,5140.525540407583
14773,5097.657946277049,5102.119008594654,12.097852865775991,5142.589338800277
15260,5099.648447223704,5104.26997328812,11.209055270803551,5144.525578681293
15565,5101.578506560877,5106.208429534237,10.765622860865486,5146.602414895912
15245,5155.869820240252,5160.435416251141,11.718997738132018,5166.962709554482
15510,5161.98076426985,5166.52259799586,11.232578606280303,5225.892319670357
15257,5163.7062887881975,5168.37338980507,11.860096368599631,5227.965320819576
14403,5166.011042938963,5171.319335867397,10.249192577109001,5230.058661897802
14802,5167.9429542950875,5173.179883380354,9.571520912288564,5232.225665724241
14994,5169.918861081126,5175.186336895462,10.037600604302781,5234.092592065114
14998,5171.93198322769,5177.3201603662565,9.736017016160991,5236.150318022918
15588,5224.451344761235,5229.015518221142,10.503786182541749,5238.102778271829
15543,5226.706647297415,5231.078603096514,9.212877866937434,5239.960061356257
14784,5296.237284149037,5300.194594320819,14.526294698119568,5314.075924692748
15171,5298.662506440407,5303.122332586454,12.195496249538817,5316.286589459119
15236,5362.596608781959,5368.128783248826,9.760598873615319,5401.182265222381
15249,5364.735328275447,5370.115702672862,9.3659240137373,5404.023705710374
15168,5366.618500678314,5372.081144932806,9.738684952581004,5406.501457311399
15511,5368.582549887813,5374.064092233956,9.496102287886643,5408.543367189294
14816,5438.06834081274,5442.494143347467,11.715587977300673,5491.2655075525345
15555,5441.675082469034,5445.441205151912,13.92220952819404,5494.054008423064
15232,5479.349550011565,5483.447344844969,13.470141812245268,5498.521718215167
16254,5487.403088219337,5491.560209421188,13.588372795248462,5500.272888304814
14336,5503.274175435885,5508.2495557025595,10.322740267344809,5515.678390454692
15646,5506.747410908108,5511.433994633753,11.604892795232885,5518.149065484489
15212,5514.654350643316,5519.344506301573,11.656921643659164,5526.406654731971
15181,5516.504717408484,5521.084140861637,10.785452958176716,5528.228667410102
15585,5523.017599942706,5528.090717378191,11.827364796776804,5581.206329022273
15582,5569.839217489439,5574.461894857527,11.430947702254889,5583.897804707877
15509,5575.699736986394,5579.591748552545,13.589632909144312,5588.08431227427
15192,5580.967350424565,5585.2109290866365,11.36232009139624,5592.69482553848
21085,5640.266684572918,5645.184239165301,10.629920233668257,5671.477549375416
15545,5642.520976390312,5647.147775611237,10.985066153684445,5674.281439675645
15513,5644.567385040325,5649.088845734073,11.398027783729804,5676.953036705114
15203,5646.389334374137,5651.196933502625,10.926442489219665,5678.7921755520065
16213,5648.342096581913,5653.105892576637,12.29868228273423,5680.785306934598
16255,5654.3206842413265,5659.106263378109,9.794921370991721,5686.719450368839
20310,5715.633200926069,5720.339930048305,11.506293017602072,5861.010546882053
20270,5717.4564308216495,5722.177611205323,10.919711470943607,5871.981018882066
15662,5730.036143885083,5735.216031367443,6.526049486112523,5941.485347448194
20696,6190.24340811911,6228.123549930146,7.292958994930157,6670.189778341177
20354,6952.272826721668,6956.06315782806,16.268764747140427,6961.1057427095775
20277,6955.691079538421,6959.2544109245,15.409925646648047,6964.466054499193
20411,6961.359512400551,6965.500723041435,12.81241997403563,7028.935505575471
19945,6965.148539552761,6969.47839845507,12.762286227180414,7039.121404851581
20693,7018.864071959294,7023.5462376180285,11.99967975005767,7045.050081272415
20684,7024.869465155861,7028.503627671825,15.362992324529735,7050.059733489804
21089,7034.0258909727645,7038.526042834383,12.37410656666468,7132.0637724863545
21425,7091.531082812024,7095.517025124996,13.836221569399262,7501.424884597392
19962,7093.303833392474,7097.372778411999,11.387700459405112,7504.376966467308
21041,7095.30136776933,7100.377403795777,9.007062873902752,7561.204178605731
21074,7915.521634214111,7920.387708556083,10.776371418734499,7927.520694818138
21729,7917.744481471565,7922.323080106138,11.670899330737818,7929.366168337096
21375,7919.4428761342315,7924.151402047678,11.298582288525928,7931.204365012262
21404,7921.68559596182,7926.408557733718,11.44768949808632,7933.478902016608
21383,7923.513333355529,7928.2684350463705,11.17574000078023,7935.350602306186
21773,7925.344242804074,7930.185349575742,12.389918527305861,7937.201058389035
21347,7985.107913358845,7989.369011331707,13.777193771796613,8011.43695589505
21708,7987.092878437493,7991.155675287705,13.017073020871335,8014.082641522033
21382,7989.017462567648,7993.098373101269,13.460564220921675,8016.342744192335
