1534,111.3933302933856,120.52336116426025,11.766929658053147,127.86898273167913
2241,113.20555738114557,122.37741923793911,11.677219247113177,129.58321673530867
2345,204.82981429068073,213.2841662246999,12.8488753999526,241.75461323675916
1701,364.93216215249527,372.5138908550182,15.151230176986214,378.39155569665127
1795,382.44913245575736,392.0108000299702,11.034725844138466,426.8673332164375
1740,388.1082558980328,396.1973951851856,14.612770299422971,429.56417914908957
1717,485.3886058045881,493.296534972942,14.278587029384434,499.2362522820877
1798,550.6969288006419,559.3946210247105,12.578869921189504,569.0
1482,559.0222346134545,568.0731978199109,12.661144975369352,601.5264904786425
2186,838.9406636614018,846.5899937272967,12.504633686739794,854.6576470989561
2326,864.8579164801582,872.235145270111,14.578781772949252,902.3417376289789
1765,905.2923023630276,915.2626845532671,11.378588236649382,922.7857259400175
1681,908.7122964553782,917.2358558363743,12.307593617890555,924.4668213461333
2516,1328.814541740671,1336.2401434609812,15.267919362840832,1341.8314594283734
1508,1721.8517747630654,1730.5283030296343,12.475342248174169,1741.5323831214666
1214,1808.4701252992331,1820.2542494353975,9.468763466974002,1861.4259475505953
2158,1819.6872458960136,1829.1094127749625,10.979171994490555,1864.3642440343203
1687,1897.0104562599834,1906.1821374845213,11.765579391098601,1921.5377591380934
1157,1974.1288691580476,1983.5617791570883,11.977644805970797,1991.142183321245
8024,2000.572022073384,2009.305841562383,8.921114299577535,2041.384625133011
6936,2074.8767952203525,2084.0180847862234,11.773311860526267,2103.0
7892,2135.7657173690523,2144.387361506851,9.361738236568664,2291.745249905687
7322,2546.854230165214,2555.57872710632,12.317887771506488,2584.565950537579
7164,2713.2556671622247,2723.1269076735175,11.854585267635246,2764.340048356903
7258,2721.9945685042876,2731.22880302717,12.445850256773866,2778.2302047904886
7205,2729.7722555764176,2742.0184146025085,8.330780255716393,2783.041622434778
7280,2733.989370854187,2747.1958812253024,8.793063768393502,2833.5797343474787
7976,2736.083036124036,2749.1967417470732,7.842068915748028,2836.298157160654
7323,2738.1659296972257,2751.373088153923,8.574089196924163,2838.8715031146694
6957,2977.3183790422836,2986.317774309546,13.800384584259422,3003.669655388419
6977,3157.526898710332,3167.2720866008963,11.80326186675763,3181.9269293614334
6711,3161.2515733731184,3170.2358767956803,13.001059501390333,3184.38574005968
12644,3968.05651079152,3979.151790477689,9.758821009115541,4022.456661150182
12680,4164.930319585509,4172.319197274229,14.926453634789192,4203.395841045461
13282,4192.617930904912,4201.23971926844,8.442708716215499,4278.286072268616
12643,4575.117928108086,4877.180780979639,13.401451701325845,4883.51801827322
13400,4766.129755342131,4907.219909830642,11.720606342138476,4921.350277690992
13473,4955.400093315036,4963.506792744563,13.395118649192982,4981.666410040863
12511,4982.372880129135,4991.372329084585,12.948926392553492,4998.149021808429
13217,5008.142201168913,5016.1880714578865,12.993175077452666,5057.55543418172
13306,5011.695577152971,5020.515363794191,11.84184896910352,5103.671403110883
12595,5050.986314338242,5061.420773911649,10.417379215379672,5161.543959414306
13318,5071.080874610453,5080.521508243336,11.192207019506473,5169.849858491708
12538,5084.552346886663,5092.3752448242185,14.559572555044655,5223.127430814742
12753,5139.134110513292,5246.069491649858,8.637806241920105,5353.5775422368115
12751,5144.474331827572,5248.144349849004,6.478484454429893,5356.29836646248
12533,5423.405775489401,5602.265109136639,9.499665526740452,5703.30461212543
17986,5858.217241143821,5896.189888380946,10.667978727925078,5902.63496549865
17940,5884.185019354987,5890.667335318374,16.70988117210823,5895.9805879419255
18713,5905.878094494418,5913.257572819444,14.468352174662662,5943.7516471718145
17207,6629.0,6639.48552086431,10.406407274265954,6666.979982840072
18932,6637.606716507282,6646.501507155464,12.314587429946005,6668.923259754799
19027,6644.592168620488,6653.183780010745,12.555454686301344,6721.454999293876
18279,6650.889201896423,6659.270129023614,13.359021370777121,6723.9502522363355
18072,6665.063852097914,6673.49090396941,12.620541629441812,6726.790058991592
18070,6667.207143771964,6675.507204577078,13.412843497333832,6728.944539772521
18056,6669.008942529304,6677.252361674723,13.558926367169247,6731.371444755752
18132,6670.721070655353,6679.309481547567,13.130009648386018,6734.643779372099
18823,6672.6577955781495,6681.059053625859,12.067845963544453,6793.536383646664
18196,6674.744084019619,6685.029823762543,9.97235630268843,6796.206337748123
18788,6676.6002830532125,6687.012557620675,10.180224478922838,6798.5974248312
