2265,154.58769722927482,164.20382169385275,12.121437688623773,181.38337933444697
2397,163.55701582134012,173.52481909449884,11.751794827383401,184.04624257836508
2317,331.2422085142884,341.3969372454874,12.553787621681716,361.6358859815316
2374,333.1391163112491,343.1772547050923,12.554888317213333,364.29416368058673
4950,400.2632606942513,409.2575054971444,15.709133557974896,451.36432819134296
2681,416.50633830667357,429.01227854331074,9.045269476583973,472.3045129163192
2986,418.483146312466,431.01798537228177,9.822081598009742,475.3508886800042
2175,422.2030648085092,433.042815449013,9.762673226937919,477.59033560235497
1666,489.888768474396,500.1353798976053,11.067720649445844,552.523361635639
2688,507.36173022946497,517.2417882751037,12.354050596757466,556.2977579519661
2935,509.50459620296783,519.0238870764313,13.367105482952606,557.9307644074811
2678,511.4491273050937,521.059646408046,9.747312170765122,559.7943126015298
2350,588.3828110215136,598.2759910981866,12.71247299650746,642.404008491338
1638,600.3950654322772,610.3077366608283,12.09125533980394,644.211808051146
2259,605.7649287952543,615.0455327727713,13.33592439659629,645.9926695226364
2365,786.2532701446618,796.2253190600976,11.922926082896398,814.4355197721644
4849,798.9033921312547,807.559432617209,15.597329696929744,816.5403141449353
2336,849.128218099072,860.1930041264465,10.985335032395483,903.738371883591
2290,929.617301604403,939.2849527834576,12.128162511937662,991.7202413060879
2343,931.4511402558054,941.0106429318608,11.515588388791459,994.234998207791
2913,937.9291526979124,947.3676124303757,12.956934269782883,996.6944585246683
2949,941.5997737704007,951.4769501454995,11.35277829973698,1000.8939461290138
2285,960.9154504650691,971.5320651798082,11.934234453984876,1002.8242266047167
2324,963.1122793142223,974.1639464982401,11.520356413754186,1004.5411064016005
4897,979.6164648425356,990.269790025845,12.734714381191813,1006.7472083317743
4163,991.7319394609444,1001.3830793039809,13.14859941898211,1010.3025957696884
4898,1004.1916612296393,1013.5279464747915,13.203249758277657,1020.7505580770331
2187,1018.0146525168461,1027.1119675461011,13.54282377005833,1087.5252390741207
2297,1023.9921214206303,1034.3768297420297,12.412191702564343,1090.0735232032614
4525,1063.488364715694,1073.4506194057496,12.495352278633023,1094.224013750349
5199,1068.4333654379516,1077.2547746661867,14.360392553821253,1096.2545582001023
2245,1107.2665025596689,1118.4393004281396,11.616213852473281,1171.3796724597432
1536,1115.188703625875,1124.4437800950745,13.482994692489692,1176.2726738694678
1654,1117.1148334341012,1126.602139984215,13.133266360278189,1178.673121511704
2332,1118.9098918204115,1128.3431781394809,13.049406961339756,1180.4862414357967
5253,1158.634633338568,1169.3644670296605,11.660154801364504,1182.3042245684178
5286,1160.6280848126896,1171.269660377603,10.829189067314715,1184.2080793792072
2909,1170.1278160634708,1179.0768209585985,12.954062212108292,1188.0156648860116
2307,1202.9803140198253,1213.4952306149578,12.241196749689,1261.5059773868097
2409,1219.1749905773763,1229.4678953505086,12.148382344860183,1270.804876538856
2352,1227.9008859876499,1239.4589568461975,9.859276574719713,1276.553132064038
4187,1238.5163754814257,1249.041881857433,11.869366039234025,1280.5070521986738
1714,1243.1756468090546,1253.3933951043452,11.237514057621285,1289.4289656577698
4890,1246.236350250931,1256.0944662026197,5.985620767493703,1292.1170634303596
4866,1261.0681977184286,1280.1693717517471,6.751092605188932,1298.2921912655388
1615,1290.9560353869645,1308.3261749346661,7.7088042863187445,1448.5476720473484
2978,1350.636401084932,1461.0063047283438,7.05660915519903,1534.142680495749
1633,1353.9969898278039,1463.315359141399,7.9269970267501755,1536.6423070229678
1530,1358.8311907074462,1467.4530446879714,11.41561888284807,1542.6062856034898
2263,1377.2161049320946,1471.4227788254461,9.309910329311743,1549.92987509466
2333,1577.7231563479493,1586.4047136191646,13.837819368407628,1730.784546755673
2292,1725.7410768852287,1735.0060409033888,12.3085292247775,1742.5462562454234
2401,1807.6753690508988,1816.607495939077,14.266418683786624,1823.358673210453
2932,1815.778654989752,1826.206403209163,12.01715374000154,1834.3340301636288
4164,1867.0391529557896,1876.4462303824444,13.216154405321117,1894.1155158083645
2338,1906.4821329150172,1917.4336118192477,11.658070433450861,1925.8883251534633
2337,1910.8549787305703,1920.507764193738,12.136665144378576,1928.0343578110019
2412,1917.0678967012643,1929.2769939772331,10.539373162741533,1981.464657974453
4921,1948.1872324906928,1956.602057002026,14.264323328884538,1987.0258981169063
4884,1949.9325089550075,1959.5888032515606,12.852900031721168,1989.1405841819053
2508,1988.8396852364012,1998.0293350987818,13.530085914075562,2004.9877100553463
1022,2115.0835299160262,2125.142673659727,12.065908937267343,2161.591126792425
389,2117.2773990148485,2127.208036828214,12.365652065515167,2166.786429123261
1046,2131.1692784413544,2141.438284421877,13.55462170950573,2172.5641958000533
10395,2133.435983687721,2143.213978024268,13.328595735104143,2175.6924970537893
10435,2139.839394100297,2148.5762331700676,15.540137133105095,2178.1122239344963
10764,2148.079163789167,2157.030753783384,13.575103167463071,2180.2083014221457
3070,2151.2390605217365,2161.1179080325683,12.888443442470626,2182.180577427612
7869,2163.51763795489,2174.3180071956754,11.499355955339736,2184.103272813347
7998,2181.8936836280823,2191.025286780206,14.043823699489998,2197.730789756177
7992,2190.1227656097653,2199.2940317467783,13.892985866221784,2251.36518847021
2916,2195.923224277263,2206.210316108399,12.427596872002697,2253.9970977465528
7983,2203.178009676204,2213.121716428336,12.726618058609644,2274.0560876711697
7273,2205.2161480546347,2216.386042070777,10.45413703467259,2277.320245150114
7289,2207.477306629785,2218.283851300778,10.545373560271914,2281.0093396598186
7802,2260.4535440686454,2270.4773898255125,12.145010929311132,2352.798449656644
7830,2272.524305953244,2283.399516143514,10.677195154633106,2357.7089853173425
7783,2285.441599239936,2295.1439701514314,13.415982169767304,2361.8064056972526
7262,2335.6818729737865,2346.1865874018386,12.014779246093218,2364.4317785617673
7859,2342.2295865873793,2353.149166023874,11.38204239395512,2431.2985021939744
7832,2348.1331963324337,2359.1787858250623,11.282686763306558,2435.946064396536
7905,2352.2234994596083,2361.2471625243315,12.388880389784784,2441.059437944408
7816,2353.9402544367285,2363.0466648322495,13.25907830679423,2444.8370365048
2964,2426.7770179676277,2436.47024634926,13.528332223898515,2553.2994093005836
7069,2471.7188194370815,2481.054094851478,13.429704156222172,2555.593272351354
10875,2563.4565634559403,2572.1789496267293,13.62385996077997,2619.437519658396
1109,2589.7079714684023,2599.242378236286,13.004101405834135,2628.7399038569547
7828,2602.473813110904,2613.0943852500873,11.440947378662413,2631.929963335681
10862,2649.293691705114,2660.138439000911,11.238222401399895,2701.2906507195767
10713,2675.425715273252,2684.4985892671984,13.773546125887046,2710.255700144827
7792,2694.1604230261783,2707.117612009554,9.844919330242286,2717.108623928879
7761,2702.6596367394077,2716.3639929159217,8.587862505778373,2727.2531945701962
7770,2705.012607937051,2718.4390794183305,9.00864232044219,2729.260018423833
10042,2754.0171613512534,2761.663468254408,15.703913332832185,2794.1045711159777
7813,2757.1412441211596,2766.2582910433403,12.757916161226756,2796.253731294385
7056,2780.09018079055,2788.6154272043664,15.181510634499361,2800.3441603980186
7136,2786.2944210185497,2796.122190473732,13.761684113641103,2803.2712341560823
7881,2792.9795637872207,2803.4001894653616,10.895901175755174,2811.638411382451
8220,2829.620278280386,2840.036108548148,11.012396255829799,2886.72376466109
7047,2844.34958530054,2854.0648406015544,13.707717378472132,2913.5187973579364
8144,2863.6437877478597,2873.5472385430335,12.925792892979088,2915.681352885346
10740,2880.7376359581717,2890.29426904971,13.804857894776683,2974.528500887814
7063,2896.9011105023114,2907.252032815071,11.845683309775003,3004.0747354163404
7054,2899.0911003940773,2909.0313310941337,11.89468793146384,3006.6465372646344
8149,2976.0806554777273,2984.4850815203986,15.246193694392915,3061.458174048606
5995,3005.154555722531,3015.197506029064,11.987101774125176,3177.4298328228756
6549,3007.1362637035077,3017.0061206585,12.525329326831233,3179.988194410216
8163,3207.201284931762,3348.0452514128124,5.381048797859101,3432.250991763704
7893,3480.8048267545723,3491.0610089842394,12.398722273220718,3606.992198837408
7821,3573.7998035541164,3583.359251689332,12.972233114152704,3611.059389549052
7208,3623.6388493909294,3635.506500507055,10.168438768978115,3696.451309702184
7158,3627.1413442984663,3637.4253904452357,11.22774460491816,3698.7500045314596
7854,3684.9518464585126,3693.5052770718207,14.61477273594421,3700.990347420889
7894,3690.745752935186,3700.465628644599,12.90833612601467,3708.2842704290088
10419,3721.535591958933,3730.465297194103,13.668388357318642,3781.7930727618286
7912,3753.078910444765,3763.3303183475796,12.055909657781305,3790.6545828383105
7843,3755.23256691142,3765.079098571898,12.152676523274737,3792.7787699947935
13265,3765.7813062005157,3775.039815558687,13.105368956859147,3794.463050961681
12766,3966.1250985326933,3975.467406733866,13.214290002048266,4066.334884822183
12804,3968.1811286073316,3978.386691265234,12.312622852817602,4069.00752873399
15256,3970.0631580138747,3980.1536736068997,11.27141351812305,4071.3990768284284
7245,3973.076631058344,3983.011863735149,12.538476173821694,4073.4715055601127
6005,3975.271111707931,3985.4199346080304,11.757916794836351,4075.7640293226086
13442,3977.2199568190485,3987.250090668689,12.811571309528508,4078.010130618843
12597,3979.50417879953,3989.57120541815,11.982179876309111,4080.1335338728536
13336,4023.9551872098423,4100.0497460930965,5.359676347316799,4162.724658739781
5927,4085.7961474325352,4164.033926969727,8.391550785870669,4242.879762645542
15910,4090.3456591925656,4166.142748984212,10.727572000560915,4248.298481559638
12737,4111.290129368451,4170.116706809068,11.467930147240828,4342.406851063953
12676,4113.88058452497,4172.122608473891,10.429225794425635,4346.03736479689
12789,4115.782928507811,4174.0396521870425,10.426727807762207,4354.558739836756
13388,4557.805940068314,4567.581493314979,13.055407609310198,4591.323079580567
8435,4597.277228459648,4607.03095215735,11.674981895834199,4616.5760726016115
13970,4646.321485790808,4657.124694057197,11.373463143277384,4681.444702454395
8141,4669.4609540255315,4678.426168612582,13.90209402745499,4688.871936457087
15169,4691.708458615724,4701.215021684772,12.558875213699201,4709.796685691998
15895,4762.047078453918,4773.4940174097865,10.691226512784587,4782.14087890255
15880,4767.499265661867,4777.026800909377,13.776198063653384,4800.674500730922
15921,4783.028577013548,4793.524235682447,11.433564023707774,4805.664098386833
12577,4832.401077853278,4842.098825199234,12.636179143182556,4862.365437606561
16238,4855.081638086026,4864.182515894481,13.226295616508766,4871.31326575505
13262,4894.860085300356,4903.534749256822,13.406849883957687,4964.35940936444
13359,4896.834311006659,4906.409698395792,12.500390011096398,4967.009220236751
13272,4898.937806434244,4910.329233547231,10.928683337892249,4969.21748894825
13319,4903.547442563644,4913.03160073848,13.1639362094677,4971.935023762506
8216,4911.098266052872,4922.4903151144035,10.649877338290041,4980.065403403025
8158,4912.903754871413,4924.37644434543,11.121627959119627,4981.902189964606
12658,4914.721206962798,4926.200342194432,9.21625578746372,4983.723817800003
13330,4916.754561351082,4928.209814322841,7.859233770481475,4985.52544233673
16244,4931.592929493156,4986.137689978536,8.74077897598651,5050.772259429597
15865,4938.004298521894,4988.2310951888085,9.514679141319094,5052.693022978349
15937,4944.101573215683,4990.300932107837,10.915061059434453,5054.53228649587
12554,4948.360703110035,4992.210061468122,11.166734164687009,5056.341946878052
16218,4950.478382815477,4994.047655928913,9.837044621957103,5058.08277725186
12083,4994.352822183315,5063.090202035923,8.555302922741225,5136.746161585241
13685,4996.516266373058,5065.119755995095,8.845004508431462,5138.884717062268
13908,4998.5910645390095,5067.104545523884,8.572886989966603,5141.2647388742835
15883,5000.828032183559,5069.088314405762,10.444847151961076,5143.149641856056
15866,5005.136692717122,5073.022429632597,9.971269146837873,5147.083798360234
13972,5081.05266190722,5156.0670730685,9.000405025286819,5256.2175791787095
13642,5084.409620422056,5158.031991559321,9.350720443996662,5258.448273587151
13298,5088.438715277046,5160.12117406963,9.236167579380101,5311.29597681978
13712,5090.401313058609,5162.123423151533,7.406919057955359,5314.3629401183025
13320,5175.909064544924,5331.18356634387,6.994713921121653,5412.534980363888
13444,5177.928247692071,5333.3778754876175,8.813121745605333,5415.957038234252
15938,5197.7533180730325,5337.477250743911,10.87833173311426,5423.756242551813
13275,5258.373750984173,5344.1178461762975,6.992002865794131,5430.073658909739
13280,5293.570962474544,5426.132590607412,5.9632852837175685,5496.739525640972
12640,5356.453181278875,5442.442059169026,9.198442166168597,5506.130347049908
18879,5611.04554185477,5622.07299699359,11.125558044957222,5671.892981809687
15867,5657.779626829318,5668.039882905232,10.982788801129804,5701.464673272993
18869,5687.069444302743,5696.334827932448,12.6905102297021,5706.227025605239
12681,5955.436068636537,5963.616925586697,15.202961343745512,6137.657091132439
12572,6032.139730366594,6041.467201922267,13.45869043104282,6142.4852402423885
21427,6101.706310350136,6160.202174792104,6.348310325556247,6226.364586923436
20749,6169.267323283083,6230.275976732229,7.116198300451089,6239.693951417915
18760,6219.394675023686,6247.091859976115,10.522454569061967,6317.114181072949
12040,6258.073096673964,6321.174567096533,7.084408216186519,6330.753547757305
15879,6267.588988549148,6323.249033267219,8.035493805050093,6332.762896003903
21440,6283.244857922671,6325.298593690375,9.252719241628556,6334.797113218313
20756,6288.578165857539,6327.396527970889,11.004717126071563,6336.771851026553
18925,6295.735219294123,6329.274682575129,9.49497342027583,6338.793680757675
18924,6297.735460383604,6331.307953129177,10.431345551795609,6421.525310080681
18872,6299.669226885196,6333.175706993506,11.014296966562487,6424.763910333643
19003,6304.069385969783,6335.129656215497,8.446677016371174,6601.708176855543
18851,6305.993435241874,6337.185341232402,10.002819751876201,6604.3822494586675
18881,6309.039621964471,6339.01930893349,9.441662974296955,6606.657362249845
18096,6310.945796343885,6341.070927562837,10.477790819705573,6688.483764170041
14023,6344.671601668156,6354.374782438656,13.547192304837397,6762.589416008368
13961,6350.740323068631,6360.448134851189,11.2604949704567,6779.692070706226
18821,6451.863186662146,6799.155006692411,6.149702383886269,7201.4466579498685
18088,6892.160662475172,7311.159105190235,7.6849122439492925,7501.503114090037
21716,6896.866124837196,7313.402538608116,8.618889999210195,7504.119027206703
17475,7505.4672429529255,7515.554534944165,11.88404862867004,7658.544231300798
18972,7507.918461952483,7517.5556823324205,12.381186691053655,7663.390447803857
18806,7603.915156516379,7853.162202683282,8.549321228387365,7862.45821276674
18168,7612.815925184279,7855.173639200392,8.653854895412824,7864.3122758427635
18174,7627.8724228936635,7857.356973758419,9.359030831902803,7866.77153021231
18281,7689.1682594159365,7861.35171519005,10.1586793364886,7921.681183319809
21355,7692.627459384386,7863.305075441855,9.55231996009633,7924.210117326031
18759,7695.765378091885,7865.273890018397,9.82030172457254,7926.40655024376
18085,7704.023440165769,7867.313418187567,10.49462904824414,7928.486514972831
18680,7706.318591469852,7869.225819145776,10.166064890692029,7948.3704882801985
18796,7708.891178361902,7871.244473855329,8.857879999667517,7954.026340407998
18240,7775.32412843926,7873.1518980369165,10.121771058664613,7957.052424548917
18834,7779.126503677081,7875.1523968027905,11.346495040011536,8041.347040015248
19189,7864.870178189143,7879.066916632576,8.808766243574002,8046.517684245201
13670,7923.664564628314,7934.287420660976,9.69872680429284,8101.511879673377
18104,7929.926945292859,7941.15901966935,11.482857875871478,8130.803914602786
18086,7933.8550748970465,7943.142705078119,10.72526778815426,8134.006586852841
18793,7935.668561960366,7945.029095570135,8.872071018478353,8137.445378416878
18755,7953.863914239439,8061.063740829123,5.586464131746811,8284.472497898885
17603,8290.471443475706,8300.322422871166,12.223377382499521,8308.18912317832
17585,8296.060912518129,8306.19217424442,11.591833182062292,8314.182520408174
16886,8300.559152086893,8310.383113082211,12.470297885261251,8318.137140880439
17522,8302.297761638705,8312.07896721961,12.18451201346493,8371.743504906954
