1122,93.5570938460787,98.56120093107862,12.612686746130281,107.99609676284584
1291,96.3070490268525,101.13470199260024,13.036982767141062,110.66592371910339
1134,98.34639489755043,103.53515855601555,10.762179238624986,114.38493018688543
1151,183.9602973363569,189.46515644473675,11.508883137908375,200.12891954000025
1192,186.26832416997465,191.32530746399172,11.617700142455533,201.99028871178828
1329,188.2824228971975,193.1718327639277,11.398292088659844,203.72209579255073
1126,191.95336444657107,197.36890238403683,10.253755877364561,208.48301207005173
1184,193.89390609354447,199.30849869407115,11.57423587447783,210.42570055953664
1211,195.91568973065318,201.1882365961543,10.27308992527684,212.34534066634077
1195,197.72897206823734,203.08225501157105,11.758662575509591,214.20439402294738
1167,274.06555277023887,279.4897222516597,12.13668651396755,289.6176387046473
1144,276.217453913966,281.54256227510353,11.32959502868544,292.3678900191974
1156,278.2448256247866,283.4255449959949,11.414648100504202,294.20078989949644
1129,280.0510751756365,285.20020178342907,11.405658081238828,296.1709445061111
1120,366.0986848354683,370.58758646826897,12.85483823010766,379.5424384905961
1166,375.3956560362246,380.1256247836021,12.274941729029674,389.86567628568196
1391,455.33271300746975,460.53601869311797,12.302373121736924,470.7236551423182
1205,544.0800618439129,549.4541760600184,12.000497993122586,559.9712822754333
1386,546.3391739529227,551.3348364095406,11.054232193862461,561.7346619310334
1332,548.357313144987,553.168652008401,12.16454774553483,563.5030103528101
1145,633.8304134817406,639.381775177302,10.936524672909808,650.5248811223706
1209,635.9463166377407,641.3138194431227,10.351265630897034,652.3436203171857
1124,638.7603673683757,643.3518362588966,12.138024931231822,654.2676903385388
1128,723.4917942571636,728.4978726279792,13.56775909220631,737.8278972330565
1327,813.9468188443078,819.2416701170088,12.389013573356879,829.3237965451896
1148,816.0217625614121,821.088746944942,11.981792872263206,831.423665348722
1188,903.5385110531979,908.1095353068669,15.796265269734558,916.0301253823349
1123,905.8890820659456,910.2256873448608,15.423210982247983,918.4270424707248
1170,907.8411004200648,912.218889034018,13.523470065209816,921.0099073363666
1153,909.547117712911,914.1145496977985,13.258278648273512,923.6228315335728
1125,911.4964403230291,916.234755978709,12.142122834713197,925.9457573968909
1189,913.3173777743394,918.041140892164,13.02607335814239,927.8220955700309
1313,1029.590579922293,1033.4827969266785,14.869550144594866,1081.403386131709
1133,1086.0710639008134,1090.5552973626866,13.564086228938674,1099.142180426521
1360,1173.4077754808607,1178.3760587811994,12.458204999652189,1187.97341187808
1380,1180.0421649657371,1185.481831790576,10.820538677432596,1196.5818114928466
1158,1182.0171223899301,1187.3492082651578,10.79032104373718,1198.2951741294637
1191,1263.8887032260525,1269.0225268556246,12.374777506096532,1279.1681652593804
1361,1266.1949164958735,1272.0068179541474,10.183876927835714,1284.0553364681818
1150,1270.215922328397,1276.0658925284267,10.166340349872158,1287.9218342234353
1168,1272.2549360432279,1278.0242001342463,10.797532254396769,1290.555553895594
1149,1278.007203547759,1284.008897671987,8.68197926754523,1354.5970717415119
1204,1353.5545974030538,1359.4038843152703,9.867127983098788,1371.2536153839421
1369,1355.582724174429,1361.3806074697113,10.414854990625152,1373.1380877057607
1210,1357.5362665763757,1363.3185282423292,10.091241114252071,1374.976600681742
1203,1359.3523000358105,1365.1965566123667,11.758721056405232,1376.6982980378052
1383,1363.1177031790853,1369.168435105843,9.369986985587229,1380.1149108756008
1215,1365.1425720645577,1371.1699967608631,10.613212265610983,1381.79646153754
1410,1367.2530423780609,1373.0816793362148,11.809826746288286,1384.3512014915505
1198,1443.7564856872395,1449.4534920969736,10.842784602508107,1460.5836350671004
1434,1533.5750112582982,1539.2410518895647,10.90173817805405,1550.841443968578
1352,1536.1700693630894,1541.2856172561612,11.646263239544009,1552.6886656154825
1384,1538.0714903756948,1543.1403705117712,10.998170560058002,1554.6050010668455
1202,1627.7653341028958,1632.518319794586,12.658593326261094,1642.0983958827685
1165,1629.6547669966299,1634.33333804844,12.766234751404351,1644.5147905538126
1175,1713.469735558814,1718.4945748386738,13.881958425112149,1727.6302412463815
1305,1715.5675862718529,1720.311403822016,12.634055380668917,1729.2925856841875
1185,1717.4674492459906,1722.2123298401982,13.779083913820156,1731.2341111554529
1190,1732.0191919707863,1737.4694676013546,10.820523930448347,1801.1035270337634
6863,1893.7195651465279,1898.4997513716403,14.287142521222824,1907.5509360321992
6882,1895.7021632713145,1900.4719665354678,12.727422271429646,1909.9791629417884
6674,1903.3611972875644,1908.2340088374476,11.841126739108587,1918.4289480420753
6858,2073.377081122422,2079.3318978129237,10.175096493312445,2091.2470679317335
6802,2075.4407316067645,2081.2113141205014,10.144095884715705,2093.1814071232207
6635,2077.585650588902,2083.2124288921614,10.847393199092533,2095.597931610634
6843,2079.86610098163,2085.0962697481427,11.056511925636531,2105.9882166705415
6695,2081.7313442525274,2087.012541545205,9.599507564080684,2161.371235931858
6703,2092.586933813759,2097.1304369325017,12.561973866383054,2176.880607283757
6926,2163.6020466091973,2168.457528319144,13.778255154548145,2180.661087390997
6647,2165.581091050717,2170.175540124103,13.92702718173639,2183.081086211407
6716,2167.5210162850813,2173.1076895084843,11.369915506173864,2185.6773610295822
6838,2178.3029920478352,2183.369582498209,11.551861034003704,2193.744641272999
6626,2346.0714660129593,2351.4313171749577,11.488288226344148,2362.3273221028367
6673,2355.8619437078514,2360.3733550667143,13.534001170637502,2369.61597443358
6692,2525.921716654369,2531.237173626872,10.720143040123736,2542.2470038584884
6873,2529.8884701252928,2534.0733227650544,13.537524091302641,2544.155992975867
6704,2531.852381634854,2536.2256681004237,13.064918820234901,2545.851975377818
6628,2541.8972419182905,2547.207619929694,11.339661680010119,2611.693356620642
6659,2616.426432027688,2621.3680662062648,13.146786967623546,2631.0990456365835
6713,2618.3886702645505,2623.081108447211,11.411763248353408,2632.8236573064128
6638,2620.693828763177,2625.4570688633517,12.623347996560714,2635.187562323909
6633,2627.160920974185,2632.3768372679283,11.854339605353735,2643.08565963275
6698,2704.0834439543087,2709.2100791518237,11.743847572031722,2719.501532448021
6792,2713.57777974631,2718.272360864234,13.095290129976014,2729.4491887990894
6686,2793.8941229997763,2799.0397927021977,12.528422855157846,2808.325468797742
6664,2796.028625685484,2801.412211646858,10.581749042560183,2812.7074907211527
6656,2797.844123764493,2803.329678200675,11.803114620607484,2814.699059964456
6854,2799.9611015937717,2805.1552667290166,10.596317026599037,2816.550997510545
6919,2826.361409113363,2831.1488102853828,11.93766853621728,2884.30620113651
6924,2829.512466428637,2834.3223896986024,12.768968060836528,2886.4404289665995
6689,2885.72312436753,2890.5485540436075,12.463857676451335,2900.27033394226
6709,2891.592655395277,2897.3626500883674,9.485833811795393,2909.3779958993696
6831,2901.109608230169,2905.197380125162,13.758024757642927,2915.087893063672
6644,2913.5896951828963,2918.2877311205198,12.161063359113488,2971.5950191997003
6798,2973.2805359324916,2978.3195766012195,12.19347089600131,2988.603916324824
6821,2975.362522430178,2980.4850012700354,11.138651395492172,2990.993100187869
7155,3063.7184837331624,3069.0616589621086,11.217222058746918,3079.390221057649
6717,3153.9260419254974,3159.137650301707,12.254098181689093,3168.972901446948
6637,3173.700685761319,3179.099895626065,11.433132189034989,3241.4208141215295
6817,3247.7951863606195,3253.019515933438,11.31661470789521,3263.87056432817
6632,3253.476004073431,3258.5413029765846,11.922694521268237,3268.7617385253757
6627,3261.5239687668354,3266.1064888000383,13.2929932546662,3275.3991863150372
6677,3423.792791609662,3430.127575225573,9.550130052782007,3442.664467159531
6920,3425.8799212562594,3432.062406534706,9.781494687517876,3444.5333006958294
6636,3427.7809887126855,3434.0419480258006,9.69174874097311,3446.4899569054405
6641,3431.7407558683567,3436.3694597055933,10.810258700130209,3448.2628930676133
6648,3433.651351429722,3438.4156116277372,11.243322040464356,3450.041905985722
6685,3459.047383764636,3463.367877725664,12.89899221101726,3511.4203933005588
6707,3460.7714130842332,3465.0717766575253,13.756505200042524,3514.162901262923
6712,3513.758073047522,3519.3814936078616,10.613189568843241,3530.6989272029855
6667,3515.7795130174813,3521.2585137295764,9.98376763541975,3532.644507340544
6905,3517.760926974716,3523.2482464024424,10.492265964458948,3534.500942657565
6682,3519.55446887308,3525.1680551618997,11.218306718989403,3536.3119613590475
6653,3521.358876099156,3527.108197664171,11.773027945046547,3538.2416295129283
6702,3523.2820865650187,3529.0563356812554,10.771736943250891,3540.395949971102
6820,3603.6823349679903,3609.078101085729,11.46745628048421,3619.8488817252123
6617,3622.8056440619384,3627.3200925930655,14.040093118001291,3636.3201314482326
12208,3698.024001455033,3703.5573952825466,11.330856420064828,3715.536319954722
12151,3699.75500979057,3705.4648768039438,9.916155566210419,3717.423991905875
12335,3701.6286828005573,3707.4543100837072,9.880988877201993,3719.1347896914313
12349,3783.6143574959096,3789.109895645766,11.790924225243579,3799.956179121867
12122,3794.504658885896,3800.1313263906964,10.731041619154656,3811.7731206768995
12166,3796.4478552105097,3802.0389474313315,9.50327593000894,3813.7451357504806
12429,3873.510588417872,3879.3152532246413,10.231272478964643,3890.8345176220423
12138,3875.446053607816,3881.2422521308895,10.868846060247602,3892.5337605926343
12130,3889.827716822579,3894.5042390762933,12.537644586832437,3904.1007416312355
12418,4055.8875649246515,4061.4129497473227,10.296273925854708,4072.7473528180076
12183,4057.866547918952,4063.3988327828165,11.025243134897769,4074.6295147322207
12144,4059.861572520647,4065.24120905995,11.25930391882208,4076.5874640244974
12161,4069.323351558574,4074.134646654653,13.112478961229103,4083.954989044273
12182,4249.9679242569255,4255.301931486392,11.181907986039295,4266.461712496826
12708,4251.961064933093,4257.4333179241985,11.077592416019725,4321.509963440692
12136,4254.514915426711,4259.445996722179,10.63944064430551,4327.514781505706
12133,4256.234875720273,4261.298443132797,11.6595867753991,4330.474355706621
12380,4261.308072081827,4266.543491918309,11.087101143323816,4332.854052213377
12423,4359.0691711974905,4363.274450940146,13.797344896738059,4411.52773361274
12139,4416.03769117221,4421.496641196795,10.974858819521149,4432.473697423993
12162,4418.036637017856,4423.280108690188,12.240236209550321,4434.397585427427
12123,4420.098731883439,4425.108929652394,11.305815063693663,4436.255317243846
12129,4508.179519895261,4512.586992478814,12.582678324413239,4522.032571414962
12221,4515.09858256773,4519.240529466412,14.5225659396844,4528.600484768855
12715,4537.101921049093,4541.593048249533,12.708521590428942,4591.487900827745
12802,4538.844292212921,4543.305252996396,12.499695556604525,4593.967795401881
12432,4593.325385461342,4598.445188241213,11.837800593638594,4608.358546390834
12731,4595.718272961141,4600.420295610456,12.610343981146285,4610.1884120298955
12330,4683.55549338176,4689.106104743897,11.13288209870114,4700.104229869456
12143,4685.604503909848,4691.000593156925,11.641064285325191,4701.978542048374
12168,4775.862087335409,4781.474038847053,10.583674753002974,4792.846963186491
12164,4777.895241401307,4783.3365754082815,11.813961133138742,4794.631102113183
12152,4779.7954233269575,4785.24481851755,11.433482425088835,4796.65326992187
12406,4781.793181031054,4787.129803172416,10.812882234197483,4798.506175848966
12178,4783.660259197121,4789.0504288104885,10.878745499337876,4800.286427952671
12719,4820.493828561738,4826.104743496907,10.193552234617602,4866.900160490277
12424,4822.606707479043,4828.016057688891,11.2167706745627,4869.252931039786
12146,4866.1457122845995,4871.033140405823,13.209492598149708,4880.462943453195
12783,4868.13952136659,4873.343722721676,11.392031666286416,4884.275111884087
12167,4869.984788294432,4875.500390538536,10.93890921923121,4886.969599800175
12198,4871.982319204482,4877.4529225009765,10.154644002448407,4888.81688698054
12214,4873.788132911277,4879.315509156976,10.443443371928431,4890.6957378633715
12430,4876.206934324449,4881.313797823725,10.348197510224376,4892.599543520567
12305,4877.967844020676,4883.296966239578,8.877872340290454,4894.5456646198
12135,4880.23429455933,4885.417271204986,10.557708407489859,4896.320015819731
12373,4882.044209372888,4887.256191806208,13.329650714652491,4898.048080457499
12414,4908.332777027508,4913.373475354297,13.078404936370289,4960.905666195115
11210,4916.229044373034,4921.530050550841,11.804338864238137,4968.643085791263
11222,4918.247606506745,4923.384502717544,12.074740351961236,4970.515477950596
11614,4920.160618180184,4925.1043279954065,10.280747158326252,4972.441867019773
11693,4923.493801844604,4927.59246649699,13.231699934097648,4974.160383350557
12332,4925.550001060587,4929.570140404108,12.608944698061194,4975.80367628269
12169,4953.888552559555,4959.4489684509235,10.283738279829544,4978.220106494617
12385,4975.968258705156,4981.299996748092,10.923897649631769,5041.7873075626585
11742,4998.031539019964,5003.0292264061345,15.981516633222196,5044.598890698895
12880,5000.28959573499,5005.120094964095,14.220318582992405,5046.885394199601
12200,5043.653214338299,5048.575935384448,12.739668903750433,5057.898234971142
12356,5045.927515121255,5050.516067618169,13.528308170962793,5059.611065093495
12194,5048.070874289575,5053.025641636351,12.06434800646669,5063.122163498181
12126,5133.839466054848,5138.382055010054,16.35817412733784,5146.061788559579
12202,5135.731537619882,5141.287821614635,10.160181868142011,5152.64816525948
12173,5137.723581166369,5143.142181726157,10.429777774367821,5154.488981411389
12408,5223.981340538453,5229.177917611093,11.569283201547924,5239.433352604954
12189,5225.996080243328,5231.001675992608,11.522849825354996,5241.239430099119
12206,5238.10654721194,5243.443933408136,11.080144705849543,5254.536192174273
12207,5240.033020131004,5245.302353532525,11.995638863049596,5256.373699395382
11719,5274.2005081305,5278.549656899906,14.056001316117626,5316.672969894267
11689,5276.641323871639,5282.199754901267,11.18251808874514,5318.659251759705
12209,5313.326324413395,5318.397281528237,12.495180217669835,5329.030503852974
12390,5318.239234576544,5323.428816736936,12.13713187232364,5333.9312261173545
12196,5320.0302341963425,5325.2183253740695,11.574205575956707,5335.640576038389
12219,5321.904913348852,5327.064729641858,12.345768259949049,5337.435303501966
12379,5347.248778143667,5351.611433188926,13.26499835382064,5401.553527182125
12222,5494.027510306312,5499.311803676928,12.058982383410921,5509.646768394178
12195,5496.36118305677,5501.241246049748,12.233435513238927,5511.394122097665
17683,5498.447309619875,5504.352790889622,9.366702037968537,5516.838590257302
12179,5500.367785839049,5506.23618613703,10.307715625988571,5518.793752291824
12357,5502.178612611181,5508.119146714226,9.44729161149193,5520.609201161149
12328,5504.022422196685,5510.025340467515,8.193889758442792,5522.366650236594
17709,5505.99510333742,5512.174257588741,10.497225357157236,5524.162915951711
17642,5507.96578795322,5514.202332399507,10.692018551630014,5526.054356702446
17713,5531.348374170069,5537.057525335567,10.736161252882615,5581.59320541506
17695,5583.960991641406,5589.328921369142,11.38947482678938,5600.1481375888225
17858,5585.9726452895975,5591.104241396218,10.176008892872527,5602.042476252597
17903,5587.936906675599,5593.065214358205,10.919462920223907,5603.743842430365
11226,5627.875254548171,5633.169258846572,12.487446981511997,5671.4488438569315
11649,5631.689644391627,5636.44336112636,13.021419465509892,5673.970575080743
17653,5676.29944639968,5682.326349940303,9.785942712701246,5694.817412315772
17619,5678.23481334064,5684.4038535687805,9.428276114841829,5696.853497003825
17660,5691.802041323119,5697.49849700018,10.27808632768508,5761.695298401507
17648,5693.740018087129,5699.3984876731,9.57227894036215,5764.263066905169
17663,5695.652594678387,5701.397940855378,10.283098957159691,5766.49895866721
11691,5718.077235116087,5723.398019970715,12.307167947369702,5770.534354406846
11626,5720.221410695621,5725.154134235853,13.49388169368339,5772.476065121756
11623,5726.427716276415,5731.496953430707,11.212763804916358,5778.471644836311
18038,5763.996928990785,5769.323118295768,12.344858404312667,5780.241414461268
17901,5766.077482854794,5771.067534946576,11.75956804288753,5782.055242981333
17867,5770.111971923839,5775.527487903718,11.38316654741199,5786.97504834334
17699,5772.04071093502,5777.387994755078,11.248115655033038,5788.857057547299
17662,5774.60721566272,5779.3791428115655,11.47867158399555,5790.646900039676
17873,5778.045348861097,5782.596533001902,12.854948001475973,5792.592010787673
17891,5800.398207258769,5805.490441257361,11.399303947580055,5851.7065230274475
17639,5857.709181495423,5862.519545860818,12.757803170508296,5872.560504455806
16743,5859.68388864018,5864.337643559649,12.138423077994366,5874.531876501164
17641,5861.865914841996,5866.158447676426,11.43763568584681,5876.311213994257
17627,5863.724636026945,5868.525504065094,12.046279489823734,5878.467695641324
17688,5885.951488930486,5890.066057678463,14.291010876195262,5941.338517537949
17833,5944.065329496071,5949.050886109266,12.68443798140535,5958.442503466642
17625,5948.3148477733785,5953.550681561274,11.496663642939136,5964.33852147784
17623,5950.165974991047,5955.348480328018,10.864662030664574,5966.407468831127
17885,5954.614801564688,5959.243257102256,12.761648691829825,5968.762927252306
17132,6036.564913846132,6041.495147385207,12.801227870669301,6051.444853863449
17673,6133.457514225454,6138.056864047362,10.644820886639353,6149.80948814342
17911,6215.5626045348545,6220.506707184739,11.630108069824988,6230.667205173139
17624,6217.314027922058,6222.341705858588,10.723307356492631,6232.549733741615
17702,6219.6327155290555,6225.004212324929,10.937823244251097,6236.163827974573
17666,6312.017326893575,6317.203336203745,11.044789673482985,6327.778199495686
17632,6321.584733979682,6326.436288708781,12.606755405600142,6336.582131736677
17112,6348.271752439778,6353.351480926352,13.992073337271615,6391.785144018303
17659,6393.726306653698,6399.066226400831,10.972760665650723,6410.197685868998
17171,6437.991717127391,6443.52359893252,12.113183969437019,6483.581662798725
17645,6485.84252589837,6491.09616503899,11.782063834772837,6501.938571965501
17802,6575.854948691829,6581.244376884228,11.279437578343005,6591.956686678467
17633,6587.2020836583915,6591.286840560141,14.260610853061435,6600.211483909681
17693,6593.001220176652,6597.437386804872,13.95510413363379,6606.522905972789
17862,6610.3074295831,6615.487037379176,11.165348615724652,6664.088810703704
17890,6672.425199495789,6677.06494513842,12.962635568755603,6686.45772324634
17638,6674.97214785753,6679.57791932726,12.850902280584284,6689.004143830602
17820,6681.386414005798,6686.475798790692,11.660669154808804,6697.209921508725
17883,6683.202034756955,6688.253071066021,11.630739963491376,6751.801590955962
17696,6759.764872773767,6765.392210687452,10.118270316410348,6778.730031299173
17840,6761.63467919688,6767.425588592333,9.352558036370189,6780.6678175154775
17667,6850.204584810497,6855.212144841464,12.165443000724942,6865.907754049109
17676,6852.070530651673,6857.320037651978,11.205414662042559,6868.1942368255095
17651,6859.198457655494,6864.3005960478995,11.813955994340073,6875.005015015752
17685,6933.645033905924,6938.461412903815,14.134737417112856,6947.552671672412
17661,6939.6904438560405,6944.477376506348,12.021307401730715,6954.356515331666
18143,6942.258126752592,6946.505205430232,13.7278685884938,6956.182539179764
17701,6953.453111899112,6958.351164677208,11.654607664114126,7021.262847349967
17527,6983.776581356287,6987.625827592591,16.474291217174624,7026.206194261007
17681,7032.582211978589,7038.0116387348535,10.570725712198664,7049.152684360714
17705,7036.20479882675,7041.195162351756,12.1542396970218,7051.635575542219
17670,7039.852284579209,7044.025515692155,13.637974928415096,7053.396752129719
17807,7049.561272887463,7054.322374910427,12.056609744720877,7111.668433681753
17924,7072.441644291623,7078.208122856081,10.043345105791213,7116.5700053070195
18882,7074.249443381218,7080.072595427333,9.654491394132126,7118.525101395337
18868,7083.460756196115,7087.610191689021,14.640959493425576,7124.660365315451
17684,7113.7715690516925,7119.015601788991,12.324486152081308,7129.3043772954825
17637,7116.338811440944,7121.072608376888,13.688552834406087,7131.153512650956
18086,7157.862121964642,7163.291529449984,13.512406926801928,7201.383220774117
17620,7166.307291434152,7171.018038159936,12.859601151334683,7206.8049996192685
17221,7173.865617788211,7178.459528908912,12.93528336905203,7214.280097601274
17706,7175.790255978863,7180.259329713908,13.208896411244764,7216.233367532156
17865,7207.9674715000265,7212.479848736211,12.44422199455613,7224.356488547734
17647,7209.745255165034,7214.291341313903,11.833178899028386,7226.0664884662865
17197,7217.146530728135,7222.519357933866,10.893080475068162,7233.509636371763
17164,7219.125939357328,7224.378911300437,11.881557193940752,7235.321050255824
17888,7220.865525153633,7226.2985273128925,9.320905457664658,7237.090071884923
17895,7254.5890480962025,7259.484004091719,11.815707423705867,7298.208426004116
17631,7256.355857114047,7261.293060416854,12.872733815839608,7300.121899626444
17237,7258.2502448342975,7263.080531176617,12.901573255755183,7302.1080094296585
17018,7293.562560081289,7299.444152998639,9.517553282596486,7311.543688394825
17032,7295.729375971684,7301.397153408013,9.132623347038773,7313.491165387253
16762,7297.630061936733,7303.424686348667,9.403809185335723,7315.409797106271
16787,7299.611149366878,7305.446125198301,9.943789122972307,7317.364408406532
17210,7301.71144582598,7307.337641989591,11.055430719985939,7319.396123436235
17678,7303.549639029011,7309.2248363041035,11.332104818177257,7321.328606653486
17245,7313.040824361363,7319.0534237920965,10.645342546764587,7384.490119703812
18263,7337.971329434518,7343.068303902182,13.54492372013901,7386.753482289046
17204,7340.055955266121,7345.251136600057,12.138229822474083,7388.946759658159
11699,7342.407287966051,7347.451332387208,11.94992524284233,7397.541901593319
17617,7344.228097532559,7349.1816789896475,11.486780913344171,7400.43375630712
17142,7346.331206038914,7351.052245501001,12.715372023675744,7402.6058549997715
17156,7351.719539151084,7356.45520407329,12.742611626019315,7408.256345034086
16539,7385.862168729667,7392.363776172967,9.388388276502596,7414.9143323723465
17224,7833.744404985197,7838.668263490337,15.289401681065037,7846.559710740446
16748,7837.474161891511,7842.329766189749,11.794383445611741,7852.764598878323
17187,7839.423204290318,7844.104786576322,12.657572681141756,7854.583477631645
16558,7884.34180123862,7889.446646825419,11.589869912377443,7924.29563230707
16561,7967.941839585067,7973.259235964852,13.693519741219593,8011.654375846286
16971,7973.883602122463,7979.521156130393,11.266400027954388,8018.744490963787
16961,7975.631183197214,7981.29163883228,10.643862789847642,8021.265238441759
16768,8013.747935373721,8018.584347462387,13.725063174224957,8027.627544902662
16998,8020.023417975814,8025.501664699261,10.248547708496085,8036.943711775424
16529,8058.18378362184,8063.366951483475,14.396536169017015,8101.648404011097
16966,8060.468544790247,8065.4428136456345,13.58570690763988,8104.617724288275
16530,8062.464286564012,8067.588696057056,12.262719009579484,8106.825375048697
16560,8064.363981160923,8069.357202731633,11.810780174620136,8108.811854638661
