772,30.087849346655172,35.016729860263894,14.301057841160254,38.45258698795038
1448,273.3921488074139,279.3628135721021,12.447591347879458,283.4900134611626
807,289.2949608998991,295.4616146503478,11.94893445637564,299.87317694641206
1503,291.5938464180236,297.425082182911,12.073327667657884,301.68704659466437
1523,299.3516466459961,305.0184207023398,12.574806709825335,361.4700363574888
1463,363.573393421093,369.5633822742501,11.94054495850695,373.4950058029424
1497,385.7833947812004,392.50442915987134,10.707376835496806,397.1853227444346
1500,387.6152515452929,394.3409381159939,10.167264920178743,451.1619353859811
2980,455.84421669013193,462.2032456433454,10.45377712275809,466.80859335158436
2196,555.0837786750335,560.4535405048583,15.576589383495701,563.9784768212274
4243,560.1884658230284,565.1311129530586,12.930592775138832,568.8260262936295
787,642.2179575148465,648.1785959905158,12.264563230464203,652.3019302274831
2938,740.4143305444449,747.0502083943886,10.090640002142376,751.8996685678976
834,817.6040620815386,824.001853040256,11.061316801880679,828.4321613633971
2197,830.0900010118878,835.4057741707976,13.258666377285211,839.1763991785147
1466,844.171435709554,849.1494401670687,14.292182281340141,901.674889402555
758,910.202230008174,915.6132567901689,13.461547626625954,919.7681146509381
833,912.1468553024949,917.5385600723683,11.491777277532954,921.6139196443789
796,914.1114515385276,919.3171064994322,12.412009624748785,923.383549172
800,915.865476549077,921.1212688645917,12.388574600186221,925.1776284436646
1444,917.919528015662,923.0104734195509,12.645463703167122,926.9362393875666
756,950.2984788877492,956.0347843932396,12.770901689931572,994.4194237671207
803,952.543013644288,959.0201455867879,10.97202352065754,996.6586753511332
783,995.8272668757854,1002.2904760211079,11.018148503229153,1006.9389303314367
5235,997.7179385440977,1004.0730845650971,11.424074471775608,1008.7833786317032
2712,1005.495643309889,1011.4850448517874,11.694237314746609,1015.627758519264
5262,1007.2544879382933,1013.354881147725,11.144037181057593,1017.6534289381324
1445,1009.1057549003859,1015.2332351997243,11.763441770702922,1019.499738881083
2240,1015.0772744777282,1021.5385683944627,10.973150549942519,1026.1249650462566
828,1017.0551078120474,1023.4178453784315,10.704694663124208,1027.966863459972
825,1023.4271359045199,1029.4406334989371,11.452795469719527,1084.191243012443
2209,1083.5719180785875,1090.094880593134,10.621881296546864,1094.68740572272
1447,1173.5935835238677,1179.1607953360194,14.317099906548128,1182.763802971936
2951,1177.6860199735302,1183.5235137150926,11.746424103694405,1187.7357673351123
2981,1179.6469983646975,1185.3580202580301,11.795737342602413,1189.4609950572296
5243,1181.4938627942215,1187.0967507307496,13.495047755437657,1191.0992097411447
5211,1189.0871969866191,1195.4218011618825,11.734375049294176,1199.679594933875
2918,1270.5275487309805,1276.0726481553872,14.428407449126501,1279.4105410199777
2232,1274.6114290737394,1280.4128006164842,11.873532960839102,1284.6156300593877
2910,1276.58273370068,1282.240645352444,12.009565318437247,1286.4652418053504
823,1291.5197244020428,1296.0536934465097,14.8270738853818,1299.2441259750433
4551,1296.7126387755018,1302.4011039589411,13.08022173689208,1354.51280856661
2244,1358.5593598574287,1365.4060738594333,10.409465156600882,1370.1561811481097
2227,1360.5075247888476,1367.3485830592824,10.734865774566877,1372.055094469138
2252,1371.7125566038007,1377.3621750849932,11.76273362548604,1381.4878731411518
4576,1385.2679833564478,1391.3215558320496,11.407872552382216,1441.5981930399287
2203,1454.7439427391212,1461.247104127519,10.204535175184683,1465.8801354688628
2930,1458.3404912440699,1463.4940778532616,10.783131289533216,1467.788099710495
2974,1465.54986566815,1471.1687701830162,12.72389282030482,1475.0908850759363
2184,1471.1987533837794,1476.3256608657505,14.133757421767307,1531.3575350936028
4595,1608.1187942491824,1613.055485159256,13.686573392362087,1621.4977937131528
808,1623.7131266963465,1631.0054668364992,9.896397600728507,1636.1341416772113
1479,1658.1126824701578,1663.1422604410036,14.043910415777658,1711.6309075597658
795,1725.742883259001,1732.3740345223869,10.637332977333953,1737.088174925645
754,1745.4300393672227,1751.4165444410453,11.453644906225755,1801.4967678488301
1506,1747.27892725013,1753.2590447130021,11.086537544733707,1804.9292070208685
789,1894.1704938591515,1900.0549609831958,12.183701006837499,1903.9572649615563
2202,1899.9736999275126,1906.0644587978793,12.126413917238818,1910.2107028663106
2189,1997.7833850934696,2003.35303698618,12.969783299711542,2007.3240751376534
6945,2081.0791227012173,2086.419183698652,14.871993414750309,2089.838676555317
2954,2089.8282876168114,2095.2853261319638,12.83007007657217,2099.1663692668335
6278,2091.6036301957975,2097.0181866302537,12.684149785751698,2100.872825273405
6277,2093.6382638493183,2099.5221195077047,11.190284984782108,2103.8592748098326
6255,2109.7856039523444,2117.30259427171,9.689800368661329,2161.3982080514747
2965,2168.2770990394497,2174.4035355452306,11.558739221990056,2178.8276350859437
2233,2170.1889229591297,2176.271056053941,11.227300152739506,2180.6823102487338
2736,2172.0195372836806,2178.1684504969658,11.29375758083765,2182.4940284861486
5270,2173.968081682858,2180.01760420158,11.293031685214524,2184.2347872436667
2928,2176.1736241095987,2183.0037834662053,10.400599864258398,2187.7963748057005
1436,2178.484184762732,2185.0983204797267,10.606167827778567,2189.8480587971294
7449,2180.4526760004983,2187.000206861214,11.217687595548218,2191.5979801444705
7686,2191.7571575324164,2198.4408436485905,11.036419811048942,2256.9793253879084
6944,2193.779256643498,2200.4054410982344,10.694122592982428,2260.9433310199324
4164,2253.995319029062,2260.048264588539,8.765993378566716,2268.2728944404466
7458,2256.1583202836,2262.1930407375635,7.752519174216105,2270.1606051149
8395,2281.5113574176216,2286.4711569461856,13.619564657870878,2341.3570625584084
7741,2288.485029344758,2294.3747456913193,11.764471376035381,2344.0489407412533
6998,2298.1710322775,2304.429080097127,12.05166052565883,2346.4029052955775
6933,2300.4368846085317,2306.246043791433,11.92587658087216,2348.4906778370805
7692,2344.2518356324413,2351.0010596298903,10.852471504133534,2355.6080702210847
6275,2357.3941752151954,2363.307427192493,12.079106791487503,2367.391879383163
7729,2388.0108740947844,2394.032677892089,11.99509317720498,2438.9765997449367
6303,2449.1932372305055,2455.2719892680257,12.348694359692958,2459.4092192735993
7718,2451.2663716919174,2457.17532076255,11.945847207136314,2461.2036045916097
5202,2463.387937918825,2468.420952669657,13.076342849346398,2526.145596032398
6037,2482.307919316779,2488.4391996398736,11.348121173624836,2530.217573508055
9731,2636.7534979932116,2642.0709109548793,13.525244965361896,2645.883878087332
6065,2657.881719508277,2664.295254122864,10.862186950562524,2707.2261290485094
6312,2703.6785280329173,2709.280895607986,14.057860696291728,2712.924613885445
10781,2795.611421574184,2802.293591412708,10.263845640954488,2807.036868628867
7675,2897.2266856267474,2902.4425854863216,13.817334923228115,2906.2042758345
8402,2919.528894592268,2925.421472070223,11.981821461497162,2971.564868600886
4880,3063.4055558114387,3069.5679063475395,12.375888255157768,3073.693631333173
7690,3065.7885620353914,3071.454409380597,12.179851307585121,3075.431093895559
7659,3067.7555945939635,3073.281739365122,12.159482215993746,3077.1351399331334
6979,3074.6874277645306,3080.338576855442,12.696220803753686,3084.2641213176203
6993,3076.6481550695016,3082.164323634577,12.970784463204893,3085.9769720569775
7670,3082.0500105348124,3088.251975656516,10.671305149238577,3092.6746853023806
7671,3091.9285894357267,3097.304195533918,13.102092030044878,3152.6809686534584
8438,3098.0715693518414,3103.5704180034822,12.25290397040011,3156.0098325722774
8387,3166.5701619862866,3172.3815754268985,13.091320076921486,3176.51324799947
7717,3168.404414466559,3174.262224383964,11.757075534293573,3179.172825047491
8204,3170.1739849160813,3176.140938179693,12.89229876892822,3182.7720773593
7727,3244.390119931314,3250.512065125379,11.631082852076966,3254.600856763823
6971,3246.640614225271,3252.4112174182483,12.075924825172184,3256.425034087871
6320,3250.6437242075276,3255.5769769113354,14.155070419211937,3259.0495635139137
7704,3252.429599512699,3258.140188628861,12.739471939262778,3262.153961114642
7703,3254.2658759941755,3260.032240936143,12.78378608202654,3264.0369350155624
9685,3260.523570114025,3267.4745894825014,11.378376507427982,3272.4631912993787
6331,3262.5464546521243,3269.276343183281,9.581407153438214,3274.3353502311898
7015,3337.0622233862464,3343.5097391918907,11.78587217510088,3347.802192993379
6975,3339.097343243298,3345.2826948757192,11.328533292541369,3349.6205262185836
7667,3347.131476181522,3352.4905613180867,13.643075680300582,3356.200704800676
8448,3349.189458291727,3355.391139301284,11.212570889444084,3359.6406998290518
8474,3354.9176598592453,3360.4447360961176,12.517569611926906,3364.4083324541184
6268,3382.4502838494645,3388.568148538726,12.068733733111857,3424.8120776198884
9681,3423.3965202377844,3429.2927212163872,12.436603990105684,3433.157047724989
9725,3432.4406058209333,3438.4935715722977,11.60032350481556,3442.6053257290137
6282,3513.991985382629,3520.297495658853,10.90891270832076,3524.7595517463683
10719,3764.2834593058906,3769.241172838195,13.728126422128785,3781.3400771712327
8426,3773.6261531792134,3778.2359711363397,15.680172702017504,3784.054034427718
10058,3785.626804309355,3791.407363718122,11.86354717467563,3795.4362991682046
10020,3799.6316450928944,3806.118330015205,11.413766377724063,3810.692223251622
10053,3850.5197322349027,3856.4506961569073,12.506058835676532,3871.5759024644317
10722,3877.9746529584195,3884.3877383753415,11.251787788959238,3889.0661129453574
10084,3881.953396906049,3888.0570509318486,10.956840265613943,3892.404475541795
12476,3909.6864995108144,3914.437846829196,14.91417031548523,3961.67851201152
10715,3947.225280304626,3952.5270574404076,12.873532336628093,3964.809338189557
12486,3963.7894274809764,3969.4605620587968,14.649176388828439,3972.7504558859373
13226,3981.799039762919,3987.4786534167374,12.62732627978118,3991.470152227667
12501,4010.4946989251034,4017.227865189448,10.502348790466659,4051.42841814154
12477,4012.601576321365,4019.066424942108,10.309105640420327,4054.2741516026454
10700,4014.505595802714,4021.043579256717,9.940072804216674,4056.52884978869
10751,4016.5312677638785,4023.405960445227,10.635016394818667,4058.8420618698683
12509,4024.4412361366735,4061.1455175135384,6.166310711076591,4067.384949955284
11803,4061.1126947031476,4067.418858531147,10.850216072761453,4071.937378952895
11779,4063.0400395064657,4069.2942789752396,10.330656705391307,4073.763287259484
12521,4080.1723757313985,4085.567746229189,12.927202477688242,4141.293400580417
10776,4082.0009622791345,4087.3552040107975,13.93710681104739,4143.6850559160985
8422,4098.044592482315,4104.507839283512,12.645021074501386,4145.776612384728
10774,4100.334562398311,4108.01852456773,9.205895562176105,4148.255419594307
12448,4102.501462352956,4110.011129604025,8.24823578687875,4150.271367526674
8471,4146.082814270314,4153.23549984241,9.336136080881262,4160.254886457043
8423,4149.93437500877,4156.452228003617,10.85086751305278,4165.0140949429115
8420,4151.953318840364,4158.394082941879,10.976523205823781,4167.587515370352
12479,4153.821134549982,4160.230469105329,9.404907122843907,4170.223009643796
13171,4155.70841178302,4162.291008856925,7.257497483387509,4174.57918987625
15528,4173.724230279109,4179.242546076575,12.770193592657238,4232.038933625586
11802,4177.854253109903,4183.522644096298,12.325500187606103,4236.067287155914
15189,4200.348846009917,4205.190962664158,13.990990429455644,4238.469860476264
8470,4239.413269510176,4245.055624244674,13.389723066291143,4248.773221460461
10766,4245.16208954565,4250.207050424399,14.632091373545206,4253.528859413689
7734,4247.154792808261,4253.117509934756,11.312845999575265,4257.30380885946
16210,4250.757184211906,4256.104716508681,13.678921731301413,4259.904547244013
10709,4323.499751567751,4329.5463065953145,12.321778610606167,4333.703528434629
12513,4447.941980601674,4453.112710043781,13.432698637783023,4501.50383563561
11749,4503.731123151096,4509.237652639909,13.953848405809952,4512.844763289939
11775,4505.828721967883,4511.520660362997,12.277318936113721,4515.439663255282
11769,4507.836577344029,4513.4668652074115,13.007660716627418,4517.219747469462
13180,4512.4993805497115,4517.402676715396,15.16783740705011,4520.656483175882
10078,4531.051883454724,4537.318726083424,10.96493148312233,4591.582155358662
15010,4533.423350299194,4539.188273407768,11.811772410032166,4594.510833094454
13911,4571.309670927671,4578.1542337146775,10.62971170368227,4600.601061908837
11796,4593.641413653029,4599.259024596365,15.906200070551355,4603.9593315616485
11836,4597.796017966666,4603.458044232834,12.597188272410328,4607.391976376887
11766,4599.557157176162,4605.460258761232,12.457367482519837,4609.603171189086
13245,4612.930711668503,4619.0053405372755,10.139842190766934,4623.69362070716
13205,4616.102601866501,4622.384031255245,11.33474637322479,4626.853671280064
8390,4617.987780427575,4624.186411493692,10.88305637991796,4628.729110946287
8462,4622.461305957685,4627.451670722291,14.000451220585024,4681.396722633059
13939,4640.654674060838,4646.505376136454,12.581891487947713,4686.374892002016
12490,4642.766061926246,4648.464221920332,12.779209589413476,4688.5403234403375
15527,4689.647019406383,4697.030907661494,8.020717203504528,4708.862872876678
12470,4728.159917056126,4734.420834421514,12.78032995715512,4771.739432096705
13966,4776.1615402542575,4782.123316759449,11.47432195303488,4786.292538316796
8469,4784.010156028197,4789.412536702238,13.480428339507684,4793.361106212225
13220,4785.806189228744,4791.320741113597,12.253958229509687,4795.266025385586
13234,4787.902491385372,4794.41047682369,11.156333484942254,4799.174611800223
13951,4789.999330958335,4796.324388104784,10.372569141011969,4800.988866726904
11812,4791.881197158178,4798.209782813264,10.949322302130382,4802.848730934906
8433,4793.7519630987235,4800.045247669587,11.2607009638591,4804.6543941691725
11797,4800.21402688482,4806.007136934415,11.339461968625297,4861.643555110274
13231,4818.222118660498,4824.582270055358,12.29738948962506,4864.315420179364
8389,4822.474660193712,4828.386681253106,11.080891510009623,4868.4535219433565
15580,4912.683690317866,4918.425308245769,12.373393843465855,4954.374767148537
13194,4973.845313286571,4980.312793917297,10.566257017726361,4984.9132344942045
12436,4976.198460511229,4982.269660871156,10.912266977702851,4986.836311720478
11792,4982.431160700225,4989.052685358922,10.540465060951751,5041.851978662574
11816,4984.2655250201105,4991.03197735862,9.735971347945469,5044.542225331888
11810,5114.504991633419,5121.097080972856,11.074972496791089,5131.407076834446
13233,5135.64566690177,5141.303228619649,12.473149650400966,5145.252472711779
11834,5144.546484725403,5150.398068097788,13.42134971452669,5154.124985160052
11829,5146.607775946415,5152.11939050856,12.808444238423494,5155.90043413059
16276,5152.234087654046,5158.2691212750115,11.475728630181777,5162.632895632813
11786,5154.1283027946865,5160.357223671925,11.020263775408909,5164.755032148781
8397,5156.036309130808,5162.176692111255,12.300557327973037,5166.620380511684
11751,5163.485108105593,5168.463937566301,14.47935014670043,5224.444445459879
12499,5207.08425120621,5212.271099136057,9.142582122009733,5230.883727272761
15557,5228.312109903155,5234.455520189035,10.068936743510204,5239.1823066426
11824,5230.1606906818015,5236.417305261697,10.584254269631533,5240.9490518667135
13175,5241.9004430074465,5248.454761260004,11.785072631410033,5253.358835570285
13242,5249.389541409847,5256.415663670625,10.34163836010519,5311.466712483243
11805,5251.307510030319,5258.3948286495615,10.214388512045709,5313.999223651775
11818,5253.302887151388,5260.375570277054,10.520046296194968,5316.594691816837
13933,5260.171746081012,5267.1209162703235,10.319981744454683,5319.886675645302
15012,5274.729468876685,5280.569437521298,11.8095186538218,5323.015819531667
11795,5287.127340713414,5293.082583392878,5.9017675952143485,5325.3445233555385
12471,5405.813247059423,5411.057732963582,13.22880934920049,5414.845149518962
17034,5542.650757204518,5548.505031894572,12.305906768597925,5581.510968411248
13952,5588.199671929845,5594.465583640926,11.962610948207368,5598.879344568649
17247,5590.147360422379,5596.296601046125,12.113017740566553,5600.725496268619
18017,5612.682499395252,5617.344418227876,14.831934971724793,5671.444871264548
16628,5631.686014458898,5638.022973953526,12.381595123784567,5674.680782647633
17301,5674.341034800005,5680.15915712312,13.273704981197868,5683.791338291376
13210,5682.594475229743,5688.240477630137,12.327445494164937,5692.182818241699
16201,5689.680149146063,5695.213606157299,12.303091472192376,5699.127528735798
16257,5691.450536788575,5697.149850792996,12.17723134716054,5701.088343130954
18004,5707.977216600382,5713.1794014027655,13.767599020678533,5761.7634043452645
17054,5770.785495624155,5776.353555493816,11.185564665982396,5781.547369955931
12912,5772.854511476397,5778.579910778509,12.421678002995648,5783.4833268123175
18018,5789.892549051748,5795.09846025522,13.649037967187144,5798.765796944721
14375,5810.73880189538,5816.355019114094,12.495604411732966,5851.438441977656
14345,5812.715473138195,5818.197817963092,11.730758614223245,5854.249061686307
13925,5814.852815682521,5820.185004478818,12.684725831652289,5856.556533675477
15512,5867.1057436086185,5872.01022478134,13.978584678135094,5875.404340398993
11120,5908.039338157912,5915.130932041145,10.03248909425244,5943.977141719685
15206,5957.4843080004985,5963.373566387376,11.660563760481315,5967.633835637051
16268,6056.372755406894,6061.420397939505,13.984701447954492,6064.872754533634
18011,6123.644765560386,6129.244795594966,12.412923291375215,6133.011113800787
17051,6169.963024190031,6175.379365226582,14.546888528880679,6211.5423615453865
16199,6258.701796864824,6265.200273932653,10.613942354004584,6301.758803165875
17267,6311.976681891072,6318.196146419615,11.718315636828669,6322.360699880678
17278,6316.673263167827,6322.1681470817375,12.567838489903368,6325.958404832108
17981,6320.7613312040785,6326.109053796711,12.797022154128598,6329.857561173843
17938,6335.434858526387,6341.506326127005,12.231054593139554,6394.3082911505835
18003,6366.112058684227,6371.153885166237,13.429582128729315,6396.831892632122
15002,6370.394349667064,6377.486032826987,9.859955736352104,6423.721222931382
17295,6905.316009052766,6911.239401824221,12.011574806939608,6934.108145992071
17312,6919.487534466561,6943.249639857353,6.917573011170042,6948.101521541827
18682,6460.673648523726,6614.039571584254,7.106807652344941,6670.803424926785
18745,6664.348350610838,6679.561767116165,11.705444608296206,6683.743281997696
18015,6903.225378060445,6909.466045542636,12.578655625052955,6931.428260818237
17993,6907.461245312332,6913.207172932148,12.160660497457503,6936.1925270331285
21082,6921.4084518077925,6945.350170089666,8.296867499329345,6950.013979831627
17378,6934.225836420457,6949.421607062938,10.689557420504938,6953.931567498008
17275,6939.306698228099,6951.24118792388,11.485153389343134,6955.742996732673
17325,6941.555588473024,6953.095910478723,10.844715748298078,6957.642124383046
17963,6943.742485521279,6955.053888860563,10.40813247178414,6959.6186290226005
18727,6950.359301898103,6957.104130545899,11.16828958956336,6961.45212821187
17282,6952.71373668585,6959.041397990393,12.445266248339571,6963.192384111972
17397,6959.53640781515,6966.427462804597,10.620745636137022,7041.421972837745
18666,6964.836418645009,6970.3594006414005,13.622018627641745,7044.0449880442875
19401,6967.027626352333,6973.252906557428,10.748874575415718,7046.530606005946
17359,7607.801924921297,7614.349775114142,11.469896542527218,7651.471468027657
17314,7473.400690696551,7493.433524735233,10.793222694074252,7497.94220971664
17262,7475.8608141677105,7495.545508526586,11.689589202519752,7499.835446355443
17297,7518.669661439577,7525.14201416012,12.909365977360498,7585.1011825703445
18006,7700.218092486591,7706.008208280482,12.518743886414349,7855.081619531845
19427,7792.265541716317,7798.4899901877525,10.27833854464656,7861.7346316006315
18723,7804.270857236975,7869.111188950245,9.313507578897287,7927.060099211437
21786,7806.207607113175,7871.06515799378,9.832181437751126,7929.330535876605
18749,7808.138454233967,7873.007635952209,6.606473985714022,7931.163328115905
19465,7878.121521394195,7934.029036747594,7.923581512897587,7947.370439638979
13980,8015.622311443873,8045.164652810732,7.662737978665289,8101.368037757514
19476,8022.057977442216,8051.532405279525,11.169866558057064,8109.0826591839295
20712,8470.134946648392,8476.466308091869,10.746313723120878,8480.97781920549
21074,8474.129408940305,8480.397482278806,11.554692480129217,8484.80746659033
21383,8481.30739770476,8486.073974781371,13.501548496155776,8489.828407746814
21773,8483.563081169765,8488.555656421731,14.50783939362282,8492.082266088253
21708,8487.24600374226,8492.454822940634,13.173567628682607,8496.180635205772
21430,8498.728559593332,8504.168834791139,13.212614916182673,8554.052012414806
19460,8565.716123171049,8571.461017717433,10.80602750916783,8575.674107905535
19442,8567.853086882265,8574.40315187756,10.51269835015642,8579.020190829024
19468,8643.725789461127,8649.580280030103,14.10099829824197,8653.054660943439
19398,8648.072610329462,8653.279729982745,13.540167757389542,8656.908941474469
19416,8651.767262801095,8657.109703791752,13.221901102382786,8660.863917255143
19415,9183.671400111734,9190.290442672715,10.374219686056671,9194.99373534776
19227,9365.91659581797,9372.352070720755,10.573947705368624,9377.101870579767
19452,9633.875362304387,9640.094792600272,11.895971379318226,9644.28095203636
