3456,145.01916047159972,146.41347550863145,12.368649505893996,148.001136660648
250,227.92511409126,229.4910383278407,11.147029264230207,231.2218278883176
60,230.68049325600757,232.2694407682323,12.036892791116093,233.9721088355781
741,239.0,241.16506944210107,11.262639126189217,243.0
3460,280.9160005719717,282.22035356512714,12.871623939408131,283.753492530362
483,317.13677220666244,318.2419472886946,15.373195874049225,319.59207387577754
241,326.0,328.1361734029708,10.508046254545485,329.91640559248947
231,332.37451339275196,334.0413023821065,12.067116932524023,335.6844380802347
4363,357.7838818658972,359.0329611947762,12.52015911813652,360.67004595391074
4369,361.82488199388155,363.0953371410639,12.420037170229467,364.8004401562265
3506,369.0575376687851,370.5281494913311,10.715857142013398,372.39566434146127
3542,379.8741330059436,381.25725937990194,12.739151902180778,382.76175288760896
3465,406.4699486899801,408.0557629573856,11.931460449892004,409.7466257670579
682,429.79857035925966,431.0794706186546,12.904554803271855,432.6922775392107
477,434.0,436.08464244074077,10.24940838561924,437.99260748574596
221,496.0814433416322,497.37296004107725,12.076511572363835,499.0
713,510.0,512.145435991781,13.153783515697462,513.6559710934733
259,561.7867291181241,563.0490376442879,9.587875799740502,564.7086524191978
3537,565.1125575866565,566.4534978072754,12.30083443994412,567.9968488370481
3511,569.0841257046883,570.3465389772945,13.61936939399475,571.7748705721134
220,587.3794135912696,589.2009723438395,10.759292884074632,591.0813396353459
455,595.0156977852191,596.2500877019014,12.171498793396935,597.9608413866943
3428,627.2650574491291,629.0243911747756,11.197558549982233,630.6885030818195
3413,646.5422091019428,648.3632207178656,10.286620062422475,650.1049350784954
3839,648.7073116055267,650.2097706406183,12.178218912743144,651.7816769580409
3462,656.973921870612,658.3819595683726,12.664689323730004,659.9112916935219
3417,659.0841018257322,660.3685836595827,13.277817808917597,661.8620106396105
147,670.8647147082793,672.2710303274567,10.742550739624464,674.1122229372806
742,677.3763446147522,678.4661672131032,14.125509055636474,679.9588817840017
214,695.8707122137475,697.1743823895864,13.094693500940295,698.6947150743415
3853,697.7967120731213,699.2049874053387,11.075591457502052,701.0256206173833
234,763.9063968300992,765.243290898274,11.211947237531668,766.9896522189379
3516,773.3930479843748,775.0434916522435,11.085532388923692,776.7461350767171
3500,776.560796462071,778.0685269402317,12.865005179672606,779.6227474044842
3856,794.8417987996205,796.1560003853864,12.252845568791983,797.816941207662
3841,810.1350845189385,811.4625052883728,11.20348550088452,813.279792689156
469,819.0,821.2432368421397,12.407403939476307,822.93032296708
218,835.0,837.1657461602185,10.147312363840387,839.1153060857397
30,845.0,847.1002831763939,11.431515887405663,848.8497667754026
3504,857.5367199330055,859.2491294135014,11.064117088444467,861.1421357951848
274,863.2990198889911,865.0216707819249,11.510653681678882,866.7233556480961
246,866.0,868.2861100399011,12.372416217419163,869.9816752469955
3494,872.7404762809018,874.392117219208,11.299333611320296,876.1178228130653
3507,873.0,876.1955499445037,8.543063224271005,878.1778930811745
3846,886.9425100384262,888.3741101000952,11.207710153920575,890.1505326519415
3884,888.7308894220527,890.1542340113105,11.576818104442722,891.871749655814
3414,934.5222711677496,936.0387559192633,11.491961930541498,937.8356174196344
201,953.7903981349484,955.4175191993022,11.34430442176611,957.0
3876,972.9759801955591,974.266238154116,13.652136980410027,975.7323816290652
226,1024.9606616402357,1026.2547260226825,13.274784358172365,1027.7365351148314
4421,1083.138033641728,1084.5482042151652,11.920921131531188,1086.2511042778199
1,1119.62292480409,1121.247442979024,11.623820336489558,1122.8538148925318
3455,1146.0317967130557,1147.3268882831494,11.788566805158965,1149.0552121198227
3422,1202.8320788976475,1204.4482596961489,11.341593268729348,1206.0852050436768
3450,1251.2858337699336,1253.0203496804643,11.014029928481891,1254.841822464589
236,1255.0,1257.237246803531,11.29828119905322,1258.9982390404052
162,1274.1203923682624,1275.557271472797,11.89456344208374,1277.0
704,1314.0,1316.2918309622007,12.158048737682087,1318.0
715,1320.0,1322.3941121817666,10.175217633141923,1324.3731040230148
706,1333.0,1335.1877348653468,12.938650308421257,1336.6693123382915
289,1340.0,1342.0037038662554,12.310833985320068,1343.6061265752037
202,1350.0,1352.118975994378,10.30903292112468,1354.0909082543562
3483,1389.0569188490572,1390.4119806519739,13.060825572154583,1391.8149116746722
160,1392.1199410132488,1393.5169111790033,12.027334279707874,1395.1411116699878
3525,1493.8347157500596,1495.0477999722548,14.203623869373608,1496.4821039976184
4332,1517.0357139936045,1518.3321433758392,12.95202148873707,1519.8886561403094
674,1522.382342311311,1523.5918262973933,12.50048365562033,1525.0
3467,1563.4822695255737,1565.1868452745753,10.740863144150333,1566.8943771097065
280,1645.1438512248571,1646.5261844032966,12.360950655088962,1648.0768056543275
3514,1730.9076206370341,1732.1406389689957,13.139099972511067,1733.6958039322421
3505,1734.8249336457923,1736.2553774928967,10.603385021817228,1738.1113079566394
252,1760.8270921895303,1762.1355310610948,12.17306954945713,1763.78837897257
495,1789.0,1791.0630288137688,11.352353621891961,1792.879487515859
3487,1821.8729941140941,1823.196142581811,11.156173167433597,1824.9223586733756
64,1833.0,1835.180507004135,13.06993145134682,1836.6302886424385
3459,1843.611528184465,1845.3000087543444,11.417115181220746,1847.0
4312,1864.964998611616,1866.3935987428192,11.830127278238507,1867.959245781109
685,1871.7615713753537,1873.114743737652,11.694972039615115,1874.836465331834
3857,1889.7299569250426,1891.4650054522826,10.657565721265764,1893.0974132824776
3512,1922.2133832118031,1924.0925407828825,10.13610966935909,1925.9169231573965
3457,2015.2928866372051,2017.034610076288,11.495967594408867,2018.7862839337422
3493,2019.0030177801345,2020.2051587140434,13.46665240491168,2021.7309146538882
8786,2191.6354487891845,2193.309320846347,10.713594703378819,2195.0035272523082
7,2274.992581979152,2276.354646030074,11.75656113502508,2278.0107676310317
8986,2292.088153253427,2293.4775786102264,12.514687359751287,2295.0992713555133
258,2368.8751876663246,2370.3588931270738,11.107282633183393,2372.1805463613728
9384,2441.500151419242,2443.1286062282456,11.36055208720093,2444.9930793665626
433,2461.479392109268,2463.1808701246396,10.784715426138096,2464.9184328817264
5784,2540.0,2542.19009875921,13.697484904071494,2543.655781654568
5735,2546.0,2548.330261063361,13.055184827627347,2549.90382564732
5517,2552.0,2554.0906775207404,12.55507900004253,2555.6527888228975
5773,2594.2938625767442,2596.0521006087556,10.957736964721594,2597.75744542523
5535,2596.8974222053657,2598.2466872648483,11.856444061286743,2599.942327203354
5516,2599.3131521711184,2600.6020153844715,12.985036365018352,2602.0
8943,2637.0148423061496,2638.4651853378923,10.377180368918115,2640.401359561869
736,2647.0093237450283,2648.2855544676104,12.199038619624359,2649.9517074834926
8951,2651.8431399543097,2653.374198244773,9.789241687077764,2655.3647592925486
8956,2657.154325482097,2658.4741412382987,13.246555005972139,2659.9744609912805
9366,2687.7877484005458,2689.3038368220064,10.094362746272076,2691.2548468968985
8921,2731.0598343629586,2732.4284328959366,12.437926586890152,2734.0
5536,2741.0,2743.3750338708314,9.70174554475939,2745.156543979117
6204,2766.0,2768.003583445155,14.658377839843872,2769.4060106607694
5712,2899.8503541823343,2901.2198182216766,12.674024058212229,2902.720656952432
5965,2927.0,2929.0048356308234,11.236797114224123,2930.8309234674325
8903,2976.825266478112,2978.073518847947,12.410430949505376,2979.694562672504
8964,3042.183594705963,3044.049486596433,8.269913209416561,3046.4061111326528
9054,3054.5722062533805,3056.3676547771215,10.51713694985056,3058.1330695497636
9342,3062.0333375907617,3063.431191758693,11.024450402214987,3065.220753003488
6916,3096.1999280371965,3097.285670588839,14.547133252998561,3098.6884817235255
8931,3131.816273980953,3133.1580552369724,11.90295784409029,3134.901554036277
8983,3133.783151472444,3135.05335849353,11.814939654500417,3136.782884298848
5740,3189.4489966957008,3190.51761999657,13.988784486332824,3191.970199525352
5721,3207.9151206208003,3209.3332711186804,11.803313883675832,3210.9968290260854
5987,3229.0,3231.218738733265,13.777187975467092,3232.7066555627807
8957,3242.921544412164,3244.230529223334,13.218193445776834,3245.7204148798887
8936,3263.022913219749,3264.3691275093147,12.198549266256254,3266.0
5563,3294.5898193529147,3295.6652299947577,15.065620807349594,3297.0519908083056
5562,3361.1923857147244,3363.099388284258,7.971754932089698,3365.2513982078153
6708,3368.3923807778274,3369.5398111294285,13.349558545642322,3371.12459793531
6234,3384.610221219334,3386.1079566728617,10.312500661853361,3388.1110840407846
6236,3386.575998571891,3388.038096486527,10.195413613505872,3389.831134870951
5551,3392.052579899173,3393.1443269004367,13.259980962342654,3394.851620551491
6177,3404.380177981664,3409.1814289801896,8.233501213187868,3411.3155690232484
6226,3409.160655409458,3411.1473557252793,9.601626157388727,3413.1364118751744
6031,3492.5672680837233,3494.385829504737,10.59340016233268,3496.1545562454467
6220,3518.2129486124395,3520.032715630026,11.646765377791363,3521.6841091969454
5958,3553.0,3556.3269230745077,9.011592166636628,3558.261240877566
6196,3571.02949331859,3572.398459389367,12.709818272429471,3573.869085594752
9404,3596.186748266712,3597.486374348225,12.339276178746996,3599.2278234991977
9403,3599.081121530233,3600.4222796485606,12.565421514624799,3602.02848556991
5891,3922.8779485270784,3924.1589861410753,12.27133300224273,3925.879736062442
14926,3961.9156329489556,3963.4809659639955,11.708915132203357,3965.240068518167
15345,4040.834944570419,4042.4477900846755,11.099490249073073,4044.119435767275
12025,4222.148907133233,4223.548784239222,11.792137870133436,4225.054091475361
5547,4260.0,4262.143973797478,10.12032121680874,4264.0
5519,4263.0,4265.257116001617,12.827228200897613,4266.840956699819
9365,4272.0,4274.207281054038,11.61256600531022,4275.868118910046
5919,4275.590763126047,4277.119590082038,10.06258734865741,4279.085010484601
6018,4282.233169876376,4283.477096982818,12.835009273232808,4285.0454174322595
12780,4292.316013578739,4293.612155608737,12.992857918101114,4295.181223281193
9904,4293.077044096394,4295.328846612217,9.214027632337523,4297.270295210585
12797,4313.165021032172,4314.319366108336,13.052814933083319,4315.870832271331
9338,4316.351508298474,4318.077330612703,10.723864497816258,4319.781193492171
8954,4319.80716527812,4321.321162692921,11.03210780799024,4323.159095119092
14895,4322.106910656095,4323.465443109461,12.636836253052902,4325.189596870916
8993,4324.982292992564,4326.4008668271,11.72233099337643,4328.3135185357405
8941,4326.834476958281,4328.223645689435,11.615247230601932,4331.700500321796
14931,4328.7253710878485,4330.1453149643185,8.155138644040278,4508.856803232598
11688,4523.0,4526.291883640982,7.408210301627788,4529.09414597659
14405,4556.915218221735,4558.348917360112,11.850803170468762,4559.960461480003
11212,4616.840025231417,4618.168797344991,13.166347764516386,4619.651067752958
14499,4628.053436074795,4629.423014792731,12.136512300280023,4631.0
14471,4630.9750737683535,4632.371186310745,11.428479781558078,4634.169106003804
11214,4633.735792765168,4635.008751772132,12.743322285720595,4636.587293223733
11227,4857.848230625249,4859.194590444776,12.255497440282307,4860.817527324915
11041,5348.0,5350.183874280294,10.960143130476192,5351.949181653698
14872,5358.724889595236,5360.335688265167,11.885387814154596,5361.9644754290175
11705,5361.850756865941,5363.2225325709915,10.826211395201986,5365.097121723393
11518,5378.0,5382.218062155021,7.072854211063978,5384.509542257333
11731,5391.0,5393.398696522979,8.618433375744821,5395.68467386653
14267,5403.610623070753,5405.4043122503035,9.687678522920583,5407.476790148812
11047,5423.819769106181,5425.1310464069975,13.532408894634152,5426.677299094707
11687,5427.48374304308,5429.1680528277275,11.516713569350891,5430.832117924288
15291,5433.122579097178,5434.51215631534,12.571731535825663,5436.172924129462
11225,5435.071792119944,5436.451814883968,11.071408251768528,5438.173691179956
14470,5438.001432449933,5439.371604615985,12.999126824680053,5440.980067283299
11232,5726.1590434874415,5727.475244682503,11.714216452491042,5729.153394493065
14460,5752.8492243401915,5754.134163194896,13.817010311369675,5755.607965311674
14812,5769.86707859646,5771.082261058218,14.434220066724544,5772.484417853639
11283,5802.640757752643,5804.338264329189,10.5369632329918,5806.100917530577
11674,5832.0,5834.169351557692,11.974463175587683,5835.812282432472
14510,5899.048457519959,5900.420023589873,12.294374858272992,5902.201616959844
19999,6180.340013585984,6182.182081730035,10.75335192356672,6184.015533717211
20448,6185.300026173542,6187.044857659642,11.659863489945769,6188.661158006344
16641,6187.612632332832,6189.174443000775,11.650077143548549,6190.867413141638
20361,6190.146124745943,6191.510308820853,12.751899420908853,6192.964222859385
20825,6193.16048947284,6194.563725446688,12.370844464652231,6196.133332543248
11039,6243.885251236212,6245.195878198408,12.272035615112541,6246.9030979484905
16988,6340.886743357087,6342.162793136597,9.859631266210378,6343.817836188823
17214,6409.695607936678,6411.107647176479,13.047181417413686,6412.670571780188
11037,6439.0,6441.44403082222,9.277350460493986,6443.638287172643
20820,6448.666190990791,6450.445355912531,10.122593743074301,6452.327331911698
20661,6467.5502162193625,6469.185684286912,12.116789053124355,6470.7856624193955
11692,6522.0,6524.090162361588,12.152458425695091,6525.803006339957
17213,6535.0,6537.264990718154,11.016750794167722,6539.0
16744,6540.0,6542.25108906943,13.520910681168864,6543.812080500645
11026,6706.0,6708.001417524274,10.696790002711102,6709.807653873918
11022,6716.0,6718.042817757966,11.850753229430858,6719.796420674429
20425,6834.780445510234,6836.0953841817945,10.998984992393531,6837.917886129831
16718,7245.126855123953,7246.482330221012,12.16836195332768,7248.124888940734
20925,7265.992979568736,7267.447252989533,11.64188858747597,7269.008487002601
20370,7267.984441729671,7269.244165812688,13.348462413631275,7270.819823169404
20380,7271.095486998823,7272.541787363182,11.730919077430555,7274.099306451925
19936,7276.730817238271,7278.282192791097,11.569455631279789,7280.092138838921
20393,7312.324878585745,7314.047558566431,10.264958351291526,7316.043010251891
17644,7367.199729188681,7369.0283155220895,11.039855005285933,7512.599223179375
16991,7378.990232291248,7511.167065510108,6.583564660142206,7514.987615670725
17700,7541.0,7544.0126242061,10.028979911105395,7545.928703239543
20350,7554.45986889221,7556.321607064702,10.322687706773207,7558.097601930741
16724,7556.872922515685,7558.315163402006,12.290931853175874,7559.939817731426
19992,7558.951983032345,7560.315152378055,11.10799091383223,7562.13838394818
11393,7559.0,7563.382831207072,8.184527380398762,7565.461957539745
20410,7563.587586689949,7566.013653660386,9.786724864748916,7567.896683029196
16552,7576.828034852049,7578.360051744777,10.783080556147413,7580.259078067225
16736,7577.0,7581.265207772333,7.465746029819583,7583.530614969478
20411,7581.046119122014,7583.353974587649,9.134090891221582,7585.363968008513
20343,7583.529044689536,7585.282096016782,9.828918415048914,7587.084626479865
17188,7585.654384885417,7587.2057398251045,11.299103397443709,7588.892737556483
11716,7593.258542464901,7595.065780347617,9.736144388689363,7597.203525181461
20002,7598.904376124846,7600.454886584032,11.302255845571331,7602.208057438174
19903,7599.0,7603.083878571962,8.184310476931046,7605.291437732677
20045,7603.150562571189,7605.225761308391,8.963938373965812,7607.228757537289
17233,7605.424382766076,7607.258209673224,10.420435315267609,7608.978508965369
16765,7669.869699857059,7671.057697344688,13.653906860842122,7672.530434521611
16755,7828.82998523145,7830.070066254447,12.829048610702651,7831.647161143872
16965,8033.274765271369,8034.293364494849,14.386352710712556,8035.661011301512
17000,8088.117083830669,8089.19762766201,13.535927538388256,8090.660946562595
21614,8177.967653140898,8179.197874807493,13.221513932321258,8180.742265765459
16801,8233.693842572487,8235.29415548996,10.345673452677955,8237.181411890646
