1534,258.806635559231,263.4709090617766,11.538430673873274,276.29508949866715
1567,530.959029511559,535.2597534693165,12.773331841663826,544.1146205505776
2986,594.0322062601825,598.3631532400716,12.958842404732131,631.3523861521555
2339,595.7362388371886,600.0977018425541,13.440304139171577,633.9644157919001
1569,627.6125522023543,640.1433083762122,6.379465301888421,647.6730397023891
2273,687.442870101269,692.3153271569416,11.331762764718025,721.9470847171434
1574,953.3596856052731,956.6687668381044,17.145041554613016,991.159068045406
848,958.5619713563808,963.0104138950985,12.060721153333844,994.0763775096767
2343,1168.1514674789728,1172.0366079606138,15.276675267397405,1174.5570737544003
1595,1244.5957765523362,1249.4318521769046,10.951134186486396,1261.5372275806117
1541,1246.5395796416183,1251.2803743934148,10.332079401414596,1268.771568988538
1550,1373.0288824161782,1377.206776522497,13.311084397036987,1379.9930952476918
892,1539.3695465068893,1544.3556859731282,10.417565994543173,1547.8407773647928
1008,1541.330216305528,1546.172554267698,10.097991124884356,1549.6879643748057
882,1543.1875077712384,1548.043949887904,11.000878436088195,1551.5740937339194
2425,1586.5927481201873,1591.2764613320285,11.554079406497712,1643.975890454478
1645,1588.3921223730765,1593.0772091709177,10.276384194418215,1711.4331615781252
2314,2063.1456705622677,2085.2387870645375,6.590661989728795,2090.4105617597165
7754,2491.028567815553,2495.193047037714,13.20130367091876,2521.302533218265
8488,2574.7978518569635,2579.110911993489,12.519243083047638,2611.1117197965086
10107,2601.791147240976,2605.466308915198,15.288987125017508,2614.5562428035505
7069,2664.225241095589,2668.257960882398,13.496893766445474,2701.2784045856033
7810,2666.1441090330163,2670.0945790289693,13.407372551609841,2704.409059018454
7074,2668.64300860157,2673.3182769359073,10.854320615198471,2706.824860134472
7058,2670.6019134744706,2675.338363140456,8.01735566191926,2708.963420505749
9514,2756.7045579873775,2761.5142848904543,10.762134922727004,2798.2335688564426
10846,2758.597465423493,2763.409330774916,11.052200056622402,2804.8590809574894
10866,2762.181088086829,2766.2584442375496,8.48565283936346,2810.371909300235
6338,3044.9050730767553,3049.538038247848,11.714342967023205,3064.164944400014
1551,3046.828393842684,3052.163043031983,10.731854519316585,3090.29919411066
7056,3237.629456886963,3241.527820845202,15.14198960502255,3244.1512700710127
7082,3242.2643378259913,3246.395695152042,13.908892372237558,3249.242280866089
6462,3302.7566501737215,3307.5299764745423,12.663167099281194,3332.9827066243033
7065,3304.715979385129,3309.224889018364,11.00477448702167,3369.998026739214
6387,3306.4870627434198,3311.047259707503,9.301834281367778,3511.215062957176
7030,3914.2585985247742,3918.63900735809,14.403258754611747,3961.2758540040345
7102,4004.6867741699275,4009.4245921070515,11.888138870218253,4054.0278732550946
7075,4071.548672896732,4076.1753985858477,12.32398056822987,4079.7502030247956
12525,4337.405567848737,4342.344946323362,11.817547457102156,4345.529562162598
7050,4503.023826013055,4507.592841206479,14.70968631620589,4510.272213702249
7060,4505.179683350781,4509.432689635355,14.85619217981602,4512.112675335289
11954,4519.526042444672,4524.4888646735935,12.192417001857345,4528.443585910946
12590,5175.634156736838,5325.006008805366,5.604881458356895,5494.1009538182225
11850,5703.331714945678,5708.330428275392,13.52900926211734,5782.756206436208
12567,5705.817382084743,5710.227289161998,13.774369298914802,5852.772466310165
12591,5707.771782622779,5712.210478958244,10.53313262380515,5855.825077539259
11894,5729.230383897969,5864.334847788423,7.521711323564786,5948.105275771509
13339,5735.926796796634,5950.075845326428,6.25559446076398,6039.244924225483
11350,6312.864199697053,6317.52586199102,11.543002454254838,6320.741811568833
7066,6314.5965162364155,6319.2802466384555,11.737028159827801,6322.491503085363
17370,6316.8112649093255,6321.249322100116,11.308347506244338,6324.401255340089
17398,6318.590499058185,6323.06512376618,12.02838968194699,6326.184784694897
17394,6321.459670147276,6326.301792165175,10.77678922034719,6329.662208217256
11908,6323.27942243382,6328.174282348554,11.419000982941752,6331.48910797668
11876,6325.784179172056,6331.016156266262,11.116167010919307,6481.160543416216
13279,6327.966153157574,6333.120422153729,10.808200678981962,6483.971319613585
13293,6329.801307580964,6335.074437318685,9.990533916389092,6486.218656626045
7801,6331.798837830248,6337.088628265076,7.285375227071192,6488.656090540048
17349,6339.727461379657,6490.139782133379,6.738854673883559,6678.342673807488
12585,6904.051835392087,6909.1369825463435,12.435640679068635,6931.214926960927
17554,6960.031144878959,6964.472986639266,13.659812965560915,6967.630460147265
17390,6972.966588187674,6977.019229078501,10.717920686833374,7030.4880230883755
11938,6974.731414591719,6979.137904671957,8.03084644293263,7032.4587100808285
20327,7524.576824446484,7529.022307315389,13.08227745872037,7561.44598952629
20331,7529.204109023295,7533.382707902331,12.56600969232285,7564.529234509521
20321,7530.896396037131,7535.233369037489,10.308908019535984,7567.045507535994
19850,7548.8492499429085,7580.509412618137,12.375116968712431,7583.848275737165
20706,7576.010859873512,7582.312465554775,10.348016787355734,7585.580120496898
21087,7578.448625943726,7584.218125195752,11.216894282632353,7587.426884474655
20753,7580.84864117662,7586.232080190938,11.030559923808298,7589.82620459659
20504,7582.794592656997,7588.07337400532,10.105469925903618,7591.756508217768
13276,7595.648882620662,7600.312355861007,11.66482165679286,7651.387143674744
17356,7605.149171596619,7609.277475980856,13.55298923203693,7654.213509130341
17419,7659.193609713098,7663.478865156813,12.81021676539448,7666.436287723489
17468,7802.946419006612,7809.08439511494,8.875578327397141,7831.138319053615
17362,7805.3962392664125,7811.2347232948005,9.37573862417399,7833.783320302772
17386,7807.39187883686,7813.245034475507,10.63742854864397,7836.439258258598
16909,7839.698755789991,7844.404493152362,11.964569798878182,7847.6977614775005
17578,7841.46491278861,7846.130270929155,11.199154899407555,7849.485390733768
13299,7845.505815215349,7850.11094495412,12.078711709467228,7853.402439194906
17337,7847.534137650848,7852.182039785374,11.458350733842945,7855.450298364408
21183,8403.162652754298,8409.019889495901,9.858601132948651,8461.559165260947
17361,8495.877851516056,8567.131065559926,11.016451018868352,8570.389876484385
18075,8651.092653350934,8655.504497163578,12.676577910973517,8658.46824422891
21823,8655.05020167687,8659.546161963026,11.445974521569621,8662.640981677936
21824,8656.86839889899,8661.276604933271,12.5081542095328,8748.124379179097
18037,8658.70164443057,8663.019106696911,11.909718704395347,8751.16509470249
17407,8661.344012549544,8666.161332778904,11.036758944465488,8753.568382875386
18095,8741.729480809396,8757.036491549152,6.469044434097012,8761.636595618618
