4076,50.63917620383357,56.052023325151,13.993352084829308,91.34601085598221
4050,230.28478456767132,235.51083742488441,14.082434299999345,271.4319973064147
4109,248.10407868307635,253.37358725004816,13.055769522316403,274.4917667547391
3703,329.2425542576036,336.1990441542131,9.91568761684345,365.36036716984194
3725,331.4080346807158,338.1604410890077,9.554240896299273,373.5165770471737
359,365.7603229115964,373.03398578183516,9.58256203784588,379.32343775763974
4083,431.2368348790509,436.48171740099946,12.98491195516196,454.18664065296264
4058,457.12607496047804,463.31722189866144,11.515290709489408,468.1928486157634
949,543.690329530928,549.2442575153733,12.904341488713348,553.7400985466588
3620,633.5748841662028,639.1186080428806,13.541894400101135,643.6005352197598
354,637.7763680907244,643.1830770999362,13.35228979847849,647.6336534489475
964,639.6053307503311,645.0287938254221,12.090265737134835,649.7675617468738
351,723.6656613769844,729.2945528023954,12.941670478740017,733.634200086011
1701,783.5695111147219,788.2495213159245,14.581773464973338,811.6163453956611
1666,815.5766700760354,821.316414284375,11.242764689220467,826.1908209702862
4061,858.1900540338993,864.0513018434965,14.122372164889464,901.3326047281854
970,868.920161464311,874.1484623974846,13.149071657741377,906.3834304138882
3614,906.6566215207283,912.3876856901155,12.500215384850598,916.862838354125
3682,996.120341508065,1001.4242528274342,13.038143864120565,1005.9107459223219
3670,1000.426952517807,1006.0776491397974,13.307536438409723,1010.5766163895473
1052,1004.3086183463056,1009.5782905695434,12.894487306711785,1014.0829369688091
1040,1006.2203656188253,1012.0696350079935,10.911201852101883,1017.2044879932822
1010,1010.2632946511117,1017.067066162212,10.176996069503126,1023.0410354103942
955,1174.1240514958358,1180.00616593242,12.112833117065431,1184.7788053616264
348,1182.472716867018,1188.4964631455439,13.044082283165345,1192.9435372435257
4101,1218.379227298454,1224.584391743817,12.328895877106666,1262.854519690198
995,1273.660192217728,1279.5433809199342,11.306476711132747,1284.5417741930175
1694,1275.478208108907,1281.3458671298968,12.05328589138674,1286.3740790462557
3149,1277.4055947041652,1283.1067742452556,10.395823521188312,1288.308578491289
2432,1282.80760286245,1288.0905628857047,12.333056850503544,1292.6078991706677
3615,1539.4584923192247,1545.2628966116729,11.985864299540847,1550.1397126892016
3613,1541.8964120565709,1547.1076324573132,12.656823390697888,1552.0021498137535
4104,1580.6967993178926,1586.5296553438302,11.984591605405031,1621.3792161010344
1765,1632.1319503931184,1638.169769104223,10.702037960442958,1643.3105956330307
1658,1638.7016331082466,1644.148314005358,14.081839227985403,1648.2835635061977
355,1713.7006020474787,1719.5560105646018,12.500251793312634,1724.3689914270303
4128,1762.2421145877317,1768.2701813760434,10.750501827576548,1801.6362363290068
4063,1764.282513653153,1770.2287634577408,11.946084443712044,1804.3149688208227
4118,1786.793693716247,1791.1269512263161,15.146708461381177,1806.594404961153
981,1808.9989801561906,1814.4911974840788,13.081919973464732,1818.6833665722645
1058,1811.0490576869981,1816.5368201138022,12.814801242300819,1820.9018574226563
361,1815.2532943077733,1820.554904261441,12.797426673336114,1825.0382604697593
929,1817.1331609012632,1822.3201035207587,12.547047410021452,1826.8027229902614
2353,1893.9264630831308,1899.4941248266796,12.485755029620142,1904.1518204826034
2425,1896.4200951870594,1902.274364406652,11.903352372282574,1907.2851426870848
9569,1942.81371802471,1948.5636949124594,12.730825392074706,1983.4791264760158
9106,1982.4874286627428,1988.1304467398083,12.715598331015896,1992.8291995571942
9571,2032.462506144697,2038.078125913109,12.238367840569248,2071.4316632457812
2361,2127.5490629756123,2133.166211215409,12.154707520248326,2169.9198018372554
9589,2140.025106374331,2145.5866733479097,12.21239289015315,2172.102220042772
6511,2173.3280798355395,2178.1166553202665,15.260896810721796,2181.8920697421245
2417,2178.365482437836,2184.1555959825614,11.24027195233985,2189.175194099194
9541,2193.15763563855,2198.282712753771,12.624916001334093,2251.760623459808
9601,2214.2942471954275,2219.247761675652,12.753367106426179,2258.9601626195536
3674,2255.6622264698635,2261.124659788917,12.80906951425147,2266.1309919326523
2349,2266.41917544386,2272.3479400075025,11.848273018601697,2277.096260305254
1616,2269.1297303530473,2275.1470324047236,11.89268862974735,2280.348576988897
1626,2279.5686745462126,2285.425026948865,11.705725163728733,2341.784517945281
2395,2281.30718263801,2287.1694069198,11.820028187279155,2344.4338221235016
3626,2287.4932114879603,2292.017807688453,12.578077734591462,2348.6231605468756
9573,2303.7526530396476,2309.552396569103,13.715910051584542,2350.4856446450485
2344,2354.312317366034,2359.5539654895706,14.407748157765562,2363.507690885898
2386,2365.8431385604613,2371.5277176542004,12.025214416747328,2376.4783965978395
411,2367.703677043964,2373.304358068752,10.767472416812017,2378.403848234117
1005,2371.0468533227654,2376.12093589614,12.944699974007106,2431.687454079293
417,2441.140737328596,2446.2274325450644,14.02873160257706,2450.372218925717
2412,2448.87584513436,2455.3434605505727,10.251881841973637,2461.1497646252105
2414,2450.8628868352903,2457.3655142582106,9.847063112614315,2462.959057197945
9103,2452.8214848924717,2459.4827096492427,10.45817267468473,2465.07815755735
9099,2454.951573535212,2462.134144747251,8.822843626576738,2468.2977241653016
5859,2456.9973719322443,2464.1789067162695,9.155393668605104,2521.6559279077483
5845,2527.318003807657,2532.137509103302,14.67577128320297,2536.2290638766435
9105,2529.2662324278185,2534.394294715536,13.70006473002361,2538.789275475898
6481,2615.597764181327,2620.4216616307526,15.388527948809667,2624.1539469296927
9119,2797.983383001166,2803.5644880608356,12.665169921069381,2808.0880126364714
6460,2802.385646063857,2807.4968705063056,13.750422811650457,2812.147192979324
9136,2809.8626079186733,2814.3305298955465,15.081463683065884,2818.1874219748233
6573,2826.1434941043954,2830.574626193166,14.878034897402447,2884.181889644958
6434,2883.414425460819,2890.0639304087185,10.12157578067136,2895.8613937844198
6518,2888.0478034847883,2893.3428811567373,13.193896546897676,2898.0019475739064
6600,2889.9541148543,2896.510416992578,10.610811929987834,2902.027991344803
6598,2912.2688034947028,2918.029458560543,13.640792203454081,2971.6665860570174
7947,2919.2210451695955,2925.318251695151,12.520480279903127,2974.2566344906563
6450,2978.795545010286,2984.433881842384,13.830425368509818,2988.5057554934983
7253,2981.0096556472963,2988.2028864156164,9.120032442520394,2994.2636836636857
6446,2998.7406162619704,3004.553851231494,11.964424732757912,3061.624347529675
7182,3009.567301284438,3014.5133549292814,13.788885227952186,3064.4171025805254
2393,3063.74874069628,3069.3511512768055,13.475958096210292,3073.691603398331
9101,3070.2175974021857,3076.2989705315163,11.6236076998962,3081.212998828026
5857,3072.490165646295,3078.188665436726,12.934464911834427,3083.044738618271
8601,3085.6030687765724,3090.4160762519355,13.544359210989704,3094.6277248905344
8578,3087.889355571593,3093.2869918412,12.696060134708757,3097.873769822397
6477,3089.7091618973577,3095.0972343081235,12.581629913265738,3151.631695079846
9610,3118.2763822519105,3123.569474220441,12.073751312612734,3158.8474565705974
9564,3143.050363507748,3149.3225306627323,10.940173895661236,3160.9692868853995
1699,3153.5858329951434,3159.1273149834738,13.246356503655242,3163.594043556822
978,3155.6768112283403,3161.248710323333,13.355875635643828,3165.7198783346344
9545,3200.6122270014507,3206.05179612019,12.88755150650295,3241.5801803178415
9592,3211.9654698224786,3217.4786691425143,12.736522413461564,3244.26840819271
9578,3233.595914510624,3240.353029637309,10.102618421078903,3246.489522344919
9538,3253.669457823845,3259.4489399026934,11.60703890394911,3264.367423472578
1687,3351.5248304682023,3357.43363398039,10.408940214589549,3362.399002527379
1650,3356.421388910021,3361.5787447729012,13.222902804759617,3366.104499139924
9536,3363.6004761746444,3368.5379716595553,14.282792500443833,3423.975982166886
9164,3431.781019511241,3437.561806061284,11.870982677852567,3442.4234420816024
8765,3443.4705416431007,3449.3253403004537,11.566647793321488,3454.34793738805
7131,3445.937587662146,3452.252160268599,10.18701122933218,3457.668977271276
9604,3470.202513758049,3475.6036610534406,13.10193207824078,3518.7067090867863
8575,3525.771330098308,3531.4613180604088,12.341919264289434,3536.090201414907
9175,3538.473658068634,3544.0899748860725,12.302441551821154,3548.904072532768
7918,3614.116918156186,3619.477310152285,12.955419550505495,3623.7670290523492
9114,3615.97561658601,3622.0833407231794,11.633352182243199,3627.31263826629
7194,3619.9044985756227,3626.2795816613493,9.981630667951285,3631.904203196946
7875,3621.7990751599255,3628.2429197683414,10.874657490919319,3633.9132973770134
7149,3623.717388343276,3630.1356915738343,10.795171332043028,3635.805779165193
15123,3648.1568413227997,3654.3784978792814,11.909370815147534,3692.21521533356
9176,3701.4734781361776,3706.4419466784425,14.076748238578148,3710.8265215297083
6469,3705.6333762810386,3712.0903053012116,10.26298395445998,3717.712384590335
7109,3832.9079370814698,3838.5094035352795,11.530933718528399,3871.33316913728
932,3837.9136416670885,3844.1328320803673,12.241561750058464,3874.1431286083653
1685,3844.6800058707404,3849.298519343201,14.458537568392247,3879.085945015724
7152,3846.4694247266225,3852.3368648086466,10.714280368999392,3881.2119415008497
7145,3848.27543297648,3854.1926964393656,8.505618838987461,3882.9788892020206
14724,3918.383630788957,3924.128693428267,14.531738952622174,3961.331808225482
14963,3920.6935936777013,3927.0770927547533,11.332995897749917,3963.8877140320674
14618,3963.902876165667,3969.43001688596,14.709380588336295,3973.4028995911403
9108,3970.2009817147077,3976.39025910601,12.100599753600468,3981.163331616606
14282,3982.711930488691,3988.3781142369735,13.604826161014406,3992.7631106941085
6488,3984.7333983179074,3990.172636914087,13.413613467907563,3994.4762442938995
15059,4012.8133282868907,4018.2204431384475,12.198613512570343,4052.6189005480614
14684,4053.462670494889,4059.1184273176164,13.3993650655344,4063.442438300217
14303,4060.129116413078,4066.0828282146535,13.355535469585893,4070.542732666972
7891,4073.604872247498,4079.365207502125,12.41706494127632,4084.1734064560933
6476,4075.624044704431,4081.1185037165565,11.441587937508062,4085.986910131313
14674,4082.1844925125533,4088.1303700973012,13.69690357413723,4141.421342023125
14274,4147.476518700369,4153.228974868643,12.479485034801776,4157.760807701841
7141,4169.631576812743,4176.004070570143,9.846598638186245,4231.863133895032
14285,4175.409559246255,4181.1761579518225,11.015815736364269,4234.47512878862
14679,4235.744250919408,4242.174617220717,10.872759640009802,4247.595755638268
7146,4247.57867227637,4254.251975518031,11.053846244911933,4259.810998145597
14100,4260.948947275261,4266.021396868332,13.579714336991595,4321.4865229202005
6478,4278.751875207266,4284.3243139851575,14.060134769944014,4324.176727416865
6464,4284.624088059029,4290.4553394159475,12.210316237692759,4326.512075816394
15079,4298.55446422133,4303.135842194555,11.972944719339088,4330.571059556898
6483,4336.491088503609,4341.096169105577,14.9145548897283,4345.086339532371
6472,4342.096510533752,4347.212852070982,12.922570020282967,4351.631210073883
6430,4349.500563377925,4356.236045201827,9.949774844971047,4411.423800484185
14613,4416.3325992473365,4422.345057137711,11.77833181248389,4427.423661321829
15046,4432.61889225924,4437.531296111368,13.88043328502019,4441.814784013575
11349,4460.667017221411,4465.625397246294,14.845333603521578,4503.8771820164175
15108,4550.370772163853,4556.139164043621,13.188957506728043,4593.770234111208
15056,4563.940015610259,4568.185473547749,16.284935376356618,4597.685982674847
14671,4599.198702325168,4604.505312237822,12.987006807568074,4608.720256069484
11997,4711.683114604577,4717.336908611675,11.348770471757486,4771.733711676056
11928,4713.438738206204,4719.194589799426,11.255580182780472,4774.7428050145745
15069,4730.8420591932145,4736.1891395476605,13.187105887800685,4777.094226615809
15065,4752.708614084962,4757.438077986038,15.730032322544547,4779.1106043174
14610,4776.281911161206,4781.6188781133,13.705563142033771,4785.703727011513
14605,4778.436481935803,4784.518243241578,11.543407319579591,4789.660920147374
6496,4782.021895927989,4787.202215089072,13.432542528391524,4791.760311075043
14137,4854.692989542925,4860.224507388529,13.352395633651826,4864.960743541985
14651,4864.194125276858,4870.097958816434,12.624119898506391,4874.862971090319
13399,4925.937938544169,4931.45495336638,11.801803008133879,4953.9710903792
12632,4934.281466991614,4939.34366478566,13.349992149683093,4956.074338405019
11363,4955.985182789483,4961.049650685082,13.679952251593718,4965.247872392672
5882,4958.1294015192725,4963.517189354101,12.533925538700947,4968.0914573125
7173,4959.875776708958,4965.244600228177,12.53666681646448,4969.828511821042
13388,5043.779039277713,5049.57606572069,12.977168783639128,5054.271940063398
11995,5049.293193446784,5055.363151420503,11.632348684824274,5060.253846604397
11428,5058.97883035965,5064.155389240067,13.100092367935533,5068.554205198901
13370,5097.13194308496,5103.153950269404,11.234394424584629,5131.690539023224
13382,5099.294774247732,5106.002890158021,9.786715810782955,5134.315444314753
14608,5150.355106942593,5155.602064878947,13.393472189125104,5159.850634889779
12696,5152.37821423224,5157.5923773934155,12.577350314162908,5161.964318932671
13380,5154.20415218478,5159.40402113042,13.478177773152662,5163.8078464982755
11362,5156.060670256923,5161.085722677509,12.089120954500746,5165.54103167832
11947,5157.912962242214,5163.480437427771,12.268131447383098,5168.252761666511
15057,5272.915432876155,5278.590656021965,13.508008103034067,5311.352698632853
15089,5279.242580333268,5285.062780295567,11.977104565923304,5316.272040175354
15048,5324.329866374076,5329.046863342141,14.16243928047976,5333.087001460686
14609,5407.668844992773,5412.433985665877,15.115421212558,5416.277438605238
11425,5433.231319683906,5438.300543309044,13.089905677148131,5491.801044212788
14668,5437.441480883219,5443.273019259974,11.876391863393238,5494.676557568202
13376,5439.317331903678,5445.042496657781,11.88487049922077,5497.068177448542
12005,5448.7310381000225,5454.440126584151,11.809840904752486,5499.153794426128
12704,5457.132204102397,5462.503207238719,10.973957865189513,5503.353700197862
14131,5493.712548875199,5499.095993800301,9.979410625167114,5505.128094557478
12678,5500.235459379807,5506.539791338557,11.024725126257968,5511.675758147886
13356,5502.472889289392,5508.376766566088,12.03193709787446,5513.510150004838
11967,5504.529254117944,5510.219116483976,11.582903132215247,5515.256434142525
12011,5511.80127074309,5517.4754183503455,11.415797402839873,5522.354408474887
12054,5513.648091731194,5519.371175698323,11.165542002970511,5524.255135308391
13373,5519.759282288305,5525.462301858738,11.828995308085993,5581.419470329141
13497,5521.583597702483,5527.227065228847,11.460113253712201,5584.2806769256085
14229,5523.379851412892,5529.047722359967,12.145824243760638,5586.650650507824
20602,5628.049915392102,5634.522695702195,11.38630520551161,5673.512044697146
14150,5643.728380530856,5648.269207944239,14.484310255106458,5676.709893552436
14135,5650.637610751339,5655.0661462572325,14.420317590791445,5681.048210165359
11353,5673.899596795548,5680.051999450122,11.696167380752327,5685.050194235079
11343,5680.380862812032,5686.154005570848,13.120147995508123,5690.527209247708
14612,5763.667723809899,5769.418626514229,11.830569648346604,5774.0718770642125
20197,6039.306021360557,6045.145644881673,13.121986624529953,6049.425537127305
13391,6044.216932982478,6050.099013072559,11.271244035506648,6055.138727437521
20155,6051.217105328699,6057.42787306972,11.224246702427644,6062.494741368957
12094,6053.24153708373,6059.234018167217,11.277386861466242,6064.220140381493
11966,6055.273551321952,6061.0362536657885,12.258645352747607,6066.023258534069
13479,6083.649513689019,6090.159781994219,11.625879429806083,6121.63755808378
20190,6123.781059535218,6129.173630272915,12.919255443916445,6133.592898880624
11345,6153.489739654728,6159.117793282869,11.73421804849754,6211.741738089465
20109,6213.661541028262,6219.1191923279475,13.140192346876347,6223.614692004035
20160,6236.794897816338,6242.576286710774,12.063054946238532,6247.22325808545
20598,6258.281931436224,6264.545822578753,12.573581775619536,6306.590789807142
20624,6268.90340155503,6274.0002700764435,11.253462361049646,6310.8344537855155
20113,6308.131290874144,6314.498125568289,10.353159433305931,6320.170537860682
19622,6351.81217850153,6357.473200453274,13.080357019206886,6391.646077985439
20622,6355.072653139638,6361.007635515261,14.146002592520578,6394.7697529220595
18930,6357.270477173419,6363.138651618615,12.653468272335157,6399.27160524137
20479,6618.0317144832325,6624.0001164737305,13.91575644343048,6664.131479004539
12702,6651.485742917165,6656.279506372905,14.276447389689688,6666.246328149018
16860,6667.044042742643,6673.200636914025,12.300048395565131,6677.75869588213
16847,6671.645582721037,6679.031079134032,8.750055936114656,6685.411145965613
12663,6711.456314326645,6718.207515976963,10.254460011369158,6751.743545256713
19599,6727.711829651198,6733.213695603182,11.287336077822408,6754.5311068650335
18929,6729.60739482273,6735.109081428967,11.38386487838042,6756.984351640126
20122,6758.804989094543,6764.226955379262,14.426822323949631,6768.1294121938645
16843,6785.160215839765,6791.107989657694,11.468953112363899,6841.349582128298
20564,6798.137996342584,6804.1638157624075,12.841487026090832,6844.316847878781
12682,6810.795238921185,6816.143698599327,13.15819230431604,6848.634911664181
20568,6896.255439414436,6902.043136081456,11.411781849673885,6937.148151075462
20578,6908.080278497125,6912.4090924665015,15.734269691898099,6939.228403484198
16849,6959.550334729434,6965.011383758628,11.176521460364798,7021.321301310413
17497,7120.016704562595,7126.156186903629,11.3041631234746,7131.38117875449
17436,7237.533593629524,7243.424033305759,10.89439529102549,7294.308752407213
20553,7256.384507204362,7262.250590823611,10.937454676344204,7296.614484437766
20610,7258.2108714469805,7264.096996065091,11.72688637422287,7298.7364238428545
17530,7293.8170497020765,7299.311215012541,12.493134757682657,7303.854306036746
20176,7296.072097139005,7301.289486442374,12.955861001769312,7305.692221800079
16927,7315.951124021311,7321.283865250964,12.328930298098127,7325.982841061735
20136,7320.651939045512,7326.278712038859,12.02004233398594,7381.469960900996
16882,7338.71795251104,7344.474014445097,11.75849885242919,7384.218982287101
11999,7358.381481273693,7364.132954143533,12.403944327997477,7386.430727920369
16920,7360.806454466198,7367.026042354881,10.747895823766745,7388.60085586588
16867,7372.8628514609145,7378.000753682684,12.19350855107903,7390.64524250639
11938,7383.778670679205,7389.5363099163005,13.11125545927432,7394.582578489123
16930,7399.67643565478,7405.421491662443,12.68251752925679,7410.109984935641
16861,7479.240210456327,7485.5143860756,10.312658917642505,7490.825831119303
17428,7880.516670297787,7886.461851653151,11.00269070974053,7924.27318865949
18893,7882.462612345974,7888.398301643065,10.168284479251906,7926.489167814347
18162,7884.267058686441,7890.263249201381,10.995858044906772,7928.672643023173
19596,7886.477930343144,7892.221614666587,8.807500695453667,7931.107778157045
18141,7944.453322277762,7950.224837169508,11.228814206649346,7955.2679720580545
18193,7946.533983294945,7952.319824040646,11.203499919859206,7957.358835515791
16859,8013.661456421995,8019.072758828575,14.423187770147525,8023.198614755556
17523,8017.741021225243,8023.035805325231,13.198581431854883,8027.429242523656
16878,8035.432474281326,8041.069216279608,11.474601113738752,8045.9644420632285
18965,8039.723186518576,8045.259472543204,12.360097563030038,8101.355168316046
18229,8041.486777801353,8047.027135567251,11.416882753707718,8104.031555822124
18868,8128.741883522678,8133.450342373185,14.575095080582136,8137.547361437694
18916,8130.428594156109,8135.252641538809,13.964855536275842,8191.542888658121
18187,8132.2875276800605,8137.005864898119,13.511939814161137,8194.312167558277
17441,8196.959962592882,8204.14368129435,9.754333566497197,8210.179606864207
17456,8283.536952679067,8289.54554988785,11.122872708261937,8294.554279459137
18885,8554.103700828444,8559.375811938184,15.096528088282167,8563.362840892629
18182,8560.616105202804,8567.318340258562,10.364100173259699,8573.163294017657
17434,8562.609865952154,8569.312793599003,10.460528504935292,8575.177453041222
18177,8564.625702966214,8571.314176126209,9.811373643974559,8577.220941874826
17445,8568.508640698505,8574.201809167089,11.97374621738366,8579.309379466207
