3628,171.04670217061425,172.13917777860297,13.401181232242333,226.44708160881385
350,187.40066993085273,189.02038906218525,6.375377826686565,229.0355340571345
875,264.720892368782,266.1074964166843,9.614746210509276,316.1178680096357
994,266.59135391500627,268.16308586094357,6.251721545545268,319.28887694158965
3290,331.2901449340352,332.4776997656665,12.71818518219316,334.8278435804573
3684,402.34683712419604,403.4665037678307,11.727763044376182,405.6249631005824
2308,428.40664211482533,429.48094844636444,14.2831804633862,430.8107013451276
3298,465.2814437707326,466.5596862513387,11.756849401712783,496.42147547832343
3685,609.3931253624044,610.5474192861482,13.384808433724142,612.0343635144915
999,613.2089122670393,614.3601221600647,12.48305609207633,616.7778857188803
993,630.9922360609224,632.1906128545018,9.96863274589163,676.2438361262805
1666,703.1017369048583,704.3786042157207,12.19366938167509,705.9899604531565
3007,704.8765545795479,706.1553073051612,11.419391569662547,707.7989356175408
1599,713.9962235395114,715.3429130758116,10.579158502688715,766.2495218751596
1604,715.7807565651912,717.2451387434843,7.164107714429747,769.1074450748356
2380,778.1078466461603,779.485385132853,12.114191927382462,781.0588732318132
1554,867.0675853711016,868.4249871058861,10.769363513702698,870.3098451640851
2350,868.826012784393,870.2490862302432,9.528280569104068,872.2306001703759
3303,883.2555562090556,884.5680715437139,11.958547234397649,886.5824535715826
2327,953.1225146676136,954.4708598308295,12.625848835083577,956.0157560180983
1009,975.135312959449,976.5313452671705,11.55450815816028,978.0839053471967
958,977.1082607558433,978.4586485470903,12.351382622200633,979.9782823309349
4664,978.9519239174879,980.2903852774284,11.701708799499114,981.9829832454932
2348,980.8066368373206,982.0985132929358,11.336123864260289,1036.232022526908
3313,1086.5031767141645,1088.1512803930461,6.142814089350909,1132.0838033369744
838,1159.6610023331634,1161.3369405341873,9.281920340087165,1216.1231914652315
974,1224.724573921246,1226.1159510617988,13.337930993849907,1227.5291309978463
3603,1251.674968067148,1253.1732050560927,9.945613495866716,1306.3623241612308
3074,1330.1743232342315,1331.4170954344415,12.658423348369922,1332.952513819405
2357,1360.7890314506562,1362.261099557838,10.077529082224263,1396.34265585075
2329,1468.7293148773706,1470.1567703318076,6.902951091391199,1488.5699908155027
3672,1502.584979650704,1504.0046941836417,10.649081593413456,1506.282384730779
3661,1504.5576464070207,1506.0407263499999,8.121730399002367,1508.2886074887374
3592,1521.3915075958087,1523.2631190658901,9.83443726366685,1576.2737191879469
3011,1594.7157526927335,1596.190413293895,11.881202316294456,1597.8149104481179
3114,1602.7644831841635,1604.1434027916503,11.529317009983165,1605.8597112454436
2280,1612.7513683306108,1614.3886293225628,10.201889246992955,1666.1267051537147
1530,1675.144992863027,1676.5398882232116,11.792841866992397,1678.2008129461979
361,1705.93597574163,1707.4684799278905,10.418636918026024,1756.3434892330117
342,1776.5857273659535,1778.0817129231273,9.993362699537046,1779.9389298652236
2425,1780.5354967121739,1782.0532223456391,7.880735314495052,1789.9312701729104
1645,1786.3461499313335,1788.177390310881,6.26025029180859,1847.5358119568878
2325,1866.8481587342108,1868.2898961864769,11.994223121806181,1869.901276955891
1561,1882.2512276261828,1883.5291749486807,11.76679472096381,1936.26091862636
2287,1948.1479880568356,1949.5080652530803,12.564783833605873,1950.9610294361728
3062,1949.9860013958867,1951.183623868513,12.739416397330782,1952.723924924206
5339,2032.7160902703808,2034.241246327974,9.811592779598396,2036.0700952003567
2257,2058.719184490642,2063.0090126481714,6.314502384742983,2119.2972340506158
5823,2123.7761778927843,2125.204995077905,12.69036565420255,2126.7077296963403
7785,2225.043558452233,2226.437239382757,12.007645399831182,2228.0754920836453
8558,2226.9725468450374,2228.2122001580296,11.39466269694522,2229.9138348371785
5838,2257.732797388466,2259.279366160888,9.820039159867004,2296.1200466924593
5291,2302.989509494762,2304.531533282391,11.461014768141993,2306.1567078654357
9115,2328.4978487342964,2330.010989946094,10.760731574896363,2331.9631836492586
5860,2408.25129477553,2409.3781118172087,12.69154422871104,2411.9003762451307
4622,2420.4912052232125,2422.231325444699,8.98711737645253,2476.389928150084
1608,2501.5813274242573,2503.1298014640984,10.610677954835154,2504.9965765191523
7907,2503.6696013367664,2505.061569619025,10.515262336968137,2506.8116430463288
8505,2505.723315960924,2507.1383172934347,12.760287516271356,2508.580384652786
8516,2511.301945457373,2512.577222918087,12.035984502233413,2566.228172382038
7855,2572.8454111893193,2574.2894020753924,12.203652645684251,2575.8419312410547
7752,2662.7801786919617,2664.3155252476554,12.167798822172276,2665.8217308021153
8770,2675.872205870612,2677.321547300004,10.40584949282701,2679.436013148003
5830,2677.9038368051874,2679.383195480955,10.196380399966037,2684.9556154880797
6503,2681.787836775959,2683.2834519457792,7.353526402269452,2687.5420253836205
7816,2769.7938563971843,2771.2790842757404,11.928705559105966,2772.796126666774
10861,2771.962592709875,2773.3272866315483,11.81004442093973,2774.910878934595
7788,2774.0584685101812,2775.3123785611015,13.496071972664637,2776.6893224041582
7751,2776.0296979718823,2777.5056414500245,10.571853829542372,2779.3035955163155
10133,2795.0406992631847,2841.0132981065753,5.445103965248635,2847.0701983765584
8524,2848.0603734773854,2851.1753933400323,6.525923935725224,2853.5428037095708
8527,2855.887279391775,2857.444008780327,11.5338005613657,2859.0520728366773
7777,2858.0272445004707,2859.4929060872732,11.229765624477992,2861.154546548558
6355,2951.8520836446337,2953.039035721531,13.500965318742342,2954.4866911748427
5835,2958.9448763208648,2960.2441621224484,12.103984675724295,2961.946977170959
5828,2960.72794671357,2962.0360324819794,11.376588866821251,3016.2210356046207
10805,3048.8610505219967,3050.1388735944147,12.369112817780662,3051.7510996821056
6419,3087.597692675201,3089.029892223147,6.178505464851499,3108.8427870559644
7047,3144.5120938785203,3146.0650000583128,5.56554591895583,3198.939286686131
10103,3202.7191794783134,3204.123949348642,13.345612972390013,3205.5495999948657
9088,3232.5538513423444,3234.1584703530516,6.565107008137228,3289.156169870778
7845,3298.405374247181,3300.0295909074125,11.184409710789371,3301.7582655546735
9147,3303.045047207147,3304.3501346364965,13.255103499679675,3305.730371092501
6443,3304.869234164339,3306.2700879016675,10.417933716215133,3308.1565286374357
6454,3306.6843012311947,3308.1480443585424,11.45584562185447,3311.2363725877767
6458,3345.191058484298,3346.4655471369965,11.4134542013092,3376.231886541846
9116,3384.182204112694,3386.027681894527,11.119087239053497,3387.7349098360405
8619,3393.7514413354775,3395.027917371191,12.44225656668644,3396.6315939051096
7808,3399.7586433340566,3401.126951701965,12.489585840959036,3402.72183743191
7089,3402.727133287299,3404.133662046907,11.162321932989284,3405.8504302962533
8572,3404.6884330147495,3406.0830066562476,11.283261783088292,3407.713771269887
5846,3504.5731259408144,3506.1534059488877,6.1438847828647996,3562.3517619855306
7065,3568.17959793343,3569.52071438227,12.463757169433725,3571.0044449700686
6469,3569.9924817620763,3571.474017878924,10.29526536501417,3574.0499612271096
6613,3576.3666763012693,3578.0219656802014,9.32069820952469,3580.333668081417
6387,3578.331342896718,3580.065700792955,7.058397172014095,3582.74905756544
8776,3580.254926885637,3582.1473746376064,9.55257979850276,3587.3154422102707
932,3654.121241158658,3655.5582125592127,11.542894280744893,3657.1390504030283
7138,3665.080591499627,3666.4514964682453,12.93608642904802,3667.9907522665476
1685,3667.0260348993606,3668.33679114513,13.59422810071817,3669.749337781722
7152,3674.7389189428077,3676.1279344139098,10.763444636425683,3677.9033874595807
7145,3676.672241350959,3678.129936310429,11.179067761671206,3679.809335597692
7748,3743.021439558608,3744.4830274558967,10.50744751200444,3746.1493986001124
7123,3745.0976712023826,3746.375627383261,13.02187019118721,3747.887589107802
5874,3775.5544543499295,3777.072163691885,9.55630974434646,3826.110917261676
6449,3781.390989895301,3783.077637871491,6.053945485855148,3828.9535220219445
13981,3832.742734843104,3834.1925410394765,12.314227188227207,3835.7196929089955
14597,3939.62994925132,3941.5111098496172,10.250898236778257,3943.1615321191566
13998,4031.1242524931977,4032.5606683480337,11.611840290486692,4034.014025047694
14629,4053.4258970276423,4055.0066485271936,9.302116513826581,4096.370829899387
14666,4055.556887975393,4057.1106668385214,6.175473166355581,4099.367971012323
7037,4109.878456176428,4111.354739701837,10.600379065703532,4113.1734209018405
7872,4112.139832229973,4113.563812289714,12.343390445941163,4115.088811283975
6486,4120.001103749122,4121.24300822981,14.085420079191506,4122.6521275795585
14632,4129.84279928276,4131.1741325695575,8.953931876738533,4186.235742017117
6448,4193.882405273891,4195.2676913286805,12.852688924304442,4196.68626572774
5855,4196.027962691461,4197.27418956388,13.733188228407464,4198.590995654618
14319,4198.013473557417,4199.199068599944,13.000526828884459,4201.09693215757
14613,4204.612268237265,4206.26383128489,11.463369539131426,4207.928340322396
14614,4206.6078112843,4208.070369477168,10.036847815723508,4210.75886617831
7181,4219.303746159504,4220.584032982973,12.455210876075338,4222.1909218770625
7134,4285.734466644981,4287.337106351938,11.233844915521553,4288.952813701584
5824,4287.667534744311,4289.111493040253,12.709680274684631,4290.64003744417
6347,4289.993314600848,4291.314909739722,12.245271279352083,4292.940989679971
6389,4294.5255200190095,4296.2896464000205,10.43442584361409,4298.173089198311
7053,4296.650774190926,4298.2188433999845,9.825958144248043,4300.108854853777
8490,4298.739797318778,4300.2446341227205,11.382671976851029,4301.942325833561
16332,4300.6628303247635,4302.082232423294,11.341539244386057,4303.862125086228
13296,4304.871593150046,4306.333474698534,10.635801330611402,4308.2477272317
13988,4306.766135828179,4308.18914453362,9.470744951868372,4310.156298223077
14667,4336.675878301622,4338.122640666222,6.494839809030212,4369.219055909728
14041,4375.037860134842,4376.504213954562,11.051477699685798,4378.2113368018845
12547,4488.757590739772,4490.286554400484,11.091762007402213,4492.075673129344
14015,4567.663584148548,4569.050515316474,11.703819918515133,4570.69339238241
14617,4569.86578704076,4571.222259716087,10.798977792022589,4573.020334899144
12541,4583.8726077751935,4585.100134846418,9.165389267650927,4636.115401077493
16318,4645.950875804322,4647.282467012853,12.08994593876693,4649.019096341768
8501,4648.119315698374,4649.368907157575,11.400387716135995,4651.058890919241
13985,4650.080529792793,4651.3809805966175,11.890830723579418,4653.057446050846
14045,4651.826986231462,4653.296750809464,10.448892766847019,4655.088414956044
11925,4732.901636450533,4734.409252615032,11.269235396525966,4735.984586043608
11336,4741.792510164189,4743.224415658006,11.764060590756928,4744.82417126557
13371,4744.076907133019,4745.354526212512,11.319421021000322,4748.025341327343
11994,4747.6838221076605,4749.046149141163,8.567853058340269,4751.966949769172
11911,4752.332687244541,4754.024342154317,8.782847524613326,4756.842858417859
11933,4758.943176347202,4760.483074610108,11.167035128983082,4762.072140176128
12649,4825.126454029237,4826.393525090904,11.953143717790322,4828.060599530993
8560,4836.070737435624,4837.479659332851,11.906270018305918,4839.03045619554
11363,4879.588124185402,4881.073236595046,9.472383698682222,4906.158273722771
13999,4917.088052323526,4918.40228533451,11.612887884847893,4920.040317376348
14006,5005.607509261786,5007.050938309247,13.526870126391998,5008.487251020753
11947,5019.925254004168,5021.246514863082,12.378278694875462,5022.8285563560985
15618,5140.925250352756,5142.239470353033,10.687102791075757,5176.194508022289
16329,5192.25040865592,5193.519639417251,12.169641717929448,5195.107857168232
10807,5208.050331866588,5209.251875368811,12.938073077639318,5210.771167717907
12054,5297.1936479844235,5298.468010197218,12.168881378800362,5300.682960682382
11967,5298.937418813726,5300.329599367095,9.007199092601493,5357.612263375357
15616,5385.935871322367,5388.004108260851,5.023835469863693,5391.343367499797
14484,5500.4210319659605,5502.044549290798,6.40009494439545,5538.649218455198
13320,5542.87806330211,5544.403197699451,11.436902229972555,5546.093183567904
16357,5545.231817930443,5546.561756092064,12.026794941846497,5548.110604727839
16350,5552.320838069994,5554.2262717775675,10.65304191424567,5555.957068722066
13318,5554.84991646644,5556.449264854621,11.506227069460468,5558.180886869176
19550,5556.98662022893,5558.512592702751,11.065057848522592,5560.2094302953265
13335,5559.028080034202,5560.38076626658,10.978145827707971,5562.1326078992215
11333,5569.5634758267,5571.014287267526,13.53245752225792,5572.478475271081
14294,5638.818481209408,5640.401183960019,10.121162633737725,5642.2892611884145
14612,5643.098858842634,5644.321099474745,13.101628251692924,5645.84723748247
7924,5644.975412457773,5646.225898738773,11.580744806068529,5647.884030378489
15649,5661.778185511245,5663.340147562545,10.713258370953497,5716.13051068408
14025,5745.835148500545,5747.423151108271,11.210177992293342,5749.113264170225
19506,5747.809176598368,5749.241518737367,11.448804960206079,5751.007218306954
6349,5749.9413857305035,5751.201762193103,11.658117093739865,5752.984384948433
16373,5760.100026811652,5761.396456483548,10.562742481434135,5806.25122265114
19514,5834.667208234479,5836.035469657406,11.293386979441811,5837.82414924922
20134,5845.524902956856,5847.038912007236,9.602995618663488,5896.1051858860965
12569,5937.90126890044,5939.395056816147,10.26240602591739,5986.227065201418
17405,6087.063871822953,6088.509748831189,11.69889121413511,6090.082868410527
19493,6090.887832689634,6092.1075856918105,12.221885941560753,6093.682844675812
14002,6093.015175433765,6094.24653799582,13.413968647947073,6095.759256841048
11339,6123.486195974642,6125.056638402672,5.918867837293111,6169.054402153212
19781,6198.251803317362,6199.355058504609,13.539604860179555,6200.801259069716
20097,6354.960714768121,6356.394137020943,10.465553223205742,6358.170946669493
12660,6362.86689456046,6364.163525206763,11.600156920884471,6365.826875227036
12573,6376.6444605868055,6378.321271027189,11.448063119653337,6379.950209272015
19630,6378.9367872063685,6380.4714770098235,11.781277476291987,6381.96847396955
12560,6381.042666619306,6382.385240675308,11.423644539994191,6436.3935685484685
12668,6447.087381140645,6448.394181649247,11.572139348829728,6450.044749785084
13273,6449.106144672324,6450.3498701659555,12.1358942594499,6451.91493153157
7094,6453.175673960482,6454.488155698651,10.969921526692392,6456.143872030452
20150,6466.954106870167,6468.366214912767,11.938358171634864,6469.938818991772
12576,6468.761280727755,6470.135408875489,12.276797067317974,6526.084601370757
11871,6470.827598338266,6472.426047783525,8.751460199605345,6528.91098798147
17394,6535.1023774604355,6536.519526337686,11.1094373732239,6538.205024668927
19798,6543.394530778744,6545.071349247279,8.163779438523768,6547.221862766494
19824,6545.46041779056,6547.168244744756,9.16203179322017,6549.050344811812
20123,6547.489797728768,6549.208726728774,10.942817537999668,6551.045845439581
19638,6560.862944510707,6562.3930968768245,11.49789140386656,6616.165869422155
16849,6682.715901994856,6713.189425471811,8.524798705944598,6715.315293068103
18829,6727.738903283067,6729.288317258878,9.852867589405507,6731.188010850156
17416,6819.588142806089,6821.252783961594,9.27303710626978,6826.148745889383
7098,6860.768479750247,6862.0870515342785,6.943091635126921,6888.87395568177
18099,6936.7476212723805,6938.09529969926,8.962815478536145,6976.135372986008
12568,6982.974788140976,6984.524774276503,11.500566294568602,6986.151245494788
19501,6984.884064720218,6986.231603064339,11.7930365928608,6987.866982862978
18833,6986.730006044808,6988.058059778275,12.228155409959346,6989.5530879151365
19804,7091.72219720864,7093.113078629835,11.216086439307157,7094.847702874972
19811,7102.0800877953225,7103.515696613462,11.592433719637995,7158.6410409599075
19521,7260.233339013608,7261.479269917711,12.262367249034,7263.071314669376
19631,7266.1277358523685,7267.500320748977,11.454008991879926,7269.611061683109
16888,7447.669882962953,7449.207514741022,8.8854431315943,7452.557394726466
18754,7455.995967988806,7457.372563899842,12.258258998188648,7458.891687348572
18073,7460.11128197624,7461.4234829841735,13.235652647580254,7462.921705477317
19592,7461.899271341981,7463.2036321035075,10.23899439918559,7516.3723219267795
18088,7627.978333647814,7629.105299189957,13.501226735170993,7630.522846541603
19507,7629.865281192205,7631.156465603537,11.842717419751454,7632.791051175946
20174,7639.559890471208,7641.07451255825,9.594576784426298,7643.763765368296
21797,7810.91406291998,7812.024915145008,13.548257212019301,7813.441633637931
12583,7882.710287125772,7884.170390286897,13.07797023576727,7885.691951201777
18781,7884.755451572732,7886.172266148411,12.295927106212442,7887.812738558851
17539,7995.727559688751,7997.360376293639,10.99909009685058,7999.126147546371
17383,7997.741159427733,7999.205695687732,10.280049298837898,8000.912269544568
17583,7999.655859956363,8001.162728713338,11.604525702253582,8002.746919668805
16899,8055.73852107585,8057.06809339755,13.805986192941406,8058.455595249014
19540,8085.027597679231,8086.107927945444,12.532871890062696,8087.774621925597
18194,8155.084978577978,8156.341993753317,10.971444437028024,8158.615695103692
18298,8156.81143282973,8158.258733545491,7.241165726971276,8160.616312306794
11986,8163.102469860898,8164.580406248922,11.965930615022879,8166.195362168204
17469,8165.098295596718,8166.4021423849435,11.88796449237006,8168.0403253880795
12535,8166.860417604058,8168.1473380629395,11.030825712047411,8169.867603548933
18856,8175.173358316007,8176.440881227783,12.807974061435615,8181.307207592784
18158,8247.662659177906,8251.076062382075,7.1603201212327745,8253.51638948622
18880,8283.746178488622,8285.278143691397,10.162547742652023,8326.156250649565
18142,8352.864411762088,8354.341684727025,12.08426109950202,8355.927980296174
17461,8355.041683177034,8356.395365725424,13.183127601438207,8357.877655156375
21140,8356.952363065346,8358.472723211939,10.390191195227313,8360.36599343152
18170,8425.614161221329,8428.236199168286,6.786717888645161,8430.529487940385
18277,8430.599905866,8432.420509746868,9.575242355862997,8434.180132329679
18144,8432.704638437928,8434.303450192694,11.214104435874154,8435.88083301857
19537,8434.802278148436,8436.204145214571,11.811940968535517,8437.904840674904
18915,8444.056818776835,8446.01327014368,6.809270349044172,8448.395991880177
18148,8446.086906002463,8448.269461502954,8.73973083978069,8450.232784414273
18137,8448.469220650215,8450.300332765848,10.409529979244683,8452.069123639014
17445,8467.08344547518,8468.536282698366,11.317863201011125,8506.18136516894
17399,8517.184940615165,8518.481340529843,12.735103932397337,8520.005725425824
19515,8523.021355419864,8524.434880751687,10.74803711560245,8528.032375365754
17476,8536.486745256041,8538.073037113301,10.273851127451492,8539.918087284896
17525,8541.74316146695,8543.404018336525,9.87381368749929,8596.4627636285
21868,8545.794992544512,8547.24785865495,7.522592228475505,8599.262887317384
17385,8609.31170723288,8610.571923719479,12.222277993904488,8612.09783855279
17363,8611.329258020602,8612.485192683333,13.079864720747892,8613.934215796651
17494,8613.186127965491,8614.397244967324,12.660922111862467,8615.967790695055
17359,8618.758782252278,8620.102005202576,11.687787852526338,8621.767606696825
17365,8620.939014662585,8622.397928859496,10.55092343986981,8624.119999956487
19484,8629.496083952208,8631.090556454761,12.23772289982195,8632.648334776504
18160,8745.378441466848,8747.007757493853,5.350640789744252,8779.27239407533
18124,8753.646513754251,8784.150864076937,7.500825548079141,8786.258662462364
19546,9249.928473864175,9251.42210386692,10.833292397541015,9253.219511799669
19564,9604.644623475166,9606.01536555539,10.752886293311102,9607.838114955435
