4578,216.36895771596997,224.27755975535473,13.972717153711363,239.52991941635887
5396,315.7666855728734,324.12954919632034,12.963249708960284,332.9237654162368
5394,330.36890242874443,341.04492123892186,10.41297600673876,378.34095843286815
2457,347.70097562741205,358.33421308463136,10.698812323905543,380.9648814554472
2403,354.98881102295087,364.1548020878394,11.527214560521816,385.105009776259
2510,356.7246237909195,366.03070797962687,12.537631373838654,387.0446619783119
3230,360.2938808581887,368.0260100572541,13.097761846495596,389.12163181834876
5325,381.72492659649646,391.4236195525457,12.020192862559526,401.90261159506343
3075,383.7987460110198,393.2826927970292,11.479561734134052,443.5012401018563
3264,446.1072223414886,456.09339306778026,11.652092355418315,466.4967573580417
3254,479.3018805560256,489.2224947811671,11.222370775340385,513.4042449705646
4568,495.4277418452523,503.05552907736205,15.275980614744432,516.5425272380398
4542,497.2219448131344,505.4535772069212,13.914971630555085,518.9379646188996
3142,589.8730036131071,597.6175753420065,14.381366508900484,605.7959353560079
4941,650.2865266869567,659.1113145669623,12.435909309459017,668.204318322456
4859,652.566760101587,662.2543269001868,11.707951563455296,672.3422351071163
5217,654.6029155815008,664.0318502493814,11.487756555809257,674.1008853367898
5326,658.2257566122133,668.091342483326,11.318028013490322,718.1095148462122
3212,662.3047385600553,670.361217313366,12.77351962364054,720.658636514385
3256,717.5085689925603,726.1650882949878,13.283280417228632,738.7329878179519
5367,719.4792491227133,728.087316994213,11.926900659101468,740.5371986089342
4865,725.6286767396654,734.5937873426586,12.654748554302902,788.0383938672037
5264,727.4608979377359,736.5141235156424,12.6503679969353,790.1117637576715
4540,762.2287796237174,770.5219191503817,13.626827532532193,796.554609893959
3119,854.0893785137127,862.5012503255301,14.601616221539706,870.6427786470181
4647,893.3658962263213,902.0333305040116,14.99230883350293,919.3796928210486
5419,945.2596629175614,953.4166310517483,13.617711244942846,990.1242625123189
2381,959.1026637078173,967.489613591051,13.338819193379171,992.457840789519
5349,961.5829181905226,969.5772812114324,13.538734528196906,994.4332068875013
5321,963.651793954926,972.0647606489616,12.584727422314744,996.4196193677739
2509,969.3710458565032,978.1050470626832,13.08066920103252,998.2311475192706
5440,991.6805843429526,1001.0355523793876,11.224108470735146,1010.9309130130624
5430,997.4568578010878,1006.5336896152857,11.883172629245148,1059.4303503998308
5389,1000.0114078991129,1011.0708936000159,10.493431568495126,1064.6148146839807
5307,1003.9048388014406,1015.0201114193953,11.275694689071141,1069.264515177503
3088,1057.7446523766553,1066.040866125865,9.426879071196053,1134.8944419847521
4916,1070.5783060828442,1082.1147080819617,5.74185737247308,1142.410456043911
4689,1230.3848411424162,1238.4556047475269,14.038359792431235,1262.1414644589797
5273,1261.7998645773544,1271.391474376311,11.429921006532242,1281.4022265203253
5242,1269.8659726132546,1279.5162068751179,10.570004552850483,1330.1815824362704
5287,1271.684249221645,1281.295368630745,12.29852969607515,1332.4804306464848
5271,1273.422100253656,1283.1321918022034,11.030156043416932,1336.0859351385368
3096,1283.3279516386963,1292.4066168549552,12.359006817855962,1343.3051134539626
5397,1336.4827290847925,1346.5260915545607,11.263117803179933,1398.5236837814375
5290,1338.366401641874,1348.4827450163577,10.931603787512207,1400.7290790304346
5284,1354.7267946571667,1362.583203563428,14.437460306787624,1405.1290132135105
2528,1373.9241763823513,1382.4911846386956,12.132408271054665,1406.996130842055
4524,1374.8885515240247,1384.2479674238919,12.976377590070301,1408.980138479615
4537,1379.1918325725358,1388.0246747092335,12.922291487941541,1410.772709879563
5313,1398.0965146100666,1408.2577222361635,11.095080069054728,1418.9169272581973
5338,1400.1350713802785,1410.025382047251,9.861378245858743,1420.7218898855701
1750,1501.1350032032074,1509.139633071562,14.00329431720472,1536.9221610676832
4654,1503.998680099917,1515.3075912635684,10.099115010527015,1538.9581575764519
4896,1533.4523699103352,1542.2010180565308,13.269754090501916,1550.7795071753587
4913,1538.6986005856274,1546.2112883445125,14.64265503726107,1554.2119746707438
5228,1601.920325595595,1611.3741312448783,12.262241859100524,1621.268655743988
5463,1604.3687321371776,1613.5657301283686,12.804392273117244,1623.037543438349
5231,1606.2806119133777,1616.057450916423,10.339658734007406,1667.6057019682166
5358,1680.070206220671,1689.0875794947515,12.011463366228798,1737.5114418070618
4862,1683.9867158301438,1692.2134768320598,13.83775830637628,1747.9062761906923
4554,1774.4092457275412,1783.4218575237949,13.68367598632676,1806.507873606572
4514,1782.7022165201763,1795.0856681571452,8.471649204708674,1808.8251522637236
5411,1838.8475479383771,1850.3432914412142,9.12437869922293,1871.5840991505574
5310,1841.1941454880916,1852.4919329419624,9.887512658869401,1874.2120128410052
5403,1845.378423201905,1856.4608619051953,9.873357073748624,1878.641066556641
3144,1874.2787876264078,1884.3104704839463,10.868154529804807,1941.8602934600133
5438,1876.213238903244,1886.2060373471968,11.311274357178181,1948.0075211938624
4903,1878.5933893938554,1889.0042432704959,10.299676876124504,1958.0924211786114
4876,1890.6707315525412,1901.3039254773207,10.124202648766303,2023.1041598992324
5291,1892.6474267010474,1903.256203225579,10.193603983368503,2026.2115282808497
5437,1906.9289730931,1915.4464481872965,13.81784679520063,2028.6355483123907
5375,1909.5664092116995,1919.3199536897077,10.837781367616119,2030.627755097817
5306,1911.8033627916113,1921.2659545184922,12.857012135358495,2034.8769422726086
10035,2050.6787230252785,2102.0474810662818,5.828041706368231,2160.3120446825455
4867,2084.1642687556496,2110.0425450997427,6.98768707923267,2166.4376187008356
5415,2097.3649273464725,2167.091784330271,8.764142352805814,2218.584355125395
3139,2148.9936427316607,2169.215780939594,8.548116435517622,2220.5674223172073
10076,2326.9563339579345,2336.2414558554883,11.93483930134582,2350.476541838781
8753,2402.979606089012,2410.637638666988,14.63360258390695,2418.744159147337
8677,2404.6967868791025,2412.3625877489267,14.042843602265295,2420.498379075237
7965,2406.3080094235365,2414.0825360223403,14.679652054327768,2422.2415637994163
8750,2450.6668305680173,2459.2892170117,14.513971150404869,2489.2412085516467
10832,2452.9243664737155,2463.289031357371,10.441517208751904,2491.2237146778702
10902,2455.1298261418524,2465.1852426165747,10.08994437323097,2493.16161970474
10833,2457.162809641606,2467.154921875622,11.44281779172547,2495.135378269368
10913,2463.99774983866,2473.0003921001457,11.776187000951355,2501.1193599076023
10233,2466.501124914473,2476.3112895547238,11.297154823018383,2502.8767359759017
10929,2469.6152319675384,2480.116133850597,10.98606928999659,2504.8422276175575
8021,2518.8473192983943,2528.4265851828054,12.200253703217642,2560.6225183587912
7933,2553.882865633548,2562.24859100866,14.381160457655506,2571.748003400826
8737,2555.8957640415597,2566.1868820462573,10.214906961889843,2577.854121944465
8721,2563.4761952869135,2572.0740321843646,13.110465063827366,2619.6287005898926
8586,2575.4111208105246,2583.0976537835,14.188048087113494,2622.5888742271604
10048,2594.18749735077,2602.299094936245,13.230950104213635,2624.883586302147
8610,2635.3013224438237,2644.5459423225966,12.599608996940248,2700.0040178503536
7207,2657.5761917528644,2666.5483515608516,13.347380187431039,2706.2468403530966
7199,2659.683471233622,2668.2895556313515,13.013997329800718,2711.996045295056
7223,2676.065540869111,2683.63303246737,14.727450687573219,2757.9746402214623
7982,2692.9407231864516,2704.2839065246103,10.207047100753877,2765.650464596243
10946,2694.819264138941,2706.2367462437123,9.638783917330192,2767.732242618904
10864,2696.8251590265945,2708.2029123586867,9.375320430970785,2769.700208506731
10942,2698.9511195948417,2710.255972981806,8.800232685611089,2771.477067183779
10798,2708.0251115311676,2717.3373581688966,11.123217771488378,2773.3114086410405
10102,2730.2199530224034,2740.1263146894207,10.876680979918008,2779.05001265664
9739,2734.7600247155196,2746.1275257944885,9.796331639159742,2781.383532984823
6424,2791.2176509792394,2800.560312482495,13.037784814494787,2849.2181312183084
10945,2793.852819993339,2804.457199059802,10.275533555709476,2891.556581561538
8701,2795.804563399428,2806.420205247445,11.204827510792382,2894.794093563362
6439,2861.182526906542,2869.6150922993866,13.771313262778346,2901.5187021939596
7937,2863.5321996624434,2872.3723369101185,12.880724088886259,2905.654626247132
7931,2866.3002769091972,2875.2896723010217,12.798580130382993,2908.4141327219595
10026,2882.109174995879,2892.439058331979,10.664578499107236,2912.7338950136423
10157,2883.931047425554,2894.365274622936,11.513039210534796,2918.184112636541
10079,2949.378375157283,2958.484492277034,13.075011277119973,2967.806755337478
7865,2998.65786773967,3008.212600799624,12.291441258806593,3030.384383421768
10146,3002.113551824869,3010.414417284821,13.606423309209518,3032.6593286353304
10031,3014.2263106099886,3022.405881609375,13.761640316927359,3034.714226566729
9935,3016.150918383895,3024.580377009747,13.16358174112669,3036.682648402174
9927,3017.948089006342,3026.3171113795424,12.923772108838781,3038.4510427072546
9956,3021.74023678407,3030.5672283265208,11.977386343438452,3040.372809075855
10874,3037.7711328714377,3046.158769020223,13.33161544103063,3095.7264291995803
9953,3066.7379413850695,3075.133649817683,13.476663163751047,3104.3819604835653
9942,3069.028095164624,3077.5122601801327,13.743696124250258,3106.2286559417316
10004,3070.926002132401,3080.0685494489494,12.236210143693812,3108.1128172019044
10714,3097.818486633379,3105.4194421368916,16.13608860823191,3113.630633969199
10899,3100.293528088803,3108.5992613328635,13.502019852310399,3117.4023493318327
10814,3102.256910783698,3110.295814072788,13.282523585548272,3119.099883842999
10387,3104.5946804651444,3114.080228118494,11.939254181672727,3163.422294310411
10922,3113.6461904480034,3122.1878345750238,13.90651340455604,3166.0509284856284
10745,3115.5411416053944,3124.345301407779,13.093489032004296,3169.198816315121
10965,3165.586770389009,3177.035786954662,9.50884064709502,3189.394605729617
10049,3204.264439369177,3213.368535327737,12.549785506152396,3234.9973158508315
10065,3275.536688412657,3285.3321777685524,11.07533399437743,3299.6723882414476
7275,3285.8488768081447,3295.1846826668157,14.102951686733178,3304.5597802937095
8595,3302.302205776496,3311.36368768426,12.17051579244987,3320.51825714031
8632,3304.366732711126,3314.1251127114388,10.925330563463772,3324.571701058402
10422,3337.3289632024816,3347.0009135943146,11.961902523160449,3374.75724959975
10437,3341.3040177390576,3350.50320127608,11.849417489469324,3380.957047622208
10928,3343.2527978432595,3352.285541610436,12.750536719069814,3383.089948559408
8608,3345.192153016927,3354.2931096220705,11.651319991656315,3385.271204923263
10881,3347.064599398928,3356.146429620845,10.848192295910982,3387.103286198438
10931,3348.8997414386663,3358.0517926326806,12.933652491141787,3388.7781554053204
10073,3356.9890481492307,3365.38727179136,12.981033331087277,3390.560933870587
10840,3373.757422716253,3382.496081202281,13.245347232416162,3392.523327708986
8400,3376.29333044619,3385.427674864651,11.673022778910605,3435.323804201554
8724,3404.930496141355,3415.326323066099,9.801229355661269,3438.0648396188258
10050,3407.7656673373394,3417.566018645722,11.644808381521775,3442.281425517029
7999,3415.3490548081613,3423.585134102999,13.000254360925313,3447.168784206135
10349,3417.970024734462,3429.1492198168207,9.922908047504642,3449.8860663676805
7928,3419.751302876051,3431.137565906906,9.467730609455964,3455.2913691776744
8016,3421.6823887760947,3433.1220834064397,9.885934115177523,3458.5760396147843
7995,3423.717753759346,3435.14683869582,10.611444543193846,3503.2769422455376
8568,3435.930162672359,3444.4289967596055,13.443820272632424,3505.993282332539
8457,3447.3069271608924,3455.279658051256,13.612579963134927,3511.3777380585116
10075,3474.7950346229286,3484.2812567025194,11.760628577333136,3515.7746934794345
7963,3482.252064314277,3491.4165285078107,11.422001206123957,3521.7448694480404
7927,3484.2510073644903,3493.407728470638,12.085321058321822,3524.4115891370043
7205,3491.871755741594,3504.303610092205,9.148239146352177,3528.748215110536
7280,3494.809264426623,3508.308727776444,8.616491726342804,3571.2721857054903
7976,3496.8591029459817,3510.346809480549,8.697507833665364,3576.7877378033622
10743,3516.3484034918806,3526.154290278454,12.01607363345069,3583.7475309982233
10374,3539.756410419948,3549.114332428666,12.38301354046946,3587.2952258243913
7959,3542.4516728550775,3552.2814948146583,11.712369686177338,3597.308175205076
10727,3544.856049575476,3554.446154375516,12.005950434044017,3639.485895762309
5914,3551.171302108469,3559.000436271076,14.41241252443174,3642.186923340172
7934,3553.0910418224844,3562.2408514550243,11.96827397722417,3645.758607586421
8616,3644.015956041127,3652.3239777119693,14.387496840592053,3660.895645869665
8618,3646.3015831726334,3655.3318148572034,11.957194153600245,3664.8946916235877
8590,3782.0438236409136,3791.395004484069,11.331341333908048,3801.472952964138
15633,3827.0730764331192,3836.1444880744284,12.380420777304035,3845.404531964332
15619,3834.079617677026,3844.236706269369,10.949850219713486,3854.9676732562802
16442,3932.041466930089,3939.242534428656,15.444681994426963,3979.6714358395866
8727,3937.4215592792816,3945.3015799265772,13.097784545349004,3985.0029937782374
16273,3951.257532959033,3960.439934915797,12.534363186352218,4003.3587180503428
16313,3953.2952543471297,3962.201668349442,12.3208364329908,4049.9007966293602
15882,3955.1624633162214,3964.010309229152,12.570818994251647,4053.9795657900713
16358,3957.289714403928,3968.4946416106723,10.008877109999728,4060.1046140733897
16397,3959.2520025375798,3970.428671543558,10.4919633114313,4065.0259452046653
16318,3961.42525824133,3972.4458661046156,9.595149088186242,4068.0926307658365
16311,3963.373200178869,3974.455411545732,10.389025846185497,4072.12424263274
10956,3965.2535338531616,3976.4132801311466,9.544728020973913,4115.308534781042
8570,3981.3635061634213,3990.0122988536027,8.176848133267843,4125.991830225321
15873,4059.889993996694,4207.1351296090215,6.746757037057555,4273.206726003375
16412,4188.010598782321,4280.074816665503,9.556007511234341,4397.197493068257
10808,4190.108991686966,4282.105979060415,10.390778554763873,4458.79702209823
10872,4192.176643736324,4284.04851484174,11.03142399860246,4461.964057895823
15214,4223.289927508655,4290.060014418802,6.44234591413006,4526.166077448646
10801,4389.988547457202,4555.092525769307,7.833476258481725,4666.55654685413
16391,4391.8162034648485,4557.155336018926,8.388593739646643,4668.3643320754
8589,4461.509878623737,4559.168327104214,9.588225812025174,4670.275808272353
16368,4541.992365953187,4561.146555091371,10.002820436311227,4672.117299161145
16289,4730.24494373102,4738.28616864204,14.081790230154718,4746.335876704005
16308,4742.209279507785,4750.53077405045,13.110328478977202,4797.547991553133
16315,4754.953662130618,4763.11004122879,13.411590979061463,4807.154590631247
15570,4766.572128741091,4775.274388650413,13.091992775519955,4810.160640748748
16367,4819.090180585891,4828.092867512243,11.852860293811387,4863.560087626691
15532,4844.86565666605,4856.201141582089,9.656188558000277,4870.772048600084
15262,4852.693411508308,4863.21861917507,10.524393100647512,4874.254073868603
16227,4869.837049424214,4878.068744722471,13.894753740297915,4886.731700432236
16234,4884.952389344797,4894.4761628639735,11.794620182122108,4938.757641206114
15889,4890.699090963228,4900.265733725321,11.153331130609862,4940.808220829946
15535,4919.851676608074,4929.066485633204,12.475482873789561,4942.970910036548
16461,4944.42907016473,4953.498912029126,11.872236098529248,5071.175686919494
16345,4948.390866918897,4959.196845878836,10.108499704992035,5077.737054210302
16430,4950.285274848413,4961.083835510622,8.824632298114327,5135.506635802387
15902,5009.648029063113,5019.088227578676,12.073535984030949,5151.469774129033
16456,5019.232555717951,5026.481878305908,15.238821907598702,5155.613041301482
15646,5040.636180985104,5050.291173054685,12.047013451083837,5157.685842486819
15585,5048.100656266563,5058.096382121748,11.045467200816926,5159.601898353886
12775,5103.221117269077,5112.272875728808,12.896828961762061,5161.366035910697
13525,5109.90287686414,5119.0600514274975,12.734354937843111,5203.353527300258
16357,5140.266731469626,5149.265998225604,10.025525293929823,5209.870519395082
13510,5181.738265928093,5191.428201571675,11.121312345133266,5219.8821779512355
15561,5332.461347038529,5340.578456901169,12.88654221404558,5349.270320169135
16335,5431.369635551793,5441.437429168514,10.999037881369642,5482.90398939081
15928,5433.250156533486,5443.2788605151,11.444064151982516,5484.8189859248905
16304,5477.750370310367,5486.154488337754,13.798081107408041,5494.920687443389
16272,5481.900319842809,5490.532350443567,12.925653217592448,5543.722106071703
21014,5527.67236805818,5537.520203058781,11.279615509153302,5548.736478430294
21064,5529.6635959069945,5539.333087620995,11.491689254930112,5550.645497918015
15899,5547.827687534858,5557.2373412618335,12.15650225968342,5567.253886093503
16359,5549.726844082909,5559.385252307377,11.737825122141706,5570.177191805985
13918,5556.546411320863,5566.416094490478,11.46888225712512,5617.520102636689
16224,5564.66589269849,5574.277318505091,11.524471116908984,5629.068027430537
16363,5615.585638395228,5623.409657580283,13.808623302103829,5682.014798522487
16325,5617.495331933822,5627.094217384757,11.254273970899128,5688.272122071762
16233,5628.995242096159,5639.040917745101,11.04797585272845,5699.703346441132
21160,5653.72910974731,5662.031831081142,12.863830872059019,5703.738837788193
14155,5705.168072491805,5714.386104054549,12.693538227707288,5747.396788387244
21057,5720.816697028811,5729.179710372911,15.511590752087656,5749.8036591649425
14147,5764.265872478804,5773.012757286019,10.111467971014408,5820.527116070573
14180,5819.6250138110045,5828.317091557718,12.409535462610528,5837.757687594888
16451,5829.180370436069,5838.401721375367,12.477184102236244,5888.875926290672
14104,5831.144485170368,5840.1437538135415,13.208337941436751,5891.087991862687
21953,5833.074385891204,5842.251485819291,12.634027981335901,5893.004977707008
16462,5835.2094684595295,5845.046312573145,11.481129102990273,5894.822171456588
14125,5885.499612190627,5894.48959999901,13.095435370564855,5903.817027892994
21081,5940.416033558053,5952.204289921714,9.1085097006135,6019.5707376745495
21279,6060.959518120108,6070.448934363673,12.591044803611494,6092.422053861127
13438,6065.757171533358,6074.200520442976,15.369984917385969,6096.340070643964
19033,6073.586303157941,6081.567192365409,13.630573054431474,6104.482296584189
21933,6089.635179668799,6099.100567456723,11.272888475857302,6109.118516038449
21936,6097.074407752764,6106.342540213805,12.165306788508875,6155.503139122884
16314,6108.790577309286,6118.228599309872,11.829318084574062,6160.647247561291
16295,6110.881854951587,6120.0874117365565,12.156665677104165,6162.5842216628
12776,6142.443846371868,6150.613495264077,13.125292430708784,6168.675956532166
12743,6144.203740173625,6152.416342607013,13.631077394807948,6170.567421948161
21195,6148.600983241615,6158.059098137785,11.943728789647926,6172.454495519808
21876,6168.786368700288,6178.316241956046,11.953407305990474,6226.128992005524
21884,6170.696092206417,6180.122226927103,11.618095381164816,6228.540056953238
21835,6172.475354814125,6182.035472008466,12.260130231645885,6232.157074342155
13402,6191.197214222652,6199.55550623931,14.846263815587095,6291.521043770407
21356,6199.622001833876,6209.507348781579,11.1558780084924,6294.424683288312
13467,6201.954222572479,6211.408906261908,10.872010579750526,6296.692030888198
12742,6205.393860952012,6215.3908570547865,10.833159359857502,6298.800621771986
18967,6207.182667443529,6217.280408316587,10.91835080623366,6300.662427344743
21998,6232.295601491371,6242.26723176475,11.206459416343204,6304.407781477315
21958,6235.823536115026,6245.049728369769,11.320054505566944,6307.422176985666
14111,6240.022323384683,6248.423787371159,13.205896855173084,6309.840806406978
14079,6241.970499031808,6250.160272520882,11.928598806861386,6311.911194713569
21818,6294.30071209649,6312.074563471126,5.591575481213703,6370.829915775771
21816,6298.50788808361,6317.126335227067,6.2141790915807205,6374.758816918569
21839,6306.066339095356,6325.1267431697,7.188144175183036,6380.8661311123715
21903,6308.123286355381,6327.227222049391,8.186518950283165,6382.924677329436
21960,6310.000871392095,6329.234403811144,8.636273420160672,6386.015236665621
21016,6330.456134215071,6383.172132769433,7.526302157577171,6436.332350642818
21185,6337.063582016921,6385.463963351824,9.361374370289598,6438.425119573684
21115,6342.7195896723615,6387.394046502822,10.051043785675073,6440.082065343683
21878,6362.199038469149,6389.530329327345,11.12694000429346,6442.489911566944
21859,6364.183188283773,6391.379858814281,11.99144243775524,6444.354012751822
21896,6366.022459183279,6393.570145660865,11.716645656934224,6446.320916601606
21943,6368.030928537672,6395.318362777458,12.6895665794443,6448.043331376762
21055,6469.352675910781,6478.149152091649,13.71691658309772,6504.659527523548
14145,6502.602824073273,6510.560966693237,13.458191757548311,6519.268437350098
21068,6601.384145561456,6609.594422414055,12.944138741924625,6631.483273434196
21067,6603.848644596585,6612.266727170016,13.089259843426943,6767.741290923816
20662,6612.843927045452,6621.118618814333,13.392020042708156,6770.32442304331
21722,6633.552852846369,6644.172386407415,10.477542202203871,6777.548016450041
21850,6667.365981765666,6676.399168840067,13.588327236891864,6779.53171650696
21407,6705.320637256655,6713.187970100858,16.31717510524374,6783.311815648099
21738,6711.804442964201,6720.488394859198,13.742705241122769,6835.459438463603
21744,6723.463228672844,6732.18597182941,13.592427409583973,6846.3182187256625
21770,6727.361394052854,6736.197976782097,11.976451662997182,6849.146778250005
21800,6781.565429649197,6791.514983140555,11.892390918134593,6906.409302891981
21832,6783.7536754793055,6793.331913903469,11.864678096046488,6908.645159512472
18959,6803.146231024525,6812.331052679693,13.443212665907105,6912.944058532332
17531,6807.328170918161,6818.140678219098,8.379144190591397,6927.1847989090475
14113,6926.783012089886,6936.118605737971,12.335198831000096,6989.161207246025
14099,6928.625687758519,6938.0603873697255,12.32383108321369,6990.988301243703
13984,6941.663645564557,6950.491717945184,12.592333877687675,6992.837186366867
14067,6948.290893770574,6956.48419393451,13.37727621339544,6994.79871160139
21845,6973.849085352664,6982.501137148699,13.545344501162841,6998.452593322917
21825,6975.93725321975,6986.243431716662,10.203643981631139,7039.600591930545
21853,7015.952751276926,7024.245568425154,13.547839541350008,7042.313363103943
21864,7017.98356000952,7026.044335367524,13.06926849149187,7046.673193900833
21834,7019.71567319013,7028.015450650593,13.4954937901295,7050.17317321927
18871,7023.252900168503,7031.418612647594,12.70443505936366,7058.412951163117
21789,7078.95017674402,7086.450431271168,15.198393312920965,7115.789143668798
21802,7177.895634726166,7186.399114586809,13.039090305429065,7195.0428234940655
18849,7211.206920024019,7221.188966192714,10.668425989307204,7246.000108072786
19747,7219.6244131165895,7228.056777661066,12.177583430320631,7258.075291305012
20699,7221.717355637858,7231.275115701472,11.223807676649008,7260.306328500755
21026,7226.924916832564,7236.358270068853,11.821009656514617,7267.863915226525
21289,7230.5886652591125,7238.579770844871,12.99729049936077,7313.17404512245
20872,7232.47555999719,7240.47298395529,13.70821424972916,7316.411265737956
20937,7235.972288776824,7244.525237555022,12.941064895857014,7323.085125045194
21962,7247.918991150096,7256.3120591983425,11.620267097825067,7328.325895760828
21941,7249.859583447641,7258.344947275555,9.973576441423326,7330.5920674621775
20888,7293.600071661566,7352.061083042,6.630343795591258,7456.207816351782
19020,7357.745934029323,7416.085637467005,8.11255056834626,7654.4605525185625
20898,7365.333630431647,7418.235406057491,7.726660709644641,7656.5529745599715
19006,7721.824666326317,7743.059207234737,7.871430354770075,7800.953503886742
21904,7724.265440521797,7745.330791279241,8.764276911113434,7802.8654550513165
19004,7728.219969390396,7747.310385037046,9.544818822699982,7804.603810751473
18997,7730.289377512164,7749.390691399333,9.946661679713829,7806.338420240153
19026,7732.241086853934,7751.433972509813,9.216910904109154,7808.184456366301
21846,7736.020512719092,7753.363063645959,10.582442861011943,7810.269204508454
19594,7876.678520267115,7886.025283546319,11.260645462940895,7923.589975714192
19659,7993.995539986454,8003.014664354884,13.659452581054088,8011.804037536053
17564,8108.498287220439,8116.38593343355,14.040080387024833,8127.14373853874
18934,8134.106003667601,8143.332360564862,12.209066996170863,8153.145870441079
19746,8136.003251023981,8145.177847429404,12.428068089580396,8154.995665884448
17579,8179.863997138004,8190.0402069176835,11.053955359454454,8208.750861533244
19021,8197.571710213526,8206.40028107764,12.767450810797303,8219.496666669089
18285,8199.570016427244,8209.383318710388,11.715297111830463,8222.578478984746
18990,8201.62454669377,8211.199551877804,11.356706925900104,8263.406580600833
19560,8215.88354651048,8224.12532232542,13.427300314179822,8266.250970346144
19435,8218.120429775818,8226.122565915864,13.983122785923563,8268.628913428549
18117,8231.527186432513,8241.048119965919,12.84892720503433,8270.585720950814
18219,8246.241837334164,8255.406288822765,11.718645140578563,8272.570345233922
18233,8248.009430345017,8257.160545840083,11.72958057366875,8274.4096999588
18266,8255.84934581613,8265.265992812836,11.87136862225097,8280.744818784258
19527,8267.891374342878,8276.487571592057,13.064426465709877,8285.69338148491
18221,8270.929385170874,8281.498782095852,10.957652597561095,8333.53024102077
18249,8276.158509868541,8284.529100573714,12.96955949456341,8337.60144729788
18138,8285.267023517848,8295.137414374925,10.698507061167813,8342.18857766628
18115,8287.131925568694,8297.03333021018,10.541956988542598,8344.68260751562
17607,8303.499771522123,8312.123349004676,13.56592351561878,8349.18592186447
17572,8315.403657647123,8323.545607603537,13.915889890650716,8351.042461357667
17557,8317.122708622172,8325.275724607889,13.34469780076316,8353.307391296925
17569,8319.08018123524,8327.47480041824,13.350326528618412,8354.997792321159
17556,8323.424888759519,8332.078956712534,12.961664628743163,8356.670256000863
19587,8333.341079248728,8341.27226759484,14.80123214156584,8399.285800072284
16929,8367.146732713094,8377.442021796734,11.104416571203496,8402.127864299538
18165,8379.334439348835,8389.078644766418,11.754295024128186,8404.309792194143
18282,8382.414458031402,8391.123299204206,11.759239656679974,8406.336578045499
18299,8402.246822096757,8412.130556318489,11.006991932866727,8422.571757575632
18134,8434.61049199604,8443.552590558214,13.852266445769834,8470.025787894632
18954,8470.023900860802,8479.327927168939,12.298140053834157,8489.024780651407
18953,8472.242462000298,8481.08338225138,11.25104650076611,8490.785558618318
19615,9081.605729733485,9090.535997026436,13.270204539221012,9099.5948892685
19639,9083.692104825423,9092.26256342682,12.384946464913542,9101.35619066341
19620,9087.512970296933,9096.566759557005,11.573229765553299,9147.121645622494
19646,9569.117593243323,9578.30574602095,11.67692371975134,9623.839913560718
