864,231.84544146263764,236.52498668215716,11.119189194030174,241.74640985276895
359,237.77593057636685,242.47435352916304,10.811698636151357,247.79572864890469
340,239.64582177376954,244.34940062122007,11.22769258400552,249.81512512567704
343,476.24145750745237,480.32664536840207,12.177893454863241,484.79463375673174
354,478.3107282499359,482.31463790283823,13.365279339388168,486.7458546531788
2331,485.1476190474567,489.1988994767054,11.64884513263152,493.83996433800723
983,499.60461990290815,503.3468851001667,14.270018644879706,507.2285540918058
964,501.9712008665868,506.1379635752378,12.188402468605915,510.6532129067275
899,507.6022663741201,511.55028630508195,12.262091569224872,516.0403302998138
881,509.4445372767023,513.527809032555,12.770682782548919,518.1169497499776
351,557.4316880276265,561.3719451639363,12.789413129910162,565.6713428025968
2296,575.9443349405772,580.3490755902568,11.333905607468933,585.2722633308505
416,651.4610981487823,655.4428294621449,12.851236601621684,659.8788307461302
2274,668.354518010018,673.1156763287112,10.297415396488425,678.4748435693967
850,691.8632567700663,696.4728485096665,10.636431518664576,701.6561024401149
908,693.6850573907378,698.3837995050774,11.616360619782977,704.0396529354039
925,695.6540107614358,700.3352177291745,10.358498235762509,706.5090073765713
2327,724.0205822446788,728.1633307983025,12.578830512618522,864.5246115587779
2315,734.236907100677,738.0358389957478,14.044558701193559,870.0675731595073
1605,737.3732692462215,741.4357958825899,13.06824853000366,872.3344259719377
370,739.214129825974,743.2403543194164,11.77867189469962,874.7398415107073
886,770.3395887749924,774.4145065400216,10.981397109015427,877.4521380591073
334,916.8085998787202,920.5021454804504,13.335879751431756,960.6929489415512
894,949.6027580143715,953.5717014544448,13.669943235718579,964.0558306013214
1532,955.380557551333,959.5685634907077,14.034157043154371,969.3549355782307
331,1014.3775492483854,1018.568981592985,11.94725484919294,1023.0566809829783
335,1131.7475329191566,1136.0733961903284,11.652708838154666,1140.870820029164
838,1133.9557131495935,1138.5543837995763,11.958542826843342,1143.5248423592252
843,1219.5663364561026,1224.4910270224455,10.13426019812371,1229.986331039262
937,1221.6181629414666,1226.4762372476437,10.00155301541353,1231.982096938527
329,1223.7948086731312,1229.1160391743856,9.88613479051244,1234.9058204039386
338,1225.7509934183674,1231.0298816863678,10.525465717385408,1236.8874772737915
915,1264.29247978784,1268.4332477750606,13.064742194389746,1272.712873488449
2357,1266.321993637995,1270.2762891592333,13.460119947626822,1274.4992968541114
887,1268.1899163281812,1272.3641772041972,12.79985237699385,1276.8728017266994
2319,1274.6746265734032,1279.5185480050766,11.076156073729573,1284.7651308758689
2283,1276.455647980949,1281.4642952398701,11.517378130528416,1287.4624763603993
1573,1280.7866017890353,1285.1939390657963,13.498112621954919,1315.4520632426745
1546,1282.958295425256,1287.4536791911735,12.191932851206497,1320.3671977221206
1003,1296.3408103640434,1301.4657037464324,10.334331176051096,1326.2066901479727
992,1298.2964698963485,1303.278621683565,10.446504825682936,1330.173430125006
1011,1300.3365404488957,1305.217757230715,8.480878037061787,1333.8906741949759
990,1326.2882854589045,1332.2644836053244,8.477225712545739,1342.0237649574506
844,1354.815296330494,1359.465274052162,12.690732539150046,1364.7806941116692
902,1356.842537750574,1361.2823427732594,11.912626962483783,1404.8554433610275
1533,1358.7283935789078,1363.1069976211409,11.333873652508212,1410.9954806576266
1002,1496.0185811158533,1517.3880441445588,9.580589797357314,1531.5427942193003
323,1514.1200109572317,1524.066357209429,8.1775898632696,1791.532466767072
1586,1566.9609496700173,1571.3957899273094,11.560847810289058,1854.1161574112
5823,1914.0027536389873,1918.0434075120088,12.977835193009259,1922.4805401845574
856,1945.1208742341646,1948.4618228990894,15.624696366745324,1952.124792818327
6511,2030.488702841085,2034.409546021683,15.440510449179946,2038.2030854925185
6437,2032.4431649276812,2036.514403834394,13.700451993706308,2040.6903938880646
6343,2034.2459474076454,2038.4256253339965,12.465450883059503,2043.0031536581557
5838,2036.1595471338176,2040.3740710565858,11.914006292421577,2045.1373415051648
6344,2125.143496478821,2129.054745878706,13.780193045381692,2133.0706386647653
6403,2218.2545619649204,2222.4169684291764,13.429170887964553,2226.5947305032228
5829,2223.2258976620415,2227.1836028779308,15.096056139780748,2231.087718322985
2300,2254.3911446240318,2258.508478369531,14.188335940640176,2262.6143520692776
7818,2268.224690412075,2272.5573439573463,12.119978439673734,2277.3810751725473
2289,2269.998540299302,2274.273144566081,12.746397897164412,2279.1554466277494
5822,2299.700545688748,2304.0977109421265,12.408048580066469,2308.697442624047
5831,2308.1146024930895,2312.2753558142244,12.609090917791324,2316.8059530949813
3070,2353.1222893585914,2357.116077870911,12.397773529827269,2361.461503889645
7790,2356.820043397437,2361.0072241677694,12.314074547269128,2365.5504834027374
5923,2359.4315024052585,2363.558734127846,11.769538744159505,2368.168053370448
5860,2389.6867604397853,2393.5433370519577,14.464345656554059,2397.540229479598
6481,2393.934617058468,2398.4833559760164,11.603102962642009,2403.595018928086
6401,2395.7914579749363,2400.3364520025198,11.533037449335897,2405.449175422408
6480,2397.7464544264317,2402.219524158645,11.062933975200805,2407.40444159867
7106,2399.779639722893,2404.1610574728793,12.073936446326192,2409.246037235147
6425,2424.186688749859,2428.1591604911346,12.725720877840903,2432.4712474535904
5830,2457.048000713475,2461.160750773698,12.560400733214987,2465.770177626083
7796,2465.2246173580716,2469.507599356704,11.598325133591157,2474.248980958724
6503,2479.872363802776,2484.064160277688,12.430597035693916,2488.594384624861
6487,2483.9637933425474,2488.3594797615456,11.606862540579282,2493.1622828999516
5827,2490.533650291971,2495.051753973855,12.092686153365829,2499.837320423441
6386,2500.535177587728,2505.455632394751,11.875658621568594,2669.4058538077147
6383,2502.5762135218292,2507.3644894666263,8.367748005495203,2673.58759041999
5848,2686.699836655716,2715.0614503481943,6.990754227953473,2772.102192300837
5864,2907.0169245714,2911.117518768285,12.62642143449031,2915.5240464818266
6465,2934.3407399053203,2938.524405615923,12.898806207131493,2942.868551512477
5835,2936.445668739534,2941.077229640858,11.16405412443151,2945.9629117164013
6422,3019.4141015585988,3023.177395326065,13.98998366337184,3027.273061509414
6444,3021.3170107402607,3025.5464624494753,12.500168788420462,3030.175837210089
6419,3023.5556536107233,3027.536423839734,12.862288385040861,3031.9890695090767
7113,3034.5083546076844,3038.530581803778,12.468532524842278,3042.934308254624
7833,3039.1805928448125,3043.4815421819344,12.619231303898687,3048.2295589703344
6459,3047.6445013078,3052.2307727129078,11.506238180863036,3061.438050251726
6520,3064.4924632916545,3069.0795010771385,11.00991505290329,3074.1303897215817
7080,3066.8655450044416,3071.122437100744,12.255385021107744,3075.9836196988535
7131,3068.765432334661,3073.513656418218,10.850205218354635,3078.8176625830583
7077,3070.735524870765,3075.4515845659753,10.576528990403883,3080.747691330143
6381,3076.5958245464594,3080.5345988351946,13.496195383874582,3085.688895388673
6432,3082.38777498282,3087.130865176886,11.961871667178784,3114.285199091245
6375,3086.968516933152,3091.1996413606266,13.251112993010494,3119.62423491469
7845,3092.802984723725,3097.238340846799,11.61604806539339,3123.477683298078
7162,3121.8137231976457,3126.1457331655893,12.510787808507386,3207.5018030891533
1539,3125.8746949162437,3131.1681203265975,9.338913166205419,3236.082030654849
5920,3127.785264198169,3133.209819211137,10.479025037490253,3241.4321034180984
7029,3129.772851693988,3135.211722124998,8.280334095300619,3244.4821475833437
11972,3924.802905688145,3929.0992607267367,12.787710755135473,3933.4541251153423
6390,3937.4275605661696,3941.398420519235,13.089184087125409,3945.7903538640953
7749,3966.4780508815397,3970.582216860613,13.059110751448078,3974.8716286719746
7043,3968.294954006006,3972.288332971437,12.820273124844498,3976.6131876135914
7823,3970.237486964619,3974.375680642937,12.41529681662749,3978.986361749054
7084,3972.34655028186,3976.2038018233434,13.751161306477558,3981.5439008445264
7088,3974.1213026428477,3978.1566216630017,12.836220497364897,4133.195587865459
7019,3976.0018547859436,3980.3909097368805,12.022138723711485,4141.350123797687
7127,3980.125321181343,3984.255352532319,15.042192124136324,4144.32869939448
7797,3983.96232911413,3988.148812172747,10.209877318789397,4194.913655481296
7117,3985.7514285942707,3990.135575911383,9.213602819004976,4200.23418197357
7087,3992.892195242489,4152.048549194612,6.462988215216925,4210.273145442321
6393,4157.3082501511435,4216.2402726778455,7.374779991728407,4231.348068569319
7028,4164.375318478245,4220.416476218237,9.96570579170686,4236.610592865795
11330,4170.943395013324,4222.3023801320405,8.62499750194376,4284.024155904128
11927,4216.390160341945,4224.31603764339,8.405182622958867,4287.872863498548
7120,4596.134099858305,4768.02158720004,5.993091463571824,4828.550718788196
11405,4911.592941570954,4915.320614296273,14.166029103113466,5110.076596229628
11399,5024.170752532424,5028.500818821719,11.283055487784816,5119.653176221239
11385,5031.56877558553,5036.165377842667,12.853127045989458,5121.711827264349
11333,5132.958563638092,5137.5492795928285,12.917639662938672,5141.90979322232
11353,5135.636004276451,5140.356648144486,11.587363944272255,5145.491576555305
11343,5137.783559444834,5142.201269496569,11.46584664186577,5147.710287831409
11885,5183.811943976794,5187.5973830432695,13.46596268486767,5305.980359993746
11916,5185.579471136106,5189.377608466785,13.749537956180859,5311.7029069283
11846,5187.522008970949,5191.589652035039,12.724305045243325,5377.260447712531
11847,5189.337658978293,5193.320826467758,11.701303046284371,5382.924201441301
11904,5194.335835388236,5199.472620529701,9.83247745496827,5401.689958959789
16362,6065.645629290336,6070.518491388724,10.725524393639944,6075.91236812971
15663,6124.237126229112,6128.329134103536,13.594701426791104,6132.396863829562
16860,6263.041070378675,6267.312016423147,11.81882615757544,6271.959190816081
7827,6311.384952031119,6315.426944186001,12.175252276984395,6551.4379315834285
16870,6313.109207544395,6317.11445845197,12.868539683789011,6553.659817732411
17029,6315.043828260459,6320.022290576913,9.808149866823499,6555.7404853974795
16843,6317.225531037455,6322.05859182779,9.932437904371692,6558.476717069269
16912,6319.178078898499,6324.084652067556,5.946607900589652,6561.822809794587
11843,6339.974672996091,6562.073706361412,7.0343145353644445,6624.089320398682
18816,6586.729318479491,6647.303398972125,7.458798054466819,6664.546519557971
16882,6590.118804335637,6649.4405350777,9.38071031863258,6714.105104806937
11985,6593.029589862474,6651.470853400737,9.902972801075343,6718.516185949666
16867,6845.833514832016,6850.406718952625,13.114697305249493,6855.133356149568
11899,6917.53014934787,6922.399520522522,10.73142142080954,6931.263718124988
18091,6919.404735331804,6924.216266315582,10.704786609890457,6934.036820740092
13322,6930.821663734138,6935.069099987892,13.165158747835616,6939.434613562281
16848,6945.689512078959,6950.102283147678,11.238838274619695,6955.342314458662
17425,6970.390279745985,6975.128596091785,11.212775192582267,7111.383108469443
12578,6979.425861138559,6984.279399858549,10.697910333088558,7114.031654436027
16842,6984.129869632337,6988.343845511143,12.64479062530521,7116.181525051051
16851,6996.769765191926,7001.255843133705,7.349692889006532,7174.7279797792535
18798,7007.640692977952,7122.010629728601,6.08057738348768,7189.467399563433
12545,7215.717066551365,7461.186226246349,7.040516399803548,7523.718285336906
16894,7221.4971026291405,7465.465084976365,10.26213960375649,7534.623672426716
17596,7825.296624358638,7829.104160322787,13.02525486261278,7833.346340253797
16915,7843.727892650658,7848.5252938983085,11.009085185089521,7998.146832252468
17456,7845.6108349798205,7850.490650752792,10.300621495168063,8001.346225203974
16535,7847.492326546262,7852.3699676087945,11.420064041165556,8011.556091309049
17435,7866.319444959832,8024.301567805805,7.880196389772263,8083.102752319019
17508,8030.703463747421,8089.00391884867,7.600515607951622,8171.35088996865
18892,8470.693121244787,8632.131607582067,7.175213044693823,8694.213319702118
