4359,238.38104682608838,243.15461890800955,11.581197830093165,250.4490693544746
250,240.79044495076695,245.26589143206849,12.34580395647058,252.3733159839505
4273,303.18555044277804,307.34775259992034,13.302720790648936,314.8466531722913
241,337.5811692499982,341.27340619984454,14.86883207815003,364.49585476465387
4369,374.51052003898553,379.3049248169656,11.280661595855504,424.2356474497578
3501,411.5124479610081,416.0274045576383,12.78135236227458,434.4306352204266
222,480.2270183807255,484.1124460504958,14.741031324103623,490.0165253359557
3511,580.1041962435016,584.0312421404435,14.289483983621652,601.3744491221169
228,594.9399555867593,599.2426957134784,13.324831026498568,605.8527788677209
4405,659.4614644207907,664.4006317154078,11.201381704450093,672.0655754507279
3839,666.5367604505112,671.1928412439122,12.871174873534617,677.8247648220549
3435,671.8201029059827,676.0688047785025,13.399178359993321,682.3283577816909
3938,692.3288245887649,697.134802122659,12.283130014544343,723.9070798842948
3853,711.3447858745255,716.502010076891,11.045182825772695,726.1944215252474
3916,783.3072476595001,787.4894148064565,13.678652281435115,793.9359552576427
3500,787.9755323519951,792.0691346523681,14.447265581680783,798.3297642924498
5062,826.3095131913927,830.5671554370693,12.812275977320843,844.4234626533512
4377,846.3462921384829,851.0794954498524,12.54574751196157,858.1823086459052
246,879.7495537338318,884.5299956702964,12.13363178607623,905.5976348502
3494,885.8298454423388,890.5128206152209,12.170068470835055,910.6179218517772
4376,926.7671924482669,932.280854518084,10.878744478302272,961.4258476933295
201,966.4475974315102,971.0376660107144,12.812146846065541,978.0183778301606
4410,996.147041047964,1001.4310866112726,10.311005617278951,1024.609650257387
226,1036.3778320849965,1040.5498573527695,13.87429693689335,1081.745276440087
4421,1096.321166358469,1101.252605626235,11.538900921240728,1141.9183945945624
3871,1136.8803837691073,1142.3347246447624,10.887538651690722,1150.6406232375052
4440,1177.4276363985048,1182.128503752025,11.561610213447903,1207.4240926140724
3427,1207.6585886045589,1212.078677880998,12.527138227721936,1219.9432379626148
4341,1219.1053012085936,1223.4623423647538,12.940169544516138,1276.4968789294905
4309,1226.38776485558,1230.5419138280286,13.84518160133097,1282.420485006075
236,1268.8747072833883,1273.5748461289434,12.302822374282696,1324.9127895088523
162,1285.4626212613161,1289.5831088190953,13.713431564299349,1330.8106648020596
3433,1383.0777384115156,1388.0175703646119,10.65018025401481,1395.8763597336326
160,1403.9408014493383,1408.2828331589276,12.81148926041706,1444.2788611148392
3478,1436.9922145260643,1441.5903734682254,12.898580300702712,1448.4805486582752
163,1503.19320953393,1507.350532728924,13.932784401188544,1513.7857892351765
3880,1564.3941640217647,1568.451104359851,13.818134792811035,1574.6411392461544
3467,1575.9747835872333,1580.3868553588266,12.875992135003889,1621.4925415684424
4345,1606.328885428207,1610.5166469914257,13.722205618876384,1624.3093869653553
3909,1700.0437782599097,1704.2847190207879,12.652973145732403,1741.2944370007067
3505,1748.8780860985335,1754.09297918876,10.201801146893555,1762.093778181767
171,1766.8213409319294,1771.4678840949946,12.24451426594964,1801.7146226846132
3848,1809.7489093639567,1815.0423959227226,11.247544932469843,1822.7107768811732
4423,1813.41445036004,1818.171914808061,11.64155939806303,1861.3717889468562
3924,1833.4836186708449,1838.226721552826,12.620489517385737,1864.4953082778318
4312,1876.3601015387894,1880.45680862453,13.732500394816197,1921.3098282157712
9913,2248.842037956184,2254.003215825036,11.3873801526166,2284.851588147099
8986,2304.618370634196,2309.1724672844575,12.58393012417466,2341.7118022498507
10565,2406.510171016284,2411.2113112685574,12.160398337112348,2418.268674375003
9384,2455.771545105794,2461.0035159691715,10.847208255444412,2468.901258708247
3918,2462.2935683163278,2467.0843222544117,12.118903433600229,2474.159112509611
9344,2598.9991355189454,2604.050955311171,10.777714651597078,2641.3409646670834
5694,2620.277063808332,2625.394234455541,10.427594866358318,2644.4545824100383
8943,2650.971651304079,2656.2183690151996,11.44455197902981,2664.121533951588
9366,2702.0361794198548,2707.422522980954,10.06640605489159,2716.697170367108
9355,2710.3770794617235,2715.332907235661,11.74995267558638,2724.587431695595
9419,2720.1177146110176,2725.50551877246,10.308904337358435,2763.409938206217
10603,2853.9217798528375,2858.368554111956,13.403800725581105,2881.59195229613
8973,2894.5022508441753,2899.028931530446,12.686767481479945,2941.522946489228
9834,2965.9600640588833,2970.589842288115,12.344955770794922,2996.0
8903,2988.8548782618573,2993.1595083764537,13.480171980066695,3000.893644283132
8911,2999.7501480593037,3003.298490642253,16.322443186187066,3008.677994467565
5721,3220.59377583057,3225.195511121522,12.609734767096763,3241.5008054965606
9010,3290.163743739909,3294.3902874256073,12.97037264627007,3301.0311543066655
8945,3383.9322748181926,3388.5728829183645,12.01844091509859,3421.6506502752954
9879,3393.3519857995034,3399.4047977321866,8.861602040874757,3424.3561470004806
9779,3404.823186005605,3409.1454549400096,13.326027378002236,3426.6090545981606
10621,3441.7731343751875,3446.1422812324067,13.322491670845864,3481.549234314514
9353,3494.3426232888532,3499.127674703246,11.493389052968604,3541.8979921703863
9891,3554.0627537023324,3560.0489850627873,10.000406040850812,3601.445954396866
8906,3598.0672028375566,3602.0810324733334,14.188080047046997,3608.3344310998527
9403,3610.9216695184805,3615.2740235578017,13.05988039090132,3621.801412668161
9888,3670.264987894089,3675.497390262824,11.073189085518313,3683.287863470093
15977,4006.2996524745568,4011.387753733498,12.912553176745583,4033.2268185496637
15298,4118.996099281684,4124.166672255306,11.37324865557018,4145.627777258412
8284,4214.185492943329,4219.158279936663,11.405994174905619,4261.338815673556
15278,4218.735297035978,4224.148733844218,10.050934533535022,4266.666801545585
14910,4230.207864700776,4234.37057371679,13.484819141816981,4268.686116759021
9904,4304.703473286756,4308.082654357832,16.570679065683,4322.669670347347
14931,4520.243187687261,4525.091516994287,11.471036055358898,4564.305676758274
15287,4532.5345464000575,4537.397233799932,11.430621266144204,4568.927270442214
8927,4536.825211142782,4543.18469949706,8.97600434261425,4573.233114700831
11212,4628.233494043439,4632.152922778483,14.101990000708382,4638.175761235277
14471,4644.4874616909665,4649.311956272022,11.091809905373012,4684.142452651122
8345,4716.720632385535,4721.426988493397,11.587623852076176,4741.455831994359
15308,4727.928870773385,4732.204297715993,13.051454825283464,4744.322252244851
14429,4746.815762849667,4751.329393241634,12.62970534676409,4758.258415698671
16114,4901.463718454081,4906.464473857893,11.319030198814886,4924.464404587083
14840,4903.487085381585,4908.354670408285,10.60097964104084,4926.728833992183
14905,4907.960490244791,4912.279898522057,13.370372910380086,4929.455843411424
11200,4910.092266954329,4914.207061809014,14.03823867736946,4931.496756481182
15370,4916.225044733402,4921.048998602545,11.719505771358582,4937.021058684624
15428,4919.285342204533,4924.233398805954,11.700403007400732,4939.091590218949
15394,4922.938119748956,4927.217943228793,9.595524194013585,4981.862500423946
15317,4972.744440936547,4977.15923911065,13.025331790921324,4984.818063411262
15363,5044.946414280981,5049.568817051059,12.142852657383875,5056.399524798793
14917,5173.368106749533,5178.263943581564,11.492671977962688,5221.510687922038
15373,5222.789392024094,5227.46589332643,11.735621377982563,5235.958425749057
14915,5400.5787017584225,5405.41447956173,11.688861049341417,5412.963498495102
14488,5402.473441025344,5407.2674918993725,10.932114703275246,5414.861757437241
14872,5404.689552632353,5409.5403421052815,12.900620879595332,5416.80424854638
14877,5406.683348871983,5411.324193914617,12.360990662630103,5418.566095730964
14914,5409.330525434162,5414.075339394553,12.258522985443536,5421.186083183787
15324,5414.133283051843,5419.2038459754585,11.25823946530113,5461.427806641852
15411,5434.539545262003,5438.616773954454,14.120467041197802,5464.013417158011
14485,5440.584119945126,5444.245159694304,14.77717721516846,5466.205466503293
15291,5445.600753430728,5450.093068125967,12.922373254269715,5468.657439280727
14481,5449.109694863849,5454.034090137857,11.89430962473601,5470.8322717750925
16116,5737.963056934985,5742.039394002965,13.342593288720389,5761.7071285023985
15386,5775.407305844864,5780.510432897597,11.308187251407812,5822.494470964106
14487,5796.073939191612,5801.259203525308,10.669183266080033,5827.2500971103145
14862,5805.965295541983,5811.086704435578,11.228745472535712,5829.446763301469
14938,5813.543105512451,5817.436299503284,14.814387930429856,5833.717741646162
14904,5823.656401617466,5828.524576717948,11.642311409846622,5836.012279801095
19985,5909.650260735117,5915.420460273079,10.247281022838683,5941.693903417468
14510,5912.27642085927,5917.450293007021,9.536037055408618,5944.388122942772
20934,6034.32987177752,6039.0761134913355,11.518099142396103,6076.564117552555
20907,6114.173964422531,6119.2283136528995,11.782394605366935,6128.389969103333
14511,6133.242564063758,6137.600169045636,12.587599671009292,6144.826558296839
14480,6209.197554997611,6213.565444818869,12.438572443965498,6244.129373303757
20791,6418.809169971601,6422.608973791925,14.232575116916074,6428.539312461714
21620,6460.439996627667,6465.268445364928,10.912979431176442,6481.77627794498
21559,6471.379367080358,6476.135996154856,11.961795145650617,6486.526278269419
20424,6497.21356286798,6502.194556976576,11.047951070156671,6541.3369637014275
20428,6509.248306634268,6514.045892788493,11.718255594844994,6544.222176391461
21585,6993.4457701384645,6999.0615258069,12.168302742654594,7021.339822098434
20785,7012.256789322209,7017.098774984251,12.343623594976062,7030.694010695105
13812,7026.808168161772,7031.264091642639,14.060703414288325,7037.200322492992
13862,7028.89107918574,7033.205229851416,13.400270776580802,7039.784691796044
21529,7031.562096024017,7035.509435235906,14.403942215857285,7041.659157435655
13864,7242.248192914203,7246.585319015705,13.375183156824876,7261.551355760134
20767,7244.105301888272,7248.466759748385,12.809154484501105,7264.748712359259
13786,7249.394469683142,7255.035775728483,9.828095889336689,7274.689321110141
20803,7370.619386025444,7375.58133582246,12.038608109151419,7384.2940540098725
19961,7372.40643368141,7377.319600705421,12.70181263367704,7397.20299870914
20435,7374.643187155027,7379.160561732077,12.440137743647078,7400.265218828967
20935,7378.81850769114,7383.424041898777,12.228983651998197,7404.599826343159
20833,7390.962580561593,7396.05061393659,11.255458169385095,7444.222465139267
20783,7397.8042798149445,7402.031872762439,14.854969092122065,7446.41773481682
19986,7399.621431769193,7404.212875069168,12.76586261164855,7448.449785572775
21599,7405.262821860618,7410.430255350423,10.776829870327878,7450.7072136018205
20856,7422.315671055993,7426.589379745703,13.80517293448897,7460.368003851639
20446,7424.16779524788,7428.498631775285,11.358642314405913,7462.581109713385
19992,7573.269154309907,7578.101009895626,12.057740952616133,7621.389992895377
20410,7577.368527310134,7582.043408002077,12.531422855315258,7625.517688572374
16736,7592.7301954551385,7597.167735808845,12.380248534501048,7632.397796060864
19978,7903.062468218797,7908.271637474348,10.95905911319648,7921.651905435258
20872,8012.862069010502,8017.013840759987,14.135999258465047,8041.485562004336
21614,8189.838102038022,8194.179435589866,13.427567816807992,8221.462426898046
