2245,213.6612465263174,215.34734622944814,12.413261184969869,218.82092247909958
3572,282.0471795602657,283.5792464984175,12.937175108513813,286.991869613318
816,374.8305129757736,376.2661461993178,13.647280039174845,379.52317595220194
2218,407.81503622050195,410.0898262343907,9.67974474898643,414.4843434306603
1468,410.51552277129434,412.4958661238389,10.861334826211293,416.64927531103433
4551,414.802266976144,416.54119138152447,11.888633320435739,420.21127742402973
2234,416.5201339991293,418.2349992414486,11.46447392536716,421.681269255094
783,418.56364781078776,420.266746084056,12.152123040281408,424.0
4512,479.15781297952674,481.2316494055771,9.953428086401633,485.81566179195306
309,519.7107972276872,521.3132486989159,12.672191705706803,524.8773046805799
4522,572.678354223875,574.3239306801589,12.275692859767638,577.9924026404763
2186,578.6075277914003,580.503378907201,11.062190320145287,584.5473578091949
826,599.5963026690285,601.1342748477178,12.445393140525448,604.5889586274462
5286,643.8704140024472,645.5384963589885,12.473375791615624,648.9029030391592
1460,668.7196778240442,670.3928250075365,11.932716074362249,674.0
305,702.4497747151584,703.6160073755916,17.53568240459225,706.1758824566388
2917,756.3731384023575,758.1017733291367,11.883980379917192,762.0
1471,828.6376227573676,830.4510897281132,11.39566166645423,834.2830999245525
4016,830.4159425138344,832.2163176320361,12.360057881898074,836.0
1516,913.1700170015109,915.1473852017875,11.053200784814637,919.3459796229799
2227,946.6281786285206,948.3854714027349,12.264557864541516,952.0
790,995.3080297835453,997.1462687937404,13.760866327525095,1000.1939926869256
1500,1003.4945597310709,1005.2504106784965,11.579229037701337,1008.9723353688607
4570,1009.6367034682283,1011.5124981779661,11.808220951367703,1015.3605968250739
2228,1021.547221677307,1023.0515965845716,14.156809355571589,1026.2831903710876
2250,1025.8708379719333,1027.5767339426352,11.899928467461933,1031.258870778125
787,1105.5177593100411,1107.3248423236682,11.657032352304057,1111.0
5241,1184.5261908768364,1186.3693999376212,10.667160849034396,1190.280486124964
5202,1194.6506278729755,1196.001647153203,15.07267769887246,1199.0
1476,1217.9911983915274,1220.2082615592506,10.261767475312025,1224.6026729079215
1446,1220.563404504892,1222.4625154160392,11.635162983707716,1226.2121826042294
4008,1274.7241142561545,1276.4982775909461,11.34414363816054,1280.433256620817
4540,1291.4460059564626,1293.1204788099883,12.95674955293108,1296.6965545188502
2902,1386.3741653019156,1388.2683738101684,11.368359601036662,1392.2453132357246
2225,1388.2468833147352,1390.1538961767576,12.018510201111972,1393.9973456550306
1518,1397.7752992935107,1400.0954187655616,11.948531106821955,1403.6012094566854
1489,1399.9789295106539,1402.02354755096,11.082915433126441,1406.0
5278,1402.109256943895,1404.1631639916652,10.20544983316702,1408.6327666208726
788,1451.1688739178949,1452.6036840168579,14.878605097049727,1455.7642012815254
2922,1462.3637212655829,1464.1525718994735,11.285076780867513,1467.9684302779917
306,1464.7955711972786,1466.3157533666956,12.953484547896965,1469.5290193433386
1444,1470.7386223089495,1472.488574659329,11.422156067081941,1476.2458256413697
4009,1488.0074461849679,1490.3315717446847,9.627410551171529,1494.830515655752
4566,1490.0957312343462,1492.2412156346154,9.735840473411114,1496.3295597689628
4526,1492.3703616508665,1494.3263411577377,10.126832770203222,1498.0
5227,1494.3476423571112,1496.2614257618416,10.588098269309647,1500.3490625285488
4584,1542.8747369083917,1544.3159558571501,14.350979546793491,1547.4111775648341
834,1564.6083250571376,1566.4411363747868,11.439326560138015,1570.5160178428723
825,1566.4059426123529,1568.2012115248651,9.611381073913371,1572.2450446169942
2930,1640.5282418762959,1642.4365476355824,10.928606939810345,1646.4986985303376
2972,1642.368834330773,1644.3115292805626,10.081165643209593,1648.247939562064
759,1648.5156062758438,1650.4314589728444,10.938351451479072,1654.7572313471408
2939,1650.919131806225,1652.5332944605968,11.473211514330675,1656.3637532740292
5220,1655.1334863044299,1656.5251575019404,14.68648861806413,1659.631615157623
1496,1658.7908503150315,1660.2967357770012,13.593750957589728,1663.5473102498747
2215,1670.1591642613566,1672.1466287622088,12.557461308716277,1675.271908043388
836,1721.4957563214944,1723.0308343042723,13.245069060379734,1726.4181149814847
4516,1723.9161977289693,1725.5542522379294,13.305815060398198,1729.0
4536,1725.6475869942378,1727.2990485859696,12.226052577777239,1730.5152232655619
5252,1727.4700494078272,1729.1462074999474,12.919642489808433,1732.596123919762
1486,1731.7149327586167,1733.473650523268,11.861857187314083,1737.0
5806,1833.5422709819952,1835.4375950104818,11.065994442463207,1839.7818829501987
827,1858.1831601336512,1860.0130834282925,11.820194000716551,1863.81670385297
2918,1916.8787745797424,1918.5687214161715,12.286819132283382,1922.2686091833052
780,1938.101912737969,1940.4058933385613,11.382219750505056,1943.7865614352165
757,1949.8516085254848,1951.461320065353,12.44386778878165,1955.0
749,1951.7751275343276,1953.430538150454,13.0602413840507,1956.951583576864
2909,1992.3863099215437,1994.1845784698146,11.49779923656532,1998.2305041207358
1457,1995.869027059436,1997.2734392826767,14.010975154990597,2000.4299265536672
4597,2117.997998546375,2120.145845215755,12.18376339611289,2123.7979290424364
9069,2173.0446747298583,2174.5961886743453,12.639579080363696,2177.9729917671934
7671,2298.273744547276,2300.4972196632634,11.740317279063332,2303.780668821617
7689,2300.430828551126,2302.5404669165832,11.231432110648834,2305.961960092428
4589,2302.499819301423,2304.360868584672,13.27528133491064,2307.625921766824
2894,2304.449078176038,2306.0945349272306,12.242448871207245,2309.5578240947525
6321,2315.1663615920547,2317.296063866273,10.051079137276592,2321.8978068742545
2206,2357.585496874111,2359.0181258720854,15.017127875408557,2362.0
6256,2367.407373635637,2369.0078320122943,12.34547940026323,2372.4849599072695
6995,2370.503952045679,2372.008232586032,13.055872323327538,2375.3321384432656
5819,2405.0336845330776,2406.608860061533,13.211377033211546,2410.0
2193,2441.704609739691,2443.416326645456,11.79863189748424,2447.0
6265,2527.226347094652,2529.092378882692,11.588430673378381,2533.0
6332,2531.7140417901014,2533.336042159675,12.499894269560233,2536.8447533894805
9497,2533.5271257264303,2535.1139197236857,12.085152162212145,2538.521245272886
6946,2536.382549900439,2538.1143749837793,11.774697834749272,2541.896909224027
6250,2621.1725089354236,2622.5509421238066,15.024821433212791,2625.559233690964
2976,2657.2026574440956,2659.2075488354058,12.081718580319038,2663.0
7719,2718.08539951609,2720.0435956315855,10.793148394795828,2724.373740128856
2969,2722.8204658413047,2724.366008468307,13.454223200542051,2727.632216561256
2938,2724.5915816123647,2726.104805385145,12.714997695238438,2729.2541540090874
6975,2803.7704512216546,2805.4309244189667,12.760924424914597,2809.0
10072,2810.777735332128,2812.3294528526585,13.658460951755645,2815.7062593481983
10057,2820.639398948204,2822.359967069774,12.33776480980773,2826.0
10026,2827.478569837042,2829.007907288743,12.958725214928076,2832.5403855062823
6988,2838.470718183584,2840.205218496155,12.083224442156371,2844.0
7690,2840.317251561922,2842.056066303233,13.009665898122195,2845.6424853691487
8464,2892.2900228393964,2893.6504996555136,14.968019634614919,2896.633153131553
10078,2914.6093134861285,2916.047576649941,13.654441718729109,2919.2839734548015
10074,2930.3592638179825,2932.3804470001082,12.273852534720076,2935.9677055806974
10018,2932.281559464132,2934.220773017636,10.549548656330527,2938.6556231044083
6293,2983.7882953216435,2985.4741786395207,11.958465331638559,2989.0
5205,3082.617481506886,3084.4164664788914,11.039381467493929,3088.3642678602755
6279,3086.2723261821648,3088.3398234133574,10.319264176711389,3092.823118074779
10019,3088.2941833779223,3090.3529929928054,10.637983343719883,3094.354324503217
9513,3097.8337113450584,3099.319291528435,13.79354036100734,3102.609217878334
10037,3108.282453694079,3110.547960544182,11.483512052246546,3114.5622334739805
6278,3155.1288395125016,3157.144205846935,12.990970559773029,3160.2513950114817
6323,3160.7072088915857,3162.046701250186,15.678948140760017,3164.9825094726007
2952,3255.6739084066435,3257.434895076084,11.207780350933136,3261.290087230013
10050,3257.6902990711897,3259.438576495931,11.2104067189926,3263.397507718866
9072,3259.529615839197,3261.2762565540797,11.100885156906124,3265.0
6328,3346.7877743225094,3348.5100722705365,12.43543584113903,3352.2123456862946
6282,3348.5868108559944,3350.2688467304815,11.676987467801592,3353.9045621793784
7675,3362.767085708303,3364.4978016427126,11.87837119633669,3368.3135274797055
9083,3364.576254508949,3366.2869844253596,10.998032830436102,3370.0
7007,3425.3174630799836,3427.1702407436483,13.299199084884215,3430.380367989159
8413,3448.0713091942607,3449.534882121214,13.967321809740167,3452.8106628436094
7737,3449.8572236616883,3451.4071436047943,13.36273223882792,3454.875883981985
8438,3452.2736032425723,3454.053422895754,11.782835064510781,3457.8782226015
6967,3518.339844951087,3520.1287488371217,14.562616819212728,3523.318866398479
7712,3520.407370134745,3522.204326404267,11.972483073273764,3525.871209434864
5823,3522.3319433462743,3524.106518915776,11.559018775777387,3527.922163945827
7744,3532.636554014647,3534.514381714418,11.112518464269371,3538.707161745257
10084,3543.681823705274,3545.3923911649963,11.945921644755858,3549.2048689647595
6320,3605.168118867378,3607.168834065247,11.756803137329166,3610.7776612986795
8462,3614.284372334424,3616.2347077862196,10.578523242116695,3620.512211066825
2907,3616.1633297053977,3618.117121917183,10.865675127445712,3622.1859596363497
9505,3623.525762464686,3625.3491131923465,10.908369183482382,3629.2857910691305
10713,3625.3837724910477,3627.2183602523737,11.463381845431552,3630.970611264275
5813,3661.5381782072022,3663.0390550909005,13.913407390596532,3666.2688282272748
10694,3715.4242486461667,3717.30921754671,10.65835108747123,3721.4635685630574
7711,3717.247079065972,3719.3065821321643,9.047140672270709,3723.0
9500,3719.363269323126,3721.3305988444763,11.202337826972677,3725.0
7685,3738.1295539986427,3740.5124309963735,11.216948091914318,3743.969680738059
10745,3792.8874367235508,3794.4700369053307,13.42480217380008,3797.942379894018
7723,3798.4826076888025,3800.076827792261,12.812351764836833,3803.549889417912
10742,3804.722353844205,3806.487586590759,11.639911047457955,3810.0
10768,3806.6313856242255,3808.338418586648,12.98062684264659,3811.7778718361333
10773,3817.2087990993928,3819.3613603872122,9.472786813786541,3823.9692428477947
9503,3819.2072463835143,3821.2676551142877,10.116218754005436,3825.475849714678
8399,3833.2332441547624,3835.1778458766607,13.194893694280218,3838.3844101871873
8442,3885.353561054412,3887.263049760496,10.781463728596137,3891.4296857312384
7702,3888.281482626836,3890.0240094896503,11.693515231055597,3893.8687762149098
8392,3907.7015412023457,3909.502839761091,11.345553093907546,3913.1891314757613
8418,3918.126203093985,3920.4428359710673,10.609602111720715,3924.0
9506,3977.742898342105,3979.4651796189173,12.245863447065856,3983.241388450028
11816,4026.0799547999954,4028.21451022555,9.763702047113862,4032.8759147377887
10052,4156.874431740709,4158.4538913685365,12.79788238216288,4161.807930923188
7006,4258.757461790254,4260.165485457053,14.7335798648408,4263.167216009932
10767,4331.749037496696,4333.436665071524,11.827715994960776,4337.0
8414,4333.549069905102,4335.213061380176,12.174980937627813,4338.871373867169
7020,4339.764976401828,4341.399399329972,12.761834651158965,4344.906936145799
10045,4345.74285312231,4347.142525305394,14.749668308145587,4350.236510176594
10718,4350.201891015096,4352.042189732966,11.124519652190894,4356.0
13913,4511.503001424529,4513.039346828249,12.83491588591385,4516.509715439748
10054,4514.232379922263,4515.527617459242,16.074252243459803,4518.368205126323
14999,4531.4004205647125,4533.080120875168,13.202042100495854,4536.551953631636
10748,4595.041416455601,4597.143303026591,11.54896658814667,4600.987492573546
11752,4608.432164292352,4610.001213215334,12.48143708921901,4613.494174770173
10757,4610.413292713421,4612.067217114782,11.847470452765977,4615.738600249206
15519,4783.695009420083,4785.385693650614,12.375070865887642,4788.994453169559
10728,4785.450054853441,4787.1915263578785,11.936685987481404,4790.648455489223
10727,4787.430766696487,4789.15532092771,12.17160823645722,4792.841533723827
10730,4803.618017602483,4805.179037361791,12.521160478903251,4808.643020592036
12518,4873.654878595161,4875.2873773690835,11.734822073210943,4879.0
12471,4875.497649298591,4877.162658553836,11.89209179924851,4880.822557648351
11808,4877.307510775641,4879.0507107898675,12.839078795279756,4882.510251670113
10707,4884.65492844513,4886.383114177547,12.066818749848219,4889.996603443214
11773,4907.8517383403805,4910.157658894418,10.701627807113839,4914.263116663383
12499,4909.880036982886,4912.000128202566,10.91994507522401,4915.924178457619
14576,4969.5371686613125,4971.489284947656,10.43799413987295,4975.859038374371
15008,4971.4779659691985,4973.458360063946,10.624250125971324,4977.574840006468
14575,4973.331923619365,4975.346584232918,10.747754509380892,4979.269675207296
11762,4975.295037958433,4977.24815810842,9.180074236689276,4981.189387657247
11770,4988.270050934299,4990.112859858981,10.856274649296683,4994.297076855725
12466,5026.843118284902,5028.395133777399,13.282485740979773,5031.750982890378
15598,5052.3375051239545,5054.050957334666,12.133652313748263,5057.873803118426
12487,5166.634268299159,5168.240860465233,12.273161139328721,5171.799391235165
11828,5238.784701995327,5240.544266460382,11.829906149336493,5244.333676607351
15555,5240.555508661576,5242.31432814167,11.664035252614395,5245.905839605115
10761,5242.280526488566,5244.068308179391,10.803380247757245,5247.700096743714
14565,5257.506461747928,5259.151390919798,12.271984142733414,5262.674661068129
15587,5347.084047398876,5349.006423708958,9.641132618401333,5353.209589416861
16203,5356.977057671946,5359.074735005883,12.938507885716623,5362.646915687011
13965,5526.775398918273,5528.35711872185,12.183695660378433,5531.862155490192
13918,5528.592626003322,5530.21222719304,11.77463508612378,5533.868302980408
11830,5597.828247557701,5599.4517107771635,12.472377561486669,5603.0
15575,5599.630220971593,5601.240111124659,11.80807805635641,5604.613304258455
11746,5602.428771976136,5604.058858056122,13.02766523893337,5607.607778877708
16814,5793.227937759074,5795.050416817245,11.521159533379,5798.919097125622
13200,5997.185201385736,5999.110617450144,10.161945691841327,6003.3076375543815
16269,6061.096934935485,6062.521895923336,13.749338694714991,6065.775070585736
12519,6067.702223397124,6069.13886320225,13.714030034855256,6072.315005471619
11787,6077.811801033768,6080.138573533807,11.942614608741811,6083.941820583338
12516,6689.654919309732,6691.193413660107,12.532170911817,6694.617018834695
13924,6695.401707553583,6696.67544121833,16.153946064847066,6699.485178127958
19469,6699.715203955211,6701.459556773437,12.332055608092672,6705.241962513749
18673,6708.1757223983595,6710.416610677121,11.582525430435775,6714.0
13223,6710.292212551109,6712.237768256837,12.927374200576947,6715.851155140286
12477,6712.617026269864,6715.102714627288,8.198677312119656,6720.515778138776
15561,6714.81740563023,6717.225601621456,8.766890850469396,6722.329316275362
13196,6777.85094891734,6779.282428375745,13.979285774771492,6782.549244969519
17297,6935.155399812678,6937.038082515771,12.99707851531647,6940.347475035415
11760,6937.287901635686,6939.034116771155,12.73540162445532,6942.551809978167
17321,7030.993793765895,7032.504235095356,13.78066062726616,7035.757551150892
15594,7038.725203447003,7040.5495656155845,11.273498271065044,7044.433468099698
15581,7040.5826011236895,7042.401577958999,11.518190778595885,7046.0
18675,7042.382876367485,7044.211329070497,12.55956898430909,7047.870437131141
12496,7044.662704221049,7046.184071400954,12.478112693788212,7049.304500348321
15003,7053.492142462709,7055.087071585664,12.66622012076939,7058.564752523111
15514,7058.881177356945,7060.415140453364,12.826126271668661,7063.785956652773
15580,7115.993615144748,7118.131203259828,12.49196186073344,7121.702141324857
16815,7123.8625491849325,7125.3307039542915,15.014231370440884,7128.256392414731
11775,7127.588087873418,7129.126482180503,12.324260947558061,7132.645090628879
17969,7130.239342087493,7132.109675597794,10.278082978766468,7136.297012662519
16229,7132.144633168931,7134.021440383897,11.176158871497135,7138.0
12443,7218.898758664884,7220.351985649806,14.642937604710538,7223.345848085124
15004,7225.380863090057,7227.468072836702,10.31448340092913,7231.908370562413
8446,7227.364710875308,7229.331856490349,10.072020884483818,7233.501162090884
13935,7229.21687181506,7231.266496796342,10.092286489864188,7235.0
13169,7231.1045413250895,7233.186058571736,9.501948260179283,7237.0
12458,7233.278532515754,7235.190794299761,11.776404296913185,7238.954982160274
15574,7238.614467978294,7240.220765524217,12.415726872548738,7243.796750256708
13944,7313.072498791235,7315.106762207139,9.66993479725685,7319.619925732588
16207,7315.082970803545,7317.154432830484,9.944175539533536,7321.460037774353
13893,7338.306494306791,7340.484232028923,11.714959868351288,7343.863172470536
20514,7403.751029974331,7405.554027834246,11.34206473907014,7409.175732039563
13967,7405.638048838875,7407.399973506741,11.99959837578858,7411.281813815911
17255,7407.39507132707,7409.204106169623,11.73715423110379,7413.0
13176,7411.579485606873,7413.327204802493,11.658335894150635,7417.0
13907,7416.7434782867795,7419.061149890176,8.553316956786235,7424.0
16214,7418.852614259181,7421.223483615454,8.384518234133996,7425.674313435144
15539,7428.099350024979,7430.255269896577,10.548846525981284,7434.395621313743
15560,7430.0205403451,7432.049019382146,10.540897455396392,7436.0
13187,7432.137246587203,7434.031829756852,10.040406824726286,7438.0
13186,7525.533814233473,7527.010208479504,13.68828483662323,7530.2125546429015
13956,7575.564205268177,7577.008723685392,14.750438067285815,7580.0
13229,7579.209737725083,7581.142117227823,10.118179126546966,7585.409558423178
16275,7581.0692526660305,7583.082076590119,10.205817044430477,7587.0
15562,7588.109498565225,7589.5960718402475,13.866876947163808,7592.97176423809
20067,7589.839825616405,7591.42300583489,13.1328915773803,7594.780108275927
20077,7591.658182106361,7593.253206536885,12.78553102040644,7596.632653319449
16243,7595.752807768233,7597.396625837385,12.421660168119528,7601.0
16810,7663.352831940521,7665.28553065929,10.344748445532716,7669.714791640951
20081,7665.295151405345,7667.260688276902,9.49160305286639,7671.496781285261
21715,7667.114713929831,7669.228120917977,9.430955118968612,7673.159311871625
12503,7678.906925327147,7680.4542638399535,13.59320642905849,7683.882088242293
18698,7777.375601020056,7779.166888980125,11.94080070497216,7782.959013171201
16271,7846.685997706139,7848.23828530024,13.626722875821285,7851.693729261947
15522,7932.596604375537,7934.394550579868,10.726492783157273,7938.40332602018
19421,8020.882377853051,8022.215092791531,14.896758032092482,8025.221724006061
17970,8067.113797001165,8069.061283094671,11.201133415445053,8073.0
13927,8124.318378126954,8126.141956029492,12.26350095969246,8129.958633875751
17253,8287.235176992026,8289.029306132254,12.583032300958145,8292.559279996147
21041,8474.355069162337,8476.088268982317,11.94458869234813,8479.823870734068
13931,8479.72260355803,8481.306630174253,13.252985636938671,8484.797127362612
18741,8507.842042446053,8510.219020052862,10.66709160560403,8514.36563784456
17284,8645.129844786332,8647.052093697812,13.648103678829424,8650.300811175655
15589,8649.3325630665,8651.030606394515,12.67657617048094,8654.577633636876
17948,8660.890435256348,8662.490257715415,12.742263325565933,8665.976953442028
20501,8835.518976658763,8837.244075022945,11.16179640019918,8841.0
13929,8837.304363554635,8839.074094611296,11.720126108891435,8842.551169100168
13251,8920.811496408025,8922.32728666549,13.342691775284889,8925.647918568164
21728,8922.619933944017,8924.112019535292,12.761910380024148,8927.3685760547
11305,8949.318089492335,8951.222120690789,10.502262537238623,8955.35383226983
21749,9013.42768787509,9015.029883750443,12.765964376581865,9018.522927752292
13937,9022.202535495036,9023.616288035717,14.790757920822898,9026.684433164737
21736,9026.611197874929,9028.387852876212,11.447631235171558,9032.0
19453,9029.503137444959,9031.056487623013,12.804440573437292,9034.508687748774
21097,9035.747338303043,9037.200999355957,13.45235295502564,9040.417761941208
17289,9098.735449954913,9100.341318514442,12.900555244532494,9103.732151628465
17277,9102.9485840314,9104.465979104605,13.563470221276228,9107.800337760491
18690,9106.404969703597,9108.24835463221,10.85284524862602,9112.330933037729
21069,9235.919721734326,9237.50784454026,13.361579362348966,9240.983851562223
17265,9376.409307911974,9378.144979373623,11.933325596593406,9381.907902728733
19476,9381.791369834289,9383.570924978525,11.727919556541957,9387.203098490081
21733,9383.703045438828,9385.393644294014,12.397465348205666,9388.857220975873
13952,9392.86810272396,9394.523012315629,12.018080827500658,9398.0
21698,9407.807950579321,9410.093964893951,12.318728029082404,9413.580733344808
18000,9455.199262673907,9457.070295490166,11.021516214079941,9461.0
12489,9508.596058888505,9510.47348102249,11.073727463626906,9514.551981542883
18746,9602.474586756492,9604.11047997299,13.043784470328863,9607.543291278287
18693,9647.430500856362,9649.098602952703,11.991533407825097,9652.775444010551
18013,9699.771040867587,9701.211710546339,14.049301229201868,9704.327074175111
21773,9735.868507495621,9737.47644703629,12.295634812214185,9741.0
20085,9737.647291313857,9739.230864602336,13.002840679721631,9742.684266761276
17305,9742.362590688981,9744.114055362958,11.384069127210818,9747.899182704385
20079,9747.844520308194,9749.480614478267,10.370202658708926,9752.91242267733
17980,9752.713189776941,9754.11118531816,14.605427028464304,9757.307366428939
18701,9767.788105320285,9769.23259926051,14.096117489393944,9772.463731960772
19431,9821.476867664507,9823.07789949516,12.695201410213377,9826.512105572781
21777,9826.267864072119,9828.451142473843,9.919646890967847,9833.375163763516
18714,9828.338498785108,9830.456228451261,9.649022977629707,9835.241047307538
15010,9832.230885503213,9834.431662947012,9.708201129038896,9838.838128708712
21702,9923.505678436848,9925.04301838199,12.733262349866454,9928.498021437184
19480,10004.66232008637,10006.55209814048,11.289712311333831,10010.635525543275
19393,10006.581481173504,10008.437443780978,11.252113562512001,10012.398341507107
21737,10008.570380536221,10010.305941326233,10.345658670060798,10014.183002616459
17977,10010.798749767197,10012.567532795329,12.056554682384458,10016.273610546132
19397,10012.633421657036,10014.379124933765,11.985255657805052,10018.0
21756,10014.492495701472,10016.224699659606,12.43645684016238,10019.626156503917
18727,10095.57976430314,10097.049660395744,13.79995371867433,10100.356976055657
19471,10097.86818124311,10099.575428660335,12.009283250938706,10103.218156109917
17951,10100.637276338894,10102.401850186005,11.64466990553035,10106.30782764827
19452,10102.4275593391,10104.22071668306,11.459501086782792,10108.0
17982,10104.27908436629,10106.028904722396,11.381002471447067,10109.656669777727
