1870,60.736655609135504,61.28858881135095,12.581396784879349,62.21976920895482
2151,63.85382212500627,64.38005935843147,13.309520577841113,65.27758150515945
1365,139.88749648975391,140.48972822193156,11.407643020254655,141.49985761974975
1828,237.52067203801423,238.02779686413268,13.766291066542605,238.87700402542472
1402,402.3229433081569,403.1239470725012,6.152772953756928,406.2792772989105
2135,429.76108958926335,430.3026627712678,12.532811210513334,431.2415558725007
1853,508.60906865065095,509.1900147269898,11.436209631621391,510.2113936863106
2161,693.8093643046846,694.350851451771,12.380202269899408,695.276124807568
5059,862.5276779825034,863.2709402828432,10.540671808840935,864.4314431471719
1817,867.7147000058877,868.2469588788819,13.179770515151144,869.1283696578206
1816,873.7935616992996,874.3095462361825,13.775897488850886,875.16167657531
2350,922.3062075413018,923.0882449629756,5.674727534881105,946.4321496527879
610,953.0320515887339,953.5580271997776,12.720044081251032,954.4596964345988
1887,962.3906615761645,963.0365394642804,11.342899316170508,964.0646092409252
1834,973.0090464659701,973.5668783302742,11.993637126638545,974.5366654616041
4406,976.5964972777355,977.1452784059871,12.616441973680962,978.0754728717038
624,1040.1565438272485,1041.0221419301313,9.52013073295817,1042.2175433147436
1891,1042.3605478180116,1043.107495714924,7.855219324939813,1044.463769353243
1334,1044.5740477203635,1045.3217955768087,9.9108504815894,1046.4320429314782
1840,1046.9967437828893,1047.549020270367,12.121765077546186,1048.5307950488618
2132,1049.950908710807,1050.5227113008052,11.79349125568278,1051.5187055702338
606,1051.999228121873,1052.5218521909435,12.803903072402647,1054.0136494414394
1822,1055.3766926965782,1056.0267797794972,12.272064709798215,1056.979385004012
1358,1131.5609902315575,1132.269490556685,8.27697581977401,1135.1439456723886
675,1139.904956153915,1140.515423285144,10.84004316581229,1141.596884191032
2121,1141.85723180689,1142.4827823619567,10.626972976015646,1143.5767541727346
1380,1146.948905116385,1147.4665553884943,13.02482403342587,1148.3972167966938
1871,1152.846042686608,1153.4683827806214,10.708678042216434,1154.5839578607693
1301,1313.1342078575426,1314.157929250254,8.498046545198775,1315.468943146256
1836,1315.5919329512162,1316.3290526084822,9.965776517439126,1317.5599129310062
2126,1319.9168363635274,1320.4572849465455,12.644476988776244,1321.3423619819675
1902,1321.6602199223364,1322.215998610532,11.495971889830933,1323.2254669523807
1898,1323.645205454938,1324.2916574576702,8.914991927624696,1327.8168653742462
1814,1425.7432251291475,1426.2542137242997,13.90549038654292,1427.0926099920932
1393,1496.3585709761421,1497.227213800325,8.416274044317326,1498.5202938882717
1364,1498.3929988511436,1499.1705901577536,8.874270491244184,1500.3859213526991
1829,1591.9585684600545,1592.537648504046,11.658602294865851,1593.4464110308668
637,1683.9593549388153,1684.5072287882583,12.311884884693185,1685.4291128544087
621,1685.76205670827,1686.2942274737263,12.880517389171324,1687.2019919894328
5070,1850.297765776915,1851.1314999440801,9.571128860670072,1852.2830339858233
1335,1852.6728709892936,1853.4211270037079,9.71869956221389,1854.5375582024328
248,1861.7066760750777,1862.4387895964262,9.076152045745916,1864.2799637366084
7635,1946.4757917507957,1947.0005037170504,14.754864052682638,1947.7928141657537
1310,1950.8222464198088,1951.47753308839,10.601671689722412,1952.4749555825167
6832,2034.6045246270585,2036.0204293400986,6.125938941428579,2037.6762311394582
1351,2037.592779084443,2038.4202420222198,8.785624731929275,2039.602290435369
1385,2039.6867629249928,2040.3725728883044,10.547336181505031,2041.4192095675278
7354,2043.9185443300835,2044.4783463398287,12.131776780739385,2045.4422871302552
623,2047.425244261597,2048.0576802907703,10.465994166992207,2049.1705836388537
704,2049.416061323255,2050.016863901234,11.46157736561122,2051.031920238709
249,2053.803061583492,2054.4352450388888,10.141727196455921,2055.4782718334263
1384,2123.436680540745,2124.108241105524,11.9592993975163,2125.079451607823
1291,2125.500034617365,2126.1906123799026,9.512526885428072,2127.405086754619
7338,2220.488261240447,2221.069817652307,10.842338721639809,2222.135335834312
7644,2398.728991352869,2399.4012102287707,8.9154961584579,2401.5814447296857
7396,2413.56402927484,2414.086367307773,14.258418633252413,2414.9062641882642
7353,2491.586635065572,2492.082338276418,13.544512314772437,2492.945450412644
7385,2494.9107236614623,2495.456055827259,12.43902358576978,2496.3645483595496
10594,2660.416544183358,2661.3364763016334,8.741400439639486,2662.566356413667
6914,2756.599753993768,2757.2997286969567,9.591456112689526,2758.448789528894
7390,2758.9719899119377,2759.4931770457474,12.931899364659355,2760.427472680036
7858,2761.945985475088,2762.547454844467,11.167325939990777,2763.6170192481504
6135,2763.6975607661116,2764.318211309768,10.200106478400903,2765.4485803515518
6212,2837.6025729928056,2840.0227410103857,5.122999228378218,2841.942110600099
6826,2843.6451687106023,2844.323083176129,10.573388650158593,2845.3666217543105
7132,2845.8809662799663,2846.492543650119,11.348303979753481,2847.457062383347
6917,2847.8867495731843,2848.458953619784,12.009897961612234,2849.3605856721356
6882,2852.858755112913,2853.496024811212,10.527125435738878,2854.6548701421766
5736,2860.40886129856,2861.088674792792,10.990165471627318,2862.1520303249317
6216,2874.3716283067997,2875.0093829967864,6.122122094258485,2926.6371167512357
6896,2933.9529782250042,2934.5488515382276,11.39052981278879,2935.5642754629866
7319,2961.9830866179905,2962.511612660533,12.730773984807907,3016.2939032278487
6159,3038.4971198031835,3039.1925845180103,6.673745343432161,3041.9771557264867
6844,3471.446198911556,3472.114340426989,11.768406585046357,3473.110161363666
6907,3473.552080336594,3474.16987566507,12.289708214814638,3475.1188015288158
6843,3475.862380370107,3476.479637543768,10.683230167536157,3477.5470169640366
7393,3484.7466039007572,3485.318699180211,12.58062740001334,3486.2502892435778
5745,3486.783648464704,3487.314247253539,13.257254185573132,3488.1888783789914
7369,3488.817106244112,3489.4057828737173,11.373065697451146,3490.405183799808
6915,3496.8950949857444,3497.5182807785327,10.892602674858376,3498.609481185027
7791,3667.615893643328,3668.294047442496,10.876640659245128,3669.308612722828
12885,3669.5448181309857,3670.1751694238114,10.3999578132336,3671.303210388752
7151,3679.9721116743062,3680.5548976283017,11.551793974718382,3681.5175811740773
6147,3758.5985295516543,3759.281555834042,9.120580728046157,3760.524833843913
7053,3762.7257422840166,3763.2552666014353,12.69657417897798,3764.1666676087348
12841,3764.78258237779,3765.4163879572216,10.503436375421753,3766.5476142234083
10554,3833.4763386802842,3834.169108416809,11.49453409230137,3835.1804102448114
12388,3835.8788565745995,3836.48574988734,11.280998683954694,3837.4862691182125
10623,3837.7632260505493,3838.3205602145895,12.802771193922528,3839.2509134892216
10661,3839.843619778815,3840.383725020394,13.021926738791747,3841.290449409266
10651,3844.887966079638,3845.432891276481,12.765811671674557,3846.328580311409
10606,3923.7982847503054,3924.454310618793,10.956772044062298,3925.43921570783
10568,3925.8908084397385,3926.505050600853,11.133049987756745,3927.486084484066
12410,4016.2903862496473,4017.0159260152996,10.545710518342855,4018.1008413256104
6171,4021.040744641729,4021.569175940137,12.660932420711886,4022.527118342807
6110,4033.8065903509755,4034.451457206676,9.78576794176549,4035.5149385989384
13127,4192.006877141535,4193.111001865563,7.360798006294582,4194.667506128632
12367,4282.286098940157,4283.006852450267,11.233766481164695,4284.038978721258
12569,4285.923492904158,4286.438192634267,13.336252767027796,4287.28840392572
12415,4288.923423488241,4289.508636371193,11.76679367182762,4290.438983352954
12591,4292.481842913012,4293.234003402498,9.809348325157279,4294.370605382638
12387,4298.283655724916,4299.000935608296,10.923532778894229,4300.058049742609
12546,4301.555358206432,4302.297846707349,10.458584468360467,4303.985265035115
5750,4304.320678084022,4305.180553266574,7.992936764792117,4306.500311183717
8992,4306.399655113868,4307.208549380715,10.16114346935278,4308.298903820848
12418,4373.710317392826,4374.395651620387,10.431149496632425,4375.429150189815
11701,4404.420762839044,4405.233861382638,6.744183131202063,4456.597417129458
12855,4457.557531580285,4460.057676166805,5.910231441618091,4461.818749966993
11687,4463.5930811440485,4464.217723025256,12.003573161861475,4465.18413622404
11615,4471.310956799675,4472.050915501089,10.474800746432022,4473.1479279788055
12430,4479.548373270083,4480.257082988653,10.602635945707965,4481.339726731454
12378,4487.860436631648,4488.419672825474,12.288691517545134,4489.378132533048
13114,4551.610367373728,4552.2932099570035,10.85509832404055,4553.395161734121
11614,4572.38047970125,4573.094741114003,9.608994403126141,4574.254071155707
11610,4575.497583506516,4576.311149257782,7.811263038388927,4578.559036304157
11707,4641.461273179601,4642.103536919998,11.938303560846975,4643.077225951335
11657,4654.519857724263,4655.2453324879725,10.094522094855465,4656.32381911732
12368,4656.483570288358,4657.127116335107,11.650548812168326,4658.128074771644
13130,4832.659276954512,4833.300512730536,11.165166241380952,4834.283711521136
12357,4843.587489318239,4844.414009110869,9.049279699659786,4845.567680996856
12335,5025.85080448148,5026.478373719013,10.738551754332287,5027.553900225532
5715,5029.760055883613,5030.408318789176,10.972430703655183,5031.436934116584
12398,5100.993452049498,5101.518009586552,12.782829947490765,5102.408222480521
12836,5112.445077487261,5113.166408774506,8.05353388734952,5115.373879063555
13360,5193.127060517583,5194.2046893190245,7.758346555325749,5195.545947280742
12421,5210.480237669957,5211.243352249389,9.713223823619066,5212.408753837171
12794,5278.368830316247,5279.098666034686,8.823884130450672,5280.340096010139
12303,5287.410587406947,5288.0710074350345,10.769826800283234,5289.148471944046
12293,5289.899125750914,5290.483665622345,11.894057130673417,5291.482071516824
13260,5299.469794063615,5300.149593037915,10.698908170375539,5301.243207251984
12829,5301.746338277437,5302.357768866321,11.370224860405333,5356.188401121558
12381,5367.285187773187,5368.0814829821575,7.724726954882105,5369.501019296391
12385,5391.2458237568735,5392.0479192703815,10.198738322788186,5393.159628839642
12400,5454.5966974599,5455.25580145477,11.231521238437404,5456.257351331088
11621,5462.4173557008535,5463.197560996598,8.410108964425559,5464.465509296116
11612,5464.403427812983,5465.230354059718,9.261829645680306,5466.4303507997165
12325,5468.85560681962,5469.413861770921,12.62615562418331,5470.34921428589
11207,5470.766256684959,5471.37871011774,10.803066240133948,5472.445745522378
13157,5473.886838081966,5474.5150292522985,10.969986919126985,5475.586726878632
12304,5477.362464711562,5478.044188772052,8.271094541223096,5479.355724772658
12879,5549.722445293478,5550.288373124028,12.683689953256508,5551.19574293532
13156,5558.725937518902,5559.280083447272,11.779296365313371,5560.26954196179
13401,5738.7697157517805,5739.354364399577,12.351946752066128,5740.292053082958
12814,5740.928271762913,5741.5213676724825,11.391796742797805,5742.586320262353
11676,5745.09080444259,5745.605184901923,13.00677900322818,5746.511319145201
13149,5750.667004056475,5751.359286873309,10.497316309857123,5752.416372677811
15403,5811.734345509407,5812.377133184329,11.172063195726992,5813.364537875421
17815,5818.858950785155,5819.396529769021,12.834418079110451,5820.32856926962
18366,5823.551741517557,5824.188990195541,11.793645502989706,5825.172526510966
18950,5825.855589897378,5826.428234213166,12.144989322510456,5827.354588420743
18340,5833.835422877949,5834.411296515189,11.747768456575853,5835.38187784072
18616,5915.746074925035,5916.398249177724,9.899559752745454,5917.568694286838
18322,5925.942593790533,5926.4703298495715,12.75232340576367,5927.380014554952
18332,5930.754182236788,5931.285557083007,13.555178626188038,5932.15369126756
18649,5932.543297514728,5933.109607657089,6.447638812953632,5986.786892492589
12331,5997.612571699174,5998.2473485373785,10.670518734441755,5999.3684718858
18627,5999.759456404858,6000.3915547092665,10.611391872365786,6001.412028077399
18251,6171.342249762619,6172.01178477101,10.451387277447937,6173.139565050387
17825,6177.321089299602,6178.088862921973,10.12647392966374,6179.251970214233
18380,6355.3982132699775,6356.206705493457,7.37596283407341,6358.9773722264845
21590,6442.553821040777,6443.364476856961,9.568450162238394,6444.510449292412
11455,6446.859457201344,6447.519200763982,10.484945446600943,6448.604607805451
11459,6448.837357571598,6449.441983983172,11.27193078827454,6450.515315432427
17883,6464.502474980701,6465.265652520673,9.991478139977113,6466.436969304821
18326,6472.389573857362,6473.169358829972,6.569718075255217,6526.691809357691
17020,6536.623837596656,6537.317834430392,10.471401831163078,6538.393078681382
16939,6538.728440469483,6539.389891831684,10.679290102094555,6540.416929208882
11530,6540.667095668269,6541.238974994947,13.06609710909829,6542.156365159253
17697,6542.840079515222,6543.335928435264,13.156286401314238,6544.235426703776
17122,6551.9270827323835,6552.40323023713,14.31996974927158,6553.228456632995
11453,6555.312453523246,6556.078345885643,10.141210561403659,6557.206426167426
11466,6557.750777147552,6558.414078542113,10.639842345328788,6559.503593103854
17869,6893.96635106712,6894.549046296918,11.55260246132242,6895.518691889662
21621,6982.328644348763,6983.035968211561,9.974033841501475,6984.216409281929
17803,6987.460419517714,6988.190716030402,10.74498348131711,6989.247713386529
18308,7000.023573039179,7000.554009708963,12.613066439865271,7001.440181736221
18652,7005.6603272615885,7006.331806916989,10.72215357467314,7007.352914252568
17842,7077.279231921968,7078.007383767679,7.981624512628469,7079.369843299683
17831,7079.258156670272,7080.059452988531,10.338699707208235,7081.182366486936
20893,7354.950696802447,7355.52633866701,11.812232857427162,7356.444279935448
17893,7525.7244844613415,7527.185919692292,6.304332753452675,7529.257907119368
18297,7531.352242079564,7532.264251780312,7.8006573386487945,7533.6093872503425
17835,7533.508328294207,7534.301473101412,8.906138655131253,7535.57432912229
18194,7537.9091055780755,7538.477916124021,12.07405438460331,7539.4525206814005
17221,7547.749098786579,7548.354249271341,11.142671369662228,7549.3785473736925
17704,7624.865421763346,7625.4614399620095,11.152592460524538,7626.435930817445
18866,7629.776581412386,7630.368289623115,11.586202744781957,7631.3843172613715
18993,7632.8824792528285,7633.412575395407,13.124632518659583,7634.317736101548
19001,7634.685938087193,7635.268366553662,11.232772677101925,7636.295906521952
18868,7664.30737560184,7665.033464921997,5.290149860875634,7696.3677371602835
18032,7704.670185462571,7705.309673177214,11.423407260296045,7706.334605023686
18064,7706.602400582822,7707.188773877595,12.124163424620518,7708.187750128206
20406,7816.001370881132,7816.476719238883,14.074799773781269,7817.316020203851
18958,7818.866095545957,7819.495908432416,10.725556743542883,7820.57815193038
18938,7820.853484873373,7821.461936516138,11.246704752300005,7822.521876391578
18176,7883.844856915141,7884.508561008228,10.518681853649845,7885.588294008608
16728,7890.733102440331,7891.2949812975585,12.435003817867932,7892.257389678203
17178,7900.205619492997,7901.012324310803,10.312581807826906,7902.1188114572105
17619,7904.393187310515,7905.240479845158,6.916197052129679,7907.137935414057
17242,7907.2149047428675,7908.0340655429745,7.7954338101460685,7909.404387040874
16711,7974.271161102469,7975.0005835751235,11.440882334315253,7976.0184301662775
17152,7976.459262702938,7977.076628780468,12.262995807810595,7978.02989132061
16745,7980.895259398002,7981.515517962782,10.682463287919084,7982.624780220307
17193,7988.413108821919,7989.050177855686,12.474657083211747,7989.987312470301
18134,7990.459562173579,7991.085175044183,11.451917460490586,7992.10401453754
18226,7992.460747537835,7993.051728136178,12.774024666940932,7993.966900391044
17213,8073.3696539890925,8074.178718606709,6.391841969836726,8076.344019017974
18153,8078.309004872059,8079.258500264205,8.686607809498424,8080.521258235833
16965,8080.5123122544865,8081.247303697513,9.504365091786333,8082.40589422321
17519,8511.336530367602,8512.19622950563,6.303652870392226,8514.39558743944
17016,8520.972254852333,8521.526920431861,12.186222657476147,8522.436835685363
17013,8522.963858024088,8523.540026995366,11.669211822660072,8524.530485292906
16993,8524.753523211168,8525.353135566289,11.371050520132355,8526.371850149515
17164,8698.88408822047,8699.500333457572,10.836686697633995,8700.541329900203
17112,9062.920461532305,9063.47442752299,12.218043343291178,9064.409240530356
17245,9067.883383127468,9068.405992212305,13.081160961360096,9069.283821409608
17205,9070.854739468583,9071.468089511218,11.12339132709957,9072.552237586653
