3703,109.28517093864902,119.5570169935772,11.745326309093258,129.5931863248499
3554,321.1170897268731,329.52765941631577,14.031200475942562,375.35393257380133
3973,385.65046034823126,395.33964395819845,12.900092091680447,443.6569382921161
3964,581.6412332261588,591.1818432193492,13.881707854517723,600.0916619407693
3996,586.0445864034212,595.5700661697334,12.303054300050135,605.0113690979891
3961,658.8295828152166,667.5842595248253,14.930157206920208,715.4972314426054
3734,661.0745408539882,670.3413970250093,12.867755244786665,718.4732418471187
3999,663.0197311222973,673.2866828720373,11.91321030610086,720.885753505575
3952,785.9236192223469,796.4790772296473,11.762185012221677,806.4569058219427
3978,793.0616267719435,804.4242891050258,10.986748209502334,851.5018818105126
65,820.2191888919772,829.5605811773652,13.36720016943593,853.9573391718379
486,825.865006938927,835.3844755269268,12.716426940375788,856.2904342815989
3989,859.3614863448591,869.4878165885304,11.910606272747025,919.3322425798356
3958,944.8657278204055,954.1460312057304,12.732579031192435,987.4668588346401
3942,1130.1144834893707,1139.402305357879,13.415741723142594,1148.4368845213328
3970,1132.2471860984526,1141.260498672997,13.11727199971004,1150.3567323752868
3972,1137.7450713016674,1148.3109134266938,11.842933780220482,1191.3394616280245
3746,1201.7577517250686,1212.0976960788794,12.471404170070574,1259.4721416154382
3997,1211.3819081052056,1221.21817741058,12.322921145019325,1262.0434739929422
474,1237.7356579102966,1247.3065182185528,12.798752505369333,1266.5811463948032
4301,1242.4945869262208,1252.2273140848326,13.141246347135711,1268.8748957266453
4328,1244.5003108825156,1254.4552581954433,12.506761772570341,1277.1638759296734
3266,1261.999878469688,1272.0145795575731,12.570906969795864,1281.2684311035891
3751,1283.5993326688385,1294.4895807742053,10.814458262722566,1327.628069270513
3709,1286.150408296785,1296.3164899690692,11.359904200282617,1330.4626254409477
1781,1309.4901190718667,1318.3611294314494,13.740504403124332,1335.4439246918682
0,1314.9421735000146,1324.4102640651947,12.185865669092706,1339.2531732047858
18,1322.2136911406446,1330.0465389793433,14.66049277836983,1341.0940596900584
21,1369.449544270121,1380.2255562554467,10.943547341989223,1400.4927979427325
22,1371.4666955419643,1382.1059985119534,11.316702880809009,1402.6260495584258
438,1378.1167843792634,1387.344206568679,14.436949546340376,1404.540454074454
3954,1402.8314431651124,1411.32191385095,15.561334041747264,1419.8560111187219
3318,1404.728878387996,1413.6206770871247,13.3272581053626,1463.872447668825
3278,1406.5224914281973,1416.3223525499702,12.262045895850756,1466.551890287069
3536,1467.8637455536173,1477.3801840522237,12.458341238105328,1486.6147953865677
3974,1473.6119059715963,1483.5777099746088,12.659388433651515,1533.9786778081163
3725,1670.1673354329796,1683.1158415588889,8.479663239876519,1735.346770975407
3977,1674.2332758635494,1685.2645712029744,9.950315793652992,1738.0295329905423
3538,1763.2813190429774,1774.042040860412,10.731369305794487,1803.6718428537322
3967,1908.7491978137189,1918.242697330837,12.788634684610775,1939.7682575141016
9486,2026.6903975573223,2035.2791376297737,13.456994431397826,2075.330936379972
9485,2029.3147238141223,2038.2120002085671,13.160158762043269,2078.0344656100538
9449,2100.2246970008027,2109.3275729309244,13.1604851948773,2143.3535101055754
393,2119.9533741192313,2129.20506101873,13.422092691379554,2148.2264467618133
1735,2142.159320188668,2152.4338402163985,11.836753445070979,2162.2394780982395
15,2204.169705673669,2213.0785739873295,13.814751509666278,2221.6135049911754
8829,2214.0399380139565,2223.256413734739,14.058345134912159,2231.3595524380476
8784,2216.123957302319,2225.222515012429,14.307604146339465,2233.795818292619
9220,2219.9648414468456,2229.5248130881264,12.762382055481151,2239.125928734397
3310,2222.0495510373885,2231.273352403036,11.803073674146708,2279.773858827729
443,2255.0872826329173,2264.5537229340243,13.203852356985868,2285.049242045845
9037,2281.7122006464433,2292.0442885545162,11.138958333515376,2302.018470865867
9043,2284.2530314016985,2294.526379116932,11.311279855228692,2304.3925024975933
9162,2288.253287522832,2296.598597377352,13.477926771421917,2306.1278451176354
9227,2290.1036465308935,2299.4773860374435,12.452276307027589,2347.7902479867175
3289,2292.420679497597,2302.0311090679143,12.676300572606543,2350.7812990219436
1214,2315.492853320512,2324.6237187790566,13.73126694825348,2358.78623866007
5559,2525.4551552565094,2536.0796031450363,12.442078120548985,2551.371859463803
8803,2578.2743526200093,2588.375426856224,12.222372742394825,2619.335309266427
1780,2592.8968894886957,2604.185334711157,10.925422478726471,2622.2028738919566
6023,2602.9648964343787,2613.4312676745826,11.072334747820488,2624.543800592258
6610,2657.8883243327555,2671.05868215084,9.605336520288992,2687.4175988504603
9029,2664.120646914072,2675.3097485607423,10.77835087739664,2689.942629945777
9336,2701.646351484951,2710.462736872877,13.786702843854435,2760.8704592533677
9796,2725.387850660272,2736.380584244002,10.591109414465494,2763.0002206733275
5950,2879.4224054345145,2890.094999285869,9.492580716978981,2902.3965918165286
6012,2885.991051563876,2895.155196880476,14.79328169194746,2904.5499586577503
9040,2905.384520430779,2916.1821415926534,11.257328215140978,2959.366545337163
8797,2907.262395866427,2918.0113657688476,10.713940550289022,2961.8385047579986
9491,2914.158574702582,2924.4785212167967,10.86145335803827,2966.054650612842
9425,2915.98036476628,2926.3438544593373,10.42958829742534,2968.028934925463
9481,2918.739504546502,2929.2757350554925,11.974945179261177,2969.7816312621294
6536,2929.826355735543,2939.274217258569,12.71610588725537,2972.0131253430877
5988,2933.736628909545,2943.51643178057,11.864012121452038,2973.871814818774
6599,2935.5582429718133,2945.323045268894,12.84959717321298,2975.5922778213726
5536,2937.497495103714,2947.412150311449,11.838937080319889,2977.5266403318274
5506,2939.2753063822133,2949.2531479702707,12.429287609863147,2979.3051741517397
5904,2941.510781693938,2951.1310026314777,9.857807940595226,2981.243229981086
5508,2944.0079365493093,2954.450056601091,11.268155480570652,2983.331552171647
9232,2961.8314937863997,2982.230570181696,7.608374648053719,3034.338489934045
5932,3002.588109003858,3012.0300646296973,13.961295142683651,3038.37164589425
9059,3033.7360928927633,3043.6012097134685,13.405963630291344,3052.57400973991
9224,3100.4433285430455,3109.056317997736,15.885527370038227,3116.712605429019
9441,3168.2032924057658,3178.2431166773167,12.189184992934251,3187.9525828954334
9482,3179.9750391647376,3191.4847724617507,10.705153255441052,3231.6203976137494
9467,3182.079819229552,3193.303659959178,11.106778816784619,3234.2919615809174
8770,3301.772416884223,3312.107186295166,11.746323543872483,3322.0197272413666
9437,3306.289594970338,3318.5028781071355,10.159990330360637,3367.5138716723404
8765,3310.2694334673474,3322.3882283191447,9.947420152231732,3373.0788551938194
6026,3339.2570059481304,3349.1077516793093,13.641847524222515,3375.268552647857
9228,3372.310594469192,3383.099826967004,11.135667232850004,3393.8403388972374
9340,3392.24745677984,3402.073812040476,11.814184337806854,3437.8538133304646
9399,3411.502174317945,3421.2012300259466,11.8888341035633,3442.0642441509603
5965,3417.04728360903,3427.41621887166,11.963210345199958,3444.347182371872
9962,3419.415338268431,3429.234939200658,12.150379527028242,3446.3821880864457
9218,3454.576737436127,3463.0030089115758,14.675945546657493,3512.225880779721
8768,3461.2256271288493,3471.321447301122,11.760057807031442,3516.713728881285
5912,3474.5132050795632,3485.172501022035,11.799795758121922,3518.674265408267
8801,3492.172556168803,3501.542063528851,14.839407334230012,3522.3671693562856
9259,3509.9512684576334,3520.02893697469,12.018229580876213,3530.041657129448
8787,3519.2614470582535,3530.149207061941,10.278693660943839,3574.2383061220817
8799,3521.254210140118,3532.0461472694583,10.865511287312145,3576.4028006040676
9431,3539.2271390655205,3550.292664123181,11.48775923339285,3645.185170627186
5555,3547.764239207966,3557.0131543492344,13.725221002867393,3647.7318807176657
6664,3565.073560607724,3574.034522163665,13.95052419245692,3649.856742108764
9483,3573.774307309256,3584.117905343218,11.838398414904484,3653.0931234369687
9452,3581.2480854392297,3592.201409129389,10.504103982810303,3708.9631266500073
9025,3583.2039932527377,3594.0994406409786,10.584887491445512,3711.8709555098053
14985,3983.9209366556424,3993.4937658153267,13.182751675879043,4002.6804039676426
14973,3986.128758866474,3996.041290682493,12.790724108887384,4005.784351282433
5893,3991.876507313588,4000.020753539118,13.680966337883621,4049.5977914692758
7303,4016.054628132642,4025.587565928882,13.157061227780254,4051.682181124356
14950,4066.6293268590725,4075.51424369053,13.036379725844435,4115.537384284246
14697,4074.8339925737323,4085.548795688716,11.577142961043789,4122.116707685783
8006,4087.776148701933,4096.588152691768,13.844695197806208,4124.061655148753
6007,4091.686123115603,4101.457373592687,12.325464354436447,4126.184862362183
14970,4120.080486068978,4130.031411070667,12.099538886193333,4139.644567030512
14951,4187.918844206995,4197.405459465191,13.113566175491957,4206.692992107882
15476,4221.453360286392,4233.083652681805,10.636292131270594,4251.614801055122
15485,4223.374962699257,4235.031244391723,10.582000447725303,4254.546523746887
14922,4231.492701287664,4240.547782377741,13.2875020866772,4259.278273225827
15264,4423.080824723431,4433.120323155677,12.396135210971915,4455.720910699891
14549,4458.0602666688155,4470.229482757914,10.448660627721818,4482.000995289862
14949,4460.375693498965,4472.0580443201925,8.584749177208343,4523.909260197236
14313,4462.45718065739,4474.216067503318,10.977991832790458,4526.576170941359
14309,4530.372264444912,4539.434762939838,11.974979726635151,4548.827885500708
14278,4549.988746453662,4559.354329657252,13.051853280902758,4591.583154505397
11496,4582.534064810396,4591.022714644736,14.339091701925364,4599.422674993471
14265,4607.422451234603,4616.562249441819,13.384254644575288,4659.44809090611
11493,4640.604807650777,4649.0322849460545,13.529809693757597,4664.7964840805635
15148,4675.217514160817,4685.454178367673,11.28784602667755,4800.309843894203
15504,4683.754565073914,4694.3136785069055,11.594499779170443,4802.69299563634
14312,4797.898524109639,4806.616751933685,14.749888190408944,4814.668715081175
14955,4800.788966592382,4810.102208129111,13.66842610955769,4818.828209068394
11003,4946.451552166776,4955.605841525813,13.112062622652637,4999.6347456695385
14403,5143.694708365273,5153.532154306338,12.302392893584528,5203.321983930339
15292,5174.772836369249,5183.278191396735,15.132088940284246,5207.904596491129
14920,5205.675869614905,5215.210237231339,13.738330374766507,5224.04296928148
15445,5207.625993070024,5217.510989283916,11.659805616389738,5227.041651334013
14263,5239.801193214546,5250.386926356971,11.751060883835677,5291.942805402465
11517,5241.949126304406,5252.135946156501,12.284645501806098,5294.040438873305
5957,5243.765714130879,5254.21729359776,12.181527715698994,5296.177125901489
15327,5252.477295983868,5262.462839441965,12.229215696550687,5298.131668503234
15214,5254.32910587223,5265.071890835407,11.040816275347572,5341.498326485972
14837,5260.032361333441,5269.2514442752545,13.681899342324783,5345.663181454413
14890,5273.876217617326,5284.152290726337,12.020819211050048,5350.917114583348
14834,5281.891589915077,5293.120080331386,8.137903343444233,5366.178940042263
11062,5307.7988996228805,5319.186969423225,10.839808354514119,5482.721426069865
15215,5311.108525710101,5321.200653967987,11.328081885789498,5485.681760631976
11056,5313.51458135347,5323.199179277013,10.968428425625229,5488.335787980385
11045,5319.204276307249,5329.184295839158,9.231832622670868,5490.512188993567
11448,5325.6531531836645,5336.10619921958,5.885496734240181,5492.479392556694
14904,5366.003184557215,5508.006305834404,5.404589355107596,5611.386948404427
14947,5417.898733514254,5515.205131630434,6.902854405115852,5618.987619356293
11468,5620.194308440703,5773.240656891089,8.412113067223272,5827.1195970275285
14989,5622.169148724683,5775.216061026188,9.489776359885035,5828.9021121483875
14702,5625.0199392913155,5777.156077431824,10.667605014956026,5831.24824458971
11441,5654.215523110567,5779.149422773258,9.55253885178561,5833.0968271871325
11018,5667.689627748549,5781.100923950381,9.389810293448843,5835.062774716703
11008,5681.605879731732,5783.0947788515705,10.725943465608355,5837.341866748895
12042,6004.1110867516,6013.134424429152,13.208953867049308,6021.949684611956
12039,6060.543360258077,6069.340138607237,13.983003326050486,6087.409300419937
19803,6089.562116778254,6099.060133117043,12.831089484225656,6107.812977756308
20458,6115.839832961102,6124.601070844049,14.642116092113989,6155.428685604551
12736,6131.648379462522,6140.622362541309,13.725442823402664,6158.249323219642
11449,6146.551802834315,6159.100281858718,9.592606884582787,6171.22575944378
11042,6148.556170723689,6161.061869718827,9.699417870443499,6173.201104233687
13456,6272.563313622599,6283.413632697591,10.98040861862801,6293.863459294744
12713,6274.544934717877,6285.218594946544,11.904333016070392,6295.682628471061
11525,6276.349732445419,6287.063529902835,11.871586725357105,6297.4832076788625
20407,6305.726272835044,6316.2178408752325,10.753063110081444,6362.418974973504
20793,6316.601278358551,6326.432363132524,12.429533644496736,6369.095044913137
20823,6318.623347175879,6329.432356696573,10.468352147168437,6371.046489288756
11040,6352.924683758541,6385.053512667579,8.80661366582345,6437.101849252885
20487,6355.374343230006,6387.16762990294,9.648281454262278,6439.117341266726
20422,6362.052296042471,6389.02913584341,9.812384423151254,6441.026242580256
20378,6366.821346730107,6391.074455189549,11.109124017728487,6442.869883078896
20325,6409.391707944869,6454.22860780898,9.79580347555752,6584.740457885104
16564,6413.373813077011,6456.210112080663,10.846533841357765,6587.1421066032935
16536,6419.0032987535005,6458.127013120917,11.359806810907958,6589.227780553745
20326,6436.093877231977,6468.271668456209,7.0772413615419385,6647.321788045548
20217,6499.960735142083,6654.113995369891,6.028829660915694,6770.3774084563975
20199,6507.986806681422,6670.076868424909,6.311174487808697,6835.4048592595145
11052,6875.055270624801,6885.396296691708,11.757999091932483,7000.75915722518
11012,6886.988177029782,6896.183333511339,14.176441990147039,7043.354759818955
20202,6905.518690817256,6915.198097527963,9.1077109066009,7055.38036724971
19788,6908.0081189614475,6919.332467503245,8.710386222190992,7111.044245515951
20456,6942.804137349789,6951.441705027642,14.219395258781919,7121.013651906761
16539,6947.727136320255,6956.5676320471985,14.134479561361045,7123.235677693175
20208,7149.226776071065,7158.3089713699765,9.967650507465759,7254.638990062611
19831,7211.071596487258,7221.325121293352,12.174194359701946,7311.693713339021
19819,7213.248047110934,7223.137761219903,12.770542103444878,7314.579217979967
20408,7251.24115963273,7260.426613240409,13.995948563539057,7316.836739163954
20442,7258.27577741709,7268.065418020304,12.157964131411376,7318.898217311317
20406,7519.773865994224,7528.194897057552,14.376129122421693,7536.637446907922
20921,7536.709065027488,7546.108471775112,12.718458600143112,7585.069600805462
20880,7585.908347462667,7595.084693985766,13.82051061916612,7603.799549214695
20855,7587.947953633253,7597.499587869476,12.400233449990823,7607.333978236947
20455,7591.9383162446575,7601.387003752202,12.875665491366496,7653.313971168387
20980,7593.913441170104,7603.1875087611015,12.190142644847104,7656.590622615393
20279,7595.680806256154,7605.126683628123,12.378901372276161,7658.981312160753
20307,7597.531235860042,7608.061110535256,10.6520035707287,7663.916216207012
20271,7603.208700210136,7613.517197838373,10.609585868044919,7720.8008680069615
20397,7605.238949824946,7615.4400256560375,10.89084119396292,7723.5005865919675
16550,7657.618749427143,7668.340943015763,10.59391898214799,7740.682402627866
20466,7659.497133597757,7670.201771278982,9.826778774735589,7743.434330448263
20463,7666.352374441202,7675.088391832497,9.685649677205086,7806.029914311468
20344,7721.4902917248955,7731.004268242387,12.921354996297485,7809.777137058036
19789,7725.520121421161,7735.517804785812,11.905047791537639,7814.856177896052
16555,7727.307514521167,7737.2477521213905,12.122180290062927,7855.516000712975
20719,7774.781390035452,7783.575470823618,15.93536801253574,7862.467967336954
20912,7776.942474236111,7786.249313199325,13.545057139564573,7864.457994928444
20649,7779.072901481319,7788.342855066366,13.27474354278691,7866.338450294234
20437,7789.925263700894,7798.61206976231,13.787418356651273,7870.175315305958
20356,7792.213812210374,7801.475688303861,11.17294890870833,7871.960426965031
21691,7826.960704220084,7836.384134101328,13.264359854071614,7876.166548939699
20962,7831.246186470396,7840.46272525233,13.397423904369626,7878.069090562715
20973,7834.8478413056955,7843.55955183975,13.876098389866929,7879.966619705589
18313,8231.843493981632,8242.49105851816,11.573885362050031,8263.366137288922
18344,8233.841567060037,8244.294134754608,10.992846630490416,8265.732703545082
18385,8235.824253265944,8246.187821877827,11.544825762864853,8268.083705077004
16548,8539.62173156654,8549.549415642723,12.179568916351261,8559.213328436419
16788,8552.769216106431,8563.500090200228,10.728804083452852,8603.674125461352
16526,8821.928242614784,8831.593261560198,13.549137282856035,8875.498409763233
16523,8827.866302431925,8837.37153396057,13.399607829418224,8878.170758723085
17019,8833.687888209004,8843.123345603533,13.55156398261031,8880.228898404474
16964,8877.617756042708,8888.37610446725,11.382457818445218,8898.800936470585
16982,8882.20424545578,8891.199840802656,13.355293128359197,8900.684785014553
16944,8896.17275006764,8904.294731680691,15.055239577834362,8943.315799310914
16945,8947.904254619103,8958.048864463044,11.495953638284801,8968.173772444094
17533,9013.502905966641,9025.273420430141,9.534402302109804,9036.656195428186
