611,228.47054237532814,231.02449256409525,11.474531467833165,233.6962856396339
142,408.73123065525476,411.19606216910387,13.396167880529804,413.4745496618263
672,410.9808954179929,413.34947319903296,12.914276945619504,415.5326011114401
613,472.64162795889564,475.2984446260264,10.557195358906581,478.3875860810529
654,505.1374389764583,507.44032206227996,11.134194355198519,510.24304234685144
228,507.1256524741269,509.37312416568,11.807495828584933,512.0401331564465
192,554.2468606402925,556.527878417811,12.814581386900423,558.8942163257476
659,593.2482545432608,595.4916589123934,11.580256771631452,598.2460391407502
1413,633.8888721976174,636.2757779721643,12.229145070857413,638.7819312031369
718,678.9422831525632,681.3102908905047,13.10580141420323,683.7859783439527
1139,681.0104620969039,683.2398200813863,11.90067950320139,685.8474992636533
633,682.9394573267936,685.000373864733,11.586078762328917,687.5810174580623
630,685.1345810815444,687.2914202618321,12.357262630673759,689.8536211637002
669,689.2011088045198,691.3612503900958,11.721496713407507,693.902043583434
215,879.2766828496053,881.1975183750199,13.75497228960181,883.4212772520887
608,883.1628077525893,885.1697807035433,12.85063800440245,887.6303186904614
250,952.8670700912794,955.1567850617497,11.644816575052749,957.8495320247213
643,1043.3882671719316,1045.5170678984816,13.076573016392002,1047.9455153666465
581,1045.2089742692945,1047.3182890301784,12.231615273116338,1049.7257829949326
214,1047.0242467777207,1049.100112650679,12.109695166279947,1051.458114962923
217,1083.3814472620488,1086.1207774112147,12.600274436711297,1088.367872520299
655,1128.7530710982608,1131.315682327408,11.541469328191406,1134.0339390185998
618,1133.288552417668,1136.076732222171,9.701566082566693,1139.4202243647696
660,1224.368984285601,1226.490091648783,11.8898748974224,1229.0965703116942
1304,1266.8116970426154,1269.5351318634046,11.669039880571365,1271.8137791843312
632,1308.639481337526,1311.074067567548,11.26920141118034,1313.7857304667384
207,1370.749176974954,1373.114167025506,10.959562281969967,1375.961972100712
662,1398.4943239735383,1401.1123372861955,10.499788181245382,1404.009882435277
218,1404.2395180440403,1406.2871955611724,11.701880747624744,1408.7158284870775
621,1505.4327657354268,1507.4585323761357,11.96673651521687,1510.1026605808045
648,1669.031556627206,1671.3473961629863,13.728708175546126,1673.6223084768835
224,1671.0226508716298,1673.1469108370343,13.749335414148163,1675.4207434201362
657,1672.968256586417,1675.03643596421,12.255318015351602,1677.4910111964916
615,1715.7708997351374,1718.085778890024,11.469472318846098,1720.7513713466285
245,1725.405973772271,1728.1180409357742,11.23134108998656,1730.9049746987882
237,1729.4716501577661,1731.5591739778276,12.793905034481913,1733.8546074054398
2817,1828.118445688827,1830.3899983114088,13.318583113771325,1833.338027929008
623,1848.515141608399,1851.1037452907508,10.54951973579069,1853.9156264018436
704,1850.6240560053914,1853.1147702515482,10.936055407012516,1855.7633652058403
4347,1892.6651925808947,1895.3600198367562,11.69179206594473,1899.0596988696961
2814,1895.0803831569963,1897.455420992438,12.976900413790599,1901.497518179506
5041,1906.07028800088,1908.0921014964192,12.253973257534668,1912.453305126552
165,1940.9256068313944,1943.2733608713672,11.994317363163216,1945.9480442264698
212,2030.6511840346536,2033.2614136103077,10.245999937500509,2036.4277959508956
3481,2032.706857947632,2035.2917409750762,9.715957520663956,2038.4894369188858
4423,2034.5722021862168,2037.2541699906296,9.97141048839808,2040.4835678046713
6125,2062.3712455355762,2064.267790044583,13.047730733370264,2066.5355856108517
3946,2118.6890590056087,2121.2772613300867,11.744729972270987,2123.8431037935666
3867,2120.8515126184607,2123.24089750527,10.618743051308675,2126.1290387597733
3897,2123.015938821237,2125.2997734364862,10.71718027260662,2128.0920883012836
197,2124.81612395461,2127.297620810303,10.502622481450551,2130.257581166478
3926,2126.9333860970974,2129.321123931191,10.618960577986536,2132.1430956749173
6104,2128.9817814971852,2131.300997954659,11.932543467234177,2134.06035787405
3483,2162.8932023976618,2165.4985046617567,11.721766173895732,2168.133855195537
6107,2219.0817625482873,2221.512889917138,11.158583764096402,2224.4875766666673
6158,2391.081620734936,2393.195605156876,13.369130392022452,2395.5275124806612
5707,2397.248127424654,2399.389593961955,11.684581771482161,2402.0080787332327
6640,2433.7523288412963,2436.313164570026,11.16836317629454,2439.0727148892133
5753,2479.0070062984382,2481.5118271514834,12.928625889775592,2483.8255720233724
6157,2489.307952083495,2491.0170593886505,15.017011617487134,2493.104878996892
5763,2568.5449798581044,2571.3423890262466,8.978855147019146,2574.5397364730507
5723,2570.5593465338707,2573.3586378568207,10.013495877603686,2576.5398000705086
6215,2660.82427888824,2663.1082143761946,12.179043499948596,2665.648659022638
6212,2662.8334573510665,2665.120752535298,11.017663461429965,2667.884032451847
5736,2667.1155097035657,2669.3583618909047,11.263860735035891,2672.0928642066738
8988,2668.8971730254125,2671.14525938762,11.071259765997294,2673.837387578623
5768,2670.892138992383,2673.053812781756,11.423084105067444,2675.722352591131
5643,2809.0247458843905,2811.5568621858474,12.638534786345028,2813.8124737802286
6132,2863.2531264527647,2865.4888141888687,10.328338014966251,2868.2357429846443
8969,2865.0651918700723,2867.436745185397,10.422177320250114,2870.0943585823425
6160,2867.05669003827,2869.428500630075,12.983906116922727,2871.9833599981343
9808,2918.045395389523,2920.0055529648466,12.182243245634714,2922.434444216084
6118,2928.721550790665,2931.272475764522,11.72388839413639,2934.0703929649653
5735,2930.9563307898493,2933.3547012441168,11.641504745940793,2936.002877854706
5737,2932.8443105999295,2935.2449902712883,11.601903613453187,2937.8526152751942
6072,2934.773614333592,2937.0241484043727,11.98689279707565,2939.6434370335264
6141,2940.9556550138577,2942.610065025934,16.455485462714538,2944.4867666877394
5749,2946.4759215344716,2948.3392880664665,13.555861359712612,2950.5542650689154
8976,2990.73207591612,2993.478640030397,12.358704435799199,2995.835291498306
5714,3076.1177352667332,3078.015930305485,15.469068262884852,3080.035374580244
5743,3077.804740347418,3079.591243784736,15.171078570590966,3081.694197059388
5738,3081.298984133608,3083.0795726070924,13.44246659782378,3085.3057653968813
5755,3152.78819967136,3155.489531278644,10.970045610496934,3158.428332157118
5684,3207.409793162107,3209.306169344562,13.621277663872826,3211.5283066832317
6151,3297.3726065765754,3299.281141836608,13.853048393479575,3301.419075443442
6106,3473.185025976547,3475.1815163605056,13.402600538921348,3477.58896654269
6127,3475.3482914403767,3477.3093904949446,13.410977769780425,3479.5464907605156
6150,3558.780188477683,3561.1701218553985,12.180153445886848,3563.597235829099
6121,3569.094160704804,3571.0351090687204,13.430389101819138,3573.3976954661657
6931,3626.7933760814644,3629.0049078708794,14.564934175244046,3631.000465324162
6142,3648.71940232188,3651.394465881838,10.569616063004043,3654.295557650824
6155,3650.8087799450977,3653.3073404046295,9.8909476686863,3656.2916505396274
5742,3652.778013923526,3655.2387515748715,11.319240688806714,3658.148464749144
5799,3654.555576755047,3657.0938286304313,11.007593462134574,3660.187613957515
6171,3665.3593294060306,3667.555903988937,12.714795112183038,3670.089066848428
9376,3707.0948638982472,3709.425105121295,10.728519831889223,3712.130171750608
6146,3745.624597300703,3748.200778811418,12.711369780356922,3750.489086567579
6182,3760.2959416351655,3762.0991612326443,13.580347493031695,3764.280523045899
6110,3765.3838478197176,3767.424514918631,12.675735883882945,3769.7524600007782
6192,3774.771599071686,3777.1772640529675,10.70961730870174,3780.0981128986273
6169,3831.944017774202,3834.5077444708636,12.181146211381153,3837.048752898408
5754,3833.9699430352043,3836.2429741138626,12.131091610078927,3838.7769146801743
5709,3841.970567525851,3844.1181446544747,11.407603742356738,3846.794428417328
6170,3845.5763584374877,3847.417482878846,13.8880262311282,3849.618054782036
6154,3847.3526066620348,3849.3295243986586,12.989672402221581,3851.6457901041613
6114,3853.2903524269454,3855.5578381482105,11.480315174829299,3858.3755642262663
6105,3858.8011856572884,3861.0886766697076,11.205593743426919,3863.8524425551905
12392,3902.6727860862543,3904.609564412608,13.355875941246154,3906.9728987460726
6164,3918.9364047604004,3921.2837951036995,11.406972883294252,3923.8688023215072
6129,3923.1119225689886,3925.210289626953,11.837719366272895,3927.795103459337
11637,3924.961317343182,3927.0720405306606,11.508568815731865,3929.609614114708
11615,3926.8858385364,3929.005469925244,12.668495760105927,3931.4356959046786
11619,3940.7996577427216,3943.113287852047,10.865569652472969,3945.8593793148925
5739,3945.7671722214945,3947.521443519617,15.066306313816455,3949.8831095208284
11679,4163.576781707938,4165.602375838147,13.767231991472583,4167.8445217068465
11667,4190.847240697609,4193.055024151352,12.986343615030389,4195.4049723598155
7741,4233.680878780589,4236.162218473191,12.620614596962175,4239.327951678837
8397,4241.7995975387985,4244.280689627829,11.550401815372606,4247.340249482866
5694,4255.111753610223,4257.25292709575,12.288359558094543,4259.915869103324
8989,4329.440424260115,4331.444977326319,14.877325092408112,4333.573497563915
5680,4342.433423993899,4344.4280003276945,12.727224542995298,4346.779176780151
11743,4368.626742119559,4371.000975231162,13.460348364894665,4373.327976934011
11638,4371.046349896061,4373.396889533259,11.792954875477273,4376.013406308676
11640,4379.251419547739,4381.455591970651,11.487887724365367,4384.073961006456
8996,4461.174500598876,4463.477423784092,11.376448886074368,4466.169800661988
11707,4463.300489782418,4465.478263726399,12.120817882953734,4468.0713536032645
11616,4466.985768036632,4469.301617782402,10.74969560207525,4472.045991958825
11651,4468.905076449147,4471.203998571291,10.516063427393311,4473.859035447191
11657,4470.770398315157,4473.038475255427,12.451944326166107,4475.652033395905
11632,4521.2198508191605,4523.410098527649,12.494597688848167,4525.988795787367
12358,4607.116550793075,4609.195740776986,12.827623792014245,4611.56970506501
12343,4615.350315673821,4617.430768316675,12.373602595978383,4619.835508956801
11630,4649.389506732835,4651.492487665338,12.594772045363584,4654.101641330323
11654,4651.247415036781,4653.41613500953,11.962799554976046,4656.011423844703
11650,4702.0888910797175,4704.488418845132,11.958708753033287,4707.104686617619
11645,4733.237865568607,4736.293547882102,8.413466910396433,4739.891515405908
11628,4763.835622817022,4766.388810389904,9.884406749841997,4769.424716264218
11135,4803.514643233279,4805.309161830421,14.26643639944634,4808.276755985561
11655,4824.036905458059,4826.48070613711,10.35876321399543,4857.350314285839
16038,4952.822537527731,4955.470531671025,12.560290142124051,4959.106960063657
8316,4955.039049386277,4957.206710560189,12.048319539134711,4961.525274840775
9390,4965.437197794351,4967.536841591156,12.513998982042864,4970.853833923678
14443,5059.473408367061,5061.31362463972,13.922802048468977,5064.247871726758
11520,5103.702621756192,5106.034411361775,12.344122348380282,5108.569338446307
11458,5182.854889706566,5185.0126611426485,12.348693737519921,5187.521455646172
11653,5198.19944528005,5200.47998693581,11.289592241398521,5203.294031116859
11229,5223.357908283109,5226.351365652545,11.392032277790541,5228.968681308956
12207,5236.962408719663,5239.029167508197,12.380204982440134,5241.544353964997
11658,5271.336906011802,5273.502107642774,13.854966072947896,5275.671755052728
11636,5273.168676622269,5275.379197410671,11.972225233329823,5277.920618769605
11644,5289.520046309214,5291.481904914046,13.04975742356797,5293.833972750583
11639,5291.794070546652,5294.107908023642,10.55862735034214,5296.944122859149
11642,5293.6924772748525,5296.064160848475,11.10227258244562,5298.771319610763
11208,5324.574984043627,5327.071985711977,11.720497768027725,5329.758388917664
14489,5329.200288117085,5331.258998051635,14.586775779120416,5333.417136479851
11212,5331.026363185626,5333.2678838884185,11.633481377286747,5335.865746145484
11617,5332.923682234767,5335.339480657,10.518123523456671,5338.183885635629
12408,5420.508505225558,5422.595368050139,12.372045831765279,5425.171017894304
11714,5451.914219330022,5454.514148433887,12.330440926613468,5456.7789617880535
11518,5457.942838371228,5460.532869086514,11.543085228095187,5463.289001503848
14428,5560.975377773842,5563.529275896151,11.236698536751792,5566.217901298219
11247,5628.649510079979,5631.005435596544,11.578665117115026,5633.661077397627
17156,5822.957220770684,5825.413077222528,11.601931360243942,5828.11866680771
17012,6003.176800812761,6005.40722201424,13.91983885894632,6007.515416552922
17697,6057.3064312815295,6059.489359337684,13.709631771508432,6061.674993968604
11453,6085.092018339215,6087.322017737617,11.890617592060316,6090.000960469013
11466,6095.025969660775,6097.364897981199,12.78253591378402,6099.712334506036
17174,6097.152786873975,6099.181468229448,13.796249828847994,6101.477914638607
17134,6110.034401757284,6112.095103899196,13.75365945067656,6114.3395776815905
17790,6128.818346379066,6131.182638830225,10.877130419943512,6133.945095907606
17620,6135.430424397818,6137.37906683302,12.796300853500613,6139.844222170947
11666,6145.045352323474,6148.113084789021,8.662719653543935,6151.518751700173
17138,6177.988844048049,6180.329618534969,14.046841669320802,6182.58201781041
11668,6356.855760622254,6359.471744045194,11.3038618961271,6362.206418249504
11737,6368.48730497373,6371.219868477222,9.629734336711428,6374.376508211472
17863,6416.122017018773,6418.295445668696,13.976019171199248,6420.395525785733
16665,6577.211795304891,6579.544113318968,11.764964269664352,6582.24967356382
17656,6608.696355332279,6611.053287855146,10.517510748107542,6613.924164190032
17110,6620.971274513608,6623.435569321346,10.493732248478793,6626.303459277604
17142,6623.245132906691,6625.449766177059,11.8725244724723,6628.273207942349
17166,6625.272174091355,6627.493365263492,11.417142307053968,6630.189710171674
17710,6667.9190122849395,6670.105375084743,11.461272045345071,6672.773926007282
14894,6863.252204831949,6865.34023527062,12.46080784345882,6868.340970729837
15281,6873.4839946172815,6875.588621860798,13.394403660748102,6879.271784251036
17221,6920.087215836831,6922.359777905052,11.877392935174436,6925.097218620686
17236,6921.904928167723,6924.166271385555,11.708179551578157,6926.877491713557
18302,6946.76740315026,6949.125816055026,11.586484110797217,6951.838158984074
17644,6954.620158091523,6957.107722502199,12.317427103032326,6959.575873085119
18065,6963.724201164882,6965.46600253721,14.971101713233313,6967.537207798544
16941,6978.724134557389,6981.037666552691,12.010193066199184,6983.555855381795
11715,6996.055178355778,6998.295238001233,12.547624165763507,7000.892910450219
17197,7238.186352756669,7240.303500592429,12.105695503364199,7242.873898333798
17243,7239.906779339345,7242.030580428104,10.718134299940722,7244.729452985201
16979,7248.90569495636,7251.4088130937425,12.711661967815868,7253.711241400156
16721,7251.249204284251,7253.455575566326,14.009148501819382,7255.587186732415
16708,7253.023554249948,7255.099523520194,13.866238639952279,7258.283241810312
16958,7255.023461500393,7257.345533063866,10.545144919128939,7261.524992319828
16977,7256.977279690164,7259.259798673051,9.104187128191338,7263.691471234812
17619,7298.251481072244,7301.16818725066,9.16820897543085,7304.65376121487
18260,7300.257691826625,7303.221882676091,8.73082339605525,7306.729367994459
17159,7338.729654042933,7341.087047277589,12.455660076132764,7343.616341095906
17208,7341.271690863091,7343.579898309071,13.092507644541506,7345.946494607123
17242,7343.276621830067,7345.502881590511,11.208245863642524,7348.25723890238
17146,7345.495360047461,7348.293585227459,9.547463625078588,7351.6411826464955
16942,7347.640464336812,7350.367393826067,9.61760789860863,7353.699165261909
17193,7615.110742592718,7617.59308510573,12.970367474984997,7619.956502501782
11216,7843.528655216917,7845.494886710968,13.029261633207344,7847.88468410286
16738,7852.453724301011,7855.201783591003,9.56757957663296,7858.33498143044
17230,7886.829507317063,7888.626262995171,14.20083332863136,7890.836204727484
16660,7930.2095390814775,7932.576278371098,11.929432247356923,7935.071637743834
16655,8017.208447285551,8019.27102095196,14.10379329731412,8021.39083615371
17130,8335.709727609927,8338.378976111537,9.27327507345538,8341.57175248528
17013,8337.776195199054,8340.395298852676,9.654386079810946,8343.584459395055
17106,8339.83483000489,8342.486754150586,10.014918377252819,8345.711724191871
16993,8341.870226948648,8344.48518804602,10.348107389026023,8347.774510592724
16741,8427.421761138787,8429.486122292865,13.064730438317145,8431.929596542293
17113,8598.983318542607,8601.399106182136,12.715758628903915,8603.588328486552
17116,8733.682066150737,8736.043492784722,14.12946410249972,8738.105180796796
17031,8880.531198739649,8883.235393551124,9.61355899464212,8886.4415173752
17112,8958.813198169602,8961.068350624524,12.092449938401963,8963.595990344631
17102,8960.83892828937,8963.023533985894,13.318284841094162,8965.457698204757
17173,8963.22651353831,8965.34505464221,13.283672222878918,8967.759303959561
17245,8965.457095755455,8967.401580347652,14.214272088529045,8969.616513758969
17158,8967.243786545265,8969.339230512336,12.515095831984464,8971.877052179938
17129,8971.040972084442,8973.479584830504,9.624776730405033,8976.50906838631
16966,8978.034406519846,8980.45711861356,11.135696882232269,8983.288763658598
17105,9408.902871896758,9411.295072258594,13.451029843727362,9413.611489477453
17135,9503.146548637007,9505.363757091754,11.995522166720619,9508.051643787667
17141,9505.01399620247,9507.218154999513,11.732151934188044,9509.883574434063
17148,9508.920809779387,9511.116067307312,11.53738767430198,9513.826220422474
17149,9521.855994624528,9524.158018704753,11.461987537305077,9526.842972970491
