101,138.15171689671087,142.17695679014636,11.725693249344303,145.42134430264863
107,226.6454253860264,230.42002768561397,13.032339638446127,233.48166593411128
231,319.85643019936384,324.056719390213,11.618291502373193,327.4497655472191
295,334.92155263978015,339.42751251845124,10.211598263728892,343.34344357550066
192,355.5321935606318,360.0872924254662,13.269097065079706,363.20009502862166
636,358.12720335719047,362.3611720212948,11.403776185655204,365.9298106480427
85,496.3092430928213,500.06263221620594,12.651576455580225,503.13325403443
242,666.3976424531496,670.5342311502827,11.306798459968789,674.1415552023242
1026,668.1661100024807,672.3792253534374,10.22058274689772,676.0250582234529
1057,670.1809472062672,674.2633222018088,11.182113135091686,678.028107820508
719,672.1710262552884,676.1352152762134,11.358723240592285,679.8811898757866
1077,710.3403240383169,714.1299047039619,12.682507513275628,717.301970941017
1032,712.3747727706495,716.3034884232724,12.392159180364786,719.5061494437884
166,715.4569106989524,720.1482670113206,12.16341950450618,723.3961314539223
1051,724.3942872573548,728.1083711328579,14.774144263260174,730.8759891992621
475,731.8394350011517,736.0504845710321,11.845684986829722,739.5072761867559
208,932.5674569207363,936.5732535078972,11.770884457640257,939.9344918144135
720,934.4577939232896,938.3571390453565,11.77746377729387,941.6874171731496
217,936.3531252717071,940.1985036029328,12.61414375274068,943.5562537956034
528,974.3163723377543,978.5699410638929,11.713029894062096,981.9573952669285
728,1019.7945044117944,1024.1931573067463,10.768427706047444,1027.7707643445694
658,1025.130195655332,1029.4554827570926,11.08934230732636,1032.9529699947325
1109,1027.0756157964659,1031.2159944482135,10.299258964580236,1034.7721714743789
210,1048.7665983368838,1052.4683131080528,13.095694610004411,1055.465778898802
134,1103.6989668064596,1109.2195781207622,8.805670665972507,1113.7691672172305
127,1192.1737735570862,1196.370889709683,11.613587747445765,1199.8367988719813
266,1280.5051756862972,1284.4853651793617,12.90170414661638,1287.6523732516343
46,1282.2591023961031,1286.230023332546,11.883440714771764,1289.6088129050718
193,1284.4738829650482,1288.2246682912296,12.335776079300135,1291.4454825765786
493,1289.862008601614,1293.5509111989495,13.138696398194769,1296.7821520310015
448,1295.659217719357,1299.3577733313139,13.674135084845346,1302.3437267533002
133,1299.3497276389855,1303.362379433411,11.305351127177488,1306.7922717286663
702,1301.1514386909685,1305.1390872372583,11.042080870744064,1308.5353185977415
221,1368.4972373345634,1372.1252325875557,13.036215546560172,1375.0338534372922
1030,1502.8937102032153,1506.3835557272982,14.052143055591415,1509.174938864884
716,1504.8633144712906,1508.5453536016175,13.468622346733312,1511.4755174762272
467,1508.501330769075,1512.399123014933,12.750666060118233,1515.7080821271434
275,1546.1176163489285,1551.0418261663606,10.38359419544785,1554.916899435175
386,1548.6728272193534,1553.1146239763245,10.007418152026963,1556.9192330821195
237,1560.4768300170176,1564.0397405251317,12.925873768687213,1567.1304335755258
248,1591.0865511943998,1595.3539085439054,13.551949352887805,1598.3437302170041
1070,1593.4396472122935,1597.4124925746746,13.071418833369023,1600.5768858500967
1025,1595.3375013855295,1599.3572234958274,11.995378206061407,1602.6452098954815
489,1602.0157489682026,1605.5046348297512,13.712181486736247,1608.4365195947369
406,1634.8788434249523,1639.4304700062223,10.485092604970896,1643.1341143689972
125,1662.237003111689,1666.1286365880737,12.159904006022241,1669.3907663453138
177,1851.6777922838992,1856.1716443868124,10.986446062421862,1859.7019247061091
152,1853.770095900248,1858.1111149517376,11.42304604580458,1861.5540070195232
736,1856.114688817596,1860.4183820739258,12.304385307160624,1863.6827810355112
442,1861.3718548737827,1866.4453927593584,9.652397420965764,1870.6563164525637
480,1868.0532194176433,1872.325418991766,12.335726387360728,1875.507471015976
717,1870.2589805209172,1874.2421251279854,12.699968984794385,1877.3337867940288
3481,1872.9517693905202,1877.002974610534,13.351251602607046,1879.959080043271
501,1879.7208995793608,1884.1463646928075,10.523372764254923,1887.7524646041531
416,1883.7943587407592,1888.1190219505006,10.845164454842557,1891.744621036811
745,1885.6740682376374,1890.007956279516,11.089089743874254,1893.545539461525
471,1889.388882143728,1893.5354455431961,11.048975997884837,1897.0711173817226
284,1896.7911916050573,1900.5176030689202,14.314838915666146,1903.3168278332525
3424,1967.469768465977,1971.0396760432466,13.17964643384126,1973.9848997797797
3340,1976.1375487348694,1980.3707025003162,11.400781586194851,1983.9260469099167
5699,2160.444730249428,2164.197316929017,12.296710119432458,2167.3435639106515
6016,2189.6783127448552,2193.1448924780766,13.010726595439522,2196.082754606698
6586,2254.165610970032,2258.551792633554,11.684607175618494,2261.8364686665986
5527,2258.9706022601918,2263.1443774867193,11.701118906167059,2266.402908914249
6210,2404.511914955479,2408.4777796759467,11.992256401166067,2411.655567193081
6471,2406.253154365065,2410.228775414951,12.473218456007462,2413.4139452342974
5965,2408.3533746194394,2412.2912462193626,11.93257319473594,2415.5522780119927
6583,2410.2838556354477,2414.1223688297755,12.16168493721897,2417.4170918847635
5772,2435.0966969002047,2439.261558352163,11.698301608479262,2442.649726451666
5872,2437.430982205848,2441.404070351812,12.632040661117687,2444.5690033696997
5786,2439.3112105440214,2443.1395358313093,12.34115703185864,2446.3059724527984
6542,2442.1753462582387,2445.530912072298,14.93346686522979,2448.3191742452645
5955,2451.841373318236,2456.446770295453,11.858753642282554,2460.3492029454023
6552,2453.711483502388,2458.387046893012,9.504526485581469,2462.2413734798174
5912,2455.7821056823814,2460.385151788025,10.868766722093525,2464.2543582379617
5558,2457.805610476494,2462.3038882750297,10.875395081452776,2466.2747873248486
5798,2459.7828719466365,2464.2180245940744,10.347392078492494,2468.047304812318
5520,2461.6363168597813,2466.145776399736,9.395177701011567,2469.905773448507
5589,2475.201538103489,2478.5018192301163,15.14535849814371,2481.150325192513
5714,2477.0563144336184,2480.3072380329763,15.180964259700335,2482.8928330914123
5743,2478.7274131531335,2482.056618837863,15.152670412557518,2484.701332180199
5626,2512.419625944876,2516.179579412094,14.536149657065879,2518.971824282089
5738,2517.8583777169206,2521.2082675944444,13.784378439309764,2524.1283521219634
8969,2571.1650561252,2574.4980323806926,14.372180898387155,2577.3069591754843
8954,2585.8445125261633,2589.356062934248,13.393670226635997,2592.253549140922
8948,2650.8788913083235,2655.483264868239,11.109340844658462,2659.164061175974
8839,2652.860959792803,2657.3397423389724,10.159536061076986,2661.0702397128293
8956,2654.8023482411295,2659.3346136617624,11.361286706960694,2662.9102013919664
5795,2694.9092386170487,2698.3603720402293,13.8557259252956,2701.2234742372575
5755,2792.668110277927,2797.251641428926,10.357393800695961,2801.1759434592896
6219,2809.684375910357,2814.2685809068425,10.817826624012262,2817.969115284648
6003,3129.0743308738115,3133.0901515316814,14.312287754327455,3135.932468105486
5765,3136.2856612329797,3140.183389204817,14.146839039473038,3142.9892778304993
6569,3172.225419723,3176.2928231801584,11.990213890079005,3179.4873436130483
6553,3177.9641320364976,3182.1083521282744,11.552392081644799,3185.519271965178
8897,3182.4483020907073,3187.055187191595,10.397467649278,3190.718199690401
5906,3304.169303667505,3308.3005728871167,11.778597505716261,3311.664543088693
5893,3306.253192378854,3310.1453330563068,12.27038347932387,3313.5246221303855
6426,3354.753102887672,3359.1635359970223,11.981957987373304,3362.4800024109677
6033,3356.797948654126,3361.1657150654178,11.71827319294574,3364.4483611828637
6009,3362.790054604582,3367.4378132140073,11.44859645741513,3371.1512064245944
6550,3392.550074743123,3397.005594550572,10.587627986940529,3400.735475713287
5983,3448.0617717392906,3452.283958490376,12.473881867053462,3455.558670125291
6463,3450.0679093746385,3454.1507717418626,11.923589888696236,3457.534889560422
5660,3480.7450378766252,3484.56182161278,13.967519729403575,3487.386859934479
5730,3482.705040916766,3486.412572263704,13.82033267555588,3489.2578227651647
5887,3489.9709222341917,3493.5782117587155,13.4240732142744,3496.6062704944306
5513,3491.687454440123,3495.3092747746896,13.819920682575873,3498.329501916418
5784,3569.9583429237728,3574.2347360470408,10.650173928908709,3577.8872143546387
5771,3571.882288572223,3576.2021136928856,11.580901679057767,3579.838940131929
6446,3573.73050031704,3578.0654296701305,10.82483709800917,3581.890784420425
6108,3629.3340552767772,3633.1356609562613,13.297584091364012,3638.728133961645
6153,3631.1555155878145,3635.053739528007,11.595265416478817,3645.2987757651877
5726,3744.408535520092,3748.283858345653,11.335417803611888,3965.711389098348
11493,4099.02121284634,4102.630739571434,13.679593571125674,4105.423610060023
11508,4100.860468641732,4104.3742549072,14.264075899572651,4107.1433960536315
5894,4102.821339312436,4106.141180721738,13.882093537691292,4108.906558345618
5875,4104.910527075979,4109.443411941328,10.722498061204131,4113.3254745288805
11068,4120.0559467436715,4124.144744513682,11.26683757617263,4127.52005690441
11475,4237.654751026635,4241.5870272988,14.791653459848048,4244.32794266887
12109,4246.79594286534,4251.02145303571,13.724907568238844,4253.865671434747
11244,4505.327634028394,4510.396264966895,9.267221257285241,4514.629060425422
11156,4558.123416089178,4561.598715994944,13.979750390006556,4564.568052668345
14376,4632.445418949899,4636.469498068223,12.741559575813234,4640.241501822423
11392,4634.347418843706,4638.268760205437,10.076200456242429,4642.103757338478
11434,4636.446891674328,4640.388632418545,10.401654755797901,4643.957568749127
11034,4638.1698365408565,4642.270631486604,9.416550521556823,4645.8523383489155
11362,4715.155243936262,4719.052329548326,12.858412882124915,4722.060639381513
11181,4736.413173204554,4740.211203774214,12.41044228251775,4743.321534753859
11217,4919.1914250673535,4923.197084353968,11.12840484868537,4926.635953840519
14489,4937.703090784997,4941.284920941402,14.112390149453887,4944.060801053261
11082,5152.303236325545,5156.493275280696,12.250684068523903,5159.876247163507
11081,5173.895210901988,5178.259389642441,11.008514387710328,5181.949789352154
11168,5199.460710032578,5203.452983842222,12.119049841441871,5206.589031367376
14398,5458.99150283819,5463.097993287358,15.67792479520007,5465.712379601435
14363,5468.253632131758,5472.2821795778955,11.937698274873888,5475.685123629352
14416,5470.035869893249,5474.142718699166,11.491130370609579,5477.5110420394385
12021,5479.579699639726,5484.103213027371,10.803361190830703,5487.716518167927
11698,5481.42042680572,5486.008714864325,11.057075311231566,5489.615191368546
11429,5485.388269337964,5488.537559594237,14.429354178476267,5491.779684635398
11425,5489.232450293217,5493.121581035854,12.494319729947481,5496.41573281443
11398,5508.313758273569,5512.27566255899,11.673764788095903,5515.6298474563355
15223,5559.835532506561,5563.523977294589,11.351262810255802,5566.603916623515
11234,5562.924439651764,5566.491360949444,13.307326924031713,5569.51337101131
11427,5607.085723083249,5611.220769382521,11.906004326524991,5614.558739420921
14787,5635.326978214614,5639.5678455463885,11.941270387182618,5642.750537278051
14396,5770.363710138576,5774.296943565487,12.528413798210286,5777.490703763378
11278,5779.598508584098,5783.446672568844,12.395991917715877,5786.776388887909
11211,5781.480116213433,5785.210811429487,11.480756009900146,5788.858971164621
11360,5787.339336902411,5791.482543451003,12.280589190300889,5820.775175545243
11175,5791.690318835789,5797.037549686149,8.431064039512195,5879.116429930071
11329,6107.287898090471,6112.344660875477,9.440856904161949,6116.361524966852
11191,6109.318031861566,6114.407861137634,8.998102585959161,6118.345966033497
16921,6386.874370940044,6391.310516623559,11.497883182240072,6394.898479074685
16987,6524.128660138245,6527.2900675996725,14.807737782695618,6529.979606454648
17517,6531.829282625738,6535.341593060523,12.949916770524887,6538.298546743531
16975,6536.263296861318,6539.350029770832,15.974158382296688,6541.872368044218
16756,6674.854071897724,6679.251024066244,11.455593193859276,6682.848397140399
16711,6917.673382835569,6921.332280383353,14.135017668471123,6924.229541831315
16679,7178.649168982069,7183.048780621446,10.660508400125726,7186.704266318101
16716,7182.606135738706,7187.486920092293,9.859703543627738,7191.653188045659
16627,7219.008906924503,7223.589531633174,13.302864665369905,7226.572065259768
16691,7221.564638604733,7225.366485101217,14.080825819947615,7228.3380980473885
16705,7237.310149654681,7241.248812088747,12.743464302568945,7244.517296653578
16677,7241.360408155404,7244.433342169321,15.688282678931188,7246.989897741922
16752,7249.020456509672,7253.250179819005,11.612610556941904,7256.7046034587975
16699,7250.873086671744,7255.020144897577,10.822740944713827,7258.524541305017
16598,7275.442055158252,7279.562442217559,11.847788604595443,7282.899317139481
16714,7277.389696803428,7281.362630789652,12.922835233818626,7284.693880311941
16755,7279.294487457768,7283.153084572272,12.564297221223978,7286.516119409715
16709,7578.65117119887,7583.005871799668,11.445694442875656,7586.58799100139
16668,7585.29809964527,7589.354458181812,12.023862571082239,7592.820750139992
16680,7587.11336004693,7591.191079270375,11.288477448665553,7594.683106335894
16654,7589.32192129277,7593.320842177617,11.784061581290667,7596.645659415183
16743,7728.499565821384,7732.194854756322,13.228318035985168,7735.137726249007
16659,7732.67874837886,7736.002727307475,15.454449995889274,7738.71654097228
16644,7884.690041331818,7888.035653514938,14.107334676324792,7890.7619829426385
17113,7891.882518157359,7895.112525553057,13.561080418004694,7898.114562708422
16715,7893.867835765902,7897.249115888871,14.356687785608063,7900.0415947906395
16729,7895.826663130179,7899.533191722409,12.988499809421723,7902.65679597225
16625,7897.503623300791,7901.1658093200795,12.230210223249317,7904.369925700688
16741,7901.29587835446,7905.005011331713,12.983827448050192,7908.189583834247
17183,8106.50490789431,8110.250453634296,13.318821242973025,8113.23363035828
16992,8112.376064811441,8116.194339055327,12.04923811122807,8119.4095718984145
17180,8144.203092837178,8148.390316701264,11.738437400150957,8151.878004985072
17211,8146.0441433937485,8150.229418990639,11.28330207621346,8153.695738093179
16581,8147.968297348911,8152.104319887964,10.540722563297765,8155.467446327725
17219,8150.047407750384,8154.01418508802,13.260823649883594,8157.220321935709
16670,8160.015428879176,8163.309940339716,14.859168535818375,8166.009455459575
17577,8195.853107899116,8199.493769455936,12.919347757058832,8202.508486561128
17189,8232.526608916127,8236.50249167022,12.910028892103995,8239.61684768669
17218,8234.768458853445,8238.493147852654,13.348663654852992,8241.458037204968
16724,8236.56438625557,8240.192157185023,12.73438140319215,8243.2248795343
16733,8254.751643200754,8259.10089129483,10.17188197067074,8262.783045280734
15010,8367.253447078272,8371.18679034709,12.164392613298661,8374.475631017394
16996,8496.783608889324,8501.018331111536,10.723286952172053,8504.607994159249
17214,8720.813640927567,8725.064456682123,12.024743406078874,8728.46408518095
17240,8759.977806568422,8763.514158509837,13.847777552132538,8766.33457765259
17191,8761.780795126364,8765.210978294896,14.52970830618532,8768.018330787438
17223,8765.761592506347,8769.50664328273,12.248771080748616,8772.59875761033
16994,8983.531553635155,8987.240448769053,13.133520647978125,8990.343368527765
17023,8985.551023916778,8989.408728916695,12.527402993914794,8992.675590538232
16952,8991.348818397099,8995.527796720397,11.172904121909703,8998.94008046526
17151,9058.647135187488,9062.400907851272,12.59464969582444,9065.464257438778
17104,9148.531593961741,9152.071692036554,13.137418384312495,9155.13429926825
17585,9412.426527760472,9417.162595224387,10.554221140109913,9421.062128784391
17386,9439.772077221043,9444.15333103169,10.575223049972545,9447.802929939426
17336,9441.56438851384,9446.021656308856,10.331641916913288,9449.70098780562
17591,9466.596331438857,9470.405504505703,12.339263816005044,9473.583412679742
17572,9585.067734136497,9589.044484563454,12.082155514902995,9592.327110107548
16935,9607.024816885874,9611.254095836737,13.202510861773924,9614.278709930219
17549,9643.912528112836,9648.202862512444,12.23498786338912,9651.62362260749
16985,9649.36016224825,9653.168762624666,13.239678098471531,9656.14776655203
