5196,48.10427336922829,53.150405866345174,14.11440837767762,59.53238801760846
5092,63.41197696604585,67.23762621417065,14.909288382393047,73.07968093331546
4137,197.72491784432862,202.3059984729138,12.53475174242622,209.26917989224125
4136,220.90856059112846,225.48146431993,12.367761553260578,232.67911541168183
466,276.14030942739384,280.5016262527424,13.31539633538573,287.0478625961097
4149,286.9921389379601,291.3191822816861,12.960426232253955,297.8183967966709
4146,308.65895531714904,313.37563705564327,12.755025762266376,320.4060523463029
3329,365.7925413730743,370.49461280410424,12.09741442630416,377.73721141814576
4831,412.7316740744944,417.3297602815069,12.330760840477957,424.23561824788516
1200,456.75533902546147,461.2828497109585,13.081465557853802,468.4072855586743
3704,490.7459092666016,496.01294162663373,10.311543040980226,504.073036809588
5059,498.1292701404349,504.07739555920557,9.803430310204073,512.8604691171809
5125,500.63604556810634,506.1525706927136,10.385863834112586,514.8049472581446
4138,544.1740859568342,549.0930692747745,12.0072881201404,556.5699313393276
3731,574.6302862979933,579.3918964750274,12.137156407430004,586.7265636173851
4839,596.1217548095294,601.4736781932999,10.807381758193157,609.4106506660937
4837,642.0246922687159,646.4972735582206,12.35333059293044,653.3905499564781
3312,644.1418166019707,649.1920663244541,11.282523636682473,656.7235876037788
3745,647.2426109504825,651.5407161057649,13.251174084267412,658.578994996899
5152,677.8707886969019,683.0907756290047,14.393589181441932,689.2318651644365
4154,724.1935480504824,728.6137921694348,13.726506242752677,734.8250050734404
470,726.0310119117624,730.5665484023127,12.725279943877743,737.3482931811297
3267,731.7037535676205,736.5836618460097,12.14721220007678,743.7656811866548
4159,761.5149079458927,765.1719519988638,16.0892384446869,770.816377330005
5120,791.2464853461405,796.2492826808203,12.117484319684474,803.6628907983279
3270,904.2016516982283,909.5514513670861,11.170742608405847,917.4746320899285
3722,906.0887726735203,911.4314789326056,10.696886648071793,919.305762888923
27,911.7698986149934,916.5050056071567,12.325597308320122,923.9062736738791
65,913.6135851273021,918.3416289493734,11.159728142906756,925.6486017826345
4830,958.518721493951,964.2768722794035,9.604359285908174,972.960544983055
5084,960.3968970783959,966.2578096059674,10.495108271901763,974.6845045202776
4960,962.3466006459689,968.1600876911003,10.203305002444186,976.4320990971192
3726,994.7848009901641,999.6055162796947,13.675000023527888,1006.1317133133012
5197,1052.334412174938,1058.278662646827,10.355255819441656,1067.2341982100065
3737,1084.0823033821891,1088.6459964527824,14.95792939776967,1094.5582086400145
3712,1086.0436781447927,1090.437086743068,14.05828790724553,1096.782357844564
4834,1088.1185564215039,1092.3836481611092,13.653831648478098,1098.8525981973687
3698,1098.2390611588721,1102.3265083729932,13.673284598333197,1108.6918248345821
4129,1101.9057696975985,1106.0140317122434,13.774573214573223,1112.3029667364633
3748,1116.878567695728,1122.2466707516746,10.979841728024256,1130.6564150008396
4824,1130.385593352352,1135.5244323499162,12.059958383466633,1142.9916012074286
462,1174.5003281721777,1179.1110319036577,13.740769839693446,1185.533654359576
516,1183.99831893276,1189.473445704245,10.083131359871539,1197.7021097676948
3705,1187.4674299267858,1192.161027414656,12.30253362363324,1199.543251381319
4134,1204.0977400259865,1209.5180582925254,10.47665727454407,1217.7413842402407
3304,1264.2504745270846,1269.4185794593366,11.937061793287594,1276.9880551219976
3321,1266.2901734449115,1271.1753162606085,11.699636863100196,1278.7197722651626
3275,1357.0386761258358,1361.5578014864059,11.528721946574098,1368.6599401092099
3279,1370.1428883932522,1375.0410600253945,11.472473806413635,1382.7223525896352
3334,1373.5415769089018,1379.065728979961,9.970821290315488,1387.659147793221
5076,1398.2366976152846,1403.2943428135136,13.357176281502944,1409.5323055275078
5087,1419.0301812898683,1423.4704166727383,12.412488207897264,1430.2885639085225
5165,1436.241619786982,1441.1815065018084,11.8393958306167,1448.4706136169566
3319,1444.113603846901,1449.0346023385541,12.313954657556016,1456.3111813732476
510,1450.0432843610456,1455.192586323505,11.141078764560492,1463.1363421707467
3728,1458.605454931779,1462.6355675684663,14.237565530165197,1468.8375784226773
3716,1534.1774202087902,1539.0080666652411,12.280652761581099,1545.90683604514
3735,1538.111547715423,1543.0962283058118,11.936494763463491,1550.6297397494845
18,1545.422740402962,1549.2987833748066,15.220464369961912,1555.0980613151746
487,1547.7760483187026,1553.2159227667694,10.595875727018383,1561.7204842246633
496,1549.7040087443258,1555.1175777700062,10.357849784751078,1563.6479795523592
3733,1563.083274217395,1568.4464052949397,10.019902804890656,1576.484977448979
22,1624.55492376904,1629.3829815845324,13.239718597492537,1635.9764382402263
3757,1628.8479722829138,1633.2051671163176,13.649367047754719,1639.8967313987582
3318,1714.5351433135645,1719.2019565396483,14.311534480820207,1725.5960230883813
3750,1727.5511760321942,1734.0731208527347,9.768396296780171,1743.340775575112
5193,1761.892347434447,1766.0830465488557,14.018091920868793,1772.3409364240222
5126,1764.0879223836614,1769.3391179672783,10.623649671457578,1778.0754863830043
4836,1767.7655881087646,1772.547319186457,11.721610637904185,1780.3490260218382
3316,1803.8452022649597,1808.6077904767537,13.057737922162454,1848.1135773472968
4140,1806.5905618449124,1811.0771070906153,14.463177967465432,1853.8639986364933
4142,1826.5421622790957,1832.123590029135,10.054240613397461,1860.9684545467967
3741,1930.1607112301413,1934.4676499024658,13.593388121667765,1941.0810212636084
3759,1931.9561850493278,1936.1779587664198,13.203085615664092,1942.751722986238
4843,1954.1560361007066,1958.1392450745593,15.030192831510151,1964.1681326605797
10323,1984.490617165537,1989.3651591473335,12.289679806755528,1996.3712692339368
3301,2005.8293246647388,2010.5675659240296,11.827090865198576,2018.0117393623007
3271,2009.5343775985239,2015.0808369444674,11.247855003713278,2023.3991266035036
10602,2059.151937591716,2065.285656350784,9.177187507502277,2074.5757601148584
3740,2088.0181388425267,2093.1190401568974,10.991301783439805,2100.870357036141
3284,2096.118572681553,2100.0568584530633,14.351987514357992,2106.385157657394
10330,2218.2435458370796,2223.3175800037543,11.784692493484334,2231.2547501311983
10582,2230.8594760062774,2236.126052253256,10.816403771908515,2244.044318686937
8814,2260.9781373841133,2266.1964265931083,11.14936896084803,2273.9695095336024
10692,2309.9994608113016,2314.538943083657,13.057024125168063,2321.3559446655836
9212,2346.520664737434,2351.5491936774083,11.335545528490393,2359.0481123703635
3272,2350.4248785311747,2355.1165757099684,11.876308792129906,2362.305229265732
8784,2358.1135640370885,2363.4665334814754,11.997364654831273,2371.205704546795
9631,2361.721571007618,2366.4315905881813,12.282601270087847,2373.8626142770963
12,2366.5080174823515,2372.4624612882512,9.31911888261355,2381.6410014464004
29,2368.5092478719876,2374.4504058573625,10.440748876888664,2383.507910499193
10513,2388.20851087223,2393.407162642129,12.795261478484482,2401.177435072847
10508,2399.956008096797,2404.0990728718198,13.62976077887299,2410.4634627604214
10576,2479.9543378906174,2484.4750926779952,13.51907672731157,2490.802760124867
8777,2531.844721324579,2536.5188220713903,12.003625607759815,2543.771023979764
10583,2601.8068944765073,2607.068220223144,11.243882778947153,2614.876209645928
9206,2614.035330481813,2619.0760471997023,11.751767356164786,2626.547920775877
9625,2645.963824272422,2650.3584068143173,12.785295051169395,2657.091004963195
9204,2653.9205299479017,2659.0932623189988,10.87261564427518,2667.04973980517
10460,2658.408056314731,2663.5650725722166,14.518806868913558,2669.7537019442316
10328,2704.319657706264,2709.4707583328404,11.733099612624677,2716.9161614961586
9216,2706.2829629801768,2711.2762138529297,11.619474858693343,2718.711197492092
9234,2714.2315167169763,2719.235707520699,11.036644628200493,2727.0174565064995
8816,2716.313149428552,2721.140859801553,11.21149820248563,2728.683689505778
10690,2780.081504065604,2784.1792879018085,13.422588883442035,2790.616276852699
8823,2833.986379725189,2839.0690539001885,10.903362896515347,2846.825502518293
10324,2845.950424868318,2851.519456201672,10.98432798530777,2860.0422661393004
10655,2874.9849892840075,2878.667003302805,15.247940143287636,2884.2851215978685
10511,2878.0821378259498,2882.5659170404424,12.944206829515403,2889.3137106616227
9246,2904.7066648262567,2910.436631651766,10.17746472192397,2919.1352214311423
9198,2906.784689531759,2912.306475602518,10.814759435661525,2921.1447865676123
10327,2927.8392161809807,2933.215347212994,11.408795334956476,3001.0923271971246
10342,2930.31687467401,2935.4039245856347,12.480543572781631,3051.023212014273
10677,2932.3741941656685,2937.2792272112583,12.10704522413547,3054.1455841877187
5962,2974.088270259165,2979.443964983657,10.422248912802559,3056.2705023649387
6670,2978.0562558295915,2983.4198382409513,10.527882842224471,3058.537174442991
5561,2980.1215437278056,2985.3678416647836,11.405910885763875,3060.569505717735
10678,3055.0381103696545,3059.177606905509,13.671615596174933,3068.3642313840096
530,3066.105308638128,3070.504003475343,13.190508698781803,3076.7100080399937
8822,3070.09144965738,3074.3008943122495,14.000174581059081,3080.8493576637698
8819,3076.9545523480683,3080.648340983782,15.425202176315093,3086.418090311166
9243,3092.570111979067,3098.138763954535,9.734082068251594,3106.7925514499393
10664,3110.2692500173544,3115.1471941404347,13.221230033767728,3122.007893881695
10554,3120.6961882793626,3125.4087331344554,12.568272544949094,3138.416695929656
10623,3122.4802364903157,3127.188832034363,11.729159897529623,3141.2912707515316
10651,3129.712660683036,3134.063898447299,13.429640085688776,3143.6867219768183
9223,3154.400906011637,3159.13973095576,12.648299673643212,3165.9220316592796
5569,3158.586395579882,3163.175770449437,12.284831604717937,3170.332788493259
9244,3163.1446229542694,3169.0195533419533,9.092538195808496,3178.092573056546
10687,3200.572527504875,3205.576818503733,13.85140620475964,3212.0260682987923
9215,3244.2904748620963,3249.122410135264,13.125625784628944,3256.001046595801
9214,3259.117894620199,3263.5666880341582,13.724905923200003,3270.4842408541645
9205,3266.114820358313,3270.5551328332463,12.846481746676032,3277.4540273962525
8766,3340.010998815998,3344.4531783732505,12.633349301694881,3364.984552222745
10598,3389.497630118503,3394.225047291626,12.222755579313619,3401.482984815816
8811,3426.2469191373757,3431.271825083743,11.803365703118361,3438.7903242614234
9640,3428.2245427976986,3433.0754500002267,11.234964863534874,3440.445774241645
8795,3430.3488511061323,3435.041385833975,11.669752171271291,3442.2100164382623
8765,3513.8889479894874,3518.3766402225433,14.80866392062971,3524.2934761952833
9209,3538.0639173902905,3542.301433887689,13.032573119786036,3548.8776846726314
9624,3539.930828279798,3544.1619002313955,13.241114423844262,3550.573753679704
10538,3572.370573946604,3577.5037299041246,12.203866247930051,3585.21857359394
6674,3604.6893901055755,3609.381163968636,13.68452015542899,3615.907789390268
9647,3618.3595538145028,3623.3379990688863,12.149656540613934,3630.8655546506952
16077,3652.497267851578,3657.161303431817,12.200326532449987,3664.3903225217764
8793,3694.627896746884,3699.4513678505587,12.84606903383462,3706.0474585518105
5555,3700.2683559692673,3704.3106309002565,14.78902281454246,3710.5466874989943
9649,3706.7251468868158,3711.0806735209244,13.456300046251258,3717.766335528955
16065,3766.4540598172225,3771.3965399092267,11.751908822911217,3779.0187268101495
16168,3768.3017039640413,3773.1683483666025,11.960909430137832,3780.906340891447
9652,3806.3030037764593,3811.369366327711,11.508285779548308,3818.977842833319
8801,3809.174314411605,3813.4715031695537,12.629172520386648,3820.8359774541505
9211,3813.581557878167,3818.490424751031,11.9933682775848,3825.8274861647355
9240,3820.4219217042673,3825.1018397379926,12.586157056358898,3832.3808602790555
16102,3827.771099904799,3833.041696793407,13.485894508175946,3839.84719790398
16191,3831.1708841704967,3835.03985997049,13.600251552945936,3841.656229601585
15818,3860.9516121155825,3865.411087602797,13.02860458870484,3872.3548928728346
16190,3868.1601738565078,3873.097242536053,12.18210746707943,3880.602670681357
15140,3874.3893121718957,3878.645881950408,15.148564763956717,3884.604662619844
8798,3887.8265181794927,3892.2105582753125,12.93585870535058,3898.904517426755
15829,3930.239775859763,3935.131312796963,11.667168152631374,3942.726751627937
15823,3935.879344718114,3940.2114857171778,13.02467073418128,3946.9682611100925
16025,4010.339060769428,4015.0424289757216,14.226414691680354,4021.0555787951334
15830,4033.8243926143523,4039.383061044459,10.519035073252267,4047.9361664041953
6017,4053.809191441825,4059.2939074297938,11.286635588014738,4067.4807810079474
16039,4102.430763962217,4107.15565436299,12.447180342990084,4113.885498449482
16021,4104.371917375932,4109.08539245835,12.965372391091504,4115.986508016703
16167,4110.2017196586185,4114.218268247299,14.370363017563447,4120.390182438297
15832,4144.099898787059,4149.028957370065,12.119513797347768,4156.114423738163
8783,4146.225780443975,4151.0577314901075,11.691315636506706,4158.220488567449
9256,4149.931623335823,4154.075983201923,13.60081072120272,4160.447952145211
15160,4158.23765478505,4163.13069409367,12.29344507938495,4170.601352063544
15150,4160.852726077562,4166.062650949503,11.337129239364458,4174.09365996787
16139,4190.063690916387,4195.266602364284,10.533994524251248,4203.158699351784
16194,4200.512524632677,4205.173785335965,12.260644706941898,4212.280673914733
5553,4239.735769850378,4244.168435017133,12.677710592097325,4250.9805387091665
14322,4324.152766685908,4329.443965500071,11.349032423037215,4337.557146713071
5993,4326.262929722797,4331.35713334616,11.332119863698338,4339.490545516236
14328,4328.666992226237,4333.317683560397,12.342369900039646,4341.2704083465915
14693,4332.353640346315,4337.237432477555,12.0952746623307,4344.732579007931
16146,4405.740521790239,4410.073888432538,13.151954913455286,4416.652590567174
14285,4414.447231491225,4419.262113921827,13.25087167371292,4426.265092090236
14731,4416.501335571435,4421.180636364173,14.337506939009199,4428.059311088111
16113,4462.789350698069,4467.364466310867,13.04823348808589,4474.262158255669
11446,4541.511483277632,4546.108688269214,12.589870155696296,4553.294657460699
15997,4554.964388571279,4559.501917043976,12.744254435074762,4566.057441184659
14700,4615.986249135079,4620.547839513921,11.965127487972424,4627.647368278713
14754,4617.749001996521,4622.337968041054,13.131177464574504,4629.391242225005
15147,4626.9555790672875,4631.374252272303,12.765831601496618,4638.749804406553
14705,4628.657743368872,4633.064817349587,13.012895230313871,4640.446301259382
15141,4630.800790511088,4635.586040931988,12.67987151310412,4642.829960891718
14309,4686.028124188796,4690.591115222026,13.497407313815367,4697.661083695493
14755,4693.909095628547,4698.172594703546,12.957732143525305,4704.943609021691
15154,4710.136665400565,4714.314653496772,14.215534558697842,4720.588711715754
14294,4718.251063223621,4723.238758234271,11.388977234911934,4731.064791390429
16169,4732.827501902873,4737.248649387024,14.75339011543776,4743.317916693697
14327,4776.397604446544,4781.419621785063,12.17998886955606,4789.03868415944
11493,4778.487165028849,4783.249219627847,10.823621822784485,4790.6856953003435
15152,4780.365910433344,4785.119092106986,11.39322011836348,4792.441308187911
15153,4791.617777082013,4796.326703573778,12.67530742413594,4803.476128622323
14759,4793.361873081367,4798.07560780685,12.544628088284101,4805.258079808993
14751,4800.263810909026,4806.424804310561,8.707648109579589,4816.000588649269
15155,4864.0350319866875,4868.536638902933,13.564074809032174,4875.028652857897
5571,4869.631883905163,4874.343989504526,11.859486245960333,4881.547566589943
14748,4880.108390222714,4884.164443027349,14.25547815736577,4890.122661273302
16054,4933.1149195852695,4937.549612804574,12.507572630401668,4944.466969883496
14722,4958.572782470357,4963.0241289178275,12.3685072183597,4969.90482830005
14738,4970.772328910363,4975.307944109839,12.214512759617634,4982.398641866696
15132,4973.597121989299,4978.475682994967,12.051372867727318,4985.863963774482
16154,5094.833345378731,5100.036086206799,10.63187237722372,5108.160864467888
16118,5217.404803527551,5221.167489393837,15.390694298965464,5227.045732559052
14292,5263.367468126074,5268.01586500461,12.28282892839775,5275.3098720362295
11015,5320.631401258396,5325.303728823516,12.571855804760027,5332.319432588711
16120,5364.002529738405,5368.487718526676,12.630243286339446,5375.250376452029
15815,5454.74810088464,5459.512390130009,12.412257124386231,5466.655329168529
21344,5494.237881076885,5499.080584514369,13.420592582013727,5505.854801134601
11021,5496.549419766886,5501.192249561047,13.298169605141846,5507.8282482873
14267,5510.806413965389,5514.5071771062585,14.964131320718925,5520.550406481384
11053,5584.407289934863,5589.530781084295,11.441609290869598,5596.9329434111505
11524,5586.940428388614,5591.4375937303075,12.420870041390359,5598.650204012044
12209,5589.158786624053,5593.532886533697,12.349957397989986,5600.371045784266
11045,5597.9102206495845,5602.409372791921,12.902226533995124,5609.352378820135
14696,5611.92291767652,5617.520073623377,10.891747848180978,5625.775135537676
20658,5687.959676170885,5692.318885207483,13.059821777431853,5698.967003836219
21590,5816.1540629209885,5820.128472847522,14.415419222050277,5826.159065093514
21517,5840.950752583495,5845.509203235935,12.633625528235944,5852.430800393254
21550,5842.799189471333,5847.349232504881,12.88152556820324,5854.1737998655
14302,5853.931970754634,5859.070031448243,10.694841309267611,5866.971345519155
21625,5905.994840453755,5910.345567908515,13.629700130106244,5925.488465260393
21481,5988.062402150844,5993.185811913421,13.27376607783493,5999.88008634922
14750,6034.152276479673,6038.519578425781,15.371845863406508,6044.360400741586
21528,6087.001453461769,6091.07369546994,13.89825860246586,6097.3362619541695
21648,6092.484322169804,6097.43494532692,10.973404934555571,6105.011149462267
20216,6214.708010578427,6219.397556701346,13.112247166661827,6226.0424296077
20650,6234.340201568543,6240.114517931663,10.062063787541394,6249.10962630699
20659,6304.025128304773,6309.352972334622,11.507116599318815,6317.332464701502
20195,6305.998326161352,6311.219529594712,10.928413856767575,6319.287917135856
19800,6321.720634248468,6326.502731821808,11.989236531032084,6333.892860986269
20231,6325.411505478434,6330.104462339556,12.680865059836345,6337.348381044991
20628,6343.994662068788,6349.345228800873,11.078600426921083,6357.61922614624
20655,6394.2567000698855,6399.472029227816,12.047882242638693,6407.035002259901
20657,6396.4627376286535,6401.377658604032,12.54181354373921,6408.75260293682
20206,6407.709842064612,6412.445936195121,12.386950752195121,6419.547043087006
21555,6450.538351063311,6455.323525870946,12.810819527754528,6462.537406345669
21337,6484.20435936133,6489.467364413183,11.176209920391514,6496.992091218395
20646,6504.9704926524155,6509.082166808999,13.434955291883433,6515.5852448129035
20204,6507.119451863934,6512.134841438433,10.780687615266467,6519.887038855173
21491,6530.063065715134,6534.467118171048,14.453476838437604,6540.417023789018
21695,6541.198754017851,6546.219742543593,11.47044120562173,6553.707496991047
20212,6589.757225932826,6595.34799401339,10.23720542442964,6603.556545753284
19792,6591.686989143015,6597.21604656016,11.47037503764409,6605.398017972644
19786,6596.916642280956,6602.058502954607,10.58793275522796,6609.964142522762
20648,6599.939446458296,6604.184241582803,11.823526678327589,6611.83086881866
21340,6629.428438123896,6634.090620083498,12.52361606177558,6641.335571323011
21674,6633.404806966142,6638.472582411789,11.571331100151125,6646.300310617219
21323,6635.228516547038,6640.281961272518,10.95913716259198,6648.1217774367215
21512,6637.098548779407,6642.151740297476,11.517787018573653,6650.000375504176
20232,6754.505044528261,6759.547996041593,11.855267075472748,6766.717199353225
16976,6767.822288130974,6771.631739563129,15.04586884739369,6777.3877081685605
20229,6933.886940062547,6938.192607737554,16.58683573209365,6943.5177906690205
14318,6936.179235745627,6940.4618207177355,15.203543141247895,6946.338545886809
21570,6982.7540885850385,6987.339139456441,13.64165189674436,6993.79441894557
21567,6984.897871988433,6989.240588501507,13.651005021817753,6995.70800302805
21632,6997.720883426375,7002.048760523818,12.931943745817934,7008.696614817048
21633,7003.156176035513,7007.491489275178,13.563144267850962,7014.063446288061
21334,7010.005913997603,7014.303013504563,13.252255594720964,7020.940366676407
21635,7011.698478941711,7016.516386768702,12.194583529894274,7024.027570010156
20201,7034.891683297569,7039.043168708519,14.12477174897361,7045.304185681904
21494,7081.896465137219,7086.51948213726,11.994251782423706,7093.858458830329
20638,7114.350097909941,7119.013300460997,12.231464512277267,7126.0250018874085
20956,7116.864197974729,7121.484008352714,12.812475122840507,7128.148034858548
21651,7159.731221241793,7164.372282751982,13.657011088563394,7171.022227182782
21493,7161.879638530664,7166.543141823129,12.920277507471333,7173.585730244334
21689,7164.0624498734005,7168.492266489251,12.952231365827473,7175.37382724037
21665,7171.742369140469,7177.229376913925,10.703842218085525,7185.580972351135
21649,7174.32737559051,7179.192749155802,9.923870707630915,7187.502699688238
21515,7182.327157736059,7187.362390857538,10.945920257515668,7194.998021967659
21574,7184.302495608198,7189.270824824739,11.181350635475056,7196.756253479436
21657,7186.062920367609,7191.1237328215,12.080178410878204,7198.56023898672
16503,7294.1875913477415,7298.6250637659705,13.869744320749824,7304.760014897232
16519,7305.856273690149,7310.416582524551,12.04959037846737,7317.699325032464
20194,7307.645505535109,7312.180119938781,11.797075104994212,7319.465848790123
20245,7332.975325581366,7338.316084736266,10.754341615516982,7346.569648455097
20235,7394.126178831425,7399.457449112304,11.87999836582731,7406.943176585336
20254,7396.08072729957,7401.175163411751,11.944546548148939,7408.640427606861
20215,7399.330203221052,7403.434888660622,12.84272043879915,7410.391024065084
19766,7401.397447801588,7406.24290185967,11.797793291025242,7413.589108532005
20233,7403.206439504452,7408.072716520513,11.85070537878753,7415.383675188041
19809,7409.055853139467,7414.16837202192,11.256778621733934,7422.177834219736
19816,7411.121879975293,7416.37771367936,10.821253081957948,7424.389482082206
19775,7474.250344442959,7479.136355873468,12.231332299119282,7486.615508475823
20219,7745.251817614286,7749.452335211968,13.474055917921103,7755.775593473589
20644,7834.096407927226,7838.554384132402,13.976929474134229,7844.8334423934175
20234,7836.715956444203,7841.511962040182,12.498764944772772,7848.470264722706
20653,7838.652400405861,7843.27341744618,12.734901442227791,7850.242490381722
19813,7851.967109448738,7856.324418229906,13.052928544500261,7862.98999376271
19783,7864.5721392319465,7869.036765126506,11.986662379652744,7875.9966148078465
20237,7963.589624254725,7968.327539495528,12.120807045551624,7975.693130838046
19828,8013.934306453751,8018.493233399064,13.497477577722291,8025.307222559662
20261,8015.814288664827,8020.20999071638,12.711222197017973,8027.0330554265265
20258,8039.331096250225,8044.04208615367,12.478832291900465,8051.216845150026
19765,8049.695076516601,8054.132771290018,13.49212053589848,8060.863798466123
16562,8288.194790000909,8293.47011287187,10.49216918383578,8301.93151441847
16529,8290.132415940298,8295.46368122639,10.8440649778396,8303.860617968858
16951,8291.943566085989,8297.403061795392,9.889385799096596,8305.693195677282
16533,8293.655278427845,8299.324403802453,10.688061172429254,8307.481002863355
16565,8295.509101302277,8301.202389301716,10.737485955242141,8309.17026829273
16568,8380.163107220153,8384.250890290896,13.880337979866152,8390.476708941287
19801,8644.451144170807,8650.413481101803,9.287003066007523,8659.327529948558
19832,8646.527684737473,8652.447012334711,9.935232355467184,8661.30683914237
16530,8648.59502711117,8654.345332311157,10.275711034078924,8663.32429944734
16548,8650.579812612974,8656.319352103996,10.169122640289512,8665.29223377663
16523,9006.220570291,9010.58694489699,12.892667657759292,9017.333542040507
16964,9008.200574215734,9013.317596497413,11.44010960173117,9021.03408706499
