3826,4.0,10.537790772795606,11.443871756387159,17.91268381669489
3935,51.0,57.38610921862055,12.462199026866575,91.93601489600992
4095,67.0,73.30146846125331,12.525027105733859,94.6351194751379
3730,73.0,79.36045239216233,11.882035659176971,96.83780924538767
3744,82.0,88.30077364542959,12.176735508428957,98.95269759697335
3811,198.0,204.1647036220141,12.281220529835771,211.19687280304598
3995,213.0,218.40759772259548,14.384559856582605,271.4916783344796
3799,224.0,230.29391578282656,12.783359991936326,276.30947642055787
4083,241.0,246.2486128120107,14.876256567611668,278.5535369699314
3825,251.0,256.3488739808405,14.428569799084404,282.31310650912576
3849,265.0,271.3601297247044,12.534002822194667,284.24610195896327
3790,266.0,273.04566930221046,12.026861378391486,286.3743286102574
4056,276.0,282.21423916030784,12.365602148489755,289.90440351634635
3882,311.0,317.15958921575236,13.02407838473491,361.617295523434
3968,379.0,385.30429162842944,12.499641320907312,391.8505461498907
4117,385.0,391.51078473987167,12.385194484348178,398.8386878011166
3764,424.0,430.17830341722527,11.847976823959748,454.4146631188635
3783,426.0,432.5515849443154,11.955243361565328,456.50768479071854
3938,470.0,476.3156952574913,11.48820527975415,483.7771876741536
4068,486.0,492.49316714477686,11.859793426575896,541.4641420341243
3793,489.0,495.3088337714054,11.912796713174563,544.0929993591369
3861,499.0,505.5687173301549,12.187540331405952,546.1378003630094
3932,528.0,534.3082366500132,12.357113503332842,552.4395722609495
4016,547.0,553.0172477133009,12.89479819784498,560.2260384427573
3990,559.0,565.4995853735999,11.524050514848863,572.86668757225
3814,603.0,609.4872452609931,10.983632816463697,631.4077280496518
3722,605.0,611.3407978941185,11.334468317337297,634.0044983135843
3945,627.0,632.2707730308825,14.95422298899461,638.1562752426446
3920,638.0,644.2855444912892,11.715161065462265,651.419643498091
4110,671.0,676.469559672223,14.815406219151066,721.4003755762903
3777,687.0,693.4220985631433,11.896194728957632,724.1199816951782
3763,694.0,700.1964203165303,13.110434560320131,726.3798759194048
3737,728.0,733.3081402374838,15.303846748029748,739.0799202193954
3873,786.0,792.134122226108,12.907830671637916,814.3088713640788
4050,813.0,819.0116192237697,12.639981278601011,825.8337817833984
4019,858.0,863.4208215189666,14.920068513213037,904.0539391016024
3739,879.0,885.2157929759492,12.38981523375342,910.2981278094119
3714,912.0,918.4788874323378,11.855661764232343,925.7865725738603
3821,913.0,920.1992431417883,11.551006456066546,927.7063818637945
3921,917.0,923.15304917852,11.895229168740492,930.0622204238529
3892,966.0,972.368389231643,11.613775686231815,996.5013532603841
4112,978.0,983.5257922112271,13.814622604249015,998.4242174348851
3949,1034.0,1040.3316991731758,12.549124091139456,1081.6133673084198
3997,1075.0,1081.225496829583,11.916737454302586,1088.1976514924575
3778,1137.0,1142.4528236316014,15.054307225864706,1177.7166747884335
3893,1141.0,1148.0567793126988,10.934765391911426,1180.4062715878777
3991,1155.0,1161.001917588959,12.60691686238096,1190.9544380898835
4086,1173.0,1178.4387614546688,14.269865734880902,1199.24873758208
4091,1183.0,1188.497353691328,13.983784715069575,1202.0350782180612
3735,1190.0,1196.4302559503296,11.74252300815546,1204.4106553316208
3805,1295.0,1301.2036274147424,12.515684962863679,1357.1498926093489
3753,1312.0,1317.4363451775048,14.6394244358028,1359.3976822817558
3713,1314.0,1320.5569013308618,11.893812214776919,1361.5763114733381
3891,1315.0,1322.3221004938919,11.494477094006694,1363.7168104758002
3803,1317.0,1324.186451732146,11.653875902574915,1365.6750464388679
3818,1324.0,1330.4442202349462,10.406384793791375,1371.3282892426682
3831,1332.0,1338.4855475649283,10.295217504060831,1373.0962789989196
3796,1414.0,1422.1502024469414,9.30683480346962,1534.41672218985
3785,1418.0,1424.3065668834613,9.433757741726927,1536.5652024671274
4104,1442.0,1447.508754701785,14.126733526722312,1538.7189621777538
4127,1475.0,1482.475198224179,9.731330262194733,1542.6331900887965
3977,1505.0,1510.5200613515476,14.476380663458505,1546.3751773402607
4043,1540.0,1545.2719885280112,14.83430766003444,1551.6994474065164
4052,1605.0,1611.1127930606724,12.411195749162944,1632.4232156681837
3888,1619.0,1625.1492365226823,12.810346386044897,1635.2914659514333
4099,1653.0,1659.358823044347,11.373853138434047,1711.7192571832222
4088,1716.0,1722.1191055301636,12.874709087934171,1728.9607121416445
3886,1757.0,1763.338485389,12.455752309824346,1809.9509776059992
9559,1810.0,1817.0166060519562,10.36952249745231,1825.3766265888978
9549,1811.0,1819.0931204809474,10.072767423391426,1827.8995190670971
9616,1832.0,1838.4259870888757,11.677674152871262,1891.8744559465745
9486,1846.0,1851.594427099251,14.280854150954655,1894.5522628963934
9389,1861.0,1868.2673545181115,9.80862808270899,1897.026557335484
9570,1869.0,1877.189923833851,9.365096234281726,1899.100550153726
9351,1896.0,1902.160942087332,12.111228834541324,1909.0479767633362
9320,1910.0,1916.4256040926734,12.176666993356626,1923.721587332099
9305,1913.0,1919.1463086189456,12.706055619830721,1925.9879485145123
9317,1974.0,1979.2727957800273,14.684615523574898,1985.083464593942
9458,1981.0,1987.0026049633982,12.397558217501727,1993.803095366927
9519,2030.0,2035.3923158331206,15.022186049021975,2071.4504905435597
9367,2036.0,2041.1034553508186,15.944379728458497,2074.3187821645233
9421,2087.0,2094.387033294629,9.523610225393046,2103.057510147216
9201,2103.0,2109.1629266684567,12.18684597927083,2161.395508589504
9594,2141.0,2149.2645293329697,9.515557269150328,2164.0961485200423
9497,2161.0,2166.5580679506993,13.751211611750827,2172.7447196237563
9581,2170.0,2175.2720622974703,15.011672822939499,2181.191180667269
9385,2255.0,2261.2539971612623,11.929712584440056,2268.144362732042
9263,2327.0,2332.599469941737,13.563160644120481,2341.125678863124
9578,2339.0,2346.012439361105,10.682291224410612,2354.2253594529125
9301,2358.0,2364.035411864873,13.373824687812492,2370.6977654560565
9207,2401.0,2407.1282362585384,13.004525822849565,2431.8560897452685
9262,2421.0,2426.2613502085055,14.639762264806572,2434.3391268234623
9429,2451.0,2457.2966468643344,12.5682815115269,2464.166215727596
9247,2463.0,2470.3321740141623,10.3517061828774,2521.9229822841626
9264,2465.0,2472.2060836625747,10.430631943222886,2524.2747842525364
9453,2536.0,2541.3087138734,14.314191490435833,2547.150591868455
9292,2663.0,2669.184320294941,12.350870436274871,2701.3353942309104
9223,2682.0,2688.0352303186833,12.221857771890745,2703.7322914093183
9444,2717.0,2723.039323313994,13.070219584621563,2729.9134857982676
9232,2730.0,2736.1709936110583,12.15268514787373,2791.514696633089
9507,2747.0,2753.325256873719,12.800397238705953,2796.794777616613
9494,2770.0,2776.3376224290746,12.334483246281794,2800.869500698293
9331,2794.0,2800.3946702565418,11.949964734608727,2808.197528400327
9373,2820.0,2826.3570794754773,12.173694506527454,2881.4644815423862
9618,2833.0,2840.3976868139234,9.787108417316801,2890.2597685987903
9533,2860.0,2866.234285421891,12.01360165246313,2894.910806929801
9226,2884.0,2890.6162678479054,13.295390286717222,2903.0690337595147
9334,2939.0,2945.072152178675,12.448998749333391,2980.8459102064157
9462,2964.0,2970.532146650298,11.83550875787532,2983.934899943253
9571,2977.0,2983.3210319814075,11.780288262860202,2991.0260662555033
9300,3014.0,3020.313285599678,11.88215704457147,3061.550747441945
9355,3026.0,3033.451430586495,10.562474050301125,3065.652426814025
9573,3043.0,3048.446189765386,15.1688876713054,3071.8351371320323
9483,3090.0,3096.4097150920666,11.804255204339132,3151.3615442697032
9271,3119.0,3126.2907340553893,10.190022698413578,3158.747253378432
9446,3140.0,3146.2208602383325,12.766512227034518,3163.0839811679148
9337,3149.0,3154.6178029161606,14.340097682116586,3164.7773123496854
9443,3227.0,3233.4710806243816,11.814449726197672,3246.743578939969
9524,3236.0,3242.159137765249,12.987489977645934,3249.1114550131288
9577,3257.0,3262.627165975903,13.495500629887188,3268.80888031874
9475,3296.0,3302.013217207435,12.502062546105932,3336.2446889451353
9211,3299.0,3305.4829838176083,11.5796637708255,3339.0105830572365
9309,3308.0,3313.270594540018,14.36085126564589,3341.1390215864817
9400,3330.0,3336.3746745303406,12.46107730125754,3345.089732225577
9259,3348.0,3354.3739521456155,12.460374416620835,3361.520409152815
9283,3349.0,3356.3691589590107,10.64596625191433,3364.33598267937
9268,3380.0,3387.277470663993,10.220639056021849,3421.497960933564
9496,3382.0,3389.1981622287344,10.12944546317467,3423.9464617222848
9382,3414.0,3420.4350746455675,11.53819113465026,3428.2478936109383
9557,3431.0,3437.121601855413,12.106190853198726,3444.1278247360983
9597,3463.0,3468.525427111181,13.955644891513757,3511.337316290833
9192,3530.0,3536.0845219197327,12.429514261955324,3606.621489786462
9534,3537.0,3542.2898068953327,15.74371135557112,3610.507278074847
9506,3576.0,3582.2249727660446,11.817308440811201,3612.5432682775827
9565,3588.0,3594.065585175658,12.205183042701726,3614.2371388062093
15072,3613.0,3619.2636754476266,12.704579374910892,3626.4409202292136
14917,3626.0,3631.396947086082,14.532408768304345,3637.359031575324
14901,3650.0,3656.1925697277356,11.919970439613419,3699.9873900762927
14718,3683.0,3689.404592269405,11.80161165743689,3702.1121788725654
14825,3748.0,3754.281702904069,12.212845035731258,3786.832667413028
14856,3777.0,3783.3548057988864,11.987356027958713,3790.770686955954
14930,3818.0,3824.083007588797,12.171748360549271,3874.2946258122092
15042,3838.0,3844.2465720047603,12.11099017889588,3880.4431297641086
14970,3873.0,3879.321227334511,11.564641263222109,3887.370231164092
14770,3903.0,3909.338983596539,11.973070160111453,3961.903536972317
14876,3926.0,3931.4504711381724,14.09028402591054,3964.5508090115263
15055,3939.0,3945.081469540869,12.117121056804846,3966.7707899821667
14709,3972.0,3978.100392480437,13.247561725974315,3984.9405135495963
15083,3974.0,3980.328369419718,11.712005724422594,3987.38236872518
14896,3975.0,3982.0321591002335,11.653084435960734,3989.1027266683204
14951,4000.0,4006.000117457741,13.245960023824866,4051.319163263635
14749,4053.0,4058.3147599495833,14.830168750743194,4071.1915016645485
14866,4115.0,4122.224342300298,10.98839204928275,4141.885918147202
14934,4264.0,4270.332334641751,12.460620160574058,4324.337919884496
14903,4267.0,4273.380322271046,12.062088337189017,4326.6625842536205
14912,4311.0,4316.573641099137,14.273993385629229,4331.067053027853
14871,4472.0,4478.383233510165,11.868800458241509,4504.0757271048105
14775,4491.0,4496.316634563091,15.075825272892411,4508.385443340776
15121,4510.0,4516.457129862766,12.076667233344047,4523.702672801311
14721,4516.0,4522.342230461565,12.117252179143923,4529.412250167776
15092,4526.0,4532.213652229246,12.666505128265173,4539.345645869549
14819,4565.0,4571.235724134862,12.110844672037924,4594.155663942987
15044,4567.0,4574.108162976996,10.260378980661141,4596.7863954646
14940,4569.0,4576.0378369513,10.02508460256352,4598.681500554996
14831,4576.0,4581.357077000646,15.333142812085011,4600.623626804493
14905,4581.0,4587.53507705662,11.215717548775086,4602.4167856970835
14779,4630.0,4637.466029112748,10.792070435855404,4684.486156183309
14889,4660.0,4666.058309988899,12.164405222826472,4688.771419790125
15013,4696.0,4701.409025877879,15.099672400622755,4707.25276716246
14809,4750.0,4757.254772381958,9.90727794823718,4806.714977327009
14714,4756.0,4762.333717117919,11.466924979610102,4808.691293170134
15111,4807.0,4813.02697785875,12.74332703754001,4861.597022065495
14967,4843.0,4849.51874392008,11.14874955398827,4864.150979322814
15053,4844.0,4851.275295568724,11.971807780292844,4866.400123060617
14767,4850.0,4856.472589140509,11.860142835992246,4868.579091110453
15119,4873.0,4881.4539760196385,10.549481514268212,4890.172761331833
14746,4876.0,4883.488837101677,10.191330348833972,4892.15521638384
14822,4932.0,4938.156160743443,11.96434519985009,4953.555460869101
14787,4934.0,4940.2432145417415,12.669164267710334,4959.150315344278
14703,4953.0,4959.548709454777,11.30373403674907,4969.270748269161
15069,4961.0,4967.338721404669,12.479278114839328,4974.705422363983
15062,5010.0,5016.075664417171,12.035483454431043,5041.526331306161
15115,5032.0,5037.1535699021,15.565699786714982,5044.383960902135
15089,5044.0,5050.222891884469,12.340264233363891,5057.253250185504
14832,5131.0,5137.462680889536,11.729079382606034,5144.757457489445
14908,5160.0,5166.176476040936,12.977451341034222,5221.893488940036
15086,5190.0,5195.574083689772,13.47847092132123,5226.87330774622
14907,5231.0,5237.39059658954,11.554594358117367,5244.5696713347625
14958,5241.0,5247.289551724061,12.461312858435065,5254.318926884785
14982,5242.0,5249.057604230803,11.8199948849588,5256.799627448561
14853,5256.0,5262.4103411756605,11.622278599420076,5311.7070721715945
14777,5295.0,5300.351246249308,14.436692975524036,5314.406559537639
14965,5303.0,5309.559932156316,11.847025635780126,5316.9688423332655
20430,5432.0,5438.093203936429,12.714523529068034,5671.338510138802
20278,5477.0,5483.259706950606,11.768585108985846,5676.288540806813
20487,5478.0,5485.022915548217,12.492215727251267,5678.498623766599
20452,5492.0,5497.537769423427,14.876685872834365,5680.5746704607245
20339,5516.0,5521.332078049913,15.3335920351801,5682.604524342905
20554,5536.0,5542.301263602259,11.51590780357723,5689.2594548538755
20447,5538.0,5544.31270469526,8.663257308808166,5691.284668015621
20206,5702.0,5708.191983416905,12.52586530033587,5761.8458584017735
20309,5808.0,5813.552372097979,13.765382343924502,6031.337473939906
20606,5846.0,5851.573480081876,13.657623391840719,6042.279019599028
20429,5904.0,5911.471676345523,9.630435877657513,6051.716562489281
20267,5984.0,5990.309666638085,12.819236066313307,6058.551845144722
20612,6052.0,6058.520864834692,11.582109522057054,6066.157663764377
20380,6053.0,6061.03113096417,9.285234653103526,6121.513317986713
20431,6206.0,6213.492206968521,10.928256153413656,6221.768591242098
20507,6227.0,6235.064076192784,9.137789711013362,6244.136901810054
20202,6305.0,6311.125171285201,13.165047493342595,6317.856913634441
20532,6314.0,6321.320891523711,10.261775567971844,6329.872800698991
20421,6330.0,6336.2128559055445,12.848314293054614,6394.052140994447
20580,6373.0,6379.390215342036,11.677658937128394,6396.792369017165
20324,6404.0,6410.510970843831,11.696608286603547,6417.9633078170245
20312,6428.0,6435.289329918263,9.671455351120885,6481.420501837561
20374,6439.0,6445.075021232407,12.603346762723039,6484.151680339502
20482,6460.0,6466.15477327936,12.294981700306993,6488.935466274783
20333,6479.0,6484.52412110592,14.10677882637819,6492.521555895734
20453,6484.0,6490.121044611274,12.954008923276854,6497.13723664149
20588,6562.0,6567.443792189919,14.050274225086117,6574.056860774745
20493,6585.0,6591.412284140881,12.58266467180555,6598.518083171341
20251,6586.0,6593.087678375687,12.664377592503856,6600.294396521142
20215,6631.0,6636.479532520907,14.602400178019522,6670.31486430816
20572,6640.0,6646.376401537035,11.473465462272607,6672.2565947453595
20449,6641.0,6648.122259306955,10.862973279412284,6676.5787528755245
20345,6655.0,6661.087517715544,12.368547581068091,6682.650194369587
20317,6708.0,6714.2298698928425,12.964143663779804,6931.30521382613
20372,6730.0,6736.299901887125,11.79715711066913,6935.786452076563
20623,6798.0,6803.445455542816,14.445216422617918,6937.943264137584
20528,6856.0,6861.638359660235,14.132015879120923,6943.950042775738
20512,6859.0,6864.619375763798,13.975342384549315,6945.810154392571
20348,6886.0,6892.529245472817,11.790954395707065,6947.687915353161
20454,6917.0,6949.055105746249,8.19093655258389,7021.708480000555
20462,6918.0,6951.221372283788,8.612220325726863,7111.356976072942
20558,6929.0,6953.294397753981,9.81554668755385,7114.109672799206
20219,6930.0,6955.1596297330125,11.626222083650996,7116.216586539556
20502,6972.0,6978.444538281437,11.918576369981205,7118.413624392424
20271,6981.0,6986.100734514503,15.87129162994134,7121.333164781003
20397,6995.0,7001.287371111527,11.701850967265075,7125.870208226977
20551,7010.0,7016.216470029952,11.96213864447498,7129.546841039179
20518,7015.0,7021.068602291569,12.111252396001202,7131.928252325683
