4141,92.96892920491021,100.24264011986473,13.351168049016167,105.96117128738197
4160,161.62477150194172,169.38957667393103,10.88433666650458,193.1105524331867
4150,163.4142430843047,171.27250697036922,11.53673723605325,195.84648061511342
4145,191.3357579029846,198.11872125251085,12.804414411148647,203.6463107179004
4136,193.48728103388905,200.5610301350372,13.00267845643153,206.3964517572039
4149,239.54986785572527,246.35677198245446,13.182012793294733,271.54288148262594
4146,279.1850667494624,286.26508544165443,12.657721355854097,293.22002885084606
4446,318.74851441931105,326.04500603642316,12.485440141651694,361.42975430701347
3762,328.99251545287706,336.09014651456437,12.363004182009007,385.2450090986373
4458,341.62309643064225,351.1849055236376,8.781483685883599,388.2903547652616
4479,344.9763839888725,353.34217640031045,9.232303568914498,391.1467930711571
4128,498.4862324889874,506.29570380198186,11.469733671247916,541.5086562061272
4476,500.49473677437567,508.1041323732864,10.737212801368596,544.5501511384218
3731,502.94985080167436,510.13071439431565,12.599518181162523,558.0442586428832
4133,516.0107361050871,523.3264459543179,12.88822595992102,560.8046857861999
4492,518.4595508640994,526.0053965534524,11.591990597924303,563.0982933784934
3747,526.0931533460187,534.172805142662,11.089224362140493,566.8623041428469
4147,549.4915741369799,556.4012419145945,12.58213123672457,570.8766750400904
4306,633.1815605822678,640.6092063709765,14.353553590419253,661.1120342753013
4154,635.4438139613312,642.4735738945482,13.87370833434566,663.5242591906265
4504,666.0746905206142,673.0374721505999,12.516368994000835,721.7022461956914
3707,685.6987594211026,692.0219664918728,14.463123098299636,745.4664213653119
4159,729.4606425550801,735.2826125082601,15.42891315042052,748.4486841858749
4462,740.6495106133042,747.3985149416588,13.205598127222384,753.8131567693514
4487,780.751130569817,788.0257109641756,12.77367362852731,811.4516698515298
3697,785.1233298318729,792.5516366452257,12.066180891975831,822.4696365322017
4444,786.9658972576856,794.422221824487,10.427875659444066,825.0322084995291
4496,797.0662438776675,803.0509454403584,13.905758292910955,848.0966439852978
4510,859.0719765911365,867.1692618823351,11.686719826834105,901.358395187411
4131,866.1358251415734,873.1388367537428,12.97817347375639,925.286515758249
3738,881.0468545174342,887.5949174975267,13.959630404289966,928.012595080761
4481,891.2784382817229,897.5192835208525,13.490756616527293,932.6095649556629
4443,974.7515160728259,982.4601106162154,10.727114744249612,990.9932662599502
3743,1043.5263215981918,1051.468502494615,11.178941221148277,1081.71862498397
3698,1049.1316670740505,1056.3009213191397,14.049685022310127,1084.2241049760266
3711,1051.3297208038757,1058.176177972979,13.78357770477502,1086.3227913213063
4129,1055.8577879480424,1062.3634218626812,14.0724870464398,1088.3406437576893
3710,1063.1844964888146,1069.4928785836191,14.282408436362275,1092.2076530398092
3748,1071.1735666084658,1079.2508283443976,10.422189546516776,1099.0959957084867
3705,1129.034127880754,1136.3625221124207,12.559314748813007,1171.6313813266083
4156,1153.8695103794525,1160.1796775915961,14.200460167756832,1191.3454967431205
3708,1161.941784197991,1169.2584859138158,11.73705260106046,1193.4761975501701
4281,1218.4379202124128,1226.0560211256409,12.14140015569753,1261.6652806767827
4480,1231.5236432108113,1238.4036139376894,13.42190124509633,1287.813732999417
4,1273.5206404474015,1281.0304730590408,11.081282706863322,1351.2814739617697
3279,1283.811658504144,1291.2782501073987,11.419859551532056,1353.7292891816096
3334,1287.7363817795242,1296.07987510952,10.74033612492303,1356.3593662696937
3732,1313.3890861516036,1321.0593185244136,11.842679822405936,1358.5231295138935
4155,1315.4949211497276,1323.5152569039672,11.376076868252156,1360.5843376044832
4457,1317.7533494205938,1325.4274964617196,10.338866416925308,1362.9986285780617
4139,1319.5420994554763,1327.268655351095,11.940023423142248,1385.7243774830274
4495,1398.4442128567746,1407.229678950559,9.470462280432269,1464.9202434912804
3716,1404.24804266433,1411.1199306193434,12.088155592513674,1471.4357133888059
4152,1578.7803411567504,1586.0003425911698,12.064196198933072,1622.238251682769
4157,1593.2988060841105,1599.1434334531766,14.392143939745392,1625.006629659428
4460,1608.3158027083125,1617.056013114403,10.017272404904372,1650.8271512292126
3966,1673.1555398063101,1680.2300640428243,12.193751561874071,1711.557197988397
3992,1675.1514250152097,1682.0673965815056,12.793967647411993,1714.3709129839124
14,1734.5824370459777,1741.5242442653284,13.67001173852357,1747.2078899484563
4142,1793.61245318658,1802.2648582871893,9.936805321851573,1809.2301763244584
3311,1803.5490138394555,1810.5871443810115,13.467430129959407,1815.9754443549798
4468,1807.2696132047768,1817.3921436262826,8.240722722243172,1826.4122298586926
4363,1817.9644726371303,1824.5814137216962,13.395994737618963,1833.9460314565224
3718,1824.559173647582,1831.1002792815555,12.763627595073395,1836.8229447958468
3742,1827.8129795668958,1835.089237810071,12.406686672960534,1841.1342124053447
3706,1868.1737245668776,1875.4161874250062,10.925267658734223,1986.598844382875
3297,1915.05343319701,1999.2855294307649,9.162030699180848,2008.8957972587534
1142,1917.048956887905,2001.1928145354625,8.76555494631667,2010.8964879537843
23,1929.7718176957567,2003.3402945631751,10.876149640244897,2012.7577028428736
3273,1938.9348997895295,2005.2014451834334,9.424769297411896,2014.6097052853547
3287,1942.5347431830703,2007.3567991534048,9.760669220322027,2016.565427591561
51,2007.2525039173634,2019.073870005559,8.768247822472054,2076.121240811087
26,2013.4458222754297,2021.301506770787,11.268620318771315,2078.419194429134
9942,2016.015148201452,2023.432700307787,13.500553741136367,2080.7761425907383
3284,2028.8977875952273,2035.6583184289668,14.695613413606122,2083.0898925293614
9960,2031.0051394248792,2038.2265533782304,12.84754401736252,2085.4623888947513
32,2036.6989106984565,2043.4743397568093,10.634559053221546,2105.118216116394
3291,2042.0036177195075,2048.1118971788374,6.846840483695676,2107.6627896055343
52,2048.432857288356,2087.1574309523735,7.745453141698846,2161.4444221825947
3754,2055.3331354225465,2089.2996859485093,9.123118691955938,2164.101118904366
9943,2057.489731184056,2091.4005396203074,9.341633435658578,2166.3709087264974
29,2219.688956883548,2288.069116920953,5.7843972117606555,2344.2954627310646
10003,2353.915618070948,2361.2990891027557,11.464500137531394,2431.6624050814894
9235,2394.411885302551,2402.0144229951,12.30708785241931,2445.9611062130293
9655,2525.3064638417427,2532.504205414421,13.267336710315098,2544.79287543769
9996,2568.6161502831123,2575.131234584278,14.637896625992461,2611.796091761804
8816,2649.0608647482854,2655.5808847553076,13.923185713140727,2701.338920211762
9654,2658.8069279906967,2665.5474680168895,14.560904547177168,2704.029011880662
9626,2672.8350519273677,2680.5062281358296,12.070805801003145,2706.4750229195515
9934,2683.4754721303925,2690.188956132632,14.764539795762955,2708.9039359371454
9965,2748.605288990714,2756.453550830012,12.076417741356718,2791.6184016162592
8779,2796.4469237604644,2804.4187418444903,11.692931213191141,2815.2061960402825
8823,2803.1801239797496,2811.5543984040983,11.466278426056487,2817.9565314554898
9627,2811.78630662604,2819.5591825454476,11.615919556195259,2881.408247521792
9907,2856.889407810512,2865.1890064167055,10.10179683763722,2892.9685861151193
9219,2862.646725627813,2870.2854809016876,11.382886598520859,2895.1858021399094
9260,2864.5396884903894,2872.484830785449,10.144706218607677,2897.1378710908534
9642,2870.816842522039,2878.001805662071,6.109513692969886,2899.002441796006
9196,2931.149085724099,2938.0558980979386,13.190249567587706,2971.483772749368
8819,3025.4504236531006,3032.4124812805035,12.828588347694094,3063.9609822515986
8772,3027.2623132569565,3034.2552191370405,12.135225869990498,3066.130084232633
9639,3029.1276319106223,3037.396670670292,9.952533910097811,3068.6389102232642
9633,3031.1078900021075,3039.3756566181482,11.101205956577006,3070.909363662885
9236,3033.0479062163527,3041.167013635639,10.229986610622266,3072.9359306849437
9238,3115.9545082213754,3124.3234018235294,11.041409592978043,3152.00231423044
9455,3118.2690430419434,3126.2248197594126,10.784778479997478,3154.7191230690973
9215,3120.3094498885835,3128.118040311222,10.672423373280914,3182.031729316872
9953,3126.047075321833,3132.0968778893443,14.284286735935762,3184.974813027398
9622,3204.3573580958778,3211.418788431812,13.479204003476854,3241.6052983409795
9214,3206.813075936291,3213.4982466129577,13.475232083491264,3244.2550397825894
9637,3214.0298245548593,3222.3175654703227,10.896538939432876,3246.665934867832
9977,3245.6029432260416,3253.071854882942,12.516864775808235,3272.6816843042275
8805,3267.490644565004,3274.4121583195356,13.014834509837096,3279.9914057333367
9643,3294.603738004332,3301.4357219047797,12.318733156615137,3351.193060219861
9644,3296.5473784719734,3303.2419218689374,12.548174135598805,3353.848982286979
9203,3304.4020216690715,3312.2991215128945,11.403350231938708,3356.22220359841
9635,3316.8890173338486,3324.4448696481454,10.691446656993419,3359.875278528507
8769,3338.943929925008,3346.178689285043,12.042676565034084,3361.9067289474524
9640,3350.6241158230437,3357.3060417204474,11.392487711310746,3365.462155676323
8795,3357.1174319903807,3363.32386596624,14.622462353732452,3368.4906662802837
9257,3385.111342833156,3392.192142985866,12.804014081317916,3424.7149993184435
9251,3407.2701645643006,3414.209574115604,13.196863912521515,3430.8928622241174
9245,3409.9090606402233,3416.12742440142,13.508414122901664,3432.7955624414817
5970,3435.350357271527,3443.293221666453,11.481763099411362,3452.837057223983
5987,3437.8439057489186,3445.4444599217754,11.85270181662899,3455.039105601649
6026,3449.6381524391695,3457.065401401271,12.919789650558032,3462.600812927009
6031,3451.992632248791,3460.222949395192,10.899589008623664,3511.6271344773554
6650,3453.8801650100613,3462.0705905536047,10.453317383227269,3514.0663105172584
9980,3486.030935360783,3492.302822680168,15.381784801817892,3516.816597601262
9209,3494.3912988893585,3501.0794942868665,12.749440410747964,3522.1780479217496
9624,3497.849063822538,3504.259684286112,13.351676567257643,3525.2788570699795
6008,3522.723198929539,3531.3010047834687,9.87710919368546,3538.538100897324
5526,3524.621683817044,3533.2609467338325,9.355209261783175,3540.4264024265563
9937,3566.0807046202,3573.552253858797,12.258440601821501,3604.4367282702906
9967,3576.104497598073,3582.271137037125,13.942028380000012,3694.312902726872
9935,3581.5169884469146,3589.278145002485,11.664236166606257,3715.1588764502512
9492,3584.91524399976,3591.4167306351437,12.238809480996126,3781.7848988809287
9652,3586.969530031945,3594.4860358800393,11.643640764410016,3789.139755845078
15463,3783.2220318920217,3813.4723436624636,9.547898891354194,3903.445038774354
15461,3828.550909701004,3835.295651093364,14.558171720981933,3908.2923029798762
14701,3840.1754872460724,3847.379453898239,11.765569608986027,3990.673023232383
14962,3844.5142858929735,3851.5071833715097,11.239696884854263,3993.40624063356
15444,4016.692947635861,4024.1247949176895,11.52647217006366,4060.6109313670217
15137,4200.220884021783,4207.435041941459,12.310058661185662,4231.660417412721
14285,4282.0757253629945,4289.579703814731,13.179647505662537,4353.024710587626
14731,4284.195743826876,4291.379927542098,12.777366447569012,4355.177308183452
8807,4286.359497278457,4293.304073818541,13.19758915984685,4357.087967802657
14715,4290.471288847337,4297.514139380624,12.988386681594124,4359.228470884424
14717,4292.316429040083,4300.326439426441,8.92671333152335,4361.250230480955
14290,4323.404016437046,4364.0715493125,8.123282117395162,4422.367073208844
14286,4330.974605656564,4371.086919450318,7.242933000836965,4429.256202206096
5978,4342.56508733934,4430.148901209439,6.929880208304523,4438.572615488775
15458,4377.522168477864,4437.092605669402,8.037520164110154,4444.801789661633
15507,4380.062201317117,4439.205693416434,9.67223114874721,4452.0167861913515
15454,4383.205294166723,4441.208437503741,10.538612241816464,4501.533187684485
14737,4385.292176051547,4443.132095835079,10.803899336364323,4519.09217823222
12805,4510.686478398462,4539.043974774709,10.132729815977575,4596.912538105206
14700,4522.218095190483,4543.06966363538,7.669260576265643,4601.428893720477
14754,4524.251586845383,4545.174949004118,6.854540329475453,4603.712626959845
14709,4531.0367579445365,4547.387436407238,8.666977308811868,4605.478235601909
12158,4596.953131059091,4610.232574174742,9.534752132334532,4616.664313068377
12136,4599.261101703071,4612.448197025439,9.642669864079853,4618.550544972909
15131,4601.908962568001,4614.526157621933,10.937932584354925,4620.284930051927
8792,4604.128928447861,4616.368327954116,12.326271913079069,4622.306268842423
14733,4625.8721790289,4634.286415621935,10.626263040576768,4684.539133489752
11481,4691.887872167824,4700.477448114299,10.119402800274347,4707.534354467031
15451,4696.962770148985,4705.339364847653,11.360600632619656,4712.686072087534
6009,4699.944450320471,4708.478913333304,10.343385242449651,4771.465304458749
5528,4708.015273340453,4715.383322392827,12.718569791160952,4774.360654798534
15153,4743.260807902788,4750.364606459868,12.83671821074695,4776.6126884852665
14759,4748.597306118748,4755.129147900918,12.721672201389428,4778.74516129644
14751,4751.680895592052,4761.076558701248,9.302174982491318,4780.7090380768495
15489,4777.764742890184,4784.132814840417,14.746863444649062,4789.883169066967
14753,4833.517081582142,4841.212548156322,11.836136962347991,4861.713391923724
14748,4849.159284454144,4857.496335089481,10.435150377097479,4866.418445598545
14730,4851.005165445785,4859.400469695575,10.31283007345317,4868.509289082883
14698,4852.872350094019,4861.315393187893,10.867411475035764,4870.377817834048
15157,4887.6659789478135,4894.041691290862,14.040175156928322,4899.306938791131
15138,4894.710751043852,4901.469720667845,12.344688114893051,4951.497223384998
14738,4940.173512991039,4947.043192525968,13.00729130708921,4956.163114789771
15132,4941.935100750011,4949.337684512297,12.06300371969557,4958.030937163659
15483,4946.582348930985,4954.392261745146,12.32530691709026,4960.924981861448
15502,4955.09793181026,4963.229435777599,11.335198215096963,4990.417477900943
15151,5045.307288915651,5054.201151444914,9.318832312267247,5070.270906331656
15144,5049.674982510518,5056.557990941149,12.216870800780056,5072.722833232813
15492,5093.9568631971315,5101.083408522217,13.47356062286545,5131.538673892753
15470,5095.928159746112,5103.505161414453,10.91600311352551,5161.677188376911
14957,5100.735450370742,5107.054376472787,14.479418089925657,5164.676854859214
14747,5121.93080477824,5129.269992222461,10.17947257270963,5239.095498946569
14292,5190.457600596629,5198.0402706393725,12.130956655217037,5248.238662927733
14943,5201.174609660596,5208.324400954265,13.154657307429474,5250.658201731536
6708,5225.859216129777,5232.461099115196,13.966882701598355,5252.97561912495
11437,5249.817678277643,5257.5255322229505,12.008202484245697,5311.418544779246
15490,5277.973696112624,5284.397336411034,14.24581018314381,5314.359948455024
15500,5280.28995929216,5289.407319202003,9.757087199139892,5338.060073009787
14979,5299.42638858505,5307.411148105754,11.547170749861602,5340.785654353828
15136,5346.743736495425,5354.415871927964,11.516456166086874,5401.35190308414
12204,5435.902304749785,5442.37210298806,13.677722297315988,5496.068322453342
14267,5437.973360064134,5444.153775853254,13.790353224646275,5498.456401525343
14695,5522.344313596582,5530.441406066981,11.179863721608433,5586.62003980791
12842,5524.310785186709,5532.41970277852,10.555511212417374,5588.660638639528
14699,5526.143676815664,5534.294153293653,10.853652203937823,5590.73378995275
14886,5636.935799877619,5644.005960840222,12.57909591946428,5675.277527292087
14299,5644.276428776353,5651.157378751231,13.675258864530386,5761.296299570549
20481,5723.094096072823,5729.489730856848,14.406098709516016,5851.65124634421
20848,5727.447139288253,5735.420728763826,10.946506265095639,6068.541247244286
20865,5729.571154656565,5737.2938857803265,11.912595586975812,6071.173716377193
20922,5731.351884402352,5739.088303671907,10.614589643296783,6121.4245668276535
14740,5736.857867113133,5743.438001120594,10.658567424522788,6148.137995939116
19800,6113.81692912254,6229.224790231341,6.682339355118753,6305.510452985035
20642,6197.3213182691825,6261.157570854717,6.625075965903292,6317.951631414724
20206,6348.79879091012,6356.073644619333,12.612122515039092,6391.747452412014
20640,6351.4914683238685,6358.502919340451,12.631065419990446,6394.322845785879
20639,6372.605377170434,6380.40650134577,11.49724978043292,6396.894605983865
20629,6378.831606207232,6386.354111109444,12.042825626251654,6399.335063452835
20652,6380.601185618608,6388.098075975943,11.189672493015541,6401.203344282892
12160,6393.63963546336,6400.6327607916555,13.616504839778072,6406.079625465405
14298,6451.734066695132,6458.5105947170405,13.01703148081688,6481.419930374944
20247,6463.117280717707,6471.449325232921,11.418493975194982,6494.340843609321
20212,6533.81049910997,6542.12988139697,11.017830178135544,6571.520440633894
19792,6535.833765777387,6544.091442130814,9.964422624675189,6574.138198683584
20635,6537.793301645355,6546.055662946914,11.879977898836861,6576.3334854153145
20636,6541.200082619349,6548.092062888163,10.448332079755835,6578.373138092742
19786,6543.194391876733,6551.1931019622,10.784500752579904,6580.647243468105
20648,6549.788740743899,6556.552124878041,11.320680710836795,6584.350883468619
20240,6626.268259601492,6633.454783995957,11.072041676231475,6847.529157568587
20903,6641.895976525374,6649.208543562197,6.919193412349832,7021.5356514965515
21008,6872.538981078781,7217.123206740788,6.927140192115032,7301.074804759604
12133,6958.005696729348,7219.319157949425,8.28272696153727,7303.286215289907
17686,7595.2395523296545,7604.372190361052,10.068018286443738,7651.372244316953
16528,7597.200673506525,7606.32753645144,9.777320251219793,7653.838950449274
20197,7657.970000891354,7665.192293865613,11.658172065575545,7671.163285454473
19825,7712.116480888912,7719.494435729832,13.268239369720543,7746.479264298384
19813,7805.81010148458,7812.45543118767,12.851302510675376,7831.408749053881
19777,7841.581916726803,7848.01842739327,13.727108160721649,7853.369619630801
20248,7849.294962318522,7855.423845228808,14.354344285440419,7860.299443124339
20243,7896.930431340015,7903.326189578904,14.015646533709253,7921.589720796053
19779,7904.234177988931,7912.0369579924545,11.734914010126309,7924.5216110610645
20237,7934.935912085992,7942.268355454745,11.678407794706727,7948.347196968762
19828,7943.4172676406,7950.155516813864,12.543715869986402,7955.697234840219
19764,7969.018360910381,7977.072104801196,10.696283307111072,8016.659970845902
19794,7983.45761020267,7991.120169666044,9.415405369129427,8026.528772787149
19785,8000.81134749486,8027.226171785249,7.5035091686957465,8033.870845407573
19765,8003.0924275883135,8029.325828565177,9.036821273508599,8035.6540643783055
20200,8017.973554890739,8031.285451362605,10.757560951504093,8037.32044170262
17703,8058.763918412707,8066.025761043759,12.363938342777624,8101.652484857118
17011,8079.789513068435,8087.143471075604,12.686929996895833,8112.5778503357415
16970,8093.2392598060005,8119.0099605755795,8.701213524402958,8125.623523071482
17014,8155.1290569769535,8161.580839591695,13.871791190851871,8196.139817762723
17028,8238.51013770615,8246.228629963276,11.685613787868949,8281.72165644389
16567,8245.078676254601,8253.193685341128,10.899422304195777,8284.277433479978
16541,8466.071327230447,8472.622463234971,13.46684133330435,8477.961244965338
19801,8564.148036820736,8573.132412221104,9.135226092485258,8580.641438435432
17000,8870.96704522458,8878.375060107968,12.178793665065857,8911.31846596347
16525,9048.58747390105,9056.187854755011,12.124680516046178,9091.379691400185
16938,9122.985057078618,9130.46449691939,11.187154441390515,9181.364376916785
17015,9189.956005373508,9196.200337524006,13.821348081973968,9201.222426974253
17018,9204.21898486149,9211.31137278562,12.465690492356028,9217.467326272295
16932,9206.079196354938,9213.073099008425,11.808337062889152,9219.177164633638
16967,9274.24450976836,9283.410204522293,10.315734999313467,9290.63645032602
16994,9276.376981364992,9285.300925931544,10.944290378348937,9292.54840890888
17023,9278.389090970071,9287.19223722904,10.288444177717418,9294.410300733023
17022,9280.339832168023,9289.054160743459,10.38331503816557,9296.33983584145
