101,145.9850680934954,151.1713850759099,12.346241822922213,181.67980329468185
86,232.2767278351121,237.04633440008567,12.653375630892441,271.4140035814323
713,323.8971571746554,329.03046801821864,11.559955740304167,361.58774958274387
231,328.04190228794346,333.3441203533293,11.175658806665895,364.0990835384022
192,363.76321749191754,368.55665665375307,12.155928168694567,374.4661473244125
213,411.6984628315904,416.48842900305283,12.855787457843485,451.34331485401987
256,497.15996788567463,502.5348853438172,11.421527414911521,541.3911449581742
261,498.9284458447506,504.35445515604687,11.480100416786883,544.0473841150731
85,503.6470658024299,508.3414762353525,13.007382516226672,546.4278764788701
235,672.8851687300091,678.3859982835731,10.936114100203302,721.4757382476754
242,674.7823707470799,680.2406224919667,11.378923950590565,724.025494605649
1026,676.7101165174868,682.218952819467,10.986319811994747,730.187420633238
1057,678.6355559576357,684.118149443384,10.685283566608632,732.9648490616036
1077,717.8365263825597,722.5103460569454,13.311520159220048,737.1961400454442
1032,720.05863584559,725.0010432412001,9.139483302938988,748.0653129028674
474,725.6588694088363,731.1555048025525,6.381826812741239,811.2969914753751
1051,731.352241870596,736.0811166185341,5.49923399608453,816.7275410561691
475,740.1247813568256,745.4382450408817,10.870613702699663,824.2085287973775
610,759.4371978806494,764.0316962829178,12.87775374171302,826.9136117614205
720,942.3021731231333,947.4195768977959,11.687058232092014,996.4870055650118
217,944.1277763273073,949.2034168534768,11.907007848150105,998.3883321805955
17,945.9484150209205,951.0662740194779,11.806376999814512,1000.542236719678
67,970.1151410738,974.4495755926893,14.113882686731449,1002.3028922723048
1043,989.8936616544426,995.3371208947909,7.935598433950476,1006.1093762235377
33,1237.962283240928,1243.3349763113854,11.728352229911438,1266.686406375786
239,1245.4605907786113,1250.3423811384105,12.108013857036074,1269.211223680065
503,1249.2918285186192,1255.4298357139007,10.328628674753688,1271.4377872484117
1060,1251.263838313698,1257.2900745604834,9.497066843754832,1273.277945495699
439,1253.2963246070544,1259.2188630797302,9.310171337641183,1275.977616493596
666,1255.1823837159525,1261.209591946952,9.445433006611678,1283.6286804822855
266,1288.216669403505,1293.2295072415693,12.934585749191173,1351.36073212842
46,1290.1897563670093,1295.1433393759112,12.303316541672523,1354.2441516665626
493,1297.3284158188264,1302.0712396594038,12.385301387898608,1361.676494758303
448,1302.848051870955,1307.4183339051067,12.817654119431461,1363.631799378517
221,1375.5443904210765,1380.059833542447,13.761058762402179,1384.8898921761586
3447,1436.7669531089439,1442.0159454754746,12.340410412890462,1447.4530630734312
716,1512.0032504262897,1516.469823930406,13.860448947272276,1533.8476604827365
1091,1514.4968380520843,1519.5280029939556,12.015666751954782,1536.464425039493
467,1516.2888261702385,1521.3048880809383,12.861329662620436,1538.6022919071852
386,1557.5870259704143,1563.5174500825365,10.557987410571826,1624.1986769748228
237,1567.6459013117385,1572.1819857621622,12.838205538092758,1626.4772117865198
230,1576.0714437584395,1580.0666097672186,15.785492321946956,1628.6103146750002
443,1595.669620851531,1600.4843292884186,12.13182499464401,1630.7269542691795
248,1598.8779334222645,1603.484518402288,12.703964464894781,1632.7070845361457
300,1640.6605730711844,1645.5060436373149,11.780679294068255,1650.8301883066247
259,1728.498428822502,1733.5774678782245,12.336555343858594,1739.0869020698008
120,1738.0593126213914,1742.1353102758233,14.560747439158332,1746.6006811161224
277,1819.3818621819385,1824.3623152522337,11.870435541341875,1829.7538973012613
152,1862.1654958715642,1867.4148186986606,10.54393054499226,1894.5781584618271
736,1864.2510808146192,1869.314171370802,11.874719927109677,1897.3479479662474
416,1892.37509870153,1906.1243233414284,8.171312373622223,1912.611580823312
471,1897.6646711961798,1910.4399390397396,10.064915600216711,1916.30324852118
284,1903.801432878702,1912.3738890193497,12.155519485980792,1917.9157165822928
197,1916.1609708661235,1922.1222685802231,10.521432592846313,1981.6686334658016
1086,1950.887688056481,1956.4036771790077,11.042604078911268,1987.1426049324696
3424,1974.509403778346,1979.0811247868855,13.109147008706655,1991.620574530895
3340,1984.5365060080187,1990.048998297219,11.393291203388205,1996.039079188811
229,1991.898622301198,1996.1165826895942,14.742405665428743,2000.695267109017
5760,1994.2730076367554,1999.024197433539,12.54309239421017,2004.1790416648892
5948,2113.8838624610958,2119.416949815266,10.754440373537442,2161.4016202711373
6016,2196.6120333682347,2201.107033156518,14.117699781469318,2251.732398018945
6586,2262.428008544745,2267.486676794526,11.79035353091517,2273.684594276957
5527,2266.971026399831,2272.0391349885617,11.650953431352834,2278.4215943268623
6210,2412.1998140618857,2417.0978807238516,12.405737785375608,2431.4171455508063
5965,2416.141358080288,2421.0968385604087,11.927726194233648,2437.5180421401033
6583,2417.9755200268446,2423.049080466382,12.104909010996154,2441.32027695419
5772,2443.2442779506314,2448.217781279471,12.173688805740326,2453.741963039552
5872,2445.1053586039166,2450.0210268980786,12.483383484334071,2455.5117996663507
6604,2453.2897725906173,2459.2019638508955,10.262732237092676,2465.6731505715115
6609,2455.281306584946,2461.1126835830687,10.784783702884111,2467.5933277087192
5937,2457.1708296847087,2463.0788081939068,10.057577353233217,2521.2925719921654
5738,2524.6139518715227,2540.2073782135503,8.686333092666516,2547.735427069203
8974,2565.765952224807,2572.198045946545,9.114341433234117,2611.8613142489107
8895,2567.7386107834323,2574.153772636026,9.029389116233668,2701.798564286428
8969,2577.7892117238734,2582.152158255301,13.632694157654845,2704.6883950368724
8954,2592.766803343022,2597.129296532874,13.443972835395554,2707.05779972418
8948,2659.7966481434305,2665.4421670298984,10.57958666105459,2709.639221377752
8839,2661.7052787708103,2667.3983522545172,10.503533611633772,2711.6307234427745
8956,2663.5332948123237,2669.221316897085,9.951536206032058,2713.4736654782764
6179,2813.505833101024,2818.5573036604796,11.619283683324767,2823.897191006886
6223,2872.713178456887,2878.070096493465,11.135570072956913,2895.208240916017
6004,3048.9608216030956,3054.3783148817424,11.48658196956225,3067.5976471466965
6558,3050.927727488463,3056.210739574352,11.999619636645843,3070.122120719469
5776,3091.4288544569827,3096.0510791500546,13.372680934297566,3151.369746242561
5765,3143.460183779389,3147.6227038022025,14.490242123668255,3158.3119760064924
6553,3186.0973410203205,3191.3378919382244,12.188169109208484,3244.149645728718
8897,3191.361901043507,3197.0578758971114,10.359855076410328,3246.30230352629
5635,3226.5325225128413,3233.268423086008,8.830718163614216,3248.5080285004806
5906,3312.250039680567,3317.3265105348905,12.703833026292118,3331.3900956642665
5893,3314.115118316688,3319.0381415235397,11.47737981543876,3340.711932578529
6503,3355.5913760928843,3360.2049485410357,13.023109394900134,3365.108879406366
6009,3371.7929773560313,3377.3740871031987,10.938511260729854,3438.2100051837183
6550,3401.390005906144,3407.270024119976,10.158497746442638,3445.2233555685434
5689,3403.4122706556477,3409.1887612837386,9.838596911863329,3448.5684436084266
5941,3405.250256340322,3411.059306811403,10.706485709533611,3450.87057562725
6235,3443.0005266166795,3447.150101590399,9.381109027897669,3604.2941285755473
5983,3456.1492706511776,3461.1794288301903,11.720859232858174,3618.448670798017
6463,3458.127780901528,3463.29724436174,10.301682610846768,3706.3720310624194
11493,4105.903749991473,4110.259085524134,13.978202755732225,4236.217802951764
11068,4128.106194389501,4133.534393325646,10.767683829407645,4264.627079720148
11475,4244.823288001306,4249.114670914422,14.311995530032524,4266.677243737951
11733,4247.780819560557,4253.096606457263,11.497417957889336,4321.302800254197
11156,4565.091177911692,4569.531930067624,13.806757364817756,4591.5264777595785
11135,4567.021881899177,4571.258732876302,14.189921313785137,4594.0598521560705
11155,4637.001285400899,4642.462923681183,11.815412267058377,4787.2457068855865
11097,4638.94776335618,4644.300346949753,9.935535625244247,4791.6793071160455
14376,4640.898888294925,4646.192432726583,10.173222583778278,4796.414860593797
11392,4642.6631010398905,4648.130917755535,8.808948843982845,4865.005638008385
11362,4722.57243717987,4727.295644864909,8.09816521615821,4882.2065855794945
11217,4927.2150754780705,4932.284569971742,12.147751671991642,4957.525427310317
14483,4939.648703876523,4944.44115065856,12.864768253382545,4964.655897154094
11082,5160.479639016076,5165.566264282055,12.134098388676138,5223.550024767506
11081,5182.5992811050755,5188.3526821141395,10.360544491045713,5228.838219428515
11154,5293.418744105712,5298.109738390308,12.829675125025059,5311.392922148905
11204,5295.559789174737,5300.32412815886,12.981010337682735,5314.025029903408
11403,5414.1825127388065,5418.594443826982,14.094058354498815,5423.499746896667
14398,5466.1778785923625,5470.145970831996,14.754816410730623,5492.450938222045
14363,5476.256355938979,5481.316621018566,11.336617307478816,5503.596588552632
14416,5478.085065326864,5483.129131778749,11.642992730658646,5506.264485291567
12021,5488.362919424789,5494.071575809684,10.146480340128395,5508.594042296543
11698,5490.305936350865,5496.005230449887,11.543440257842374,5510.760285825731
11385,5563.59226278984,5568.227096730178,13.001421485292651,5865.302945758804
12045,5565.448772618165,5570.022712069321,12.559556533691927,5870.260446609423
11211,5790.858721916391,5890.030481251427,7.051874980588165,6046.653170508869
11183,6106.691402990348,6111.579960144572,12.780480763185599,6121.358673889734
11329,6117.07112847475,6123.1558126317705,9.802792078353795,6221.801997451083
11191,6119.024370076971,6125.148210248076,10.83761757985405,6225.276724889962
16921,6395.539831645212,6401.024165627265,11.651901168205812,6406.993158964761
16682,6456.433392004758,6461.433113882877,12.817267538493997,6481.320012794331
11164,6462.785214668609,6468.102235895128,10.934926501827567,6601.43850637246
16987,6530.447179792874,6534.5845998113855,15.062797499586184,6606.4694837046545
17517,6538.810150386487,6543.337668263578,13.493553227705998,6664.286295712952
16975,6542.330642861213,6546.345486606883,13.22569996164657,6666.657319413115
16756,6683.495937832688,6689.136491618071,10.988353980724089,6695.039395215486
16711,6924.734287349705,6929.155927568614,13.546084743594713,6933.824046621816
17159,7128.89992285657,7134.002349542783,11.757388817152085,7139.507592834206
16686,7184.48964604742,7189.404524853915,12.385456934464713,7201.306680370539
16612,7224.227150381429,7229.117933612364,12.90985679843949,7234.285430684638
16627,7227.097686535901,7231.529149730456,13.50742099108995,7236.349198908404
16691,7228.853177055305,7233.2791141898815,14.641832625425158,7238.069285052929
16680,7595.272627288781,7600.507050292626,10.537330310433484,7669.0719557577495
16654,7597.229401390832,7602.391659757379,12.382558600006016,7831.709525154789
16743,7735.637717071313,7740.132415201075,13.974982886544298,7834.878267031658
16644,7891.229292041847,7895.252048784659,15.034956491130883,7921.468012345245
17113,7898.646964835506,7903.491115662694,11.546192780234755,7926.585586857536
16715,7900.543620958312,7905.335377709342,11.465356013820422,7928.577964891985
17183,8113.780460296539,8118.437025669606,13.363066094059668,8126.695409205232
21773,8140.685736290749,8145.564879214045,12.879127652361976,8191.39751501454
17211,8154.271329647095,8159.518433498843,11.670579463961698,8213.876633270593
16581,8156.057272194697,8161.36122656745,10.84694310886356,8274.821443779332
17219,8157.821338653314,8163.2388280043415,11.893790560266911,8285.213762015479
16670,8166.483918286957,8170.606156413238,14.394148305444626,8289.754821354752
16601,8171.780055873732,8177.091486533459,9.87685439694199,8292.49656921231
16607,8352.305151516755,8358.255536347531,10.73923369336062,8386.53242508102
16980,8507.111609287309,8512.499186855755,11.858431383391743,8557.001173218323
17026,8508.950084877331,8514.374146636654,11.320724272357225,8558.930943392903
16943,8510.761551396477,8516.273788073819,11.754455971743472,8560.8367923093
17184,8524.150385469558,8528.280485885723,13.688998153937193,8562.642961383974
17114,8532.209015485378,8538.179195289746,10.018069027483795,8564.891203195151
17527,8592.919575814007,8598.155455506612,11.42124006958188,8641.730326137234
16959,8679.001581852059,8683.115646582666,14.757165403116588,8731.550652718599
16946,8683.227295259918,8689.22436181462,10.420899287518395,8734.179680790881
17027,8685.225864718333,8691.084829005082,10.223481282418685,8736.452636653776
16974,8727.015715724488,8732.429252667205,11.827978207114388,8740.405746813203
17214,8729.040460682496,8734.36336902548,10.988761753578881,8742.262169943371
17520,8731.462083766419,8736.41697937649,9.178939286421013,8744.20462271944
17240,8766.831019858988,8771.191158993039,13.625426964197471,8821.403413796228
16994,8990.879417125958,8995.591467724356,12.725409960880357,9001.1389242779
17023,8993.210538722698,8998.01441044838,12.871399979897696,9003.236255853553
17104,9155.651441687742,9160.232123474862,12.513165685359015,9181.605075737836
17216,9472.394826208983,9477.058741135472,12.770726410867576,9482.21281693603
17021,9590.439333541894,9595.041611960018,13.211189729160981,9631.793666978683
17572,9592.892994154096,9598.039105548847,11.26727933656918,9637.775562351188
16935,9614.80881069257,9619.355070158737,12.882878495232905,9642.977004521566
17549,9652.215715168466,9657.402522840852,11.088525358406264,9663.093417709491
16985,9656.667499784708,9661.215725681255,13.450600405652917,9666.095757621826
20740,9662.445977064073,9667.077311702693,13.136114923761541,9721.420214697046
