2070,101.9060641401928,103.28060451589025,12.110317498791627,105.19644766144638
2859,159.54944467595902,161.06047664114266,11.727459411207608,162.9418457564711
2085,252.17752740851273,254.03874906246713,11.031247692999026,255.9100843126801
2856,260.0137501206999,261.3869725461365,12.079479794884113,263.17163088937536
2751,284.4347942525554,286.05164057798623,13.13744628188286,287.78409548610983
1949,288.93141167809574,290.152824303174,13.39990720983111,291.7769836710061
2180,291.753134046528,293.12507894325347,11.832586503696941,294.94867071253793
2200,373.1039205347025,374.4747551144695,13.08403882302118,376.23186156091805
2047,383.85506314135296,385.2227195607357,12.210658631389123,387.04730121473864
5110,393.92135533283175,395.1838111702465,12.814715031991742,396.86071171277564
2139,430.13664336130705,431.5161319574277,13.091576127988402,433.1438964913613
2092,436.93428226844486,438.44027669363174,11.254744963464619,440.3996463371343
2845,441.0059319442122,442.3464524505881,12.59366829282289,444.07500391575206
2800,443.15365629052707,444.5016701611066,12.217980354815575,451.56239299207687
1972,460.8919661867805,462.03911159577933,14.960410023918781,463.5252738725171
2216,465.8281016974663,467.1609726492646,12.78922695070427,468.8468404295002
2221,475.67496353365,477.28017261597034,10.19964060397655,479.36014638307387
1966,477.62284985134403,479.1703172327478,11.621038080686537,481.2827556164853
2137,509.7976307063662,511.26641055463034,12.207219783160244,513.1168361395236
2833,518.9523693826044,520.4262498116374,10.745876626999383,522.4009910062963
2850,521.1823874662595,522.5885637133449,12.685708427725116,524.4180145620854
2016,525.5902935442843,527.1418434845584,12.964213461056424,528.8471550361743
2246,551.3261185080346,552.5754201750989,14.10626585511876,554.220868186871
2053,553.150802172388,554.3654945636001,13.476458693188974,555.9667374508007
1962,566.9334021221905,568.4274896626557,11.30844443981756,570.3662421984066
2844,608.9150946921661,610.2009499147748,13.377148494405105,611.8433856838978
2028,614.0335751868712,615.5059859242994,11.464301911785292,617.3612347008435
2805,626.1278140262913,627.548753366918,12.080750462085158,630.7903232129669
2935,641.9611602010023,643.4457784463773,10.858060165708427,645.4274367215598
1961,649.1041051583956,650.4981191371907,12.120810774094862,652.3327750594635
2731,709.5254367477738,728.197735494597,6.984573485835037,730.666468364876
1965,730.9488316438421,732.164192216998,13.80478690829625,733.7511445082615
4904,737.6219263807344,739.3406553456728,10.894249955835894,741.3463601812531
2787,739.8341388004498,741.3545797859628,12.185070473835063,743.2780400259181
2774,742.1236773659037,743.5722573688204,12.327438956538217,745.3897233636228
4920,754.9308496454853,756.1575901407606,14.262921483943419,757.7251254281892
2828,806.9717837035327,808.4773349305424,11.153050095758392,810.9619211265867
2788,810.9717040853118,812.2891678042744,13.22508310280445,813.9955875837071
1976,823.7922448470416,825.2419697389399,11.322584219996735,827.0942405235598
2116,832.2553684107594,833.5938593199148,13.11680304918741,835.2847650657872
2243,842.0930226108323,843.5410988945536,11.649416061371436,845.5020178442887
2791,916.5781817911608,918.2762847341539,11.29912432715285,920.2789763026699
2099,934.8873097830683,936.3017785216002,11.681448057389565,938.1318268553986
2801,1062.3148799939559,1088.0105692730237,8.084337503494497,1090.6697377394485
2198,1107.8863270980057,1109.4384628367225,10.545055501545258,1111.549731106739
1997,1111.5741003590092,1113.0756448269517,11.506748174752401,1114.9637034537147
2175,1192.0623810649354,1193.5087012473678,12.094236258898539,1195.3828322864708
5072,1253.2722194322864,1255.0577909265198,9.510596338122586,1261.3442660759083
2111,1264.263524806763,1266.117037391874,9.334816393648516,1268.2685277876053
2037,1283.6472885101678,1285.119537802564,11.582588655526928,1286.9977249315755
2201,1289.2793533383217,1290.5473420093795,13.231111438370974,1292.2683754946029
2207,1300.9450775150347,1302.2127240216873,10.115490712665911,1351.9286401612067
2763,1322.829963537284,1324.3610046560862,7.971071395367313,1354.603854516185
1945,1375.118309237155,1376.5097669362442,11.50360770548193,1378.3840638658999
2781,1423.177295423937,1425.0507231491479,7.7010428297726845,1444.308271307976
2822,1511.0750490741154,1512.4573133697886,12.727636413569737,1514.227164236822
3899,1515.0360657298136,1516.4802183518866,11.228579330809458,1518.4133437370594
2759,1526.1921210328962,1527.5708045364481,12.636375681982171,1530.8917688832228
2249,1541.1716916874573,1542.4091238203928,13.489079354371288,1544.092375900106
5001,1547.530165962819,1548.6618339848826,15.068826255771757,1550.1431088747663
5045,1553.851787872326,1555.1892648088913,12.61593918260954,1556.918661311845
4895,1560.7861749400686,1562.0762454298472,11.850362752296173,1563.986803407255
4856,1567.8718747637363,1569.2964141611071,10.66025793695611,1576.555053421513
2012,1634.8538159133807,1636.1453857599777,13.050101769825153,1637.826450143512
2006,1639.7857205918513,1641.2132587168976,11.444325721893426,1643.1824997268398
2177,1643.6947543122108,1645.1981821130037,10.692782322314356,1647.144588856381
2199,1645.5463422803284,1647.0422032428387,11.992917348552067,1648.9416114036974
2767,1669.8609302100601,1671.5287975503302,11.742822111165278,1673.223740249411
3895,1674.0068990037546,1675.3531164072294,12.889337829993588,1677.1466220344814
2040,1678.940643886525,1680.5140346948058,11.013742981367361,1682.5707381241718
4337,1683.4496179707864,1685.1837767614202,11.200878591509356,1687.2425228213212
2090,1688.7250783153004,1690.349670748091,10.538201702091301,1692.4899884083745
3444,1691.355107382535,1693.2216681798511,10.318105058922617,1695.3796743571154
2761,1694.4789010233565,1696.1105551234405,13.211810491072818,1697.8316224365835
2108,1720.8142836182928,1722.1287817687105,12.817210198699195,1723.8272544056642
1922,1736.7697340097657,1738.1055950752939,12.393830837656871,1739.8708350312722
2838,1786.0806359410808,1787.4821003137429,11.44867553328637,1789.3089075096505
2263,1823.071579752031,1824.5869909763735,12.231743293687995,1826.4864327005737
2489,1825.0141917708227,1826.44051492545,11.440162809070744,1828.338401719013
2374,1826.791204180104,1828.2517888633413,11.284855207846636,1830.168602769374
3474,1912.6309980510316,1914.441837498618,11.233783071647647,1916.1923234746127
2962,1949.7675469030125,1951.2693418533402,10.78800659524221,1981.4595968045433
7672,1997.1208685282645,1998.5571805780694,11.631572269710723,2000.3780017285046
7469,2003.2891125139734,2004.5451247660624,13.44016613594995,2006.2504889124577
7698,2004.9510715275094,2006.1959973205383,12.305206400308114,2007.8861896377543
7438,2021.9883854869151,2023.3504992206515,11.379293773674796,2025.8807387514878
7556,2042.39476127521,2043.5068333351664,15.26642013469059,2044.9630558160877
8296,2050.059592381915,2051.3982574434485,13.538543254636876,2053.0652719202526
7448,2081.255539083137,2082.545269282615,13.104567194153567,2084.2309020324587
7462,2097.9081485764837,2099.2478738621276,12.923279940603832,2101.033067082784
4411,2162.8276431268787,2164.081119235019,14.185484125233234,2165.6584167633855
7738,2181.0891665586573,2182.3072840854143,13.528888789843624,2183.9870052437063
5053,2185.752988286684,2187.5110459517146,10.955630518133837,2189.2663901641076
4885,2308.061372417509,2309.4582168194356,11.105639699951112,2341.5166877089337
7581,2315.7135224639874,2317.1956058397222,7.816069740168406,2344.4694902801784
7425,2353.84842265936,2355.272086896498,11.121292649538377,2357.187141644207
7687,2359.342474659586,2360.5947237924406,13.161579744446527,2362.2581242987003
8358,2360.994750666452,2362.3662107317564,12.544089894105861,2364.140301256472
7552,2408.2642031744463,2409.5096965693024,12.996747270487914,2411.21337338647
8292,2429.3357996418763,2431.0314607923456,11.424635205292143,2432.9484839580623
7611,2431.907529555101,2433.5324094108973,11.198741892638429,2435.5876914259584
8278,2442.4956260911067,2444.1423389648307,12.122211161943149,2446.0277632063826
7515,2579.2816485000308,2580.512202738017,13.924943891543382,2582.1437071919427
8275,2589.4632171693975,2591.3227653686695,10.993226108146462,2593.2271144017786
8313,2591.6185815635426,2593.1323923840855,12.072823464755526,2594.961233369503
8973,2595.9889043714816,2597.4625815090844,11.406555797179543,2599.417652639508
7501,2627.504601794493,2629.0374194051183,11.644210651839044,2630.9553610694315
9820,2645.5067331489104,2647.399678661852,10.381603705815047,2656.5608866697057
8261,2685.0663722163467,2687.1190267504453,8.992344939768925,2689.4701461719274
3862,2687.0679931643317,2689.184034609085,9.447453081971325,2691.4646285037106
8359,2689.2809996528317,2691.1214622941043,9.007698788522275,2693.3040472928114
8287,2691.35091470384,2693.1006963939467,10.169940377421021,2701.837143705132
9875,2728.4426284941733,2730.0912114378802,13.065236188217021,2731.718271412157
10461,2733.12488934471,2734.601574362568,12.837423667544488,2736.2327234355294
10600,2749.6939208967237,2751.470757547801,10.181998890340957,2753.693144274091
10562,2765.2529784363524,2767.070974334881,11.085263506522017,2769.0344111777654
7472,2832.8619027497875,2834.3382845569577,10.435443684994059,2836.2821747685434
7585,2936.8093552956043,2938.143987495107,12.686513180725035,2939.9299648197302
8353,3046.1300811130945,3047.5835359636576,12.146485222789595,3049.3608302780253
8347,3047.9516444083033,3049.351097727446,13.149815760002049,3051.108610424285
8260,3062.9783811030043,3064.317563337826,13.010092240471952,3066.0743914302775
8136,3070.098585794359,3071.5130955925038,12.105115520608454,3073.3384794428994
7488,3087.854320373543,3089.5182132712416,10.470676803104448,3091.7060373299437
7662,3089.8209826702123,3091.420943301973,9.644329623292453,3093.551492794256
7529,3091.809656582237,3093.4686194596893,10.475638824595936,3095.4704875733332
9913,3094.5204737850513,3096.2707790763843,12.204327618232448,3097.9643497402435
10352,3136.67211666854,3158.141200921733,6.6758066883349825,3160.6403611298297
10407,3163.313693913006,3164.59427160154,12.759143746958353,3166.2348545173973
9432,3174.6960227795134,3176.4776880697073,11.063996384497804,3178.417848736569
9394,3185.577259409944,3187.133036808039,10.5197736772635,3196.7470280001753
8365,3248.498936761702,3250.4061656781582,10.316611378369164,3252.2868441757405
9403,3256.795434524854,3258.535960415342,11.486075325289189,3260.485231832335
8397,3258.982307314961,3260.536046407794,11.566575128040332,3262.378068757286
8361,3261.108560476106,3262.56249023403,11.619787179989295,3264.522298560499
9880,3263.090171309096,3264.5203333429436,11.055358238320888,3266.3909878988557
7732,3269.4054811825863,3270.592300134162,13.744455661737193,3272.1504716706913
10396,3272.484175804913,3274.0788297835556,13.00840965650482,3275.8321020427875
10481,3274.7502711779402,3276.224101678963,13.034856428942339,3277.8864183176665
8288,3311.4078975306215,3313.252437835197,11.176775128747066,3315.0073634170503
8318,3313.7021342371786,3315.3439780409426,11.657048961073182,3317.247134093267
7518,3318.0405614193573,3319.4360922341925,12.749309188454843,3321.17841854332
7493,3444.551450764395,3445.6149676047867,16.07648994417361,3447.008180554721
7466,3467.6609899893783,3469.2827870037017,10.86516381114766,3471.3860393104533
7748,3525.6439072205394,3527.0925118573145,11.20012317987638,3529.079911569052
7596,3533.9384227482637,3535.477284157018,11.624715669180645,3537.446472119818
7600,3577.2846773861443,3579.0887341597513,10.26602962257373,3581.304467442906
10344,3611.100124533598,3612.416010486113,12.617157285057054,3614.151143738393
13013,3660.4602073075935,3662.070859709159,7.2866816593318475,3694.2257550237796
9844,3705.8641337216254,3707.466286990222,11.76833312438245,3709.1934692303416
8273,3711.008950801979,3712.3158156623654,12.28438963725332,3714.070404414319
10542,3730.128546784331,3731.5185129199513,12.117485428912909,3736.2849811751466
9863,3751.968634254933,3753.379015330245,11.627086266719374,3755.337046300437
10592,3755.628799264272,3757.2173203353327,11.124408660587735,3759.1150410275304
8338,3766.0206698889356,3767.501448156674,11.536937734155037,3769.3253953614803
8216,3768.9938668680084,3770.3917486512414,11.857648379725216,3772.179173339198
8335,3770.8181833883887,3772.1766015808716,12.647212340871857,3773.8840094667585
10411,3787.398059905212,3789.15424245254,9.907262472991686,3791.3878246381805
13194,3791.297874376407,3792.479918934721,14.60397584071725,3794.0336806598657
13197,3793.0173334439064,3794.220345000149,13.227002050964622,3795.9128764088086
9380,3796.7425264200137,3798.400456402529,11.968725590240389,3800.039990732515
13831,3799.030403465058,3800.494594172409,13.188814195566389,3802.0912554977917
10495,3812.1708667079765,3813.5187647356806,14.111100753271133,3815.1219143588714
9375,3816.928383347431,3818.3716606364096,11.73228105161672,3826.4327289671583
8304,3847.6959588360105,3849.524687435982,11.310235211586688,3851.419405189909
9847,3874.008069692521,3875.2531892584448,14.32649449463695,3876.818649012061
12929,3887.9708053342633,3889.367659295271,11.940640252545778,3891.1643342816737
12977,3890.7511028296894,3892.266621569806,10.53516290652102,3894.3042472024417
13007,3906.981044131045,3908.423103205889,10.92408650924905,3963.898450776564
10381,3982.0579734279413,3983.3455233820077,13.785042782303805,3985.0032862036896
12908,3986.155522497125,3987.5077783941356,12.826667208540274,3989.236936717404
13756,4096.469061863642,4098.298808755168,11.220255415149815,4100.065748064131
13763,4098.843740829411,4100.511116856023,11.288760287615169,4102.27610507445
13039,4163.532818946488,4165.151882316734,12.339510952301183,4166.967595702366
13036,4166.635188008489,4168.222870633516,10.737985611649403,4170.265300029778
12991,4260.806157979828,4262.295525112608,11.106120279279942,4264.329866195861
13821,4289.237520908386,4291.155402970245,11.692862570766163,4292.994858680591
13844,4327.480368844988,4329.184342726767,10.204513264959292,4331.443064458407
13030,4332.691524762177,4334.240046819159,10.44787195889072,4336.350900572756
13073,4380.025580212925,4381.26592039465,13.25574217551541,4382.979883581293
12985,4436.747031630622,4438.130725644338,11.942908795054366,4439.969045747025
12972,4515.007285704311,4516.335162381799,12.824225778917157,4517.983249708352
12963,4525.614019615245,4527.330406618678,11.899048042368456,4529.201841043544
13201,4543.887556435634,4545.369068786757,8.370452363960597,4681.658579733286
15322,4918.697070396057,4955.00335086953,5.604437354648078,4969.987445359525
12997,5050.844266019991,5052.009685661322,9.827551371801224,5055.438405172787
13181,5058.7080055307,5060.1049658633365,11.198105513959527,5063.2003079632705
12943,5071.230154985229,5072.553790807967,12.318625296427339,5131.475370969335
12939,5192.729702716541,5194.3646206297835,8.919010310095938,5222.802668055052
12969,5266.612072533171,5268.406670618764,10.45146215273545,5314.101592644664
13062,5319.738238123506,5321.011237053312,9.689338177523787,5323.120091169089
13209,5331.672673760788,5333.283543171517,10.368481296103866,5335.575326438167
13132,5365.468939150606,5366.638517096338,14.356064584466003,5368.199497109392
13195,5431.830849649744,5433.292555894125,12.2313505835879,5435.100459787421
13221,5436.678233477977,5438.117978871716,10.525653498559818,5491.500494103137
13047,5439.590297615715,5441.1324981603475,7.003502556736418,5494.069474158406
16015,5518.704758204447,5520.3747169526605,11.75358104789086,5522.161687039414
16033,5520.847877052646,5522.412670828898,12.10267257299825,5524.226421700529
13784,5526.64512165764,5528.29294142172,11.506914294222156,5536.609578855926
13724,5529.597404263694,5531.294864211269,8.288476115625908,5539.358313360867
13766,5536.922686412931,5543.247192484862,7.2571949972420375,5545.81970985882
14905,5545.733270325561,5548.078191642562,10.649054284843936,5550.21574632326
15337,5548.2254939848,5550.1022762757875,10.886257243704915,5552.260725922887
15866,5575.475915006228,5577.07840590293,6.759028862511528,5584.226906546266
13055,5590.310685599416,5592.40098514842,9.957233702829615,5594.464271931393
15872,5592.560707499899,5594.358475675699,10.607572586914968,5596.462737319345
13818,5594.8194279233285,5596.39597947838,11.879270373861413,5598.729955599256
12976,5658.5032134547755,5678.140513828712,6.127579449944482,5680.896635105867
15310,5677.067487060084,5680.338017748346,7.569139998149212,5682.922963381318
12968,5680.0983118877975,5682.396128651372,9.306373634901364,5684.731907759682
13038,5682.3970180829165,5684.389539627793,8.495720388576007,5686.621563161241
18537,5684.628279102103,5686.375964271278,11.507227214115765,5688.593643273562
13840,5688.323028131639,5690.073253591329,12.32813205497002,5691.836720677542
13171,5691.7263691113785,5693.11446968552,11.616738354523195,5695.057351655986
15900,5701.145955616996,5702.513769022882,12.817458339807835,5704.232337753046
16072,5706.4273343070945,5708.389791985804,9.477818750572473,5716.605763330685
15908,5778.506415472862,5780.437947816829,9.402408352896327,5782.874687439782
18559,5791.742891940716,5793.515371198416,10.527954458807827,5795.6159603465485
15937,5939.420617489253,5948.086782342781,7.930808860843961,5950.5216553274295
18425,5947.278398443345,5950.340011364777,9.580301260686806,5952.478483853692
18435,6134.474947195334,6136.005796439429,8.942638373146044,6143.773453100936
18526,6147.763223236681,6149.406624100666,8.569087462563536,6152.096120367418
19293,6218.028135971714,6219.371124255316,14.18202821937081,6220.987883078253
18568,6222.954304649664,6224.182844791277,14.530150023843468,6225.747258624311
18725,6226.900216595015,6228.146459041973,13.112143598013303,6229.838617429883
18676,6316.117847592453,6317.499358619812,11.982513675917584,6319.31937681575
18428,6319.646366448229,6321.381335796747,11.6787283494156,6323.0833322080625
18486,6321.65881629864,6323.271456247253,10.608097173088758,6367.843317532524
21730,6413.796454381113,6415.2260960955855,11.332512224553794,6417.1649342688215
21398,6415.644602739908,6417.09593197592,12.024931404070383,6418.986009214869
21438,6423.789064176544,6425.074089064547,13.644245853019532,6426.711702010658
18611,6491.859330168458,6493.224229888944,11.48967946519633,6495.353166083346
19965,6497.75110075488,6499.407513717896,10.377583281649427,6501.536044822229
18714,6523.206639072987,6524.581798469935,12.396665552403697,6571.660108175805
18738,6670.859749397621,6672.007081663313,15.05146165847841,6673.490651351984
18443,6673.847283648384,6675.310444758715,11.415802006428917,6677.191889892059
18451,6676.076191617986,6677.502928628293,11.900232017030808,6679.311705460597
18419,6677.851285760789,6679.2597797374265,11.885303514277691,6680.9988147011945
18417,6684.600987800979,6686.420090479866,9.85016582971607,6688.828575432051
20429,6687.481576736264,6689.246096341811,9.814033426550756,6691.444025990242
21575,6703.025204030618,6704.4797860675,11.726440329321386,6706.397129011152
13862,6745.557416236591,6747.381104280548,10.812225798759577,6750.807288509153
18533,6764.113255954451,6765.153512929344,15.37641463464801,6766.566748016714
18720,6766.293577753933,6767.526785954272,13.772784638687726,6769.15426772151
19324,6771.59525710036,6773.46256792406,9.944238877055698,6775.6417051690605
19361,6773.894321687445,6775.540701478297,10.977576918720402,6777.575530885352
18521,6893.071105544648,6894.53203973614,12.018742547973648,6896.4811140057045
20871,6903.493459366906,6905.28725950837,11.453168976554238,6907.11025033284
21554,6905.857116506229,6907.437403657608,11.522521575620626,6909.465757425305
21594,7162.531247996043,7164.305313319626,11.563143731031074,7166.148204005456
13811,7169.262412849503,7170.594508542862,13.780545686493006,7172.150436811491
20879,7187.5646916960595,7189.096816845411,12.203339987665245,7190.9819366607
18713,7219.087436373926,7220.53698748664,13.228492480536572,7222.269816292508
18544,7220.870952784985,7222.237035450897,11.713278391883623,7223.930700084683
18416,7222.73190685934,7224.099185683618,13.053661100460458,7225.7870010744655
18585,7224.74265834065,7226.136222337388,11.996111164123432,7228.027426595004
19283,7231.104361882572,7232.458757388069,12.725149011219864,7234.2244982351895
21444,7260.591193904781,7262.006555041065,11.279723434057905,7263.910403692231
19275,7266.870978695535,7268.158148926552,12.673459012320645,7269.8748056428485
19260,7275.052483668033,7276.308595907017,13.528339979844624,7277.964671296294
18608,7289.899582750221,7292.302788887815,7.374935134403767,7294.855315317518
20777,7355.9802821329795,7357.26243649455,15.09756369137699,7358.71085149908
19936,7368.179163322218,7369.593120159654,13.11119196652838,7371.24303798397
19917,7373.019155839289,7374.395915932189,11.874115451123913,7381.733307252771
20338,7388.586034774262,7390.134263144916,12.010676639266187,7391.951952637624
20361,7393.200149133659,7394.489206856468,14.204099701002937,7395.989242877231
21608,7460.144683336411,7461.555561380336,11.657375929783058,7463.591219699118
19937,7462.112427671765,7463.535942110077,11.890686307457917,7471.374440899257
20802,7474.068174972948,7475.479142921101,11.732458097195764,7477.340207549608
20934,7536.049396042007,7537.432194349666,12.675910656047723,7539.183381632889
20918,7856.473015280695,7858.06727435592,12.443264930863819,7859.773645569895
20442,7859.8492518834555,7861.214910726472,12.091092389505159,7863.06230633285
19973,7863.095976588531,7864.521087003549,13.434926524557968,7866.207547860334
13813,7881.4518569916545,7883.096433882285,9.918378407597325,7885.1845973705995
20425,8093.090371501978,8094.525127860894,11.507024839087181,8101.441908706036
21488,8148.895524795546,8151.078972008672,8.959539252319123,8153.454107711327
20285,8156.983432003066,8158.306078516125,12.474483746314677,8159.989104144495
20702,8159.906852953445,8161.499853695042,11.11868203615701,8163.556303931681
20775,8177.856840315863,8179.332293123216,12.013113903905069,8181.216237342136
20276,8184.238333278775,8186.039315748452,9.431381152358352,8191.604257488512
20926,8201.570754225837,8203.167227876847,11.054069615934736,8205.185203452063
19337,8204.060089561774,8205.524230383673,13.094849822477926,8207.337534249806
20331,8206.13008555444,8207.47856742474,13.084318810083827,8209.387862001477
20869,8212.462002908938,8214.08800368629,11.520662512488418,8215.997054885886
20783,8230.361438111231,8232.041745020402,6.951953833126035,8260.629528963167
20340,8267.11295291067,8269.110735836624,9.51816017638159,8271.532039919875
16703,8269.339294865695,8271.228523729234,9.151233284866008,8273.569794667757
20689,8271.398651703486,8273.280987685655,8.929356158180749,8281.665878285761
21472,8381.006229058969,8382.552807926742,11.968476259357049,8384.52517327179
20012,8388.550047506149,8390.221156464302,11.77172294438506,8392.11016585911
19349,8390.525864065601,8392.069372676518,12.239294262397165,8394.06333201938
19295,9076.806479908617,9078.15187248348,13.16959454914623,9079.874526485119
19307,9246.174689794247,9247.531279382694,13.39783122774702,9249.124274707543
