1239,314.0570722220575,316.27729976444,10.542259505506243,361.1601018873949
1973,379.0067992174054,381.4949361475959,11.800391269090238,383.2088599910365
1223,382.3309988572033,384.46055014082407,12.414479681724814,386.5334698656722
1946,387.9249763509362,390.36084727960866,13.598787824752552,391.7327273365673
1231,476.08551230786946,478.2577696067517,12.287747121631588,479.8012861835782
1993,621.4134405744524,638.0940206571793,7.5210618435027365,640.4077015340876
1243,624.8168993304089,640.2883655569715,8.167979392463682,642.3764674229446
1925,639.5807238034358,642.4682231318033,10.093708785131264,644.3155022727773
1943,641.7979083438777,644.4569519318201,11.37845983977736,646.213175364792
2666,661.874010017053,664.4368395409871,12.999741723219367,665.9719473642701
2222,672.5039492367947,675.2758321520542,10.715261764562689,721.3256140810716
2944,687.6847416844943,728.208852373783,8.021790635338396,730.4176328026496
2698,689.8380140349028,730.1963315895058,9.619890444916754,732.3512592724215
2696,736.4868608099506,738.601538825931,14.147163285517683,740.0302111140495
1230,740.9960872088493,743.229074281334,12.251265315636248,744.8386336342801
2174,751.5324127721472,754.1473222359047,12.91928079461125,755.6799363629
1931,819.9820801105287,822.2832913438514,11.934301423484717,823.938829804973
2731,829.5967527505153,832.1710499535229,12.028848139979132,833.7829561501278
1632,903.1405141617096,905.3168943388678,12.268807848993506,906.8870317765314
1518,944.1913092077069,946.4861167492309,11.559494951696724,991.437096167796
2169,1000.0268190800664,1002.1597604010356,11.837341425232609,1003.761196755307
2210,1020.8281283935792,1023.30945357548,12.34527915924597,1024.9604040035956
1249,1023.769173446669,1026.1721714715334,10.654397824045962,1027.9503709106002
1986,1270.3422523118059,1272.5277865438895,14.261278171339095,1273.8401158133843
1956,1287.5702785957822,1290.1601587081134,14.072051675105593,1291.524380967375
1950,1294.5075381375102,1297.264697935923,12.851266509617588,1298.7456211514707
4949,1296.5243466315887,1299.1074405668708,12.350141725761032,1300.6782592598709
2665,1304.7573141007233,1307.424610955122,11.010280584766559,1351.3834929513284
1256,1352.1194262560848,1356.0205958439803,5.924710662505262,1358.6427578729886
2711,1365.593014365577,1368.109018190174,11.311261317648396,1369.8440516012772
1735,1504.1012155414703,1506.358795158861,10.195621796294182,1531.243411410191
1736,1829.437417756269,1831.4659233159468,12.985605523142302,1833.806545532592
1722,1831.1614562300558,1833.230353151443,9.072605313882931,1836.2685991923981
1225,1839.8279939324802,1842.1030074282946,7.32138267994467,1891.4104414581864
2005,2080.0157182286243,2082.274034873338,12.03891934288953,2083.9267636189293
6732,2269.3575090045188,2271.5467537373393,12.74452539993457,2273.1582281981014
6664,2402.074925861393,2404.0860778439633,9.265723180230994,2431.323038561211
7427,2443.2387062511193,2445.473909440584,12.40707830212682,2447.142802451674
4866,2448.672113625498,2451.302955940871,11.611594874392027,2453.058995863319
4943,2462.7794335927047,2465.427499624731,13.214481810801269,2466.94677086267
8177,2480.6006672255567,2483.2755284916684,7.634900156648369,2524.1386263883614
7686,2501.6182022330877,2530.451704374994,9.56429440903234,2532.619925890349
7445,2532.302257340623,2535.184824548144,9.10816982230752,2537.376965081197
7509,2534.317277290173,2537.221107301734,10.120175870092737,2539.8193937211076
7414,2536.3309998264026,2539.1548743275484,7.84990253588952,2542.0571757246908
7457,2543.4369599858614,2546.113726709548,12.811014991072415,2547.6223201197326
8208,2552.6806224033553,2555.076633015241,12.718051387162532,2556.6500114037417
7703,2574.4823006942856,2618.1617215681426,6.472159265448685,2620.5460918270837
7433,2577.77948497463,2620.354362091437,8.987129742223024,2622.3988314888893
7471,2636.0040331143873,2638.475999936825,11.256742317579402,2640.187676663697
7158,2723.027232415643,2725.089734354434,13.159070140970611,2726.629882855778
7452,3018.205724454579,3020.3479869091057,10.730551435704777,3061.63759983266
7480,3070.093887005105,3072.1899485419963,13.009472901160045,3073.8265509482585
5589,3083.369244668178,3085.4482327846204,14.673206401409624,3086.7899818614633
7679,3119.1069697326957,3158.2752751330795,7.563421056800813,3160.471741645352
8212,3179.6714746274292,3182.3362564378754,11.250856980665004,3184.149630877704
9747,3202.3947139719708,3205.2230651065,7.249030053012807,3244.6355127365196
7506,3211.506320522938,3251.0969848049067,8.45798506675561,3253.290756392748
8182,3250.007610427802,3253.2137999171523,10.379190601600408,3255.526568322007
8147,3272.724560249484,3275.24115621372,13.156527728392014,3276.6234583011383
8422,3278.6297506823535,3281.069350835287,10.8882681271611,3282.8480869967434
7472,3293.6203458724995,3296.2421876409635,9.999671613456732,3331.2560359331187
7442,3319.785683728431,3341.2785761707137,8.138971617429137,3343.643799270082
6971,3614.700801610724,3617.026253534347,11.54861598629268,3618.6911383864704
6948,3618.554933681261,3621.4548368338883,9.804900648699125,3623.4959785399624
6992,3623.5813897085795,3626.0608393568655,11.741218682930294,3627.7090055420153
10443,3635.772450978841,3638.1011740296526,14.213946206528975,3639.496158421541
10352,3700.0885712678673,3702.2881121652426,12.294763341172953,3703.9275647225386
8234,3719.82014023033,3722.399672944186,11.701238737673883,3724.2599416339767
9692,3723.8181780410914,3726.4489268349344,12.070573048144889,3728.087605288445
6740,3725.8761199947835,3728.3547968255575,11.928513734931768,3730.0035535991533
7973,3794.4869949751082,3797.464281624834,9.642726759491914,3799.5856719377507
10356,3796.456184722227,3799.36911072279,9.144786021338305,3801.623383839489
8440,3820.788726125932,3823.2166418941238,10.386417898813146,3871.557623232592
8444,3828.1887792556777,3876.002890333788,5.678675675079194,3878.7493903914115
8218,3887.464020941007,3890.070802911271,13.228112906598303,3891.5034486352743
7413,3889.4720095812845,3892.198303345831,10.93490319724108,3894.0357171424034
7663,3891.522538016966,3894.1077323076984,11.304589705978621,3895.900875769162
10372,3895.984677016467,3898.0023570947037,12.816196471721787,3899.602473618942
10389,3905.5343488224066,3908.0485118101387,10.866908891332875,3909.816834346314
10368,3907.5778322802194,3910.158764870854,10.206870603458704,3912.145340659616
10431,3921.748924649295,3924.3256799147116,7.529526932272745,3963.7806821149197
10363,3969.977911919566,3972.269829854662,11.171185532034434,3974.0288201764442
8142,3975.1692412678763,3977.278902446048,13.756819735686086,3978.6867009272723
12510,3982.385338064902,3984.369590508517,13.503325837648582,3986.3620151515065
10396,4004.5669755740473,4007.1361908474287,9.806268459158419,4051.116103291974
12685,4205.5352725579105,4208.081474037544,6.8376280006511765,4237.8113594132365
8165,4265.707415053322,4268.43019278841,9.9266054851662,4270.35458760395
10698,4267.731930697934,4270.4486782766035,10.777417719468136,4272.273120258778
7741,4288.301858415423,4328.050652479448,6.13104596937876,4330.708783719164
8150,4333.760952114821,4336.386413285817,12.574179818643037,4338.000973486319
12928,4339.669077865262,4342.334187999289,10.615936911492245,4344.145871684787
8236,4343.78447498936,4346.431634124528,10.848962436311313,4348.263702598414
10375,4350.601473442747,4353.050190396433,14.65958627551869,4354.418607866583
10381,4354.398892671896,4356.483508939322,13.237917719008765,4357.9366338288455
12910,4360.741293571461,4363.280172170836,10.662816553601498,4411.26331374647
13231,4381.345016209428,4418.120483209835,7.614533904247929,4420.356073236908
12971,4383.662240946866,4420.251006865378,9.023139008269453,4422.349199820233
12912,4427.018494472137,4429.5016999064965,10.774018049646832,4431.280021853015
13708,4515.076359634252,4517.2616581757375,14.626540868718568,4518.625024282623
13691,4520.139797723263,4522.464706218516,11.81669536967632,4524.108280940394
12918,4525.26944117026,4527.505454757663,13.760565075204273,4528.921901898103
15913,4527.146756367494,4529.248774046361,13.866026424822614,4530.727704094961
12243,4561.9287278318925,4564.146432274874,7.203000527575109,4594.307957765435
12226,4633.712938532967,4636.1971584361345,10.092566332513657,4681.1905836462265
12220,4724.8921293165895,4727.001921619197,9.84735767297062,4771.2909778901485
12222,4886.166913229653,4888.382938566211,12.77222130181357,4889.934778712157
13005,4983.7880464491045,4986.20995056828,11.468450738598845,4987.913625027242
15867,5066.830362781589,5069.51445038011,10.328586774828741,5071.450381428711
12677,5111.459681330855,5138.188926055747,8.156888420621502,5140.329944894651
12909,5162.816137719709,5165.091068605736,11.366986974384709,5166.779480662008
10434,5169.821837836554,5172.425146734564,11.05831623066278,5221.541512388709
12998,5231.25105413413,5233.482854232252,12.095604468622506,5235.058532759783
12151,5421.089378266607,5423.362917962754,12.024241777140967,5425.547293147656
13733,5594.945232574135,5597.372683328669,11.449961669245075,5599.071884703732
13656,5771.203784154588,5773.449542420785,13.259922614958958,5774.948472299468
18489,5773.192839393336,5775.327324621286,13.140843489522616,5777.400711496251
12944,5776.776526821534,5779.299999063953,12.747944918562139,5780.826088385231
17967,5805.023402700911,5808.144027130868,6.120231752898875,5858.720511469043
12982,5878.064237843091,5881.005223595148,10.039807330692277,5883.374637619905
15893,5953.235696476012,5956.000265160724,10.405545706796577,5958.004062546457
13010,5960.358990343405,5963.005051795773,10.013899671388671,5965.017749606174
12948,5965.278984438548,5967.485302332967,11.928165012901145,5969.202124828812
13190,5977.587470364852,5980.065262839802,8.901301455706921,5982.20657642793
12993,5979.561680047961,5982.145150876334,9.514146827586774,6031.232650401872
18049,6049.633126407149,6052.148726636417,12.06601065966716,6053.854850211166
18243,6063.302410162338,6065.525657370654,12.667010803582581,6067.068764906344
18264,6068.820996816656,6071.35506083416,10.096940422984277,6121.1989836117755
18067,6074.566229496165,6126.00776145104,5.80553491564097,6128.554116422694
18229,6310.231931248865,6312.3638824845675,13.140836423422378,6314.538952254058
18138,6324.6182781874095,6326.5980373177545,14.110030115753677,6328.748959309922
18224,6330.177914489734,6332.323679525475,12.529942464354384,6334.449031919819
17745,6411.224815745939,6413.510025466871,11.68618868527348,6415.17643002961
17743,6500.2160011793785,6502.002731166977,15.056274717998159,6503.312507882087
15182,6670.035568912028,6672.382123356395,12.279473529383926,6674.075259194724
18472,6674.357511989313,6676.583117958813,13.326613778610703,6678.636057661536
17722,6684.078255421563,6686.364793433597,10.657142338768486,6696.894778230932
18482,7818.64344450326,7821.312676789535,10.58602035557254,7831.212151334906
15922,7027.489225934733,7033.076130517398,10.006819223602994,7034.894721554849
18415,7578.462462954205,7580.608280116183,13.40978020651828,7582.102000956644
18481,7584.701824008133,7587.369037522887,12.532947385187054,7588.950641873968
13696,7709.931644746515,7712.493654097597,12.048112384251239,7741.208737669792
21422,7899.659413110279,7902.226386895934,7.490672627374313,8011.250361008579
20696,8112.946963720457,8116.0501566707535,5.5211284874831845,8119.339702138425
19886,8292.075952794676,8294.442029623275,11.71006192297692,8296.180254870234
21364,8470.212497191547,8473.02442213638,8.882014336155615,8482.361031402828
19235,8479.680970794265,8489.267326195291,7.327042626794302,8500.15931105552
20304,8557.776147024293,8563.050570288484,10.035030846738959,8565.039197267486
19150,8561.46141782302,8565.075468688652,9.86108123875203,8567.20238173636
21783,8563.900134921727,8567.021288879096,8.823897711781184,8569.21516081706
21410,8565.997904333952,8569.076098127953,8.438484993881207,8572.58032091138
19171,8576.703196281036,8579.273117163184,10.259456899936032,8641.244347334585
