2245,91.06967998075334,96.53595812994416,12.361199345311944,103.69007751496714
1483,155.5158173986548,161.5152480156752,12.066160360945426,184.51859365733935
2218,256.7028635780396,263.4130273228314,9.620740470854885,274.1124986904846
1468,269.9087910876044,276.3994014237271,10.343147295291534,284.87108745046424
1481,274.00474221833156,279.52526143823616,12.524725881764798,286.9434727350583
2234,298.1585316285982,302.4260779887872,15.825403011753712,308.2313050949586
2200,425.4771508800191,431.15640098240607,12.192000391234092,451.4217017098184
2233,461.90516961721534,467.4299872280339,12.881106816011751,474.7568246261371
2240,480.5598587256008,486.12770510641036,12.431399043418985,541.5298575473986
1520,529.9737728281602,536.1345972862865,11.05942998866063,544.5518654490294
1460,539.8093087633416,545.5282252966758,12.211499887366536,552.9004157454362
2917,593.9512907049196,600.054937535743,10.978345769631677,631.4616934056249
5223,611.363533969933,617.5447033063311,11.83447455191964,636.7989015757171
2324,614.283297419954,619.5252367402397,12.289970166088942,638.8216280854198
1530,624.0453373721147,629.5337056314735,13.052718243797244,642.6929655404138
2422,629.5657055479264,634.5656765551756,12.850858875101245,646.4177004273299
1507,638.6163258102763,644.5715147635849,11.845986324440979,652.3983915595448
1472,642.5262761805878,648.5359715111995,11.982898841204843,656.4187562158263
1644,646.2817123926663,651.4358630308737,13.013454716935556,658.4079333061443
1598,654.5800375865472,660.3370553693287,11.912759453898117,668.0629590452612
1631,656.7349120041409,662.1737869562764,11.8273097793248,721.5089433713002
4889,672.1441435403033,679.0877393976908,9.54242630784363,726.4092137099846
4870,674.1228647393569,681.1179529124605,9.994421994450335,728.4311613369664
2700,682.0202155905092,687.3185166899882,13.767906644147006,730.4836230498685
2715,689.7580919351632,694.2240160969274,14.40924980877812,734.6700785704948
1682,694.3034762231075,699.486334356822,12.617385764239867,736.4577469818618
2232,696.0737673728621,701.2859463928705,13.284451393917793,738.223280816528
1586,698.4027083655176,703.3502899608925,10.185401351017207,739.8794549511292
2182,754.2355674895114,760.500209149872,11.210902225164197,811.3823010131579
4939,763.5156971406751,769.4037546296449,11.118420058081265,814.1517692067141
1517,777.0747100390977,782.524823932414,12.816961599977,816.7589980518006
2896,809.8729862266109,815.538561047299,12.901799758499772,822.9044274490977
4909,839.0771976141489,843.5408540571204,16.046754450143343,849.3550781009994
2181,855.4036925205594,861.1579517530803,12.472529601197929,903.7005523745609
2961,865.859746943602,870.5539604386958,15.072978068873947,906.5386387560139
2392,968.4624075047441,975.1606897095841,10.138478893883018,998.4793295156605
1548,973.17896255546,978.3894896496006,13.60274732577607,1000.3378906579683
2318,988.9164756076394,995.1346127292388,11.552783219118592,1004.0866123576104
1555,1049.9488292095064,1054.6182901609393,14.059142675154535,1081.6530979437348
1476,1078.8339713425796,1085.4750470074055,9.682719617454959,1094.4887968169176
1446,1080.839872227405,1087.4223361204054,9.22675223885742,1096.4763093618012
2934,1118.9763548494752,1124.311800798925,13.133116347872527,1176.116852085527
2937,1123.0774707636197,1129.198973755054,10.927441754484375,1178.2328011940456
1450,1179.6145374524924,1185.0324165122927,12.355874212083501,1192.1239523878703
2922,1212.2545112181822,1218.2109609447352,11.56608778929314,1270.0925000449881
2899,1214.5518320338854,1220.044210090918,11.98842189892528,1272.923687066103
1585,1216.4265555235888,1222.0273144872135,12.938832734742913,1280.447168412447
2317,1232.064830023226,1238.303655183253,11.627725824735123,1289.7135734868348
1537,1241.33089952526,1247.0697009801372,11.453313830369005,1291.9328142639208
1438,1246.4660544547005,1252.352177564815,11.84353598887638,1295.8179626223114
2213,1332.0794424743915,1337.3549831179923,13.04436586998208,1384.5483883937475
2201,1340.0480350061553,1345.4069035340976,13.076817636395106,1387.2132999012078
2251,1377.941282313834,1383.1981196363533,13.45788049674414,1441.4221195324226
2924,1404.6620408575259,1409.5486229969,14.001687563595972,1444.104842414117
1509,1409.5159577389861,1415.239846759374,11.42112079527153,1446.2229400773012
1496,1411.270194798469,1417.0407539902196,11.084459580275837,1448.4885084162918
1497,1491.2091082534102,1497.4226703231845,12.110184694674214,1534.0875438465112
2215,1503.9170498763908,1509.1138600625325,14.723698871376508,1536.5791496783468
1790,1506.621767061443,1512.486435966876,14.081118389492245,1538.9869685113815
2295,1527.5607628092728,1533.3525764475842,12.03355542418065,1541.2113704114283
1744,1532.369828071716,1538.2454828398666,12.346952276839087,1545.824266369402
2483,1534.051334003326,1540.013768091688,12.561987341678428,1547.6827972310634
1624,1544.9778329770963,1550.0926724411909,14.05083763988104,1556.7158163588674
2482,1655.5430263583899,1661.297963179719,12.063057237705152,1801.6042444047382
2909,1683.9193227659632,1690.0167249873589,11.467943887531431,1807.1103425492142
4888,1842.2843117388302,1848.0987960555578,11.629995738681224,1894.2046025643672
2671,1862.0017274426577,1868.4150489917101,11.523534782566577,1906.9860774865062
2178,1898.3844387041365,1904.464761610488,11.876933673946601,1917.2477177803407
7671,2157.20107790208,2163.230778896239,13.535639932872687,2169.7965713310755
2220,2161.0576419779118,2167.245452782176,11.63406301605411,2175.1060167170717
7689,2163.611537517018,2169.314656488751,12.358410529514977,2176.8738991475107
2292,2171.044552529769,2177.4820101325945,10.292212781740313,2190.0915568868954
7208,2172.9263003289234,2179.3680666227656,10.377400227507655,2192.2873960203856
6995,2184.2433480646964,2190.4307389448686,11.474402314063552,2254.612551617242
7136,2189.7130704157944,2195.4252910200016,12.128674567875429,2256.726885569305
7257,2194.947726365207,2200.3694460836023,12.461916154256098,2259.0972600424925
1792,2196.8982112521057,2202.559479450011,12.195853881957655,2260.9307168664354
2166,2267.764241771147,2273.5145596433877,10.848767270377978,2281.3409302696127
9700,2419.2039079333863,2424.386849593043,13.539516278502818,2451.4691817776156
10410,2426.605830851146,2433.4389253823097,10.769955980415792,2465.773673444825
8410,2428.667717391098,2435.42895935207,9.47842945565486,2522.703275514945
6646,2549.782446980857,2555.326900297094,12.18199273276457,2701.549983677736
6988,2607.483102104379,2613.472440254652,11.315772980237814,2706.210726082237
7690,2620.3110722279607,2625.360194545063,14.053848522003056,2709.3668852728456
8464,2643.996903957459,2648.516347151144,15.116912055379098,2711.966625640616
7012,2672.4575909948194,2678.1138198022795,12.6329797259324,2715.8119934979354
6974,2679.3446007897696,2685.5366636462613,11.439890560596707,2717.7058898975883
7228,3003.2314860861125,3009.1565049609117,14.4834302822041,3061.4684258698794
7163,3005.594913055181,3012.164655977958,10.694346233045692,3064.217137445077
7105,3017.3322777881626,3023.444485365479,10.518497590763722,3078.032872963589
7177,3047.273933257464,3055.2996625140026,8.789576866859324,3082.536765620737
7146,3058.893867192313,3081.0497721072397,7.621863634872926,3097.0793329665107
9708,3061.303720007087,3083.2128329891716,8.43117878976642,3151.597823441361
7946,3063.1933537250598,3085.319753760653,9.093195710608903,3154.821496583275
7969,3067.2164537677827,3090.0384159295204,7.861419786077274,3162.4890994647903
7026,3096.298525864276,3101.44331271396,13.19976293427978,3241.855718889141
7235,3104.0775745251385,3110.028172651716,11.45578008532688,3244.7611740361062
8413,3123.1279727690076,3128.2536099882263,13.997138131824387,3252.8198144448315
6985,3128.213853894656,3133.4095283575325,12.326133687558269,3255.5195419229617
7243,3274.226316166658,3442.265960899186,8.403627094830263,3606.626711521839
8399,3283.5088080414976,3448.4317275418057,11.300861261959852,3612.655885321898
7702,3330.0657185943305,3450.3350414296115,10.284842221215062,3614.5181598704876
7692,3359.210382099605,3452.1741391053224,9.933678525124797,3616.8255216226794
6938,3363.7979905686257,3454.2038917415066,8.379984708223098,3618.871697385051
7212,3607.0077254925086,3624.131226526859,8.528753811513601,3632.6998976409213
7786,3609.0357947060565,3626.081164102973,10.71360541954143,3634.6294962028733
12462,3760.701711206796,3765.2064743855285,14.693659799915157,3810.1396626013234
13243,3763.160260349651,3768.5949114672085,13.095659855207803,3812.7248762241347
12456,3876.8819527826345,3882.1307270246884,13.280110399424922,3908.3584935962863
12452,3879.6101131427217,3885.480043033084,12.059845478603798,3996.7846282477376
13180,3885.89049642546,3891.602539598248,12.627590019080298,4086.7858902136663
12594,3902.4326086045335,3909.134396602546,10.720938276156426,4141.360391498335
12628,3904.6750762162287,3911.0529688143915,9.986033643637224,4145.038252890754
13948,3937.668793104709,3943.098278162427,12.773585655689399,4241.319826796196
7948,3946.538797787655,3951.517648853213,13.820741903055826,4244.435118443738
12017,3949.6123411640824,3954.6250839749487,13.921856670982915,4247.546142935956
13392,3954.017142643403,3959.5514769748584,12.1067948949333,4252.926841517642
12552,4714.184280835098,4720.486503359323,12.05317253369016,4776.311547369524
12589,4716.145823182494,4722.531443571908,10.743384714525293,4778.1932519260845
12548,4718.007867001702,4724.331247896482,11.406278817971836,4780.196030530124
12499,4719.898069444272,4726.152314317004,10.587109739600518,4782.156541877461
12584,4721.820394844385,4728.069020602367,10.52638560558384,4784.338342824396
12487,4724.372676768331,4730.029223108275,12.989584657791266,4786.112974964326
13201,4795.303211270379,4800.509496439656,13.686430538912386,4807.170439264382
15903,4835.526953534249,4840.573567398654,13.72012825252031,4878.496887449851
13728,4846.385840776596,4852.154883295275,12.233893563533782,4955.078147995865
13685,4855.21838343155,4860.135423554599,8.609798179636453,4960.0250134702055
11509,4881.988599158993,4887.578703277416,12.974820462287875,5043.424188178485
11501,4887.641562291822,4892.244006366942,10.849220600657612,5131.408824700408
13305,4906.877066739127,4977.297750099997,7.928265729933628,5146.355614175443
12543,4983.207120879682,5152.096252286661,8.355776670558365,5248.379712085779
13183,4985.5935976683195,5154.071435396846,8.676101853081974,5251.010646318634
15856,4988.873257246653,5156.10513764149,10.473111537212352,5253.223803024305
13169,5475.97714607336,5482.359936028319,11.442257078539912,5503.19029980472
13334,5478.157489330839,5484.246950344359,11.639534906772866,5505.09308086217
12700,5480.34859448318,5486.108009714134,11.672231030174679,5506.923339516173
12528,5501.508114369553,5507.199357600021,12.32660858795536,5581.5943757798
13483,5567.98668614076,5574.1235442267525,11.002589592170688,5762.847081145046
13213,5575.365520556023,5580.049440612472,15.59523770999397,5765.626685637174
12477,5581.889278469685,5590.081482362442,8.131320290893896,5768.122904894806
13368,5583.873457728746,5592.156144900493,8.676579982066794,5770.197549750885
12719,5585.966159471413,5594.200375287844,8.022909345623537,5772.347360414713
13386,5588.1584400864995,5596.330689728097,8.528165532671371,5787.012565070611
13721,5796.563061805213,5803.11035876465,10.345528460567515,5851.83940510872
19460,5799.497212722375,5805.179599887506,11.568515598873407,5854.749495782287
12465,5801.340275652033,5807.523454851692,11.458399623644425,5857.209548994962
15876,5804.536055856062,5810.557212561468,11.943498208215717,5859.1488720350335
12515,5811.762478888142,5818.05871199947,10.92890670636496,5865.0599149360105
19449,5871.2197166780725,5877.499668498761,10.38858136739353,5885.894792781176
12497,5873.275986828989,5879.331393538238,11.686845686076893,5887.925646727923
18709,5959.655491961549,5966.023032855064,12.99908378790478,6057.509922465955
19462,6016.5305961720815,6022.239082429618,15.021957358611713,6060.171553898037
13500,6020.193134751061,6028.064835662461,8.416935643608758,6062.4317948276075
12802,6036.453360700701,6043.052916123538,12.854706714854826,6066.549916468167
13436,6072.546763953669,6141.017581713167,8.400505877327186,6216.511512064999
13182,6082.448653914095,6143.292074837149,9.917817459923624,6218.402902264867
18111,6086.4929853166095,6145.1503178041685,10.540868628102842,6237.6703043111675
12677,6089.050615547657,6147.059444749537,11.272503311087833,6240.322671853857
15939,6310.775468917543,6316.114480217228,12.694369696918649,6322.985584095716
15191,6452.8838111815085,6459.0606146163245,11.66721215352669,6481.336503395359
16268,6530.335882025671,6535.434913545527,13.458858451759635,6571.811492631667
12527,6925.174578725596,6931.323168400508,13.670111413652329,6938.529241037508
12631,6934.06463359523,6940.496197363394,10.91262328097344,6948.458632282793
21407,6936.260997860932,6942.3187075238775,10.883792509411071,6950.026999097302
18063,6938.365358780224,6944.200777711544,11.870364435177386,6951.643406309452
18682,6969.81588574185,6975.013398205689,14.656439246408253,7021.59449284185
21446,6971.74736145471,6977.073893873959,12.46971073624208,7024.259899844436
18412,6977.939310300617,6984.478060160633,9.999107589876497,7030.688508122392
18740,6979.920985201999,6986.327275136877,10.65932417526883,7032.583017577318
19445,6981.763475233245,6988.287480705239,10.033756374042408,7034.762548106055
18678,6984.178296547719,6990.287434576981,9.689496015362197,7036.7106154566445
19419,6989.76573198911,6996.253433881274,10.710783629145242,7038.976748896697
19455,6994.579798195,6999.575134701181,12.420280355827488,7040.911106602561
18703,7007.818602747063,7039.160732740976,6.4420731440959145,7049.329771847653
18159,7017.735254802887,7045.527078708971,10.823509828419052,7206.14248345765
18020,7022.4435969662445,7049.462659038852,10.736476889716595,7210.252730622177
18744,7024.3729224291,7051.310753463731,11.145136364877372,7212.147325752241
12479,7027.69906587163,7053.141509305306,8.139209913969687,7214.042574421141
18683,7046.137495749431,7055.188178051139,10.650035952463114,7294.8412123477865
18712,7050.055857060379,7057.119822879508,9.295368072023392,7300.010805794665
18707,7052.2523015591,7059.0537598932115,6.129293501872655,7307.180663406158
18100,7208.737465509664,7221.007090914134,8.738587417915113,7407.58937083677
18225,7228.044515146909,7233.260695556215,11.6955618496626,7471.525392941126
18715,7231.2740228613375,7237.037319565344,7.484173392269699,7474.312294461559
18697,7338.688832196517,7494.054711327275,9.402422573675814,7583.66420218697
21360,7408.972219389002,7496.009193126926,11.428621538958645,7586.218285249834
19428,7433.9921364883,7502.18164080358,7.256452875050302,7592.477418078897
18264,7437.134283045378,7504.325048758209,7.884541931030014,7594.359279893159
13737,7586.5397261854205,7610.064593116439,7.4661716307179,7925.17449953804
18714,8457.863858424083,8463.218718805756,12.207823439600144,8470.502846214731
19424,7614.444563663158,7851.092517208349,6.474531154367632,8196.599725694155
17607,7618.773925520379,7856.063476831884,7.75034721537815,8200.681564625313
17518,7620.991606863411,7858.285503714972,7.752790527726137,8202.685579560146
17980,8653.381620538412,8658.17277889733,13.93587139025743,8738.638717130849
18713,8426.413591320643,8431.369877828907,13.685415341785454,8461.399939244675
19458,8583.14954007784,8588.378726866144,13.05157304951049,8731.654035622501
19431,8589.927150476988,8595.410931052233,13.38436062285405,8734.343119424073
19444,8854.124552165076,8859.15274784271,13.836793017302693,9001.481880763116
