949,93.61917341517766,96.4754184824415,10.189218086209562,98.35536955573667
446,103.04141585730703,105.09609270032426,13.28847982381048,106.52388173935088
463,106.80468053834886,108.61528563801677,15.53487415546969,109.83933204255716
449,111.28793684856399,113.47504783523169,13.188008184859031,114.95838242764488
458,187.9136089798333,190.28959275012676,11.873690095213364,191.9048506364237
490,193.3959272674617,195.6041894327451,13.484580940527351,197.15423340617284
931,195.12940150647182,197.3574474919223,11.640005092517516,198.88526129815747
1027,279.8590459204633,282.2059870016297,12.336949963011051,283.83030758389964
514,281.7057976062948,284.1521200166232,11.875695932910466,285.8007937660598
441,300.3724017490301,302.4144191510321,14.53031395637965,303.7671850656029
636,306.02455850922644,308.4783267951271,11.471638399196795,310.22843766144985
872,307.85516516926845,310.37791136449835,10.794885665179773,312.1590159160393
750,324.63195486764306,327.00616219735593,12.826240464007041,328.5764679204232
822,328.7286692310135,331.2217260803072,11.74510049940028,332.89226168766135
1063,345.8007380455183,348.4233582062579,10.674376569377364,350.09916367547453
723,363.88180758945776,366.5579137609156,13.282406598865794,367.9687898875779
499,375.2015796820628,377.0027719294152,15.28255541281418,378.2761497082757
432,407.9777699488681,411.0053630249734,11.042477256035992,412.82332091474547
495,412.1601256173152,415.16083819145217,9.761891597511061,417.24926311992687
764,423.41099555512307,426.12988336719036,11.305704692310286,427.84352696387583
1032,474.3717833774133,477.1097312160287,12.707579051470045,478.6464049902052
1017,554.8728687369099,557.1887140382311,12.70982383589489,558.7067093731379
1051,556.7804437508955,559.0081849713159,13.233606600766823,560.533528240936
929,576.1926970435416,578.4816530056528,12.122152100369926,580.1217450691478
946,647.7705487607642,650.2696660682565,12.287635442794517,652.1883506699268
744,669.1648085679128,671.3283428788606,11.093568414354062,719.8606318607583
452,723.6188437424576,726.2348621692937,12.146888246391088,727.8310515297294
952,725.7880300492013,728.3068514977663,10.976246727068132,730.0096063557176
1087,731.2809579961934,733.3413063803247,14.22720881902574,734.6932077141897
454,744.8205625811735,747.0320421753694,12.744554662568461,748.5658974559435
894,813.7225099613808,816.2906917395825,13.968953504436007,817.6619014401205
504,818.6005613470328,821.3151322051837,10.996971751806823,823.1019122054763
438,838.0006772274404,840.0120461791774,14.296991406525976,841.4015196702861
1043,928.246697852241,931.246435787841,11.331746728849652,932.9520126509838
1016,1004.0747449189474,1006.4672355602144,11.933288749835974,1008.127461114692
451,1008.2333361014678,1011.1501296276839,13.143966449538304,1012.6740442197068
497,1086.1349406074723,1088.557714611874,13.84062982179376,1089.8603350565427
506,1088.1697460791593,1090.5345692908295,12.561741223424766,1092.085680721612
731,1120.8484448467493,1123.3311039529644,11.429830716094255,1125.028591194831
439,1195.0628476832849,1197.4829712770065,11.335076527282224,1199.1393734316844
1034,1353.658219151587,1356.268565832889,11.771298806360077,1357.955957528065
961,1369.0131329604085,1371.553239218567,14.05450326303644,1372.8900789170289
481,1455.3116288354572,1458.1928933902568,12.089286577429549,1459.8214623107017
716,1470.2475705978898,1473.1649939220226,13.291945752273271,1474.6118322270065
1091,1475.516611944922,1478.165850086896,12.157412525840012,1479.744256886088
467,1477.7351527951985,1480.129660226192,13.163636870679861,1481.6215884640737
443,1521.7793555862281,1524.0911935958832,9.48842727454916,1531.4432862482295
983,1543.6452517083962,1546.051964012739,11.577141840845755,1547.7662103184728
1070,1551.1790444874443,1554.0277297089933,12.942687336292103,1555.563877009766
1025,1557.314567265036,1560.1225220254964,11.738835779942116,1561.7925848855891
507,1564.9588281663932,1567.091422659926,13.761369218440194,1568.5402679644874
677,1568.7328043923044,1571.2712429373655,10.811410880657107,1573.0689197041286
987,1570.485616770732,1573.142560174181,11.022975392005405,1574.8858176735182
1019,1633.1585771904117,1635.2554709101996,13.449747876309752,1636.7026780133883
533,1637.6750609012013,1640.4706706278514,10.721506825904452,1642.3096034325195
969,1639.536122540147,1642.3492785656379,11.272304337024627,1644.2267470761556
1118,1641.3847318275643,1644.2471812259168,10.211571830599235,1646.1551765678066
465,1654.7316396304873,1657.1214250090582,11.685111050690681,1658.8108836861388
707,1723.5103065931226,1726.2385577411815,10.569876026823724,1728.039941431762
727,1725.4362387845451,1728.1208680899335,11.067238378389913,1730.0471573852567
468,1727.347583597439,1730.020565309998,8.99317561821,1731.966920991934
847,1803.758727840407,1806.407656997105,12.169560077187024,1807.9859344152355
736,1805.6759697007788,1808.2171698773577,12.093200062961566,1809.837114503414
1084,1807.7309484765024,1810.0323296536833,12.545444011147953,1811.624094518644
480,1820.111306931701,1822.4797842525163,12.54534407689093,1824.0534380319275
6200,1827.1810851895991,1829.408479480225,12.173886064939712,1830.8994675744698
6186,1831.7646631509895,1834.373109714378,11.428359852541101,1836.1350986079854
530,1847.7218767447143,1850.5428656458685,13.436744260461305,1851.8663725615822
501,1849.7062732971178,1852.4223419714215,10.911195043735185,1854.1663611381762
392,1852.0507463167014,1854.5262621129295,12.489266069750581,1856.1057446914176
471,1864.646009141059,1867.2198528727363,9.494946458770048,1869.7107121750219
1086,1870.7174561224356,1873.2495647594894,11.719009746196972,1874.924150598149
5953,1925.3229990745074,1927.2714591480158,14.431917332528803,1928.614300493912
5933,1988.0610883078023,1990.3853403465973,14.301996465603374,1991.7457515746348
6613,1990.054121848532,1992.3634807887647,11.864119322748136,1993.9850297045273
6536,2083.1347116548545,2086.2986393252395,12.067268934603666,2087.862998713953
6289,2107.4094567149077,2110.1802910861925,10.436298981627916,2112.0821482889746
6539,2109.403271344411,2112.100736200103,10.697290819839905,2113.9612536720197
6998,2163.9919196064698,2166.49170158791,14.06945444736836,2167.914874044169
5938,2179.0581975487953,2181.255152485085,13.33852214758411,2182.7390755097313
6469,2200.788912414299,2203.011419088295,12.519585535630535,2204.5766977432436
6595,2268.938146564112,2271.3566540663687,12.22920870749851,2272.9584060429224
6518,2270.759165292058,2273.142432050392,12.582503946455672,2274.7107535222685
5984,2272.6701187640715,2275.056145493276,12.519664825388336,2276.6215475888594
6362,2278.7209231502093,2281.4453593758844,11.334303799115968,2283.272929863495
6562,2280.619023798502,2283.369985271239,10.72454181418928,2285.237744693266
5965,2364.2413042506005,2366.566747017736,11.978406568015346,2368.1307306755243
6583,2378.0635957677077,2380.4297365906045,12.035053046579604,2381.992088968748
6173,2461.5460339373667,2463.542982062316,14.194910732175568,2464.934117099564
6201,2470.949350161672,2473.276324540055,12.561716747425988,2474.874887618044
6402,2523.8187460993677,2526.3787586624853,12.638942320344476,2528.010963565398
6456,2546.014309470008,2549.069110816381,10.310319852402266,2550.9319676789914
6244,2562.503946694826,2565.5585760495296,12.165152199467075,2567.0289279607896
6450,2613.7902220631727,2616.411106630165,13.67735807886832,2617.838913333086
6356,2632.9623674878635,2635.410675793891,12.045496705020508,2636.9994137625736
6575,2643.775802432224,2646.4658172245036,11.14327472551032,2648.2786106387293
6224,2707.8657345371694,2710.315450757443,11.553658795583292,2712.012814431361
6025,2715.303113861381,2717.4580992361557,13.34287156694014,2718.9038094897273
5853,2750.332728819759,2753.1184427208555,11.123599741967132,2754.813158421538
6236,2769.278054126602,2771.5669866448857,12.575343045663356,2773.1341375770776
6464,2796.731693036171,2799.321586799377,12.734907582867523,2800.8816718815538
6608,2804.8074284593067,2807.2891329369886,11.065896583896484,2808.9862107413246
6589,2817.0897334982,2819.56343284903,11.465878042369958,2821.2277790693383
6190,2822.7429037087077,2825.262950741278,11.321303946366958,2826.9763648611156
6559,2889.1069313325465,2891.4006221633654,12.735139213232046,2892.9337239698934
6211,2907.6186159513927,2909.58644348371,14.897325249884323,2910.929262645093
5776,3022.6310007656903,3025.3290484187432,12.758069891246109,3026.826780642934
5986,3063.491527405233,3066.212044411381,11.693667671663459,3067.8570445685527
6206,3072.886223186411,3075.0417137183917,13.437125663591406,3076.485795344105
6485,3076.462542581136,3079.157430429705,10.958469450942578,3080.97423057014
7139,3123.973301585599,3126.4561703481854,14.51428731955431,3127.7614533176675
6371,3154.3680758935466,3157.197594533097,11.592102272805517,3158.9649217263036
6002,3156.451846282168,3159.0121090964276,10.913633530914776,3160.8348947944833
6354,3183.294330770463,3186.173376065049,13.528981001262387,3187.6149562223004
5974,3243.521430399935,3246.155857676165,13.238494830979796,3247.6647371650934
7077,3257.297777247741,3260.018457163232,10.77348271766295,3261.84901486912
5947,3265.6571944546968,3268.2629418170113,10.995901954769284,3270.037678966208
6434,3267.5637501611236,3270.202023975078,11.849655499654487,3271.875631289613
5952,3269.785776213691,3272.5199258338307,11.135517911330417,3274.309445894112
5968,3279.361936579687,3282.0442684999807,10.328397474248534,3283.9016912515067
6503,3309.4634858882823,3311.615156643089,13.524698369754072,3313.0875797734384
6426,3333.823077275271,3336.4470013920827,11.583724895673964,3338.138028298327
6033,3338.129731070492,3340.4514889785146,12.065415081464053,3342.0391481592765
6009,3344.640565255669,3347.299080612101,10.65773664193388,3349.1683426903032
6235,3378.234240738349,3381.131042354766,13.954117851704867,3382.47797333791
6509,3380.5267342393886,3383.2801069475945,11.830957390879487,3384.8945889684956
5983,3382.664530311574,3385.211084106963,11.902803513614872,3386.8718629367136
6463,3393.681551977637,3396.184097191072,11.090927285438962,3397.9021110957765
6519,3402.852935423174,3405.0114051911987,13.353701179270606,3406.494839339089
5994,3423.842125901786,3426.4118370416877,13.956011506345568,3427.8433540212113
5957,3430.657927802206,3433.448725671121,10.9718672133129,3435.1397561314716
6616,3432.558461471657,3435.2689701676527,11.187819004789866,3436.9778802095425
6237,3515.8994045499107,3518.3425820252946,11.945571499494692,3519.980565417098
6227,3524.1034882043728,3526.0135125215484,15.635123054039596,3527.2621132963736
6523,3530.2179644775815,3533.069623475087,13.700620253569339,3534.508572788423
6014,3543.032237596543,3545.482849817544,14.186531440985247,3546.8946699087987
6600,3544.9860285546174,3547.269327874536,13.246265607457252,3548.7383700513165
6263,3609.914232525428,3612.533794219439,11.074564901446985,3614.2717839864717
6581,3611.7865047403643,3614.359997627662,11.614223028500462,3616.138511483642
6108,3613.636107664645,3616.252790878703,10.77298160430559,3617.9939127165662
6153,3615.682552271777,3618.1780656192277,11.248430190624186,3619.9552031980534
6001,3621.1578279372543,3623.4524708305553,12.46809332896165,3625.069195043979
6538,3623.0082296915493,3625.2518520658223,12.40009484741829,3626.8425698995675
7086,3658.681777095376,3661.1209635049026,12.880021678974607,3662.645606389727
6346,3664.0191911455204,3666.089355813336,14.863386101017433,3667.420424432881
6561,3667.7553480636034,3670.3324465464957,11.116175893314754,3672.0681384889335
7006,3678.000798798803,3680.4837696241752,10.613265831174612,3691.4714374801515
6578,3693.5403206070605,3697.043346861895,6.465309764205823,3699.716606385425
6021,3739.9834349608877,3742.5251521688515,14.263220030430183,3743.9511075961764
6348,3746.001872364357,3748.531647468128,11.767453647173943,3750.13902745928
12070,3797.7308577998497,3800.494426938719,10.94439045006145,3802.3798496243667
11517,3799.6178320986205,3802.373953899747,10.12461976935051,3804.2465370237164
11689,3803.083598036257,3805.3918789328095,13.018567252993083,3806.9116799951817
6405,3835.1553132687727,3838.0203126719884,13.276177656734687,3839.524269855476
6363,3839.6826408468546,3842.082993566266,13.48872944224955,3843.580693237458
6418,3841.6116646239466,3844.076424569244,13.061547762414861,3845.605512239737
9494,3921.6213497154336,3925.1395606692818,7.575189394508035,3928.6837463512647
11972,3990.8267845381147,4249.157084828015,6.477163664687407,4251.820199624996
11471,4883.476712489517,4886.326752962069,10.09916365674243,4888.319149215865
12003,4900.356695052352,4902.5190324646255,13.363747987411616,4903.992003564811
11474,4953.967734973897,4956.539830505592,12.954771106940878,4958.061230133776
12106,4967.988624669133,4970.210787489452,13.600718600729413,4971.6475509870015
11713,4977.770579759136,4980.0250107043,13.419246178888779,4981.514960223465
11522,4982.98682441561,4985.255188577503,13.380490022155445,4986.749473552171
11979,5052.533388802715,5054.504527313999,14.974116014519337,5055.805679480585
11966,5075.218690825186,5077.585851687347,12.492107285318856,5079.158185697923
11459,5077.222361063935,5079.476859188708,13.19854637116772,5080.992968205765
11724,5080.891687623111,5083.190838014976,13.22714445614358,5084.670556736584
12085,5155.362373699189,5158.373453595086,10.49610009907666,5160.366183865632
12096,5162.5129684946705,5165.5806881419985,12.848266171939088,5167.059012444645
11869,5168.199585266048,5171.132439583873,13.057670908666093,5172.562159053405
11525,5180.468979064278,5183.163718629479,11.948243156534511,5184.810498913889
11880,5184.901817810316,5187.406366662023,11.477413660808624,5189.066665531227
11980,5186.6982958998315,5189.166716950062,12.324551616068575,5190.818257753196
11866,5192.192888924663,5194.589186426547,13.701648769991863,5196.288787821645
11058,5194.080222467086,5196.52116490719,10.480417191428694,5198.248136305442
11380,5196.024945760494,5198.50222057892,12.179456742925867,5200.2737511421155
11421,5197.881406754098,5200.25197948283,11.034181029829918,5202.4137425406
11403,5199.747657535884,5202.221721191294,8.601992943233286,5205.404360045454
11429,5270.038289203017,5272.581101747556,13.822437702324157,5273.883174217239
11683,5272.021702301037,5274.470628311745,12.643155435073098,5275.9770468319175
11425,5452.641690650277,5455.171416567322,11.897455633561892,5456.829166587586
12045,5546.095398556652,5548.158974347875,13.615604906565856,5549.57262254075
11790,5703.450539366597,5706.17604038623,11.650199820902584,5707.91104357905
12018,5705.756881713897,5708.367185629524,11.526070685324601,5710.118753635119
11849,5707.612862853908,5710.145943101624,11.243629547744455,5711.866063905263
12963,5714.220449956808,5717.160690747708,12.213628603399561,5718.814241228402
11781,6639.990908394657,5721.463833002869,14.539298979194962,6643.16663391987
11528,5732.716183149511,5735.095008694619,12.802602701162229,5736.6740509933425
11442,5734.670218753946,5737.076376253762,12.854047011510888,5738.719650963349
12013,5789.604837877837,5792.342367109578,11.43624948726689,5794.07211497573
11899,5791.714863282502,5794.264227281206,11.133551043082637,5795.925674572681
12049,5793.575462512884,5796.105999235898,11.508788148745895,5797.787973360972
12496,5797.268039760733,5799.161376094097,15.550182837112102,5800.48010527667
13235,5878.265765674276,5881.027122026466,10.623409167219078,6017.17978237866
12092,6061.733905205881,6064.425477822649,10.914927476139109,6088.658871790046
16987,6142.3503201369995,6144.479876829027,15.274684285993027,6145.753845917042
17224,6144.179013994948,6146.432455775488,13.610701181889043,6147.90527423908
17339,6155.989283610523,6158.426286437718,11.4871204273602,6160.042821327227
17517,6213.420237778876,6216.092572158286,13.351473604950748,6217.564357979723
17544,6304.104308532948,6307.09026862994,10.356658670070383,6387.656486456256
17612,6307.9470448399225,6310.31857975928,8.985900418958364,6392.5638933000655
18013,6907.842194027953,6910.004261210518,14.291118559129163,6911.368289068151
17481,6915.536833921974,6918.255568604363,11.391445718593287,6920.010588902249
12459,6948.997132000976,6951.389367060098,13.067586719424545,6952.901047550928
17469,6969.799864283193,6972.30438361408,11.778497335865456,6973.991826636014
12503,6978.722904928166,6981.177267968942,12.556244004131171,6982.738290146816
17028,6981.940701856299,6985.227557452901,11.929178400696376,6986.907629580538
11824,6984.495158865889,6987.169896151161,12.536045283272232,6988.7194694383015
13971,6995.263004518412,6998.191561128017,7.6933167085877985,7516.188431927466
16992,7400.394533626432,7530.084658538527,8.724742867980169,7532.104178718303
11333,7527.268708237177,7532.129547059865,10.3170892404276,7534.197951386896
17361,7531.676884174267,7534.462566762147,11.206211825593593,7536.618987986815
16252,7803.7998186066325,7806.245294828298,12.89412053032639,7807.753276698746
18503,7887.791534783377,8128.159483673642,7.387751954148632,8130.347125621712
13241,7913.380326178182,8130.300439145825,8.387339690235013,8132.333576940667
12520,8127.478145606607,8132.263200096551,10.185166224690688,8134.1146206929725
17435,8508.79536415591,8511.215957022987,15.45111377055986,8512.509798410993
17611,8553.909165612198,8556.590157059325,12.81540065528271,8557.971723227085
16934,8585.935552323846,8588.148731038582,14.054359546952515,8589.556117867449
16974,8649.61621164682,8652.492194765275,10.879749580842534,8654.245792708127
17214,8656.607567434881,8659.116327545025,11.345413098816412,8660.87569942235
16952,8976.144967477308,8978.547378758165,11.60195873460991,8980.236026658467
19833,9015.224082993618,9017.492323360542,12.657560280724702,9018.971888281034
18666,9018.759990779225,9021.169949725347,12.338636419987747,9022.788954837295
18751,9032.27476813678,9035.373249848375,12.691618129177723,9036.870698458277
17269,9040.267304565132,9043.380981586139,10.684810888884194,9045.278631990519
17962,9051.07160488222,9053.311257317837,13.593247339554658,9054.740527992144
18672,9053.752977247052,9056.520124638153,11.292125857371033,9058.34441312569
13955,9055.740074363288,9058.395097844019,10.272270769510063,9060.154507746756
21770,9057.705089266417,9060.269791475665,11.466574947501684,9062.01391755926
21044,9059.646852773467,9062.167722942855,11.53672165925246,9063.998163126094
17295,9066.607539399154,9068.649481420034,14.553339384985549,9070.435179799993
21084,9070.225194722718,9073.224432205381,8.095234181238407,9091.7512450438
16947,9564.74208936259,9567.595303674963,12.775097453842015,9569.066365196597
16935,9581.065289104852,9584.22777733762,11.71695617906564,9585.825671422279
17376,9633.70447291401,9636.460259578085,12.602325306245541,9638.045377062619
