2560,12.597945114763442,15.41353648948957,12.180153616837515,46.43876304604627
2623,35.27502449325212,38.45018757535948,11.921272285708435,53.60794931660381
2641,42.56957537786529,45.1878948047239,13.032947879104,55.81659437050328
2879,61.97024554588754,64.56416447457207,11.972367076663554,69.31953922803844
2607,94.3209274217721,97.01727986837598,11.834287300471416,136.36271983055892
2865,122.83636033817348,125.40735888185687,13.028256979503961,140.13712320123688
2561,175.7367400621251,178.3498021671388,12.847343343083162,228.87371553676783
2656,194.95004521946404,197.3120736232616,13.767741834180732,234.2814423037723
2639,200.38931193390428,203.13058289174808,9.566737146512665,238.25794280446132
2751,237.55007281604256,242.04799733430795,8.560875364515763,247.40269651466053
2748,246.87490676583076,249.4986399744003,12.592653212484112,254.1973812343161
2806,248.63382260274824,251.27154732930342,12.351645458356618,255.9230793291882
2692,277.6371478956527,281.29090336897156,9.63515717337975,316.49915444564766
2682,289.5462355408633,292.01604196507606,13.09570581627743,321.5129070410805
2685,325.91177267105707,328.39415062427105,13.231708643439312,334.90251987458794
2666,327.6956943573263,330.17400023406674,13.884659763740627,337.17669798011514
2537,342.64991025080093,345.25897181323876,12.28750287055658,349.88714117548943
2977,371.355643617031,373.62876552615927,14.236130912365315,419.58063791742967
4381,374.80320620517546,377.45501506513773,11.608289525715715,422.2593861181299
2784,438.3153752131931,441.32529021635696,10.942630252925854,496.39771366897094
2762,474.5987606873171,477.1131878458688,13.484672352139047,505.9372830923412
2612,517.9173339405493,520.5318967309222,12.048606864702938,524.8700855141452
2715,528.1643336590832,530.2817740193298,15.22205838364556,534.0950212028582
2805,533.3446782388725,536.119753561762,11.519748591607708,586.365659766363
2950,546.7388696736461,549.4719234731001,12.366440560290751,591.1120891136635
2935,558.0856814425003,561.0807885495884,6.539571027818096,601.8830604157554
2896,600.471469313867,607.3435455990087,8.324521629242476,612.8049317923716
2737,612.2658687442196,614.5392404069299,14.626491496998188,618.3354010090379
2723,614.7631880237068,617.4566652247413,12.225164485195275,622.0836468427271
2732,617.7553891005255,620.3008430377035,12.520245314969264,676.3436938785175
2787,621.8085044429588,624.1128273675724,14.18327352838731,679.5282469736729
2596,631.4039661945924,634.4637377461786,11.083897493901624,684.1896520333227
2828,717.6748029896349,720.4439810182647,11.849317120863953,766.3396097601923
2683,742.419539001552,745.215867958292,11.569542940313404,769.1855468304481
2605,765.1161039281706,767.4916793932941,13.797493432083849,775.5546531323804
2541,777.4712610200799,780.158386827841,12.72515769757206,784.756308870008
2835,784.0969897974503,786.5172727951401,13.849210407173233,790.7632853658556
2565,804.0079945299634,807.0132400069607,10.938121442901691,856.4568238260404
2695,816.0058111577412,818.5976934952955,12.899463942530696,863.9490243421092
2580,886.4019399471225,888.6198462336798,15.160668869121274,946.4477997773095
2542,918.2089816267071,921.0926356564426,6.232960959083503,963.9617427733816
2801,940.8920084494595,966.248441070409,8.9780082563412,981.0594929586373
2730,968.2215461323079,974.06993354383,6.5992949643539545,1046.8108451090914
2654,970.9232431992662,976.3194835799861,7.733976680294497,1053.2774145361004
2766,1084.971381899314,1156.0418182957583,6.012142799973561,1221.6890864738336
3502,1140.463485826399,1158.299018350423,8.555107159487338,1224.0109503861502
2933,1145.5190128773822,1160.3774205525451,9.01364913321229,1225.9913343897442
2852,1176.987776570608,1236.1118601215844,8.64572551510152,1240.868582336003
3907,1231.4423479282782,1238.1490485906074,10.129741358632575,1242.7909752481496
4385,1241.0286842906037,1244.076513349733,12.188808213778639,1248.776842958926
2941,1247.7866486440273,1250.3754811821177,13.553294985226627,1306.77727319518
2770,1249.6386399574149,1252.230424217855,13.264515664652837,1309.308106160227
2679,1251.7094705699915,1254.1834865748876,13.415338177242502,1311.4933269010041
2781,1260.4582146342188,1264.1546068530147,6.4087836039351975,1321.6570725553574
2718,1272.4767648114216,1319.0738752206867,7.6712598606442395,1327.287098681562
2915,1320.8985672746721,1327.0677601622901,6.782874125283803,1332.9805450703775
3872,1336.2978692620145,1339.3525238442883,13.503177458557758,1396.48977139352
2783,1346.6162329544657,1349.4392682732716,12.080072081259768,1400.579956172833
2876,1352.2130506474944,1355.2119461287004,10.523883350121627,1405.0325635346678
2773,1356.275015288079,1359.060355954937,12.42033232045997,1407.3478911966706
2913,1365.0701055681557,1367.3421444291582,12.76797205920229,1409.4313787745814
2882,1409.95346190579,1413.3118357605827,10.870479849106683,1418.9234683074258
2822,1411.8798258858046,1415.2026028731314,10.238305519386435,1421.2024865001247
2970,1413.9657122927651,1417.1380267055513,9.987176105148043,1423.4668019246787
2651,1419.5155757709747,1422.359398111672,11.247983196609635,1427.3387159960628
2633,1425.6223982543097,1428.5402460089902,11.262063489778113,1486.2210441771565
2759,1434.0052495476068,1436.3468190888905,13.260600597692164,1489.9038872789758
2642,1445.4875794432191,1448.171405297999,12.228541079589846,1492.6601793070508
2676,1498.84101781185,1501.2157215189213,13.320239422408248,1508.3897498041977
2722,1515.3943141491006,1518.1800908043272,11.391863282345499,1523.1246128480493
2892,1523.7643454991965,1526.096951961041,13.535551279004514,1576.7974739494086
2724,1544.2664589736773,1547.0977174604361,11.78731483560002,1583.9481938722156
3487,1548.857163548474,1551.3656188675884,13.14990761047931,1585.9909663845378
2717,1551.8118222015719,1554.5075030417986,11.450021152431765,1590.029228383264
2761,1594.9294496362227,1597.4219821484942,12.270236318523704,1602.0768692050588
2803,1597.6882299789315,1600.4924123687822,11.073195004431598,1605.474642867626
2750,1623.6428969191536,1626.2355071286183,12.891884011813985,1669.308191431059
3478,1637.4531685576005,1640.516489657477,14.009240462743323,1673.891923570869
2951,1670.660626069241,1673.2549302271766,13.145368616327394,1677.72561278861
2979,1676.6246137149922,1679.4525830413972,11.142589133300532,1684.483253487885
2796,1733.1705385796988,1736.2767662530525,10.42309180647971,1768.609566228646
2684,1738.1950633806196,1741.1133064687833,5.972715370674812,1770.5630679317414
2782,1764.7615592721,1774.2137555840736,8.489832320892507,1780.0268321121628
2775,1772.3439879648788,1776.3818342040722,8.904407103934936,1781.8793743358965
2866,1776.826780194397,1779.1801497810643,12.62657455436494,1783.825268525744
2613,1788.9363747634409,1791.1593067974243,14.939015947667144,1846.4686893844334
2793,1791.2627014012846,1794.0065940673169,12.01007321237159,1849.0572702747752
3519,1812.2243046091812,1815.4990742103112,12.13926228539923,1853.2992712014636
4394,1824.9488466759094,1827.623203977631,14.124944058797151,1855.2123955420802
8215,1831.746334505469,1834.5344145990084,10.900645918929175,1857.0799174796746
8387,1855.8175515816597,1858.250928332582,13.902619007039371,1865.0481025197132
8333,1871.125584489775,1873.491662125096,13.893295966343567,1878.0944893957555
8098,1882.7645940611794,1885.1643888963836,13.89973635462808,1936.5080458289
4418,1893.4617172639296,1896.529223367665,14.466812509364063,1943.510650691435
8046,1906.0387407253822,1908.402354590142,14.354340712954217,1948.7178651854222
8208,1911.5799370465047,1914.146737896371,12.131958017345385,1950.7826694427051
2868,1955.5010604425277,1959.0835807763858,9.295748768121513,1971.418633743599
8146,1960.76449319607,1963.3726808438678,13.221519463970145,2028.3500488294083
8345,1973.6657197817885,1976.4968441389904,10.848073149846062,2047.1067468144145
3497,1979.2189073145012,1983.0415882879552,8.772842438008144,2049.232879640452
3933,2043.2578264428237,2057.03860366769,6.946901763265844,2125.081169900486
8050,2100.165643008724,2135.1096217299214,7.220624176590048,2148.0437115825225
8138,2131.3172836680133,2140.0984834442247,5.6219686394831365,2152.3292142547707
8458,2144.52102221736,2154.051216581325,7.81747324493491,2220.348433442195
8059,2147.493397523053,2156.0832568790997,8.729883582829721,2223.6417900462056
8073,2152.0819207132527,2158.1921238157697,7.451862620871794,2225.7837237006506
8220,2224.1771046399053,2236.2697679389885,7.505291978023869,2243.7648795981495
8042,2319.813020691088,2333.1890893436844,7.515144560272785,2391.603657457246
8077,2349.560100409437,2404.4088118399104,9.320122996702079,2409.517451319119
8170,2401.4258863346577,2406.3901213446957,10.144319422748795,2411.1915957305655
10616,2404.0857430709684,2408.216985083258,11.622606680808321,2412.9978143235508
10567,2413.332288975139,2416.1764351590614,12.060069457957988,2421.0059109106614
8277,2429.0761867196356,2432.3254515974763,10.452653561636412,2485.10369075316
8056,2444.6738247925487,2447.181322198228,12.403753714979548,2487.092135491394
8182,2448.497643130686,2451.331874963197,12.028793187345427,2489.060203068974
8395,2459.6815221575735,2462.307232723099,9.937984952438223,2491.391720583324
8324,2497.3555548365066,2501.3646161209203,10.034066164170929,2506.622479023608
8110,2499.6478567375416,2503.3097911609475,9.802177522572281,2508.5173740072564
8293,2501.6464756001733,2505.269775280813,10.678331416655368,2510.308986775168
8350,2543.5642750409843,2546.330498020563,11.959660634288177,2572.064464610359
8261,2545.3075689731145,2548.128667276317,12.033128132229317,2574.2222051402296
8255,2547.9346225987856,2550.562511097418,12.56890924904151,2576.303610618071
8466,2596.505362439603,2599.274792493335,11.425551784870684,2656.617451974228
8311,2637.9265921461324,2640.264575302576,14.425856130635598,2661.4149431540554
8099,2654.3087366812065,2657.3181854816016,10.997634452695616,2674.251469353501
8332,2656.280890880291,2659.2349757830875,9.25902215241371,2676.956276338414
8109,2714.711129104905,2717.3235064555265,13.031114308317013,2754.1470810273395
9810,2739.128732576429,2742.2917823280773,12.841163467859971,2756.2476097977333
9857,2741.359705617368,2744.17318016184,11.113225610967385,2758.1384300366294
8978,2743.319901019505,2746.262327090826,10.298455314765214,2760.09466114145
9902,2765.1974195650255,2768.32707043566,13.58771070972027,2772.593858865229
9760,2772.190681230597,2775.341767152111,13.423711905130343,2779.3933170909563
9775,2774.1698097805966,2777.003085645711,14.270930359644684,2781.176941556284
9427,2783.1274508044467,2786.1220441000446,13.38775097184597,2839.9453699461183
9401,2785.443944681676,2788.3749886633136,12.549987651374318,2844.0525430785015
9827,2788.274478113589,2791.319846791427,11.848674957424867,2846.4886084449345
9773,2790.4423637245845,2793.2753034898374,12.437752514786595,2848.521615377884
9379,2796.0883757405813,2799.07204214882,5.731450592715531,2852.2435626616793
8190,2814.3897065893875,2854.0314422805504,7.780398820620571,2860.769941186329
8353,2818.6208653207123,2856.3772453184883,8.19654230426563,2863.397512049019
9410,2851.3847816543557,2858.3895691130083,9.54809966844385,2865.471653597823
8223,2855.56613999415,2860.278589514282,11.192378562745285,2868.2134757478843
8119,2858.4403308377564,2862.0937011244378,10.136474634928524,2870.472379650852
8347,2860.6785873798813,2864.1067316432886,8.766674926783375,2872.584813339377
8349,2866.86726282971,2871.2524826671884,7.38544391914619,2955.352265721856
9884,2872.69285527519,2876.3966110052147,9.014084703364539,2960.5794883998906
9894,2874.7441179357966,2878.4256394689774,8.7113116127662,3016.420007113804
9929,3041.224637916309,3044.1636646742127,14.143049658619221,3048.3909479989384
8343,3045.206398428518,3047.5842355951695,14.780880880924927,3051.674192347853
8288,3047.015228680607,3049.3256190747943,14.85430112402222,3106.194861488615
9920,3058.730478903749,3062.2294720441378,9.870813683657023,3122.461589802716
8440,3060.890312397017,3064.173762693304,6.475229223300466,3124.761815680447
8123,3125.918269498805,3135.2132251688454,7.696387340455354,3200.067059801549
8118,3152.460038270595,3155.3251021014585,11.294935447060722,3207.5275209457
8135,3154.2429949748,3157.0829157761723,11.043300727185368,3213.17964711879
8035,3209.383935843126,3212.478961159878,10.278766874087674,3220.4965891028182
8227,3214.753875624738,3217.032736381482,12.76243399646368,3223.0714361348955
8224,3259.2817466612555,3262.3347091521828,10.788444637161431,3298.8772880383735
8285,3261.218282558983,3264.315089827106,8.400122011544294,3301.4524813052108
8337,3308.125570017813,3311.2836070976286,9.960987047747379,3383.2453624286154
8239,3310.312468114633,3313.409954426529,8.78573510962983,3387.367343262945
8128,3337.8823651534344,3340.3272680839564,13.67788547113715,3390.1814798420946
9896,3346.5136732446817,3349.6050491517285,13.21688002519315,3392.480172188969
6790,3355.987312779465,3359.2903926193417,7.254859982207387,3396.5319362530254
8162,3385.521272469237,3398.105274272285,6.296223406918563,3408.505519422551
9933,3391.775337799872,3400.2468095346962,8.540772285671748,3410.9717353481324
8991,3395.0900788669464,3402.348769982377,8.802588591636015,3412.8988192586703
8472,3419.8866644474206,3423.3373285088833,9.409000691464295,3475.836693728165
8161,3421.806281436334,3425.275731684659,8.967482451876487,3477.955412308369
8079,3423.87749237866,3427.3106134186214,10.523132511657804,3479.8366652752193
9897,3431.870699821595,3435.3633363472773,7.9948450559192175,3483.6375004802494
8348,3459.3422977387845,3486.10082923254,7.744358117871873,3498.181079740602
9893,3463.907678719966,3488.1620190350377,9.707838532035018,3500.837950767018
9419,3484.530669461,3490.053651916983,11.16408099109719,3556.3489132010272
8377,3487.8490605680354,3492.0141860531216,9.036603903435756,3561.5261611172
8356,3490.300956098562,3494.0678249311572,8.022194382839674,3564.72784981431
13702,3670.5165037827073,3677.012637735208,9.473298323946377,3736.3395627290647
13544,3673.5190684205013,3679.0490964012297,5.6276129461286395,3739.045070718781
9002,3700.9745718187933,3749.1487881683206,7.570206883253674,3762.678058383345
13933,3759.34107311203,3768.2813070433735,7.4422759030435595,3826.8428180502215
13632,3763.0882552768016,3770.3524902183,9.217743365779738,3834.1002478827504
13681,3768.084295535196,3772.350198029242,9.714631211325209,3836.6873771372016
9418,3775.331252773682,3778.420808462408,12.619529392975206,3841.1676531953594
13889,3778.64582141283,3781.3154198573006,10.01243385368906,3843.061755691192
9903,3785.5878375814673,3789.0353011164307,6.600256690523067,3844.9609554819717
13706,3841.235118242525,3851.015046844329,8.43310656024969,3919.192952979779
13636,3848.401062590872,3853.1014597031285,9.22237839772569,3921.5215170580973
13824,3851.168313892544,3855.1553735073708,9.615212914798297,3924.1589457902696
13852,3855.3094492953014,3858.4328809121535,8.947630535041144,3926.241285909785
13764,3876.208069482215,3932.249465734059,7.73957372058155,3938.9715955451225
8987,3881.5883746136788,3934.2465276274356,9.166396601144072,3949.433840891673
9011,3949.1110370518118,3952.4070127214572,13.607713345797071,4006.545731443332
10556,3960.8419462946154,3964.204117503857,11.932796559353529,4011.30656864352
9398,3963.0422893695577,3966.0242504233047,11.28280040223405,4013.5323196979857
16100,3996.98488780033,3999.241356375433,10.661447450248966,4017.539090830971
13895,4006.7094811212783,4019.0451251651825,6.729774611786894,4025.2504917207348
10565,4008.7430745725446,4021.3297671152895,8.406843573900924,4026.9035265703433
9915,4013.458575305806,4023.329192737719,9.967943035571237,4028.730647195209
13628,4028.7886972477177,4031.3616150765024,12.801759466011243,4036.07148334055
16061,4038.6453207857076,4041.510398183765,11.396244243938009,4096.375692768274
13670,4055.0960515799015,4057.499221369055,14.18283632984438,4098.81381571375
13951,4058.7314907975046,4061.3683943245896,12.635218723269796,4100.86323632005
13853,4060.50197583426,4063.1303638529253,12.059818181021095,4103.0055995044295
13584,4079.03232118987,4082.0930742331243,6.703858315162609,4108.828990016489
13768,4105.569560357553,4109.182781828202,8.058342348972252,4115.1020722769845
13680,4107.376533848877,4111.315280785906,9.898387850108987,4116.960623445757
13708,4109.345333935666,4113.155303691306,10.049085136557618,4118.776903819197
13683,4111.691799386026,4115.102891360284,9.409236716804788,4120.748649576051
13691,4118.508401514103,4121.326682903972,11.815095256934102,4126.267038633256
13821,4120.217442991391,4123.070373389977,11.762274869898317,4128.125040806799
15369,4123.958432841194,4127.060196981265,11.415000054923022,4132.48178998093
13825,4142.254175346404,4144.528207623385,14.112899344756078,4188.834911895371
13645,4148.683445662186,4151.426073424417,11.305756914576703,4194.793275149885
13923,4200.396961148194,4203.150713025566,11.891970277692637,4207.949750568884
13551,4208.128783559306,4212.1375054352675,8.664241164588617,4219.003696416566
13654,4210.495226717869,4214.267910736535,8.56959892523438,4220.841797561431
13828,4229.5692410405545,4232.394507697986,12.056522008076113,4284.6510009495405
15399,4233.714716017997,4237.015862011192,11.735460219622773,4294.304346186297
14901,4248.651138331358,4251.271516303483,12.566836623042525,4299.2275054386755
13747,4250.8442092017085,4253.370027404417,9.39209687676494,4301.219929446545
13897,4256.898465747036,4260.144528763971,7.039348200098661,4303.631371440528
13872,4324.813676507699,4385.057475912382,7.153565567065027,4397.029354286056
13634,4343.667696659904,4387.214786724822,9.14699952159805,4399.6801624562895
13979,4382.42314038778,4389.2392801719125,9.635970467766626,4402.314057619741
13707,4386.219654526742,4391.131157926081,10.096794171836674,4456.649943644886
13838,4388.98258609845,4393.163454002861,10.779096785632575,4459.352828740572
13668,4391.496870469911,4395.115404691034,7.434024065199702,4462.077774503108
14855,4414.125051704822,4470.01971513959,6.061517581204632,4486.139361459888
13855,4672.697044944058,4678.03193382368,6.958155226801632,4745.76808678752
11210,4846.077010663077,4851.382996001216,11.359464439136937,4909.834808484066
13720,4849.836730278034,4853.352970303431,10.250749390249043,4912.169527028493
13554,4851.921711808208,4855.314337606431,10.918709232833828,4914.320136190701
15373,4857.411385759138,4860.472593470612,12.585381904252834,4916.280391816984
13792,4872.438928873334,4917.078940283351,5.468489341028871,4924.043400096594
13755,4926.708496794819,4930.022234949915,9.965804361872415,4937.133302361079
13677,4928.896988587826,4932.100207393609,10.24231678475076,4939.145494906689
13542,4931.150571715075,4934.1624311849055,9.830852492001016,4941.089671455118
14490,4940.135650725072,4943.1076773261175,14.833749324221989,4999.140734960089
13784,4985.552109846251,4988.385356917462,12.120023974621553,5005.179214057172
13541,4987.385230789776,4990.188339411649,9.911313117699676,5007.31161721585
13848,5002.955993229345,5006.159491839733,10.695658619615635,5026.382045011716
13864,5006.79670798695,5009.388603361754,12.73410085205567,5029.001274234788
14477,5012.146826243386,5015.3599633052345,12.934011248995322,5031.84963630597
13678,5024.649185659463,5027.434091264114,12.119178187223765,5087.7160862128485
13766,5026.480772244063,5029.246994727162,11.91389176011872,5091.434414638173
13671,5062.334954883461,5065.349578879832,10.942978518589213,5095.926947084995
13656,5064.188424010198,5067.260868201267,11.138923729675342,5097.847138714357
13558,5130.643704769878,5133.1251444877635,13.000497663258537,5176.7401638299325
13740,5139.0398616872435,5142.251477255397,10.175107974219465,5179.34324120474
13796,5140.8647525013175,5144.153671782516,10.374250692445369,5182.60752237808
13960,5187.762930156179,5190.087129022794,14.166789133277891,5194.652616849226
13662,5201.517237239102,5204.1566902441045,13.056000066602827,5208.639458820378
16090,5217.655125161082,5220.360654806998,12.651727694680057,5269.285872708444
13815,5222.637492725011,5225.294196058977,12.613235812513347,5271.825457941279
15419,5239.1929544170025,5242.319478937811,10.441830458283494,5276.826774040071
13722,5275.5785418606465,5278.386458328963,12.033310616621375,5291.114044356775
13537,5285.998399398607,5288.1562531778645,15.500682049669239,5295.974936634654
13604,5295.710572187422,5299.103325559798,9.998119305175212,5356.566428359158
13582,5297.713538501067,5301.108940220014,10.495171271692955,5359.229028375965
13543,5306.128704086624,5308.524904128595,14.091025791266249,5361.463741890008
13646,5308.163212082475,5311.240632115076,10.608380142030478,5363.588008969904
13846,5314.864571136782,5317.49998332342,12.387368794910325,5365.865236639999
16060,5415.198300988801,5418.38435546783,10.984771618069516,5457.8582035339705
19051,5478.5132236428435,5481.272149242349,12.823536438909873,5536.558716720589
19088,5484.7127454328065,5487.171848187875,13.69653977442474,5543.430021472163
19323,5486.592362342693,5489.048243820488,12.778906825736525,5545.666501326253
19205,5493.452140611544,5496.000279737891,12.482779452132899,5548.545733635524
19455,5504.8929589160825,5507.299651836112,10.971583529597867,5552.677543438763
19068,5558.872340420176,5565.079816897705,8.938843973202312,5570.445226528071
19330,5564.3103195890235,5569.3357744823015,10.880886451764901,5628.721200009892
19426,5574.235947721062,5577.416762572859,10.686292005386655,5639.80495629494
19058,5576.358120647034,5579.324372928292,10.969788567274827,5642.3777505217495
19449,5589.218334814917,5591.534618556241,11.007719594467432,5644.471754632422
14898,5697.889742151843,5733.16822725321,7.465004944832601,5744.155876993735
19146,5700.508057990123,5735.325135942664,8.677471832176593,5746.198865897289
19186,5744.635298868659,5752.219001614312,8.921041400591799,5816.528181608966
19113,5747.994041606257,5754.312861802358,9.3293139543179,5819.171838277336
13746,5821.25718463883,5829.022972268943,7.001620870516512,5835.324978896294
17822,5824.324792312996,5831.217243479206,9.116877423704493,5837.286483339564
19396,5827.288182316912,5833.200148524279,10.675402218543441,5839.062717238416
21566,5833.5826312259405,5836.232866733769,11.884643055601543,5841.033664368046
19164,5835.684606993715,5838.364780800956,12.220240182159927,5842.909724147135
13843,5839.176104556521,5842.436543231917,13.147577647951275,5900.166468269766
19365,5841.475606718013,5844.19534291267,13.60036959356449,5904.558539290949
19201,5848.628758340771,5851.194153423604,12.86141081135873,5907.332759375849
19993,5913.341250784532,5916.373311619987,11.939148750343941,5922.4206900262225
15417,5946.142077851007,5949.083306764333,11.225412597518865,6007.912331961559
11435,6022.6488533747815,6026.030865609155,8.676499549195114,6098.371979846112
11671,6181.124002101037,6193.013489811984,6.360870718942509,6200.108630687323
19247,6197.250813663511,6202.17759598358,8.99343796050375,6260.894787597377
19424,6199.824541050572,6204.088451038174,9.783684785764098,6265.316107401518
19057,6204.35835685151,6208.0026497810195,8.458648345057538,6270.114595364549
21611,6206.450200223878,6210.1869656987255,6.195101332726708,6273.981864145951
14906,6302.7423748009205,6305.410319268795,12.697589755604731,6359.2111979848205
19062,6326.377927427642,6328.616609982577,14.905591606571635,6361.363873024049
19370,6370.851448693821,6373.1985294948345,14.459899385446045,6378.050533602895
19334,6388.652512147024,6391.222202078769,13.037929693934531,6442.172537259901
19092,6406.581112942548,6410.060361654784,10.378773797159763,6447.235904542044
19198,6466.234328337056,6469.259798921199,11.025344457249409,6531.369121621521
19089,6468.130749960708,6471.109732102806,11.244095831454924,6533.755694651279
19343,6471.740564943581,6475.017341886869,8.353045972405289,6537.691713470003
19184,6499.352010086871,6544.07594009576,10.188797181639197,6555.9330758306205
21596,6571.124485315163,6629.061907843977,7.458137286211873,6636.879772653149
21528,6576.299781991727,6631.207834843314,7.710447336361385,6639.391467338942
19356,6630.900932830322,6635.369272904759,11.87375530051085,6643.34287758031
21594,6635.274081680567,6638.164009527163,10.867062721252221,6645.943119317176
19324,6639.125947646938,6642.307105270388,11.143189869765878,6651.91280156122
19366,6640.995253605676,6644.151177294256,9.51633228701567,6706.310765564412
19415,6642.984055096298,6646.196412964585,9.558785207945498,6709.082452469432
19361,6644.950191861663,6648.2432861875295,10.338680425560586,6711.351738151253
19297,6646.821225308445,6650.21440335666,9.20822529253976,6713.369622172259
19459,6722.80557172104,6725.1719056038655,13.084347929931946,6805.072577015827
19045,6837.826702321042,6840.383444973583,9.845395845269152,6900.989932142949
19275,6875.853481005183,6905.022325469891,7.870603802462937,6910.916173359965
19178,6879.83940608481,6907.080658552841,9.662871967384211,6912.731206147616
19270,6901.6425542249735,6909.032436892209,11.500829175557968,6914.508548895308
19155,6944.016862059797,6947.046126882735,10.523497280960205,6990.14962026976
19097,6991.280846960442,7000.291028407701,7.511527066062118,7071.293037102815
19219,6997.634198656893,7002.355114735997,7.987306195550126,7074.138684020479
19451,7085.168742514833,7094.148139827168,9.232923050540009,7159.109831732899
19136,7088.9185118153355,7096.199784459424,8.534958096667253,7161.569308093798
19094,7103.210258077422,7106.020463725966,5.779672960077507,7169.883958997981
19259,7125.182163567211,7172.233412039292,9.066270384554944,7177.602462987254
19034,7171.313561768082,7176.510873247281,10.745753088644282,7181.41933602708
19335,7174.489012410815,7178.292264356839,11.848235573649573,7183.121326539832
20920,7233.084998422124,7236.018580193255,11.23724108229231,7280.536285067485
20911,7236.241064422134,7239.116853359619,11.741951036905805,7282.591393992991
20889,7244.097217948156,7247.292941361069,10.736717626228018,7336.339108507204
20444,7347.667817299979,7350.226008214608,13.617850838887168,7354.722780042695
19989,7356.810812439981,7359.34535052671,13.469171866135845,7363.57599926885
20419,7368.874152983874,7371.397610848365,13.524842802265285,7426.3004549692205
21605,7416.744699399164,7419.02984904154,14.259303962496725,7431.0927325310095
21597,7430.191503107532,7432.394097773537,15.308460660100787,7436.30050060326
17143,7433.1495192034745,7436.296418337944,14.050997841331816,7440.641820399329
20884,7481.700349476022,7484.261308670974,14.010451939807274,7516.684839121278
20923,7484.751210788762,7487.396943512021,12.337534271227417,7519.343847039474
19956,7830.017896954754,7833.207529723377,11.345216458438367,7882.598107016103
20839,7833.065839433741,7836.161049992014,10.679200081752018,7887.726573895633
19970,7835.056330120777,7838.036694712088,10.283877244147726,7890.874612245656
20775,7905.527003701153,7909.414691261681,11.38922428369767,7966.4786671685415
20819,7908.037754461472,7911.178854267605,11.57793770001781,7969.18703220776
20441,7910.162982534317,7913.048184143853,13.16346354699885,7972.3030408127515
20416,7932.007925628265,7935.223075076473,10.93439779883287,7980.643053665537
19282,7933.9594924320145,7937.071184381164,8.59008987046426,7983.067491720679
19308,7979.725402850504,7989.1246430257015,6.750043503913488,8094.192341288052
20358,8014.025202397627,8017.145450116728,10.307927787818501,8151.459941383971
16742,8016.047835842742,8019.150302131712,8.963301308116986,8154.3413189267685
19975,8018.778317830506,8022.089386986338,6.6563847194321335,8156.890517638141
19243,8447.866669319736,8450.414531314049,14.356589732871385,8506.55306470688
19265,8525.913426401652,8528.580543990067,14.337088155759275,8532.786978791548
19902,8602.872856132535,8605.572546545223,13.40422521508373,8609.843935017927
20005,8609.030965700897,8612.05357917142,10.99287933766698,8617.531646942496
19360,8910.951266031807,8914.007282341012,10.78229477069121,8956.414230233991
19346,9045.232319378156,9048.351277000502,10.913088911412972,9053.565486634874
19354,9316.705967927704,9319.049217595946,14.611027908686628,9323.09936820429
19252,9442.24876443949,9445.133320547182,12.06899341452711,9496.538757043585
