4993,140.0,143.0843938629038,11.114563967195393,145.31216825070672
5082,144.0772436275727,146.42346464170717,12.285956402844398,148.32767723910004
5092,146.0,148.62456692636636,13.504901782560461,150.36579324626885
4998,221.0,224.25581208408266,11.998845942390917,226.38057040036273
4996,223.0,226.08593586464679,12.759784822767724,228.05267040475277
5004,229.0,232.14581551261017,12.018461184524202,234.3447289711796
4956,231.0,234.04408818202205,11.881784878892663,236.17634640610203
5055,403.0,405.5607444183078,12.357317095906312,407.632093778849
5025,509.0,512.4566445446125,9.243051963671338,515.2437335804261
5018,592.0,595.0586995035574,12.937580877137245,597.0559497653026
5040,597.0,599.5245042610103,13.429776484201573,601.5049063395496
4902,678.0,680.5041391318148,14.17169328707438,682.2703634757528
4973,687.0,690.1929449920215,9.359119862472827,692.8649565770642
5007,724.0668671236035,726.2726810184063,12.320573111838113,728.172726064185
4899,741.0,743.6314891985431,13.827890062475513,745.3806132978908
5325,752.0,755.0161754481859,11.21872994499133,757.2727088408169
5302,768.0,771.1580013734782,10.376205578584202,773.4911203375133
5131,771.0,774.0929132058666,12.423894133538889,776.1697645841103
5102,781.0,784.0265316521524,12.101967695165907,786.1102786742782
4287,814.1201105618451,816.3089974182034,12.42978747386411,818.4022141721824
5085,937.0,939.5041028595706,13.74538589579416,941.380869473382
5277,1015.0,1017.4095276484209,13.363551261315164,1019.317238878179
4947,1018.0,1021.0531984159687,13.405369300701162,1023.0264458558638
5281,1045.0,1047.5194527339827,12.682342856492859,1049.4557784375136
4485,1084.1317639991337,1086.2642556799835,13.054580797241073,1088.1650274045705
4509,1095.0,1097.553403304301,11.71633128077428,1099.7209001976573
4350,1098.0,1101.0381473545785,13.926334422723711,1102.8448637885774
5100,1106.0,1109.0413482202787,11.44777423141628,1111.3410185529465
5133,1111.0,1113.4778314422765,13.624615553495866,1115.2800876875617
5029,1141.0,1144.270067004848,8.594875957464351,1147.0
4427,1152.0,1154.5974166718706,12.46738270515465,1156.4568619785887
5086,1250.0,1252.5173455083545,12.735102740782645,1254.5343326612006
5052,1264.0164816298218,1266.1769918410355,13.495010367242068,1268.0
5183,1291.0,1293.4337855684705,13.467010845977706,1295.3521209888147
4894,1307.0,1310.0604769956014,10.864131979333823,1312.3576058808876
5024,1318.0,1321.0357783244842,10.513418082603737,1323.4571348657994
5191,1396.0,1398.5334886881117,11.759022544743562,1400.4583965785082
4850,1399.0,1402.143172010848,13.493718035435018,1403.9864927164492
4281,1443.0,1446.023106550257,12.22292832966942,1448.1912416224511
4853,1478.0,1480.578296830391,13.66461353429502,1482.3882928302457
5056,1487.0,1489.4850927498983,11.995687347247499,1491.4659505394943
5098,1490.0,1493.0321317966534,13.459609636987862,1494.847666251448
5033,1533.0,1536.074912330636,13.88883977948415,1537.962875423136
4985,1536.0,1538.6380574873135,13.837350266574964,1540.4550869134746
5118,1578.053748617583,1580.4176232947818,10.335838313786637,1582.8549568066383
4915,1580.0,1583.0138966258928,13.664914681884728,1584.9051863388022
5068,1585.0,1588.1192725215003,13.4627903372377,1590.034973428657
5089,1588.0,1591.0697187712306,10.910426380061084,1593.4996551716943
3982,1624.0,1627.0357740889215,12.224395700083024,1629.0
5046,1668.0214037416338,1670.3947155289811,10.727582805393418,1672.7149992687555
5091,1675.0,1678.1240535242512,13.384262342523622,1679.976126360566
5061,1677.0,1680.0268602774804,11.126322003266374,1682.2918651493426
4990,1740.0,1743.050011392291,10.716642694427644,1745.3604679877533
5071,1758.0357497021078,1760.3103832246982,10.31311008599972,1762.6968094282417
5076,1759.0,1762.2169625684814,10.950108099520794,1764.2650674850822
5124,1803.0,1806.0860270226167,12.424459387652542,1808.0
4869,1838.0,1840.5468681833088,13.240989563332798,1842.531499460674
4872,1855.0,1858.0082143503057,10.584030664898508,1860.3298888726515
5180,1906.0904959504385,1908.3937341875485,12.706255021764818,1910.1690478728692
2799,1921.0,1924.1529615002328,10.267309888591727,1926.6104088955956
2868,1925.0047016482195,1927.2140716948613,13.665896245071135,1928.9339864207175
4428,1955.0,1957.4011861532842,14.954288304277595,1959.0
4282,1986.0,1988.5769935448575,13.081136250904366,1990.4984867253718
4336,1988.0,1990.4739242549203,13.075205150361494,1992.4152592622982
4855,2013.0,2016.2473161001087,8.438700279663802,2019.2105955609043
5174,2031.0610565540312,2033.45101353659,12.14382249555626,2035.619016256649
4877,2034.1023383504341,2036.4100054327623,12.853472250867709,2038.2722479998781
4884,2038.0,2041.1634364141541,10.654699702641816,2043.5724071165077
4363,2060.0382059295544,2062.245623850731,11.66350210254011,2064.7193365399
4293,2077.015153422181,2079.402591690651,11.261384262034193,2081.6374582622147
4268,2079.0,2082.1393587007055,8.915754782888932,2084.816961694291
4989,2085.0,2087.5402173603866,12.428948057356772,2089.724928998797
5020,2088.0,2091.048916244709,12.408932764140701,2093.1072615204957
4459,2090.0,2093.035954483896,12.165221408799155,2095.10666884691
10619,2166.0,2169.1001701656646,10.603532368645556,2171.5926339349726
10640,2188.0,2190.577288402454,11.980025738965095,2192.7696543223237
10530,2300.0,2303.2455143946263,12.281568174097103,2305.2584266011
10448,2303.0,2306.2894904954896,11.247695267463552,2308.554813118512
10658,2306.0,2309.023329913439,11.543123155413713,2311.2602471122586
10451,2310.0,2313.018707242957,11.84328347007443,2315.2289743656434
10602,2391.0,2394.249101370188,8.806916161649204,2397.0
10510,2398.0,2400.4952270756453,13.501595366272339,2402.4156854298067
10657,2449.0,2452.271426770857,10.247133915490632,2454.7605438352352
10350,2482.0,2485.025113235913,9.922499078780064,2487.720937687415
10826,2490.0,2493.2361957857593,10.568473171060454,2495.4861384710866
10444,2493.051434085775,2495.1952796423934,11.674053357704194,2497.381052566063
10479,2495.0,2498.095441865644,10.48232503179968,2500.531787329653
10539,2523.0,2526.1564331770483,11.413170898817992,2528.327343021817
10579,2528.0,2530.4617492449265,12.049545145055383,2532.5472951595066
10531,2542.0,2545.170670490866,12.970614032021087,2546.9922962257133
10429,2548.0,2551.137342018593,12.873935085809759,2552.947713282089
10676,2570.0,2573.082686230331,10.511147390128572,2575.589278682183
10617,2573.0,2576.202318954434,12.035081708521998,2578.164190859268
10570,2579.0769852151348,2581.3432200335487,12.678465282468201,2583.171656097226
9781,2613.0,2616.13161864352,10.647299440936939,2618.5188486346415
10778,2639.0589208092924,2641.2903927382577,12.595772505585122,2643.208401809966
10589,2662.0,2665.2720087429875,12.260107443268174,2667.392836889324
10520,2665.0,2668.0965091359353,13.220708557758886,2669.8909387080803
10665,2773.0,2776.010093803465,9.810196075317615,2778.657480577226
10686,2781.0,2784.2764334173166,12.926518231156054,2786.1909570829725
10486,2857.0,2859.470117375971,13.885813228041135,2861.2847833422497
10465,2886.0,2889.0952830406823,12.212353905847237,2891.1422013552606
10478,2891.0,2894.2866498603657,9.459494126183156,2896.986108041409
10700,2911.0,2914.274151411512,10.745198240827225,2916.6675700247065
10481,2916.0,2919.153594219486,12.775389107972867,2921.0851745386935
10501,2932.0,2934.5362359644987,12.273092830719097,2936.586184690239
9336,2947.0,2949.4926571362207,13.968893059231489,2951.3437625879915
10471,2973.0,2976.1370321701284,10.554906948869165,2978.570389808843
10653,2977.041068871417,2979.356939451524,11.5585103648064,2981.6031348226024
9839,3028.1594987505196,3030.21355354464,11.49989927594877,3032.4868353078673
9848,3031.916946794879,3033.8148261482233,8.066716161829513,3036.0464647983763
8367,3038.253029761183,3039.6887853728813,16.409116990158047,3041.2581029323223
9430,3041.5325175348507,3043.328689213243,12.397891997808475,3045.291547886978
10597,3048.9255314193024,3050.6036358052256,13.299597311026867,3052.4467905505207
9890,3050.0,3053.509680344644,10.924571340973227,3055.9445262521385
10563,3066.0,3068.5049126754006,12.529854597122759,3070.5386788134624
10521,3071.0,3074.0165651897187,12.9957028093136,3075.9291984653937
10675,3116.0762106585153,3118.357228567509,13.169226448347635,3120.1366328262816
8401,3352.0,3354.6106738173858,13.367964608390793,3356.5557120355497
10756,3380.0,3383.073955893714,11.671321540338981,3385.234293641396
10367,3385.0,3388.0561384027383,12.388462013986945,3390.081360907091
10368,3390.0,3393.057037045561,10.203541134941153,3395.6234219202047
10353,3392.0,3395.120210375758,9.700649827462716,3397.446611314119
10604,3396.119162625289,3398.4030908520585,12.214322739038957,3400.486517609298
9893,3438.0,3440.5491160487113,13.475856163837731,3442.399808471578
10529,3444.0,3447.107672904778,12.534969878389608,3449.0
10438,3464.090436361254,3466.3608176777793,12.10206307067327,3468.5290702019674
10344,3469.0,3472.0323975130545,13.109194918299485,3474.0029839709186
8265,3482.0,3485.0290569380945,13.01278836111257,3487.005613995913
10470,3497.0,3500.0015652793595,12.38298881265568,3502.0506605504356
9878,3503.081290139503,3505.3658247193753,12.80985802803542,3507.346080618821
9437,3529.0,3532.2923731181186,9.107578596727047,3534.947142608687
10612,3537.0,3540.0047933500036,9.350081664002245,3542.5445549107667
10435,3542.0,3544.5703044902048,12.778796627845363,3546.5964443857697
10534,3572.0,3575.1497252403733,11.509146005516522,3577.3742172601096
10561,3604.007336996365,3606.0809450492425,11.752944865515943,3608.22683317107
10423,3642.0,3644.391159708771,13.422513166262675,3646.329040604147
10610,3645.0,3648.0119996551234,13.447632613734793,3649.8487202688743
10439,3654.0,3656.5247201602374,13.134982253671025,3658.3035354260364
10415,3718.0,3721.281098535395,11.812240432391311,3723.42939390909
8314,3720.0,3723.106042320586,11.410290210577125,3725.245915984597
16026,3801.0,3804.295337981303,11.62591935136901,3806.282945408482
10568,3806.0,3808.560043601166,13.618267661916418,3810.5041136552463
10733,3814.0,3817.1918633795353,11.460684636371859,3819.4194188179868
16091,3817.0,3820.1130814704456,13.791162955593729,3821.93531718553
10598,3825.0,3828.0705856454933,12.519033603126477,3830.134041058352
10546,3839.0,3841.4121623253795,12.445473458582107,3843.2862221290566
16061,4010.0,4013.073696050111,12.00985557756692,4015.1950542205846
10523,4079.0,4082.1545779644507,9.9726493324711,4084.5781115233835
16040,4101.0,4103.557429317542,12.418642814547072,4105.642682914132
16111,4257.0,4260.024986945261,10.819984496699364,4262.467025118267
16028,4287.0,4290.249378670522,12.484258401809557,4292.309813214201
16178,4305.0,4308.18001056652,13.451810230890525,4310.113421771015
16121,4324.185032555656,4326.2595944588065,13.542379775832744,4328.168259245216
16001,4367.0,4370.026110680292,13.114927302982238,4372.015105164426
16132,4391.0,4394.093128935471,13.060048032232388,4396.038233103519
16085,4468.0,4470.529550803508,12.662822393279123,4472.375651959161
16025,4473.0,4476.0776183520675,13.362399170542991,4477.862067259906
16039,4554.0,4556.505611576848,12.512204076479945,4558.504820477105
16021,4557.0,4559.61069299406,13.185498000103411,4561.62955078951
15329,4578.0,4581.186933367605,10.79790345386377,4583.504043968744
15440,4608.0,4611.158056923188,9.452358359828976,4613.88455505307
16112,4630.0,4633.185374219123,12.743646837820146,4635.201364745151
16078,4636.0,4638.547934585092,11.645655747664502,4640.609702785832
15941,4646.0,4649.006519907719,12.39271410171444,4651.0
16014,4649.0,4652.125840987235,12.322930814333795,4654.210804513413
15336,4697.0,4699.587929410575,12.541268026882268,4701.670204975333
16032,4703.0,4705.5374456753025,13.616989280322882,4707.47280427858
16043,4706.0,4709.083584236706,12.646006115622502,4711.083041761845
15288,4786.0,4789.0696756232965,10.912481309720787,4791.33911717052
15320,4788.0,4791.029779668693,11.732186876715524,4793.145360585456
15324,4791.0,4794.037056002874,13.73374801427969,4795.848080328165
15351,4796.0,4799.0078073804125,12.26489580028537,4801.026876858114
16170,4801.0,4804.165748456259,13.643056012276594,4805.994526162507
16108,4819.0,4822.001918393178,10.838244255869265,4824.326473658178
16113,4910.0,4913.214349260275,13.101019456236546,4915.155382374488
16013,5108.0,5110.522666958327,12.158158305586266,5112.622685056574
15349,5145.0,5147.567224693205,12.328283786800055,5149.54518352756
15287,5147.0,5149.624438593939,13.752801419728312,5151.557783427212
15860,5176.0,5178.427766530912,13.121376292019521,5180.4672467413375
16090,5188.0,5191.046251764355,12.44648431930701,5193.064613526997
15427,5198.0,5201.011488343655,12.597344679728806,5203.0
16373,5210.0,5212.589364303565,12.375251447621311,5214.607669419011
15991,5224.005124432485,5226.1538413901935,13.229537925183871,5228.02034134583
16024,5226.0,5229.049436149704,13.373649279419912,5230.898013039893
16199,5243.0,5246.118882912849,11.114573072634569,5248.33754193954
16160,5258.0,5260.590827725423,12.924964685548119,5262.5485611221775
16296,5267.0,5270.1122291763095,10.4553924842905,5272.458138923179
16125,5285.0,5288.245803423708,12.406645580579658,5290.247492648516
16082,5347.0,5350.377757407022,8.91328243599091,5353.341234349066
16033,5360.0,5363.202699885934,12.720603001715352,5365.233506771816
16271,5363.0,5366.114105551613,13.37469630694286,5368.0205765112605
16197,5365.0,5368.0123865373735,11.47210736065061,5370.1756222545355
16004,5422.0,5424.445198515314,13.172400029088365,5426.330523966153
15866,5461.0,5464.012528789862,13.675061313912302,5465.8580681979165
16048,5466.0,5468.44475255119,14.544786716194864,5470.087340218059
15877,5505.0,5507.502360436304,13.302996950641502,5509.466723598592
14062,5530.0,5532.45967065126,13.986491187588125,5534.234055116979
16118,5547.0,5550.062945524979,14.201741167850589,5551.859757383283
15391,5607.0,5609.51613012124,12.885668561753013,5611.522905498027
16222,5610.0,5613.147263623405,9.612575950003137,5615.772730739908
15937,5612.0,5615.187441970113,10.272496289679909,5617.392636664587
16045,5631.0,5634.326926643631,11.607494876822654,5636.464435680745
15919,5635.026859744698,5637.3577124821595,12.474488315805493,5639.476035201893
16225,5637.0,5640.210209427231,12.68081467658468,5642.199688968103
16089,5640.0,5643.151372365922,12.91482366837878,5644.963101914454
15266,5649.0,5651.542465136634,11.632065746450454,5653.641220533203
15353,5656.0,5659.440623662521,9.228235627947537,5662.266864176
14898,5660.0,5663.369636058531,8.170005456843628,5666.17602495782
14911,5674.149242415855,5676.333470002483,12.489827862534133,5678.312425436521
14852,5688.0,5690.54802074959,12.092444273461556,5692.65206025992
15976,5693.0,5695.5216402759315,12.191667587065963,5697.561042840569
16193,5722.0,5725.148777655883,10.945497940196756,5727.560288468424
21616,5829.0,5831.575521944546,11.93361581160456,5833.619292676972
14909,5854.125756385352,5856.262822652322,13.423294357222654,5858.192057460749
21551,5878.0,5881.187031736604,9.463945926633592,5883.798992331989
21696,5896.0,5898.559724902397,12.857501428138452,5900.638245598991
21568,5968.0,5971.096219310185,10.041785871188619,5973.613052440713
21561,5988.0,5990.494379224258,14.0886327282532,5992.19891199389
21511,6033.0,6036.02525139273,10.631951259594173,6038.470021110383
21765,6084.0,6087.158370074816,10.667752825831105,6089.531665148093
21537,6098.0,6100.588714372831,13.013698852959454,6102.459457086541
15364,6136.0,6139.121105149448,10.818531388180546,6141.468564545513
15289,6139.0,6142.065494640425,11.252646011150476,6144.2437247425405
15282,6143.065938926021,6145.488604105694,9.884702194566744,6148.0338657272
13814,6145.047674053274,6147.33036772032,10.673813260609204,6149.775565140852
15307,6214.120642816918,6216.194695818312,13.281291826922956,6218.0
15380,6218.0,6220.556160341432,13.102306621177735,6222.499070520854
15275,6226.0,6228.556237504757,12.487485609410934,6230.662332791106
21398,6240.0,6243.039790252337,12.875173211730404,6245.035927022504
21582,6254.0,6257.104088217401,13.709914483734307,6258.983697205705
15432,6287.0,6290.243770650527,13.25791319351072,6292.222245037669
18383,6316.1210869919705,6318.265908904704,12.26276838590497,6320.248037092823
21580,6327.0,6330.054254994951,10.443949621607686,6332.48486589975
21576,6338.0,6340.537241927665,12.56442976919874,6342.469402301968
21510,6358.0,6361.079952173492,14.065634714364636,6362.9119780889805
21481,6361.0,6364.035058192937,12.710462757045681,6365.983921205963
21501,6394.0715011258035,6396.05433135041,13.961717320945974,6397.882924152253
20865,6410.0,6412.501284959316,13.395296095896462,6414.345114979357
21531,6414.0,6416.557968174863,12.794361419996763,6418.63657126302
21446,6418.069781591928,6420.366151601292,12.77400318108214,6422.330810408934
21474,6435.0,6437.559073150634,13.653798706894964,6439.386756086029
21448,6438.0,6440.456927111877,12.856500594164581,6442.389627528702
21844,6444.0,6447.010007255671,13.500834241005181,6448.813737897095
21559,6510.0,6513.011150963394,14.080185670026342,6514.832192786203
13845,6515.0,6518.148676142444,11.801802476319592,6520.2665370304185
21549,6537.0,6539.549757248817,12.375471299240298,6541.618263265991
21467,6607.0,6610.093163157046,12.86435181856453,6611.95376168668
21575,6618.0,6621.080999596925,10.67020970930633,6623.3981700240565
21483,6623.0,6625.550214744486,13.027359501807823,6627.485330528382
21646,6683.0,6685.448146353243,13.346635872940702,6687.320301820935
20357,6756.0,6759.080165747627,10.56499100745151,6761.483200333748
21647,6789.0,6791.557312535865,13.472460048629076,6793.416748048814
21548,6805.0,6808.166393999488,10.026354060658528,6810.728109115689
20815,6827.0,6829.427011269369,14.789366018228904,6831.162987178914
15393,6844.086866117202,6846.286741281933,11.480372234722893,6848.5164292974205
21562,6869.0,6872.016280728776,10.007528717813708,6874.63967285008
21522,6880.0,6882.601867622146,12.648589190866733,6884.647361527787
20771,6948.0,6951.103403939665,13.99129393348499,6952.832448371698
21508,6970.0,6973.160336920158,13.308391215045708,6975.087685155872
20836,6996.0,6998.500544448419,13.760253909985472,7000.1436004972475
20843,7010.193306106396,7012.459588373043,12.15067555321696,7014.356866118706
20801,7034.0,7036.572894687358,14.276397926095827,7038.359933195118
20932,7037.0,7039.600834871894,13.276417083928452,7041.53421349652
21584,7081.028103799142,7083.251169664221,12.34767002630641,7085.153491322392
21631,7157.0,7159.391018724226,13.991387669786938,7161.23976142707
21463,7168.0,7171.308391420156,11.269380836437096,7173.705746298798
21512,7171.034181338621,7173.288412309243,10.404028252315147,7175.454997595051
21558,7218.0,7221.121960950863,12.738357685914037,7222.97912845806
21585,7228.0,7231.044288042075,13.671807820306004,7232.953205367565
20379,7307.0,7309.593979741172,12.565591968041856,7311.352216919837
21567,7346.0,7349.084552096974,13.70873750738372,7350.979407841504
21503,7349.0,7352.222914920537,12.733005251771765,7354.276310009638
21482,7382.0,7385.002191787821,10.036074210426104,7387.4816352788885
21597,7407.0,7409.538173753532,13.188561116771899,7411.323483437982
21680,7428.008407634088,7430.129743113229,13.461340469952532,7432.068526007555
21633,7430.0,7432.583308945604,13.110063611244247,7434.539652859949
20986,7446.0,7448.592213922184,13.098240392402849,7450.354531014031
20940,7474.059081989459,7476.163032792727,13.027386517551935,7477.950731379164
20903,7483.0,7485.607091364689,13.29902244072007,7487.5672861862595
21612,7498.0,7501.092669199448,12.475237513712083,7503.082157173067
21615,7510.0,7513.132672562627,12.514975303345107,7515.220225092459
21506,7513.0,7516.011800145492,13.050109231044775,7518.001948372234
21547,7524.0,7527.030454608283,10.173336146021422,7529.590726638856
20772,7545.0,7548.115910913003,13.795183808673537,7550.00872117836
21660,7601.0,7603.484759452018,11.430288149905493,7605.635138830294
21457,7867.0,7869.568552274499,12.669923243970684,7871.511295084796
21617,7869.0,7871.613219325795,13.115530424316951,7873.513785532853
21683,7882.0,7884.568339222876,12.354427897726085,7886.59881476711
20979,7990.0,7993.021738621832,11.803646110018287,7995.262849547655
20855,8134.303003566879,8136.271079432774,12.35854244498249,8138.312437326356
19187,8231.0,8234.263971092962,9.826722777586983,8236.920045285719
19242,8485.0,8488.04485379021,14.578266842511558,8489.8509514421
19193,8574.0,8576.552089003322,12.062843013218622,8578.63976811288
19333,8849.0,8852.05731202739,12.312536168082199,8854.189701962956
