1514,126.22842866757874,128.32256009480267,13.378636607011897,130.77201718730757
1251,303.89213062200463,306.01344160165104,13.313884816550562,308.50389924381767
1453,310.1260965845376,312.4484704706451,12.647788434189714,315.16548019589834
1524,361.6357925567501,366.1708239537751,6.700791107467152,369.97992467219643
1963,367.10053194654864,370.46589658838263,9.465704212573586,373.8423232168413
2702,369.1772329848612,372.38208889575213,10.778015308270449,375.6926683315652
1242,394.7055866934337,397.005206767036,11.774798601363978,399.7971510486628
1240,398.53102312545843,401.1670877245,10.38683514507516,404.17390750251684
1445,491.4870794440966,493.247873785753,16.109761481600835,495.3236495386364
1492,541.2979818428954,545.1600846841434,12.412597245792472,547.7761530353281
1955,721.3056339307159,725.086188974569,12.09320677851833,727.6935905370791
1243,723.7401035949161,727.0696604605163,12.301379565921543,729.6682709221443
2685,731.4237471395372,734.4112022394011,13.039486523605476,737.0617902677157
1510,734.0280770612521,736.2843188441952,13.48397799557303,739.0392941827596
2174,816.6872707554016,819.5459476551832,12.647510071637335,822.2042027260787
1449,830.8288872358012,833.0919101119586,13.17833878857083,835.7911736316328
1462,843.3739204166905,845.4789405815388,14.285164361770738,847.8447601862497
1480,901.352026040166,905.133341334993,12.690604307569313,907.4938679138091
1482,904.0655701032629,907.313881724432,10.09389623520781,910.7684492234188
1461,906.2727791537362,909.1744261897821,9.220860231360929,912.709250250222
1506,908.2520708783308,911.1754158021109,9.609526333831136,914.7799996073087
1494,937.7364396310651,939.6482103049477,14.837141721392477,941.9388282282789
1234,940.2386758177591,943.0649635043862,9.998813985093056,946.4215022787623
1479,991.240050742397,995.103942330156,11.765892993657225,998.1749696509765
1489,1081.722807901201,1086.1948679542452,6.4605433407950645,1091.0081647231364
2210,1084.515659608921,1088.4021513626199,8.783031425787968,1093.2467949039374
4881,1090.282365015581,1092.579966798206,12.053036532657021,1095.5417465376152
1487,1189.8494349074967,1192.0482005746949,13.369936152250046,1194.513642343594
1511,1203.320671454399,1205.552743526671,12.487577117828163,1208.1980907410664
1441,1261.2688580494598,1265.0923007804138,11.839716014858823,1267.8389321051313
1997,1269.0156668023822,1271.4980231783575,11.979904300176795,1274.340943958028
1478,1531.7261035301515,1535.5336576469601,11.147335519565061,1538.4637112493422
1244,1564.060425530898,1566.0795952461963,14.055924354522242,1568.4294434837286
1466,1565.259815084357,1567.5635812359255,12.53832699429783,1570.263978299637
1477,1621.441264143916,1627.2757519342344,9.477587747034947,1630.698745513669
1448,1624.515630736534,1629.3367969854519,10.647187508675017,1632.8815699861505
1505,1711.2720811019913,1715.0655506310572,12.432999325701198,1717.50544872171
1465,1744.0157677793804,1746.3232814365813,12.113306176433161,1749.0504353050721
1463,1747.2786880985657,1749.5608711108162,12.662579070238476,1752.2257892084733
1247,1801.439891519316,1805.4701714207424,10.243351290677465,1809.6061470342452
1515,1806.4200825310472,1809.4086666380715,10.546172176545431,1812.4980283098625
1467,1891.2555759850668,1895.0327465521466,11.3179469002193,1899.335570161503
1922,1896.2533009771507,1899.193101259363,7.561459950088762,1903.732082887897
7019,1981.3000191739432,1985.0369940050239,13.001710046636669,1987.599218982107
6981,1984.2767028294081,1987.4472681088446,12.669539916830201,1990.520614215779
6976,2090.6201392622015,2093.480738098499,10.838647895308666,2096.691240612062
6725,2100.2275200529307,2102.340603668263,12.456185220128072,2105.39667133808
6738,2104.5307844645554,2106.6175773044665,14.067100073071394,2109.0869659749205
7017,2253.544574073822,2256.391489736813,12.196823049045731,2259.0929524289418
7015,2255.93363382629,2258.571813027054,12.883215248203284,2261.230794265841
6937,2258.6307486067685,2261.074198339987,14.234366790023428,2263.456376587649
6939,2286.2095488449518,2288.395117587194,13.018090872685244,2291.068238988715
6975,2546.021258761056,2548.3847311707027,12.05734682607904,2551.087448368107
7421,2555.49004776848,2557.424644366233,15.024685906648171,2559.6616528608506
8177,2614.090526940961,2617.051391400277,10.593596157016654,2620.508419765101
7455,2616.3527386208643,2619.2403201443085,8.1539781166047,2623.705844670654
6997,2706.4229608121864,2709.477319323516,10.486873678619764,2713.614471800061
6966,2793.723738501917,2796.5970247901805,12.540630500756123,2800.012314009294
6949,2809.4849727313426,2811.6137241350316,13.037164416607835,2814.1252048765027
6941,2881.5305064428094,2885.2509555996885,10.884175304900035,2888.289410153432
6969,2915.279000549671,2917.3972951884007,13.966965504839646,2919.8566791391845
7459,2971.4819278474906,2975.2001902539896,12.435333396463838,2977.833093988082
8204,2974.242281772935,2978.278401477994,9.797650099056934,2981.240388415918
7479,2977.3023273388226,2980.294870242795,11.215733782048593,2983.0614751718895
6283,3061.2773716339716,3065.211579444845,11.26908701884348,3067.746104178932
6739,3063.9989176160216,3067.1779996374758,9.978855082121218,3070.5026918690546
7486,3066.1960475936485,3069.1460959047345,10.335237720463278,3072.384369825239
8157,3068.195363120321,3071.036097948848,9.987282381340925,3074.3752405883097
7005,3100.4034872515317,3102.372344860952,14.975368312532922,3104.639497964242
7000,3151.4853602112166,3155.4112246041727,10.864125924027915,3158.088105934263
7011,3154.206227464545,3157.212452037713,11.777078150455559,3160.063813856565
7077,3156.609492500905,3161.2051838951324,10.895169992889375,3164.303373901234
6982,3170.1190009991246,3172.3489568799946,13.045434234820691,3174.900017519211
6980,3171.8738603702204,3174.075365495438,13.064917923113455,3176.6932681482444
8176,3241.4058608748132,3245.1952981601125,12.02534058716871,3247.7526649902993
6972,3244.4165649267675,3247.5304602365086,12.48709616449756,3250.313657572684
10384,3246.753468374594,3249.4753249234723,11.8028903561631,3252.387496398142
6986,3252.726455779398,3255.421397214115,11.178630862348312,3258.4402569988224
6960,3331.3635598043516,3335.3024917299585,11.60517618712493,3338.162874765322
6987,3341.5862897732163,3346.2307989678798,8.16480074786944,3350.6064987138043
8229,3344.071792100301,3348.233760139105,8.594187010006959,3352.940121148608
6956,3453.951267125954,3456.2874187242746,12.006333995394165,3459.0311815075283
7006,3601.5228908297267,3605.1562075793845,12.752886430653536,3607.526990086393
7004,3604.330126796701,3607.3576449756733,12.010405544814287,3609.866019953105
6977,3606.3483724020134,3609.040842369619,13.278906093209123,3611.4811113078886
7677,3730.6693433702435,3733.3084062868165,10.21156587500099,3736.55289354862
12432,3781.474475971194,3785.0681490122624,11.911690467290189,3787.767325209521
7743,3787.679247379383,3792.0636969162315,10.054429482747906,3796.424329510091
8234,3805.520004908239,3808.432202682284,9.478162589156595,3812.034213431471
12504,3961.4873878324365,3965.3397762324375,11.657155115801551,3969.6149301465935
12506,4051.461452278405,4055.2093340239935,12.125136232960434,4057.726941828464
12507,4082.1551166299632,4084.2361122203074,13.216520234609668,4086.792724528997
12469,4171.409779416914,4173.522655027631,13.3627481883391,4176.004289553177
12502,4180.717372435439,4183.041529456527,12.574715902549592,4185.77911352583
8173,4240.1454858835305,4242.399900241235,12.638721734564003,4245.040345936495
12952,4254.796253400703,4257.486261489587,11.037917509098667,4260.5897382867315
12977,4258.681593527292,4261.292607475752,10.302071401650801,4264.472862951057
12931,4261.995364275468,4264.376260873834,11.288065975269127,4267.23268353604
13933,4328.906380715652,4332.165466634007,6.708491635895281,4336.728922716015
7415,4337.296133433073,4341.081953429607,7.4883895543471,4345.513675574583
10367,4339.479258593793,4343.2629492073775,7.5522794240512425,4347.548989858484
13197,4350.492400293789,4354.0482832696025,7.983782874479398,4359.8834203770175
10374,4354.958266436086,4359.107506947576,5.621213694265169,4364.562636368694
12941,4411.459761098825,4418.3704389076665,8.010897872876653,4421.939267993989
7741,4415.658119474826,4420.40362450324,9.004068442871114,4423.952907607755
13219,4418.578717313415,4422.427124897304,9.163050569135931,4425.864928279245
8397,4421.266288484421,4424.413822962899,9.577633460318387,4427.755517025921
8150,4423.393756850545,4426.42816673635,9.473106757029813,4429.732819423963
12928,4425.461746714367,4428.426354372039,9.926254132952982,4431.980601479471
12910,4449.152708622895,4451.367135134948,12.553455759031618,4453.976598513538
12924,4504.497707453184,4507.4221844868525,12.441876934390542,4510.334179688815
13231,4507.572628589289,4511.099722368336,10.880667029271347,4514.212629784786
12984,4591.306102402573,4595.125171724612,8.94626825076395,4598.8558326958455
13683,4593.964295509476,4597.297889211977,10.235938747894316,4600.908229673015
12234,4596.365501836008,4599.303283745364,9.618565524025396,4602.8678326550225
12227,4598.633089563003,4601.376226232807,10.52164869200558,4604.8787879084075
12935,4684.12102808786,4687.386113753547,11.617361818315546,4690.006440949087
12454,4686.594268419258,4689.45463451848,10.661342234566375,4692.574080101933
12442,4688.714715683874,4691.341795250346,11.530604585762637,4694.487746756019
12917,4690.573923430637,4693.189018336692,10.8429478725935,4696.2839080084495
12474,4694.270081982841,4697.006796047722,11.93099221916677,4700.094277700376
12233,4716.657630131026,4719.105618172473,11.836553022755577,4721.9391860386
12445,4718.564872769068,4721.059938889784,11.675560760799426,4723.8831773217225
12516,4771.414473280386,4775.202847102683,11.223991675882361,4777.892250464748
12230,4774.257143237056,4777.459582005291,12.37315082548377,4779.877981823599
12236,4776.416464441284,4779.207957241168,13.805453684014957,4781.644767014021
12491,4780.512047706949,4783.246582881164,10.767121250043118,4786.488528987319
13690,4782.508417342957,4785.216017550456,10.940703401283406,4788.372682546556
12974,4864.010389893819,4867.063323483705,12.423634356761733,4869.586863777377
12485,4889.268854733486,4891.195419445512,15.026603785942314,4893.44357846442
12938,4954.107096713037,4957.050092083818,11.164869920599015,4960.011606896506
8226,4956.469291885267,4959.070421315214,11.876065989282566,4961.927626928877
13679,4958.728976239064,4961.191230285331,12.165621912165076,4963.821195907227
12972,4964.12948870891,4966.33765481729,12.690040017259253,4969.14207228111
15881,4982.130589555256,4984.3698417608775,12.803383704576834,4987.019441768942
12244,4986.210055714769,4988.309723021652,12.893950627800102,4990.9095055589605
13207,5041.38515884909,5045.232520453389,11.565717513053178,5048.090300007736
12961,5044.346532097237,5047.344017923281,11.514749294946268,5050.212253602794
12498,5046.673938077653,5049.405923650867,12.025301988194752,5052.067699592542
13224,5048.6524810849,5051.192847186537,12.255993233639117,5053.831890786226
12963,5050.601162330644,5053.072485756305,11.243474429468504,5055.948788969544
13004,5052.745339179445,5055.031520148541,12.23436637802117,5057.786173442639
12446,5132.716816282605,5137.127610367258,10.311190325831468,5140.313499786491
12434,5135.726538449332,5139.199909996493,9.957514390991479,5142.432750368904
13240,5138.186699496482,5141.240569213848,11.0327959988799,5144.283675249301
13669,5140.348024723679,5143.1724778581765,12.001328122559457,5146.017585717141
12461,5254.150456400819,5256.514174314356,12.639141227183872,5259.191830064105
12229,5259.991272959224,5262.438377561198,10.840356866652147,5265.290817031867
12517,5311.336873973936,5315.238381541882,9.795190263488905,5318.615291082875
12500,5347.02057786967,5349.42672893309,11.822325541048553,5352.194475687189
12467,5348.864591440311,5351.2699522215,11.72629809937786,5354.038923047177
12459,5435.301642613797,5437.515959755726,12.426260167551307,5440.177553188496
12438,5491.36352507019,5495.289925835799,10.846502268544844,5497.998729114995
17981,5494.035250110453,5497.396615937605,12.029744503583625,5500.026345250684
17960,5496.281432725839,5499.153559328367,12.620934888502722,5501.810871181109
12218,5521.990318989341,5524.062863847741,13.377179465317356,5526.568774417053
12980,5525.540909820879,5527.533730419548,13.72409222805364,5529.872692713297
17953,5584.030867229763,5587.053561234316,11.622401007955654,5590.093612239779
18014,5610.2023012724985,5612.114579694269,14.094540104654047,5614.422430856337
17956,5614.16214883902,5616.28479218822,13.765137895826145,5618.805974542111
18010,5707.713682959166,5710.3349933757445,11.179508505543138,5713.341272066751
17938,5709.539058420287,5712.179580516904,11.916497570529827,5715.260504829626
15868,5761.446335927035,5765.1010596405085,11.61589159806784,5767.879582730664
17735,5798.599335914664,5801.179417545653,11.146211810771232,5804.143845879246
17046,5851.526049029889,5855.138274120751,12.309201351734563,5857.989500559464
13656,5855.9079678811295,5859.106971163472,12.484780870132518,5861.770921106278
12962,5860.457322618315,5863.545045755153,11.579038695870969,5866.404798305427
12949,5862.646106162292,5865.409469312809,12.40852005017095,5868.234947275985
17724,5889.211574877204,5892.005491089776,11.052839692201225,5895.16118908371
17750,5941.450131399756,5945.446270668905,11.115851143913828,5947.99683289198
15852,5946.907050123477,5949.607507937208,12.815651666106396,5952.195735898665
13678,5951.126058409445,5953.553291346507,12.207683949263346,5956.41948657666
12913,5958.7101424152725,5961.443083254502,10.188418174999505,6059.106461831468
17992,5960.549376970791,5963.403015072431,8.58908173271438,6061.95430379767
18487,6031.262524058593,6071.0044241382475,6.019788449645416,6170.03621280558
19228,6931.773497552783,6935.488120482934,10.630615057283322,6938.542841080945
18462,6949.095648780692,6951.470491207663,11.009518308961198,6959.086723051337
18006,7021.275549948016,7025.171168689906,11.01078851918565,7028.228474446113
18004,7023.973687486681,7027.035170448432,11.185794766136407,7030.042563518075
17749,7026.19920085313,7029.0263149096545,12.076268187872012,7031.914783230389
17728,7120.705747086592,7123.453845837166,11.20745509578863,7126.696123807578
20762,7240.912773924635,7243.378794204603,11.762072769161485,7246.233261372266
18021,7291.449126856888,7295.130992941961,12.06918608367203,7297.6116437207065
18471,7294.054525924734,7297.058905154757,12.463763200667806,7299.830266833885
15556,7296.183372035594,7299.095736271608,10.6818527191091,7302.384963845177
18422,7298.643660768335,7301.162764212554,12.255188724966358,7305.391728249383
17723,7304.402346956675,7307.047384538581,5.725620492314412,7431.446694786639
18443,7746.794244527144,9095.174773492186,11.7480916250325,9098.105045543183
18451,9100.078204507065,9104.15024650144,8.482083135856612,9152.757752911357
18455,8110.169310596149,8116.093931092889,5.928845555516686,8122.117393023192
18492,8474.983543029612,8477.466947371073,10.842161110584469,8480.464964687326
18685,8191.375775353227,8195.425798699775,10.864036468204885,8204.752368602065
18458,8194.185417687253,8197.436296040014,11.996618719167296,8210.392951951788
18716,8483.206591253143,8486.142997544532,9.843227351513796,8518.57768168146
18751,8461.57612580234,8465.463225954802,11.521507846042287,8468.093284681365
20723,8464.368765245166,8467.473680121462,11.928138059754893,8469.998447799735
21031,8471.00546981091,8473.447632125586,11.896297335088244,8476.42651831923
17999,8476.815472036278,8479.314991545834,12.243544640501193,8482.456404722141
18429,8485.214717321787,8488.137999363871,9.125086960252382,8521.909937094397
18490,8823.6578296139,8827.530725885343,11.597849261095028,8864.602037388946
17251,8840.760673315988,8884.095889909931,8.053725638707407,8938.691694802046
19451,8911.439875908785,8915.031854388082,8.284121492510122,8947.691311850676
17068,9181.621699227797,9187.42657930947,9.180841447538226,9198.786995297456
19162,9451.532009448003,9455.413251378166,11.021144532014867,9459.070983121304
19215,9721.541520957058,9726.120503301805,7.786441692439252,9729.560063531846
19439,9746.141235322524,9748.173120249945,14.355565093436802,9750.576652247557
