1255,94.02872372028096,97.22220710729185,12.522645509026692,100.24800079687923
1251,228.02728079042123,231.15572502123956,13.03759121200963,234.06153562945138
1453,252.40348011818426,255.11966101532076,12.622798127791045,258.2813722722053
1524,281.96024952318743,284.48945876893265,12.980531425570286,287.43005267666865
1240,295.221681150213,298.386612760392,10.68964198900791,301.93847159958864
2748,436.0,439.5607405039964,11.92255618390271,451.4781342275485
1269,543.4335115927103,546.4456861526432,14.243146375036922,549.2830258040373
1443,588.0780103927844,591.5592424869814,12.412125238397117,594.7490412987798
1669,609.672936461759,612.5311965465949,11.569661606492003,615.8251565421696
1636,614.2130502287256,617.1237727332438,11.778757066477727,620.4549498231221
2053,622.0,625.1812213022881,13.237430936940836,634.0293120932705
5030,723.560172812544,726.5884662992908,14.190865399083037,729.2598252245383
5049,814.0677774587969,817.2302284317318,11.694822299695526,820.7591964758798
5047,816.1183786928343,819.1948666471404,11.213238205054424,822.5917644193801
4980,993.6410298109909,996.5726420181779,13.973554394593204,999.3871675470305
1511,1132.4977290932302,1135.2192264197404,13.13886713384075,1138.1804066960738
1523,1310.1362781052935,1313.2720778391001,12.517472417985147,1316.4051597414273
2073,1345.0,1348.3109419160778,14.224513762315436,1354.0113312460326
5032,1443.592160885093,1446.501168233906,11.768495112398327,1449.6767435769736
1447,1490.219560636088,1493.1322001674923,12.928387267136738,1496.1068545842725
1706,1502.4162999849977,1505.0270408879605,13.52602366610447,1507.9780323690452
1283,1548.2817610651487,1550.6208877266506,13.97502759368642,1553.356627285354
2822,1606.0,1609.4109024389745,12.933622414813764,1621.4401419707015
1233,1774.5175356246266,1777.3883873419418,12.065199994091724,1780.6212258467074
7019,1884.594882295515,1887.2339186941076,13.215442675249369,1890.8760388098333
6766,1942.375255725426,1945.247756703645,11.336444597396435,1948.5227686403935
6745,1984.0826724842648,1987.1428470584324,11.88531047877819,1990.4466104263367
6936,2028.625555701842,2032.0422245965315,11.612826592470144,2035.524784929224
6743,2196.488993331628,2199.0394581673863,12.901928368164263,2202.000124211961
4953,2257.8346669403204,2261.012189439146,11.024587354964465,2264.5700051491744
6777,2271.7019934336013,2274.565864727104,12.532220622943022,2277.8696522281143
7573,2306.0,2309.180687613889,15.840178009082821,2311.5984399735976
6724,2343.6323966262407,2346.5849120791,12.705670051730797,2349.6193269958144
6764,2375.8112191614186,2378.498466984684,13.09991507218453,2381.5445094572688
6760,2395.4894083892277,2398.3809457273337,11.932424828358581,2401.640138829388
10414,2703.6389379122256,2706.5107896552677,14.754941707005088,2709.1660065266556
10350,2711.8827742151607,2715.4241702626496,9.600193825857598,2719.475754882608
10479,2713.8844952680633,2717.4510159997717,10.152452270495997,2721.5536448824646
7522,2763.0,2766.6244497632324,15.016752837105074,2769.232574965015
6782,2797.2819662148827,2800.515122028213,13.616557179997171,2803.3808047832395
6959,2848.217827817648,2851.541444897252,12.687011606401878,2854.341648296056
6753,2884.1023885647587,2887.2867330569143,13.074566473851112,2890.11621706619
6964,2935.304928928068,2938.603885000336,13.335203251431192,2941.4605772234927
7578,2954.0,2957.440704369449,12.803357074789833,2960.2947752066343
6739,2973.8855594975334,2977.2880942384104,10.806789661371026,2981.0173313286796
6765,3004.832022539887,3007.2839677123434,13.549115029097518,3010.0633171411278
7002,3007.9353137591065,3010.2853361918487,14.207100013679474,3013.048077566739
7005,3018.0065770813903,3021.223604360601,14.648945763718405,3023.9085118400067
7000,3020.3372044100997,3023.152925640892,13.839560146925885,3026.000833871444
10447,3076.054019633378,3078.469215263346,13.702155217620255,3081.2694135967754
6734,3176.9052148430505,3180.3643917377935,9.327003956464692,3184.391904723665
6960,3198.068623746985,3201.2950763632152,12.369606826115723,3204.516838646778
7003,3205.0711697746256,3208.489076226261,13.638194679135017,3211.071260208452
6991,3298.4502020879654,3301.401474202606,13.157334240783824,3304.481022628927
8295,3414.0,3417.5706619624584,12.885967290841,3424.2153065747684
6953,3558.0698187871453,3561.4829736170796,13.300326116313437,3564.24388583604
10517,3576.0,3579.317964379549,14.488211622568544,3581.9341217245155
6771,3586.7589740259937,3590.071810403242,13.340394941133354,3601.603019551646
8299,3680.0,3683.2213411094554,13.471636555323517,3691.512973303948
7492,3709.200915384175,3712.2035779675944,11.621772686047173,3715.641464957582
10383,3787.707035957465,3791.0742346536067,10.661726165113555,3794.7772756529394
10380,3796.2956566615853,3799.4470247633553,12.133159377042713,3802.704987889637
10514,3800.5852440532867,3803.3995697884543,12.106589669591559,3806.7515833628627
12470,3858.6420149146065,3861.5579942941326,14.171511508104945,3871.743647206873
8240,3882.1608580759657,3885.3501502571335,12.48005649347766,3888.579835426114
12514,3938.1270796823687,3941.2907302494214,13.871180467223489,3944.1163548356444
10462,3967.704132947359,3971.0270139277186,11.860791518629503,3974.1356553724722
12507,4019.4035785194374,4022.3116692830436,13.746830062117372,4025.14803532363
10546,4056.3371799734477,4060.0237163940405,10.688905120565552,4063.936195474559
12502,4085.4456140097495,4088.551704946345,12.324896998992987,4091.6219321517224
12473,4192.789792545974,4196.424636285786,9.06387773784828,4200.795604614871
13036,4221.0,4225.024009956237,11.208212495435124,4234.160963295491
12440,4300.635096347722,4303.181210206508,13.546668874024329,4306.117189929364
12454,4356.880281511253,4360.073518688788,11.051243537999309,4363.753816882922
12437,4368.0569960249995,4371.443031126256,11.228729312578542,4375.0532510532785
12250,4462.541797827399,4465.384158268895,12.47073968014325,4468.521514858058
12257,4472.026583935414,4475.117676052124,11.371601371387623,4478.616735909971
13747,4576.044603457282,4578.496718070603,13.786992661452866,4591.6541752571875
16011,4593.847797982241,4598.503457132293,10.219098853764965,4602.280418116886
15963,4601.635621486547,4604.188016562527,13.629884539776038,4607.089203928197
12230,4658.015422725198,4660.576750409996,15.397315020898644,4662.977815713893
12232,4705.157371539982,4708.279317464241,11.082934787392151,4711.8302527542
12448,4730.358748445249,4733.312382394707,13.494556856111291,4736.06847889492
12485,4800.228924559118,4802.481362043186,15.357193674440254,4805.07290488859
13787,4900.03259150531,4902.110589554833,15.850259179291598,4904.538039091596
13094,4927.0,4930.449462660324,11.126464100796124,4933.810018179575
13064,4959.799823571018,4962.262468993869,13.822112069822925,4964.974186700891
12258,4984.497829588187,4987.398635660507,11.884089413724181,4990.597339001496
12446,4997.788176269661,5001.234626929684,9.970294711897433,5004.820959621692
12262,5034.018356428599,5038.160573080149,8.657805532516266,5046.771551696742
12990,5059.8537503155785,5062.535606846869,12.765086712729682,5065.658246362471
12512,5064.75829309502,5067.247354321624,13.761725437491616,5070.036940511307
15985,5106.0,5109.531709950192,13.124510810844468,5112.605727253669
13080,5134.756265337298,5138.14656184767,11.339492694868804,5141.57747701538
16000,5140.239687186678,5144.039734823274,9.369688075579829,5147.947795615448
15998,5142.865193437923,5146.256704981937,10.289000014897644,5149.873678050295
12229,5190.576614824831,5193.141577093444,12.844746524457802,5195.988311101143
16018,5224.015707799338,5227.271283267426,11.164471013523736,5230.6950746199645
13762,5230.2161408006805,5233.181915025292,14.524760061127063,5235.793763594297
8925,5286.0,5289.566863524083,12.353665807819656,5292.593899173031
13037,5296.006096867299,5299.079634885976,10.622507130157379,5311.46818189732
12218,5440.9990074198195,5443.555610290862,12.957027154622827,5446.527653595675
16036,5493.3982128512525,5496.537927349734,11.957268793282674,5499.891752722919
18014,5550.088036446475,5552.411380869727,15.005859434227741,5555.037480214758
13054,5559.0,5562.383460323264,13.59016225244605,5565.327454415982
17940,5638.795874601303,5641.575821403183,12.573464026369145,5644.843748875038
13766,5645.0,5648.310186333805,13.662646351320967,5651.046290861233
17771,5673.898186381772,5677.3621963204405,9.370861194037394,5681.305518244653
17750,5832.9974527521135,5835.449371646378,14.078542232934593,5838.267223449022
17936,5875.328228252636,5878.144747309597,12.426284645600807,5881.294857364047
15970,5902.060013512392,5905.163070565339,13.326712223893363,5908.018097685772
17784,5947.100017385719,5950.321125635631,10.55037168967891,5953.80553502407
17999,5988.19458978744,5991.497773369853,12.756773638406445,5994.480222305191
18537,6015.0,6018.559127920583,12.0994893657108,6031.3989356452275
13840,6017.0,6020.396532781193,12.723979983453415,6034.042092358102
17954,6262.411053995442,6265.37927667848,11.642120811058858,6268.571657656005
17983,6356.845464542284,6359.27504573058,13.463334942225472,6362.158059227105
13778,6401.742289437359,6404.472623788276,12.66318987920156,6407.58429861208
17761,6414.370960258252,6417.423652261521,10.554770144858901,6421.094600456184
21464,6487.158374427502,6490.333511904993,13.806607815588128,6493.194771669701
21461,6491.68405169214,6494.434984801589,12.63430118077671,6497.382403239827
18587,6493.51767509228,6496.1646261796905,12.60018752018812,6499.1543266809285
19247,6510.779240042525,6513.215341342945,14.017012022691963,6516.080464539928
17756,6664.208658838945,6667.1297264929135,14.502992378387711,6669.640998935024
15363,6668.024076414071,6670.568265072106,13.750219507348985,6673.408329939496
20851,6680.704310856779,6684.421984290889,8.939685142294026,6688.807334605716
17976,6707.817083832059,6711.008741990016,11.772885660767463,6714.365618530387
18005,6718.974086196016,6722.297193514093,14.061085825301936,6725.088886971823
21467,6759.0,6762.452501414391,12.78050187748867,6765.468938145729
15972,6771.652596670177,6774.313566284923,12.987453516880539,6777.333327598558
18514,6843.62722041236,6847.203192160213,8.210159386957747,6851.330673098309
18002,6893.0429061792765,6896.271486782473,11.722570233225634,6899.5224468187325
17783,6897.046972871598,6899.278282955911,16.32223848379311,6901.788903964754
18004,6920.595099911912,6923.125480186841,13.454261270168413,6931.566708336736
13820,6934.021520860516,6937.122249138491,12.55100006455884,6940.2744760771075
21466,6936.20129397439,6939.018135749437,12.551172279290272,6942.102664496195
20381,6944.452951044781,6947.307514653393,12.360080873161214,6950.618530124164
17973,7049.942346911281,7052.565593081058,13.358752294008507,7055.512465357315
17787,7072.265880342407,7075.268385200268,13.09555716386263,7078.074670556837
13758,7084.0,7087.209426585955,14.44409994756784,7089.918751582397
17737,7165.714968703599,7168.4629656410825,12.764033467316805,7171.544435314309
17723,7212.729759968565,7215.527776176404,11.997399822364283,7218.7168206366305
20831,7293.89906490899,7297.194083067691,11.829348045828318,7300.650816780288
21500,7301.5902270884935,7304.20310336921,13.59613553332875,7307.186880253766
21513,7389.400058418541,7392.47872712949,11.660998689492338,7395.912391631973
20355,7534.0,7537.518979952521,13.164999950276519,7540.523873798926
13776,7653.917250369969,7658.010331865272,6.401646896897097,7663.230381566387
21521,7833.841640788954,7837.096586321661,12.446362175533727,7840.230409132987
20825,8283.910370055952,8287.120936616922,13.039870392449435,8290.293027232305
20364,8286.01299158927,8289.254034417143,10.449914922944856,8293.262183592116
20356,8345.0,8348.550822662102,13.147171707078398,8351.430938135005
20392,8516.0,8519.356235188083,14.2651647200363,8522.090578048015
21502,8537.031458933518,8539.536680302455,13.194941211768288,8551.392279807214
19250,8643.999416618022,8647.0402232245,12.738502144490488,8650.105340913653
19193,8734.021483685514,8737.153520174394,12.75162505289737,8740.303593568342
19273,9276.161854926044,9279.19771845675,11.32844094321319,9282.633123077645
