1239,240.52128622142715,243.16507901889264,12.350184316376776,271.4095164519958
1524,273.3145548769156,276.39926684878344,13.645334797800551,280.9191696251227
4996,340.8087532185786,343.2410610421022,13.200256477402364,364.35250657402145
1492,425.1327190766257,427.5524432144707,12.907181293034116,451.52250814457545
1269,498.0443725786591,500.3572894380531,13.945435602594392,541.321696278575
1263,549.3214077084461,551.6110850347148,14.103813253027843,555.729770536073
1271,746.7159079918307,749.1975590576294,12.886704796070426,753.6982513105927
1462,752.9885137982054,755.325196341441,13.796928305548123,759.5911619784257
5049,794.5390903691783,797.4954356005833,10.911484155950633,811.7239337696743
4973,863.9599286519209,867.2692228278331,9.653206041447461,905.2041468018183
4972,872.5021222592977,875.4099191892782,10.95763915157199,908.2912647910327
4981,874.5360029238828,877.3742910226434,10.881832989999367,911.9258980833692
4980,961.5980111886449,964.0551583595862,13.986250987427722,991.4159780615232
1285,1183.1755383479979,1185.606686414335,13.902243785067975,1190.0051153840589
4961,1218.7727408279345,1221.1249409477543,14.174566236409483,1264.1653091112853
4350,1275.330944286727,1277.5772437190567,14.890242082001638,1281.7081318136568
5029,1310.6307721759208,1314.2044595059626,9.54579908917636,1355.4064591554977
5032,1389.6227693214514,1392.2033272167562,12.95727047754924,1441.498753435559
5028,1428.970721723592,1431.2076466963751,14.695297756742718,1444.597068618301
1283,1540.7431262626626,1543.0096688707188,13.52613598836971,1547.3213245281645
1286,1623.396703239834,1626.412735438129,13.386747506657453,1631.278465160647
1284,1632.8964762890262,1635.3682358628546,12.687310898903375,1639.935511907379
1247,1682.514688872913,1685.2048577856997,11.269998605264313,1711.3907242698972
1287,1697.5079458648454,1700.183035499186,11.909061532251286,1718.2978902501925
1228,1774.7187077040483,1777.1689087615855,12.37687657934677,1806.5412262016073
1262,1783.5272536382415,1786.031862555012,13.332381143092876,1809.5594776829455
6755,1993.5462435984412,1996.5193139010119,10.843322066768126,2001.7993548688314
6725,2002.2745190446076,2004.5017082806698,14.584753864345211,2008.5805596759135
5005,2020.6287912414343,2023.3924195173147,12.013527883258725,2071.302835693092
5044,2022.5741761098793,2025.2501219860414,12.458127771462207,2073.8115637204924
4991,2073.3191587733827,2076.4972793277657,12.337169381613055,2081.57482024797
5037,2075.972474270317,2079.0168136569673,11.712733258868909,2083.9320625666933
6996,2115.479818816147,2118.0626223493473,12.221936685551176,2164.3023988625773
7001,2184.116396173719,2186.6019562319198,13.507604507611282,2191.193336981989
4953,2222.202330330491,2225.1367157881264,11.277900359448072,2256.392353580793
6777,2262.7273472503343,2265.5250837876697,11.494060885720312,2270.506008011965
6724,2289.8570788711627,2292.3838853626935,12.907560405549228,2333.0
4268,2302.624988210547,2306.138122961794,8.783200356843166,2344.1815798285447
7524,2311.196399754941,2314.039286288401,10.94647309983538,2346.2778300757136
6785,2364.4142287472714,2367.08002751054,12.416700934060625,2371.827362440824
6764,2367.5273169019792,2370.0698342165383,13.027548828292664,2374.756565175044
10510,2501.857524677366,2504.3341053086497,13.395410555320744,2521.745623914997
6770,2655.603064716334,2658.477105437468,11.21958479650975,2707.1711843929847
10539,2668.5824661944957,2671.385540923249,11.636017423689157,2714.2641136121206
6787,2674.6204901703472,2677.061894241046,12.107738126522133,2716.1910723067035
6782,2747.9787103413264,2750.4112959405415,13.228989999091036,2794.3546383953435
9781,2759.467122295171,2762.408641467969,10.91826247308528,2797.751881983688
6759,3063.2178231766356,3066.3344569445685,13.517824986599425,3070.268105773808
10504,3065.694847124067,3068.30645493387,12.308437266057927,3073.130642465103
9827,3104.510865221971,3107.193587259801,12.792297401822601,3151.4887567628934
7607,3112.4551558217036,3115.259495067677,11.02615615087666,3154.282385430905
9775,3153.1074158848623,3156.1321308348306,13.83041952829429,3160.32222212487
6741,3256.2723740291217,3258.353800141265,15.191758155459558,3262.523037904633
8265,3664.833727382734,3667.2993504399674,13.71192900689813,3695.361925554021
12266,3693.139312400124,3696.169087041262,15.07660863730661,3701.328808286147
7492,3699.669578792722,3702.5516777750304,11.46232302835983,3707.9268941065916
8145,3736.0016938185618,3739.3629152291464,9.576672388541946,3781.5508895795647
10470,3737.682463530041,3741.1481787733137,9.51329090633448,3784.047426547141
10383,3741.065131804131,3744.281949094292,10.470920177561956,3786.249878989907
10516,3745.5572631839286,3748.2235363333593,11.146785703869917,3788.2412320942753
10534,3783.2170097759117,3786.277603239127,11.856288207863265,3796.716575340706
8240,3824.782932200988,3827.540962175093,11.575598522919316,3879.321484978562
8314,3926.182476783218,3928.3095171808886,14.762738013960325,3970.445558774283
13098,3979.621110900137,3982.360477163844,12.108551952284415,3987.234030641737
10546,4027.3648605902636,4029.6420719512944,14.134451007759843,4054.708843025983
15954,4035.0645500014825,4037.326022457746,14.656804964070735,4056.925866267294
9380,4057.0364816124265,4060.4446819533646,10.328136715469016,4066.214843682318
10495,4062.103699133943,4064.4282448411986,13.580831273294406,4068.6745095183915
9375,4065.4786701199737,4068.267926024048,11.330686564271538,4073.3671706595305
9847,4067.4379502289003,4070.1841164374064,12.809071392848086,4075.155783578581
13824,4069.7155981602236,4072.522008007061,11.340735433209412,4077.5014467335527
12502,4072.988036128194,4075.535415450713,12.883305784078521,4080.9097499702616
9344,4110.120942525106,4113.002922322378,10.616494702652714,4144.217782642062
10457,4116.321017909845,4119.232495921878,11.24047526041393,4148.349791317563
10473,4178.22108922699,4180.497304467826,14.462942715142892,4231.3581103855
15966,4491.65296960407,4494.341419398336,12.682907987757789,4504.785005743532
15990,4503.314982871618,4506.26026913997,13.570964951790078,4510.74667356372
16001,4505.774011963824,4508.573088010565,12.985262532923995,4513.227456073639
12232,4694.301460490885,4697.120231520374,11.535030511840414,4703.143854810499
12247,4723.5700932268865,4726.1233976106505,13.38533185326448,4764.0
12485,4793.158337796586,4795.379147697741,14.89442328846651,4799.327383355615
13787,4893.037419734378,4895.10317171609,16.47251376328228,4899.126696882399
12269,4907.811988794171,4910.476407695999,12.03425475528758,4951.592518140537
13064,4951.665979480432,4954.035418309077,14.6784149789844,4958.761169564373
12258,4975.6767235356165,4978.374636448173,12.015086763283051,4983.338911569396
16002,5021.324236982256,5024.454809838572,10.58366861530612,5049.414112371863
14876,5022.782748968113,5026.250587917942,10.627818828482054,5052.075353861434
12512,5057.197147984292,5059.531667698224,14.14547009047643,5063.770455355255
8271,5091.961660095029,5094.46116788355,12.845410935520434,5131.316831337666
16000,5098.089653405551,5100.549318326552,13.352534345071586,5137.389693535789
16018,5171.291703743563,5174.184374186017,10.98380469364176,5199.0
15957,5176.886552095816,5179.512958189277,11.78376843403103,5221.617315221509
13762,5198.052422587161,5200.226500905071,14.53845824511504,5227.452960995553
15349,5313.012150295748,5316.07290637473,13.226799824078368,5320.643939163674
12218,5433.264986809457,5435.622993903899,13.562924478292434,5439.994894052449
16036,5460.63888694753,5463.520810410758,12.13743788916965,5491.306936338693
16031,5462.504606837024,5465.342935567326,10.965583827049766,5494.030788530289
15973,5464.351175486929,5467.143027051253,10.642262011053909,5496.2456671543705
17788,5499.594401544923,5502.132452754757,12.839344438023721,5506.667719953678
17735,5694.286108162887,5697.197384268182,10.20339415238677,5702.661976269928
18512,5804.844296559815,5807.515300646659,12.072118519355028,5851.92305825107
21498,5834.599541828165,5837.52982611579,10.80744418530646,5854.86424795341
17935,5838.604866030819,5841.252417376224,12.15903277283623,5857.307274928095
17776,5862.583927048242,5865.372394255027,11.732521927773561,5870.4205241081945
17936,5866.730171758366,5869.336286496237,12.675800801505783,5874.207408107657
17784,5922.083563728541,5925.046570563354,10.717108053589309,5944.314602919985
18614,6075.969779165254,6078.582818335246,12.605911654033305,6121.732918539679
21487,6097.709779748578,6100.475389627232,11.79795767086004,6124.434400312849
21476,6109.292880085117,6112.3196102389265,10.037627077639463,6126.619528756663
17731,6159.622707703858,6162.3655401027045,12.081979801426737,6211.373983144111
14890,6280.716025035039,6283.457649451843,12.213427638535512,6301.347400233262
14830,6288.950506304314,6291.420632114617,13.9883322533053,6304.076590876621
19299,6291.399346591642,6294.110136012321,12.718186860505856,6306.257212376735
16030,6303.335239868428,6306.461250869218,12.957997166248324,6310.5395808481435
15282,6368.140850254743,6371.361539457539,10.335734924970248,6394.499547878277
21543,6441.018633694753,6443.378587772679,13.720671849713444,6485.235489671757
15275,6447.583057908232,6450.225462165853,12.375034133552449,6487.949048625544
18587,6484.125338480014,6486.585174348047,13.353583670917638,6492.298556518776
15291,6498.684951900743,6501.3884918380545,12.197376932463696,6506.235415828837
19309,6500.0,6503.479838899643,12.397768868855742,6508.308876891625
18604,6502.088298131993,6505.06710584441,11.712794783938495,6510.981128176382
15965,6517.113648693502,6520.001376006471,11.333093200782361,6574.548738113788
17756,6614.344980542288,6616.373921637748,15.538180996568547,6661.851905643638
20351,6636.149532777238,6638.521476716828,13.568848844160899,6664.3471090191815
15363,6642.93897301226,6645.324802271038,13.844484859293447,6666.645492568484
19965,6681.208493234479,6684.073373131676,11.440450243486733,6689.3282042426545
14869,6686.298117417734,6689.076786598354,11.268511489407972,6694.218715510937
18555,6692.2796523605675,6695.275463304791,11.059239992413115,6700.716273693516
20339,6697.15960144808,6700.30755970436,11.100114144247842,6754.622854998952
20334,6701.563455244462,6704.4193611893925,11.617215901875628,6756.773853774546
19951,6742.594068471829,6765.15371115747,6.50191510798222,6772.293851024154
14401,6801.785585314394,6804.533460179296,11.00195620625562,6849.117041904283
20865,6807.034913593212,6809.504660870425,13.080263847484659,6851.024291654833
13820,6879.4565363224065,6882.175913554901,12.58008300975989,6931.848318232644
19336,6895.598594287867,6898.1667686519495,12.084210296908589,6937.0374480836645
17973,7041.883499426036,7044.3777908335815,12.566449920317659,7048.8769952793045
20831,7242.508616466007,7245.431420323923,11.223025199699302,7291.659873278187
20812,7263.207827790989,7266.07031218905,11.87976405063423,7294.135026324966
20843,7266.3390923629495,7268.6144446860435,13.454404323639771,7296.716426283382
21500,7292.996611262989,7296.102047751999,13.223035495179651,7300.571891858735
19302,7313.034262421106,7315.500223938586,13.088554853068597,7320.075112358729
21473,7357.53530281356,7360.259030952463,12.262760357051866,7386.114020826266
21513,7367.562433295672,7370.375971517807,11.2813487195912,7388.157771754447
20822,7561.942061309032,7564.591070042068,13.737191392051894,7568.965107397139
13797,7563.89000262093,7566.524092197429,11.988714448361831,7571.282494207505
13776,7605.979301670365,7608.4659920746535,12.556667275890184,7651.722799502876
19266,7609.04547164559,7611.5670648332725,13.318458935375244,7654.519250745307
19259,7689.728420777607,7692.448956430081,11.632216753393449,7741.57010931228
20363,7698.5872509177325,7701.480842587251,11.319227566853321,7744.352785606104
21536,7712.017733486649,7714.381277702699,13.65994153713724,7746.644937482063
21547,7743.778514795581,7747.364306065901,9.062436889862072,7753.6275763495405
21521,7788.923437366193,7791.592355305626,12.271400860585087,7831.597977440551
20861,7796.473829709738,7798.654535546836,15.460379405039914,7834.253556429528
13770,7877.918592216653,7881.205624731327,10.09536760296146,7921.57816337932
