1811,151.21671013050945,157.00404106444395,10.129149641423865,162.87853939004145
3162,196.29076095835376,201.16711678095015,12.414157707534828,206.0186470061721
3199,201.54281441611104,206.02538624085457,14.706127645807491,210.2567133754717
466,236.81033889275454,241.1067239969837,13.201010684241211,245.60726965609862
2610,280.1323156948624,284.2870129679254,14.466427927553617,288.42793078458277
3303,293.0107152665869,298.4671979458758,10.326473123018284,303.91292605161914
3333,294.9561595074243,300.30970535062954,10.75097734477732,305.8543379138285
2552,339.9237396089339,344.5334269533092,12.456544786130836,349.45304258140794
3163,358.09962814219955,362.5532857945489,13.733421163065907,366.86213026972945
456,368.42203794955384,373.05836173901054,12.171037527437395,377.82901658435605
3258,372.1089451221734,377.41703142331113,11.300311770847028,382.7224572289688
446,374.73571691971574,379.37852284256144,12.124196676416954,384.53272294576095
1200,381.40807758709764,386.0048285404889,12.47723848173153,390.74408318661426
512,384.1663372465219,389.0484600864648,11.654426144022999,394.35756168804056
3224,412.89595862515233,418.1596639914257,11.359644764479187,423.3514708383641
1,438.9484128326983,443.2303016987928,13.61349392930261,447.79072404787684
458,443.52030579785327,448.16865953748646,12.591093309009258,453.0296229668916
2562,463.34259033858933,468.1529699617747,13.105156008222199,472.59463713447167
3226,465.5764110345333,470.1983522129187,13.984630043068023,474.60871866214603
3245,503.94104932002546,508.47149642347017,12.57799087086714,513.298339940274
3204,537.1423384956327,542.2024482978788,12.004714592975171,547.2529628229055
3156,558.0377972320783,562.5633384276789,13.183907475458613,567.3820903562365
3322,566.4088692592006,570.5101976566349,14.771151773383032,574.7668845120746
529,575.4422822939672,579.6032196403579,14.078650626965302,583.9773220467192
3254,583.847570296335,589.1492915161697,11.852691817691921,594.329940469741
3219,586.2850150669148,591.0850226605056,12.232452944322285,596.1756814872823
1830,620.0280263406238,624.265173063487,14.30448248596226,628.3831256906058
511,629.6087103519183,634.239518531999,12.440907564897701,639.2137471489012
470,635.6227726215892,640.1390834562701,12.351756300753994,644.9309669039667
3251,653.6439011948196,658.4420976582568,13.61048164188681,662.8975126552028
3201,655.7961906216988,660.1367653842154,13.4526917035423,664.5851321432752
2991,657.9002298030142,663.228129329458,11.374802851712927,668.7846690512064
3120,660.0083871456842,665.0901532929156,10.906836819651813,670.7128248832942
3089,663.0064778277656,668.2508874794552,10.663034579158023,673.5355603690357
3067,664.9600895297934,670.0932762078994,11.280591681668126,675.303343217763
1137,670.0631644536312,675.0449656118801,11.753770526236654,680.235256636576
1853,675.3955287694596,680.4912541010085,11.67947342640648,685.8157250422801
460,699.5980775823296,705.1626234105881,10.021435820727595,711.1322887734815
441,702.244894334456,707.1883868419376,10.888659184369912,712.9795208448752
478,718.4853322767722,724.078758050716,10.4402230064081,729.8412933865206
1145,721.4977382192163,726.1769740608669,11.10547360965113,731.7110552596216
1209,768.6649889104408,773.4073757100783,12.422781363020892,778.3600465675988
1220,773.4115409970714,777.1697820245263,15.438888124736707,781.1674477141843
457,788.3553603593824,793.3933880011543,11.827923593900694,798.5585960037489
60,794.1422498611203,799.0050200849095,11.759064020159807,804.18007381742
524,804.8011048309091,809.1926440052176,12.578662686040708,813.8848455316595
31,806.4970638556822,811.0109926529635,12.606944118215049,815.6859790182616
509,834.4139489532826,839.4070324237197,11.612164068872483,844.4400027176702
519,841.0035032656752,845.0317306318807,14.722828228155818,849.20968811679
63,850.7162376026115,855.1263304748618,13.571104813983112,859.5593224585622
3194,854.3635115474406,859.2425427781477,11.948571180717236,864.1417519649988
27,859.5217748548141,864.2766891631194,12.552438317477055,869.2331546150384
3134,862.3029260981823,867.2366769950333,13.772996546613701,871.6775937619874
3185,901.9112500950163,907.228346931387,11.256245652203964,912.498011441541
3094,903.958863351542,909.1650226992615,11.55439201024873,914.3459229450995
3124,906.1371097466102,911.4360348680738,11.438894754133202,916.9072923295855
1154,908.8569862052881,914.1921035073515,10.615125063907076,919.7770738694649
3320,917.0997373265327,921.5624249768898,12.153823910291257,926.3090562620666
3184,939.1719628429794,944.1748641781619,14.196613163227013,948.3821660819788
1867,941.4600616660583,946.2690007735184,14.02449669350823,950.7382833302689
3075,949.1337064238818,954.2952576721805,11.661276135697259,959.8043486921713
5462,956.4886233752147,961.1128938340038,13.648827051834244,965.4987568559179
3217,959.0431914123341,963.205538045754,14.272666370358255,967.3729515355321
3141,1094.5184966338124,1099.4767762537092,13.738423491930753,1104.0026079846261
2630,1096.6177175069329,1101.5016593581727,11.976578829777173,1106.4329984351482
3250,1100.3066520767688,1105.24460876528,11.689051790660653,1110.4079426582794
3218,1104.2507417954735,1109.4432676697038,11.420245733694196,1114.7216692041418
3293,1122.7665520546398,1128.1749582730436,10.462476737486016,1133.83487931386
40,1129.5273165261917,1133.6516300612172,15.881681630619804,1137.952768886686
3321,1179.6537680798326,1184.2111013518531,12.960883581626957,1188.715484514118
3221,1181.5755342336113,1186.3732820314017,12.553296636343356,1191.169020513379
3166,1184.4557883323462,1189.0204552044117,14.524375678147594,1193.3230572340326
3186,1187.0863251384728,1191.4621122275792,15.591907068127602,1195.4397991908158
1213,1193.1969388353143,1198.2719541090262,11.553280966129824,1203.5086712486222
3248,1238.8912963197722,1244.2469665133565,11.9091290491599,1249.4296949122204
518,1244.1942493282565,1248.5723596703172,12.61205300070651,1253.2528279021797
3193,1265.4977717856434,1270.0815140688762,12.492438353536679,1274.8686639095647
3164,1289.0104584664755,1294.1547694033109,11.902307188043315,1299.2677253836184
3266,1295.550400503769,1300.2158339796229,13.00089897400412,1305.0420064927232
3153,1298.912308135658,1303.3668474564524,13.649257921748102,1307.8176901276045
3129,1304.30606316193,1309.0048050957207,12.894587975780858,1313.7421182191056
3275,1314.2277382767331,1318.5945136586752,13.393630826722115,1323.6186658547942
3332,1322.385771538935,1327.4577625011907,11.810550417880728,1332.7647035529194
3175,1332.2915977905218,1337.0040907838713,14.325837940179245,1341.2008885380815
41,1349.1372682335166,1354.4652839524895,10.951538135693633,1360.01647229885
57,1351.7607756258617,1356.5394359867978,11.935468141697372,1361.8642741320873
0,1353.5159000787917,1358.319326198154,11.402276284007838,1363.7067654097068
18,1355.306674121664,1360.1189307748125,11.309422918890892,1365.773958247618
3179,1359.5161209272635,1365.2005904567375,10.929629785126062,1370.792030569288
487,1389.6896727709864,1395.2748212914178,10.498378106444296,1400.9816797323751
496,1391.7264222966335,1397.2175962252509,9.527142292331355,1402.8784024115787
3313,1393.537578203915,1399.169623210864,10.801382578350319,1404.7716975858016
3135,1405.6411496376502,1410.5140123997821,13.189335804740246,1415.0912653027606
3268,1411.5764875615048,1416.3621339571253,11.597661875657257,1421.3980549827913
438,1422.5374351472776,1427.4238342974002,11.595045568619343,1432.666979015467
492,1424.328040568022,1429.22300557773,10.386077393408232,1434.4063202593593
3119,1435.380157747848,1440.3726886687361,12.45829443989509,1445.2577340111209
497,1453.1048026295202,1458.5053079271506,11.150107622753122,1464.4021350712171
506,1454.9819948363797,1460.401466270631,9.6636279482203,1466.3065716952244
3281,1468.7405174146572,1473.0483998667316,13.37914821752944,1477.4922429875442
3212,1472.447049447919,1478.2297117492749,10.384211470772158,1484.0755400721016
3318,1478.975540961851,1483.1389855675031,14.277266762585732,1487.6526183183175
58,1489.678328447562,1496.1009403473647,9.226515601223575,1519.289452588019
2983,1514.5749201948863,1519.5147048642702,12.551724721206039,1524.561035462593
3110,1516.6979197767937,1521.564487158784,12.16348400897039,1526.5244731295277
3181,1523.9821252445086,1529.0488077663688,11.200066484914176,1534.2251777842541
1150,1531.3636972115253,1536.0505697669028,12.095092544990619,1540.9590350173423
444,1535.9669733885685,1541.259747100761,10.652003210925608,1546.890328385378
3176,1539.683490712328,1544.577226240491,13.521452188500662,1549.2299214867903
3085,1541.8921942744191,1546.453374266762,14.154676981261956,1551.050750130122
3255,1545.0466312947156,1549.4923078987767,13.484338874434398,1554.1551300164274
3178,1553.414823294302,1558.4767077670151,12.145348986732879,1563.2693517035543
3158,1555.3810290753413,1560.2868355043609,11.430192628050692,1565.3551246832953
3237,1557.1558142839954,1562.114334434648,11.879636421884218,1567.1096862909076
3249,1643.4087124556745,1648.3759689778271,12.951328254783059,1652.8002343986545
1185,1658.3459968839845,1662.3084370085344,15.12637970967917,1666.4671221133167
5292,1670.3116889236087,1676.1502941218241,9.41069985212601,1682.3145622443642
3240,1712.0236179107949,1717.1020872535148,11.854109160835199,1722.4731570745473
3202,1717.3246618433761,1722.3480414550195,13.908909032950145,1726.7084488625794
3227,1732.17739529933,1738.0819991878013,9.582778952214785,1744.3240536539965
3211,1734.1384352510404,1740.117030371487,10.580781748911695,1746.27895818881
2600,1783.6773461965636,1788.5305701159007,12.922798907942703,1793.0298983642192
531,1785.7278529909975,1790.3351429288464,14.36798124316467,1794.8651819303886
19,1787.6989301559597,1792.1369314943486,12.688067617134617,1796.6926922067375
1169,1795.5531616232652,1800.5175458067317,10.889592303775478,1805.634175059961
3197,1806.3478174651054,1811.115865726929,13.857092125802204,1815.3472956632809
3191,1817.183221615362,1823.0434886071532,10.418537424639753,1829.1956477044132
2637,1841.0768894675261,1846.0321891129536,12.251246577907722,1851.2022664778328
3198,1890.4051255895251,1895.5351721270429,10.961095215091346,1900.811251494949
1141,1902.1925149572455,1906.6215081474907,13.864560065572709,1910.8761569140947
3265,1905.141616068348,1909.401625319452,14.120324981886364,1913.6540685420973
2603,2007.8800458209066,2012.4873144135051,11.041668226148774,2018.3971823106672
8824,2010.2281025020816,2015.4890644105415,11.177000108264968,2021.0074810429785
2507,2049.914821411686,2054.5460033946392,12.747076688191743,2059.4522966896434
8700,2052.109642077887,2056.4975742126785,13.966740180403546,2061.2570255477053
3220,2077.8607491661237,2082.3175352792387,12.724309947094275,2086.8881048823046
3109,2087.050054745716,2092.4703868772194,10.838104859761975,2098.0731317386335
10888,2112.047388000339,2117.3261350183293,10.937738947736488,2122.713014699649
1136,2115.402331666613,2120.4338757755395,12.216842345869336,2125.512647720867
8679,2118.1843839372746,2122.581936683251,14.163551481688346,2127.3243191099477
8034,2142.067719055515,2147.4542367454865,11.335256416202098,2152.9246804123804
1905,2144.161343216277,2149.2986095097326,11.895659898606352,2154.7271392786542
7335,2147.0079283090527,2152.278419041275,11.49235482134198,2157.711370332513
8063,2155.171897351026,2160.0178154701566,11.860113083338618,2164.9125026334386
8717,2164.2731741473835,2169.3054793082542,12.352117091910273,2174.291209133148
8385,2176.072462090753,2181.068086136257,11.948306897335453,2186.2838442720245
6618,2192.4920968778342,2198.056297988911,10.896129475874172,2203.6224229348472
8814,2211.386445609238,2216.4857987519667,11.020441094176805,2221.802813100049
10791,2215.708700244386,2220.4524320610008,14.501998484880378,2224.764531170665
15,2234.9138482072776,2239.159489378368,13.578865101556442,2243.612302258793
8784,2246.957660872051,2251.051023373964,13.6011261588325,2255.40129620337
8697,2260.027223508828,2265.0289456647665,12.00526625362423,2269.991233378113
12,2296.164860239236,2302.201647340509,9.846193075389255,2308.5423976953007
8815,2298.4374865652976,2304.2124598403607,9.38074943725692,2310.5175603394796
3310,2300.4691242990825,2306.3327355977412,9.979521171154223,2312.5166664510007
8605,2323.4117086876354,2328.111729411942,13.920221215904457,2332.5868862657962
8714,2328.108398118454,2333.491761445071,10.28434841555363,2339.0477897021356
8752,2330.0692649304015,2335.464643555636,11.06986729936173,2340.9620834773723
8583,2331.8791509384405,2337.3558566523193,10.151879663323925,2342.6669866841403
8825,2342.593116852849,2347.1069157035117,13.027987997880507,2351.6827367144147
1721,2347.4068900951106,2352.1944495113,13.095618675851814,2356.7436257794066
6637,2357.9024907302355,2363.1473141604515,12.145599866701511,2367.9136040614862
3289,2367.7019930048077,2372.542991915881,12.327910742130364,2377.550937492201
1214,2384.252636250267,2389.149009518271,13.236498077135064,2393.668927622882
1884,2386.666508620011,2391.5799014803843,12.621105179139901,2396.6532031774723
8790,2388.56472462452,2393.367921981462,11.564026380379277,2398.469792794792
10810,2397.727742791828,2403.0500464083652,13.181200523692207,2407.7376544253116
8661,2405.9604594128837,2411.4030945860877,10.79046279072847,2416.8794327272567
8637,2407.953885809779,2413.235632654664,12.109167663248842,2418.84941183628
7365,2421.1848583556516,2426.0796985444485,10.830091308951328,2431.7063758439613
1747,2424.3771238531576,2429.5061516681603,10.91576016686411,2434.8186267882497
1784,2426.1948029832565,2431.3920404738706,11.661705941679125,2436.6262215449765
8777,2431.6871354415102,2436.2719596110514,12.965990809136652,2441.110009403499
3296,2433.7776503924574,2438.3223833971847,12.646877846837121,2443.0074093073736
8736,2444.0676985434984,2449.4291541990947,11.114964620925148,2454.574164833978
8692,2450.191033831597,2454.6235721088065,13.76866918703089,2459.4651320829425
6671,2451.910205635766,2456.2966025693404,13.481994659753001,2461.1747546601187
8743,2455.1208135737456,2459.5181458606266,14.1243233482761,2463.8804346375036
8673,2457.285405070123,2461.6226740454817,13.281563666616574,2466.001797114709
8696,2473.066645508374,2479.0438581165713,9.305907617923877,2485.284291535223
8662,2492.7217397422064,2497.1990994857715,13.214746158133588,2501.7820536531617
8689,2508.0743272829595,2513.4852884508823,10.322341261736264,2519.4389359783017
489,2540.3992244301744,2544.5503626753507,13.718988925749155,2548.9814751283006
7979,2554.9336415719217,2559.5151600855575,13.172005835453824,2563.999921835313
5559,2567.4722823055195,2572.2710680606438,11.957745520661554,2577.277386050753
8010,2576.7935912871512,2581.115362336695,15.415479522829479,2585.158774721137
7981,2585.5330433845947,2590.5298028020247,12.657145211702087,2595.1057494029183
7959,2587.6165495418854,2592.482363606844,12.715644905807764,2597.236805914237
8727,2601.641810527764,2607.208819193773,11.231389719630773,2612.9325410002275
8092,2604.008408401224,2609.1775949505422,11.72101876317686,2614.910793169015
5920,2607.2423117664107,2613.1250802141826,9.81209605684754,2619.1682290607296
8713,2613.184121465459,2617.620493999609,13.952872263957364,2621.9507371682153
5551,2663.1554998804545,2667.6321035025194,13.840458687887367,2672.1395067852995
5985,2668.4666561128715,2673.072908887267,12.121108302861206,2678.2303010103565
30,2672.90018840022,2677.509665908964,12.16766411938166,2682.254998946379
8070,2683.0657416964077,2688.043697717762,11.350888558655479,2693.361456375535
8000,2712.7658482448087,2717.463950526998,13.155254931760496,2722.0783840772833
10847,2715.1055584828564,2720.079298191961,12.225872593520112,2725.1910207296614
8747,2720.074138118182,2724.5645095183904,13.705612119233555,2729.1304419246358
8544,2722.1231651373896,2727.491821278866,11.01709873446032,2733.11711792288
8580,2725.041081906857,2729.5685121709266,12.657186427439461,2734.9959286666476
8632,2735.2615354909,2740.31128785479,12.143569170754509,2745.352571401603
8737,2740.6628900046308,2745.517985766,12.609307377880986,2750.2613750546325
7934,2749.006444150201,2754.0037574057906,10.826460018471868,2759.349297061901
7954,2751.9781258447306,2757.340750658901,10.707280030377257,2762.9284563874016
7238,2757.0351702222333,2761.476577909127,12.28684092174696,2780.9386419004845
8760,2758.911629379437,2763.299188126869,11.42537480791979,2784.047426374823
7992,2794.7064944502895,2800.364329329584,10.507087477582546,2806.051582662369
8023,2797.0016465242406,2802.306259161028,11.504390254731721,2808.024650316479
8664,2799.1956026372754,2804.225147730451,11.90447766469003,2809.8464699155406
8380,2801.0600410740913,2806.486707510925,11.27982532141505,2812.0191022524305
6015,2806.069597617959,2810.408155544838,13.475850008758526,2814.9139885443024
461,2814.967067522397,2820.485693698645,10.37884347799872,2826.014206296136
8407,2820.453374871733,2825.4374618926627,10.838543638025703,2830.516240244214
61,2900.180905900808,2905.4091618124417,11.854335281526863,2910.5232944451795
5939,2924.8256454406323,2931.174945600205,9.670453399112846,2937.4324527134186
5950,2927.266386740067,2933.1591107848676,9.388013678017028,2939.490404875102
501,2960.6738614415476,2966.0094920005745,10.755283659771706,2971.5215885471575
5988,2989.461134315546,2994.2989814756643,12.74449125264701,2999.1452737878467
5506,2994.4485046412947,2999.3813197401114,11.144267352174092,3004.298058779342
5508,2999.1086598987295,3004.1176051026514,10.802353594386917,3009.458410573515
7968,3003.5740865145945,3008.5290301312552,14.310414299187899,3012.804096726707
7313,3010.6849564715726,3015.615776731337,13.553816763010369,3020.044601749542
8665,3012.673574854739,3017.2636644457275,12.730266632098346,3021.8766323178706
8576,3015.0970904289707,3020.001249146154,12.100556765981297,3025.222121716993
8008,3020.4022332046775,3025.3580770982303,11.842099863259696,3030.97993833413
7329,3031.24801437695,3036.3349916496722,10.9627561298639,3041.534639528989
8604,3034.665369804771,3039.4928559731115,14.340699638172472,3043.728720258569
5542,3048.327688876492,3053.4587612436485,11.408152197258177,3058.6484596740383
5932,3070.576537880546,3075.023058439995,13.3948818640196,3079.443714210824
8614,3075.479595054945,3080.1322787358845,16.039783314752118,3084.247332587165
8607,3077.5290187969863,3082.366896125872,13.354199525508497,3087.056802878838
6628,3080.906284323037,3086.1639050553613,11.360238807085354,3091.5606923980026
5958,3085.0471237575503,3089.2109413215367,14.106784997090633,3093.6898811776796
8014,3089.3571698714622,3094.4980721730813,11.970240352890817,3099.797547606855
8707,3104.2522026738293,3109.089467063133,12.85729139373873,3113.6748421328634
10859,3112.8938051157925,3117.230523601145,13.32823879665513,3122.1901592008257
8074,3118.7223144631225,3123.5893228194673,13.658730638355953,3135.6621057748926
6689,3145.423238137765,3150.3861952620837,12.162284146050482,3155.406227369418
8732,3169.208882896275,3174.102123004939,13.494272917303322,3178.689476281407
8603,3177.9378460291155,3182.1162337461897,14.500707528020033,3186.383186650037
10858,3184.8941554348703,3189.1753702690794,14.163946107889679,3193.385153204819
5936,3228.1126102637304,3232.3437832350764,13.453214111042676,3236.7624044531394
8694,3268.7061013256207,3273.577318709035,13.284316419201826,3277.9723892803595
8606,3270.700048500537,3275.4730205903384,13.05826685434177,3279.958036986904
8708,3278.5706074881223,3283.578134882323,12.80341708277035,3288.3279826037165
7319,3290.457878846459,3295.080580636126,15.06407749854006,3299.090091271723
8683,3345.4805217898543,3350.2279300586156,13.614541961089198,3354.8382504946358
7344,3433.313913173181,3438.079617164404,13.20048289923069,3442.661416539594
8739,3438.983539099224,3444.4254800672943,11.424864708218157,3449.7305877520516
8704,3564.281134727901,3569.316872100919,13.492652643252823,3573.870237694189
8615,3566.3947416256756,3572.3624264450336,9.51586675761289,3578.435518514496
7386,3568.970663171175,3574.44613997396,9.785319057270755,3580.2674555399726
7350,3574.947971128548,3580.142934038884,11.716206337092505,3585.364915249643
8120,3578.4133867499263,3583.2536339521753,12.748767081751224,3588.0308673661552
8060,3580.2909628216735,3585.0132524396986,13.548864078805051,3589.861979478495
8647,3610.2606198778203,3615.4237531594677,11.834511933918044,3620.8385487888672
8595,3612.1876080824436,3617.2628954315696,11.417121506826787,3622.6469931146303
5555,3661.316731843538,3665.454887418315,13.881835373157234,3669.7424065056816
6664,3663.139059451816,3667.1463982231767,13.756031687764187,3671.517091333517
10824,3669.392689329658,3674.515520385763,12.974753239533914,3679.09667758442
10868,3671.462421870798,3676.2391240157876,13.81480494087516,3680.864501894036
8101,3674.398367830401,3679.1563922587384,12.955180047455222,3683.731048521395
8531,3686.981471689372,3691.3992319416184,13.945738543032258,3695.716607173254
5979,3712.6942698339967,3716.5364481474617,14.968534046862663,3720.7748182112423
8690,3716.816283887618,3722.2519331616727,11.07084766653528,3727.4494098740947
8733,3718.840157811094,3724.096444664058,11.802352234526344,3729.279095905053
8446,3721.137294576478,3726.0283318174706,12.275548229131685,3731.1325402937255
8490,3722.9235126458548,3728.5055749935564,10.45037886317811,3734.1637404256126
8602,3748.575642312978,3753.200514341641,16.205240021467024,3757.3161498140034
6625,3754.605358806454,3759.5835989232223,12.434930637114945,3764.495102457346
8072,3764.322939780818,3769.5328120385248,11.495655388393375,3774.971735634673
7308,3777.072755690987,3781.4273676346265,13.315237243224674,3786.013297204256
7373,3782.267492694379,3786.5189614220367,13.696583557098524,3790.9366026688162
8685,3795.206465034016,3801.3280534446017,9.459205452327936,3807.599708346042
8688,3797.1268498771938,3803.1877750263056,9.966135621272752,3809.4669203750086
8044,3807.5305314581406,3812.044326601701,13.540851830989165,3816.60645950528
8130,3816.394957018599,3821.2344622685755,12.790583543577666,3825.7489928836453
8041,3820.873919355555,3826.397814601197,10.40472148479736,3832.0892838372392
8709,3830.411198006438,3835.389289123575,12.608795453046914,3840.50891539955
6720,3834.9620083633504,3839.563925243121,12.418982827498338,3844.324928470477
5937,3837.909666180501,3842.4478299414864,13.03721272433011,3847.1001013418145
5973,3843.9309789325575,3848.154001919647,13.595178505847032,3852.434611596348
13602,3850.451221624681,3855.5477771066153,12.919929570835945,3860.187139441378
13593,3887.682450819729,3893.299945326373,10.991516239350165,3898.9483385920803
5947,3901.624370340888,3907.017557092115,10.7767665465052,3912.4425939863177
7372,3921.808137786213,3926.32059752495,15.18400263129642,3930.3491167441202
6002,3925.912045363401,3930.1610064111396,14.845681155584664,3934.3743611885784
7395,3929.40469639478,3934.577663527195,12.632770187139485,3939.6535706498507
8079,3931.3835171499995,3936.527912870546,12.202150732290281,3941.691381267092
8375,3934.588036407611,3939.20555178877,12.748998625377137,3943.757350194191
14194,3940.2525472367056,3945.4918419805786,11.254587395855415,3968.7996017562837
5942,3982.223772970694,3987.4580072780113,10.798573120583699,3992.9126700986008
8718,3989.718752018223,3994.3855733115965,14.63623529100121,4061.3629110016295
14186,4008.358711409051,4012.6194527424964,14.569171967382175,4067.1321339669094
6639,4072.6269830299357,4077.4506762550072,14.313393405151622,4082.3450763905444
7317,4074.6527737471924,4079.351309549933,13.88673200156668,4145.339376113127
14296,4076.5078475975292,4081.0719065912836,13.190561068410986,4148.247807257899
14305,4080.313449632985,4085.290102387749,11.198652022614406,4151.453015315403
14185,4085.853854381375,4091.1101878727864,11.482169292428575,4154.359967453151
8757,4102.491635739829,4107.594688145228,12.712223245584124,4157.124962093352
7332,4104.592682271964,4109.56348757245,11.555339254544865,4159.713840686657
6007,4159.238949120812,4164.219033090261,11.949271051232188,4210.928093739603
5539,4193.425605778563,4198.166476208059,10.778294341071033,4213.047489349586
11503,4302.011373709557,4305.623719940116,15.672359368080551,4309.449060406372
8691,4338.417525848016,4343.093379325459,13.224654413027624,4347.498629010884
8622,4380.178705493533,4386.155982831998,9.829880104762507,4392.076301150687
14270,4382.694194430418,4388.134359284084,9.987302460930241,4393.747423742917
14304,4384.5103573181195,4390.023141187069,10.20040247663875,4395.495740854956
8703,4431.071284348634,4436.080140891608,11.258687970746713,4441.128735854349
13578,4479.228463639884,4485.426503247499,8.7490910064745,4492.013010791549
8589,4504.196484302801,4509.536295754393,11.312830840371463,4514.719573674605
6020,4534.110754770638,4538.370614848977,14.837338497475415,4542.3756980657645
15885,4565.851392835094,4571.162982377348,10.90232592486115,4576.740141475998
16266,4567.851659131641,4573.130732240592,10.26095484579429,4578.669663529778
8740,4586.139239178832,4591.49780823781,11.067536558422388,4596.684693399816
8559,4592.1320183691405,4597.1241533738,11.81429646313751,4602.174934143835
8656,4601.243553933002,4606.429774242213,11.340233587733383,4611.632856116307
8501,4603.236566724963,4608.230300024513,11.866766057977614,4613.434873413917
11496,4612.402826702169,4616.549106193869,13.615706998506361,4620.9348185324325
8746,4617.57559661261,4622.512475935062,13.000594238900469,4626.967526087998
8670,4619.784323279864,4624.385327884064,13.296214840738841,4628.904029041326
8417,4630.505973973613,4635.466447689002,12.611070463869243,4640.205269714317
15950,4648.362353956854,4653.074535523436,12.875417488508448,4657.598025819835
14232,4654.374089386107,4659.5056608671985,11.730469949651804,4664.865067520866
11027,4656.942925943311,4661.467117797202,11.526892345508838,4666.700690369819
13410,4671.857847672352,4677.043807203827,11.608570433593682,4682.0836300663195
14265,4674.866997913053,4679.383357436564,13.401809687663658,4684.054592622095
14327,4678.466379562168,4683.506889428994,11.475150665522976,4688.686191304396
11493,4680.293863626598,4685.376516010516,10.84567545042925,4690.492721714219
14123,4696.834259951277,4702.017713919882,13.130992211472485,4706.576083148235
8725,4703.991075669804,4710.281788965301,8.66695725167483,4717.043382567735
14288,4708.6259075182725,4713.135999806193,11.317923544550275,4719.0356702313475
14233,4711.45284818784,4716.10841030291,13.652679797926114,4721.322489954979
14227,4713.798992316121,4718.572944520699,12.12394830186458,4723.581482621888
14137,4715.982905281742,4721.050818514275,11.368193558902647,4726.162805409186
5524,4721.410538093858,4726.429983778505,11.98222326350085,4731.730009703444
5513,4723.174919623317,4728.212834820744,11.841544202878625,4733.454867725038
5571,4724.912944983956,4730.0354412887,10.6325382887459,4735.357391165262
12163,4729.809035210241,4735.072635199034,11.802504094366906,4739.971272484391
13374,4736.28081319218,4741.035371382647,12.681517334480118,4745.957692580639
13630,4750.510783764558,4756.000188711489,10.896818689182279,4761.309560392849
13383,4765.296301707511,4770.139773067097,12.401986892921501,4774.767535037348
15907,4767.322534159295,4773.004754415768,10.460910901364844,4778.734778451288
14086,4770.090933786653,4775.064123311377,11.092056234644824,4780.761754567499
14155,4772.870983077532,4777.160829066563,11.766065541472395,4782.738163513563
12104,4787.560959054829,4792.0197440523825,13.283131970057724,4796.658627094126
14247,4798.392260509873,4803.230705649737,13.780470303826716,4846.590245984637
12154,4806.820974674474,4811.378511841492,10.726762044022935,4859.19400412541
11024,4868.671370057103,4873.557474208738,12.897096146826525,4878.107992148084
13572,4879.021808452798,4884.184592531525,12.787020052225204,4889.174039956925
14248,4881.060209758694,4886.273016536033,11.448369453503775,4891.4789703537435
12121,4891.603414609811,4896.448743837533,12.706445833793422,4902.580460945974
14183,4895.986386868794,4901.179462180852,11.31548792614475,4937.074763843843
14179,4901.243136832743,4906.0893419249205,12.277851957165892,4943.2057992609025
13587,4909.201239009378,4913.488396436309,13.809882825372068,4946.377029138994
13598,4954.042861562122,4959.184593946451,13.267102537599316,4963.813480552367
14257,4956.248044520342,4961.265896372521,11.361432539607915,4966.49325365804
14224,4961.2438028287315,4966.227670233953,11.5451237622804,4971.380983064088
14228,4963.089755809953,4968.30400380479,11.706911595030746,4973.691297772782
14161,4979.076512109627,4984.351487202835,13.978244034612732,4988.820551507924
5556,4993.243968092924,4998.047896153417,13.068887289085055,5002.785667956498
11003,5014.907135811029,5019.178170022037,13.546742153195009,5024.74621198473
14176,5107.438123994953,5112.525183624718,12.014076405144914,5117.694749157716
14218,5120.519768742214,5125.50988476391,13.952259178716725,5129.938349129574
14178,5125.696714377216,5131.203776295125,10.066726861004383,5136.911353233189
6708,5128.094412953944,5133.325043910708,11.154278543380098,5138.757931977773
11464,5130.062284732623,5135.186832348192,12.544335857515364,5140.643995584226
14236,5139.515099091597,5144.336605481887,13.17206988271393,5149.13767946058
16229,5162.996037273169,5168.138287653967,11.627707603544822,5173.361776426426
12842,5184.648710422803,5190.246410543646,11.184884441756662,5195.932392395527
14197,5187.006261267742,5192.085146247311,11.136051258314772,5197.806162780015
12190,5197.380591024568,5201.432729378707,14.456705288855039,5205.71826267491
12784,5259.809850899832,5265.477412738844,9.875463681909004,5271.305139329339
16326,5321.687768183241,5327.119021301556,13.125874121023994,5331.876893758904
14106,5323.859886628161,5329.14224255117,12.203545798400897,5334.196725422067
14162,5326.5619116753005,5332.202401518096,10.074570270430478,5338.016715366324
13985,5329.425269275265,5334.33651201144,9.90576367055409,5339.932837679309
14172,5333.9826847744835,5338.554685870401,12.648310205559715,5343.554379521866
12760,5456.999923987804,5462.19513609598,10.10917136327421,5514.888488663872
11045,5505.505104183384,5522.1499066678,7.702180741273295,5528.416373621537
16369,5512.1256524286455,5526.445705213476,9.071751594711253,5532.249566561369
14118,5522.420043550173,5528.46248333271,10.361651958225375,5534.229689489578
14266,5531.764773743997,5537.193158607835,10.729987394997359,5544.029412878188
14282,5533.626132458992,5539.179080822384,10.415820799701653,5546.285721015817
12835,5544.357725909065,5549.352415983826,11.429548179668442,5570.557028434952
12862,5546.646203905971,5553.001637890955,9.181372215987999,5573.0967021853
11428,5548.689060230103,5555.061323486671,9.574350966762466,5575.34979732989
11037,5552.633072359401,5559.057259026926,8.506084335984958,5579.292250213428
12112,5567.1433064252315,5585.144830382538,8.838551868356001,5591.041722237857
12794,5568.99404830709,5587.143805456999,10.04681475355873,5593.014180313101
14315,5575.364297440666,5589.153165190485,10.23176119885262,5594.843297547412
11022,5582.603286379237,5591.053956568709,11.474901235291453,5596.645682921765
6001,5594.94916520342,5599.562954010656,12.363984071112597,5604.491814040218
11006,5599.73067977111,5605.4083095759615,9.894119147196445,5611.331193623049
5535,5601.677296090174,5607.367624377132,10.68475177999473,5613.225104433024
11019,5603.647475212203,5609.433298023947,9.478547869755866,5615.230804690167
14165,5607.583404974578,5613.284394631329,10.4403624986338,5618.744836605504
14230,5618.990098581094,5625.020480090333,10.081354280580825,5631.207188452424
12134,5635.727912389931,5640.560851290533,13.626596216780607,5645.260304102053
14302,5648.1707991551675,5653.306021891216,11.508964592425414,5658.680405984378
14208,5679.964174426007,5685.478203765612,11.524112766914174,5690.712854167237
14234,5707.785951320441,5713.252437867034,11.802800558285137,5718.531253865589
14212,5709.878285135014,5715.129752654865,11.786021476289442,5720.391925210096
14264,5735.447582142902,5740.45313470124,12.45853765297376,5745.3770498437425
11499,5801.025170537733,5805.521530907806,13.887693102192637,5809.880603652075
12893,5823.646384371756,5828.5175301835425,12.70168778296292,5833.0802284731935
11011,5826.987932792483,5832.220871808589,12.30288708612822,5836.966011835027
11025,5847.475779943932,5852.229247481708,11.640464622174457,5857.309601928477
19796,5849.375703933592,5854.11324083253,12.614262658936596,5859.0731884769
11461,5854.869001122267,5859.496047772044,12.898157068373663,5864.483005311586
12148,5856.642393807759,5861.410855315057,12.87954056677697,5866.3309764811665
14273,5865.250443406084,5870.203542097945,12.081889679182813,5874.9629974182
11468,5867.30982211407,5872.082958697869,13.55516449050126,5876.666105080777
11441,5873.27692394535,5878.091169596467,11.72421341718738,5883.167424774078
11008,5876.9480270670765,5882.290583696551,10.594075553006036,5887.785579156547
12118,5889.897460580083,5894.3015202255665,14.668326755042465,5898.507579397468
11488,5891.885736720938,5896.418761129891,13.01660243715154,5900.945274768661
19098,5895.6146540852615,5900.5069454009845,13.288549288146022,5924.559868799556
19124,5912.348459320132,5917.256362985884,12.748925547894155,6034.448608502011
12202,5914.437163048754,5919.382046706041,11.736485066519085,6039.048316988855
19716,5926.2603731884265,5931.406248618691,11.016678108255466,6049.1506401833985
13624,5929.26523496585,5934.235120950592,11.17288092155733,6051.777925555392
18339,5949.528213369436,6059.024212951372,7.342420934589226,6124.00052292917
17696,6066.35518136178,6131.0192782987615,5.109370920857959,6137.473037217006
12771,6341.605293075136,6346.410857467517,11.694237542781455,6351.403654266143
12091,6345.923775597818,6349.631569184846,15.245890915494888,6353.620013671883
13441,6368.122927322325,6373.4493571788225,11.41068683417036,6378.981835833946
11467,6392.250888393366,6397.023002580745,12.051907029672208,6402.020182922349
14633,6425.580193948768,6429.553057115108,14.363068875557484,6433.675976439118
16558,6446.884947126537,6451.000866536625,13.581959091357797,6458.162442967995
10996,6449.163780838456,6453.487270137046,13.325907522704885,6464.213367906584
11040,6453.007271578099,6458.143365574689,10.899055672561532,6466.486454072237
19823,6465.907326658467,6470.360153029099,13.218672636112235,6474.906831125195
14252,6552.065477186811,6557.170797193457,13.195036605771554,6561.69420552594
11007,6554.967474443296,6560.264038087764,13.064914530095942,6564.966712369397
12151,6557.111824336779,6562.22494894234,12.789003455625346,6567.184777402132
12884,6559.17952534821,6564.110826915296,12.419157252168423,6569.229327504482
11375,6568.082611414798,6573.47555071286,10.674138244021425,6579.069361047549
21976,6571.386345250835,6577.35178449272,10.040084276559721,6583.455962160423
16564,6600.917226992144,6605.155676572169,13.659277771039388,6609.59720021649
13524,6622.6310855441425,6627.1888600946995,13.161692465533648,6631.535673640011
12731,6639.3793454020415,6644.128549546123,12.282842724905725,6649.086627881071
19013,6701.342720759363,6706.432040785124,11.917010545598982,6711.982766491338
17571,6703.21259798377,6708.272864924908,10.406909044109781,6713.741553170451
12708,6705.625195883596,6711.382941313238,9.957220137170967,6717.240056795954
11010,6710.382301386316,6715.055173984386,11.970985617840629,6719.957483938339
11043,6725.606582067307,6730.232286447525,12.79908778666087,6734.980477301847
14180,6729.089205214386,6735.473650979052,9.647961482325915,6789.429111420695
13586,6739.572369308457,6744.5006827863945,12.223639851201185,6866.004119993465
19798,6750.044516660951,6755.14873442258,11.027978993304862,6868.614627326919
20147,6756.738231866171,6762.146210152207,7.909252877212613,6870.635688238179
21964,6788.7904674861875,6878.235910090904,8.68602645837635,6884.286021305465
14240,6791.196235974013,6880.251090726672,8.306102218166364,6886.2659823270105
20229,6807.365166064348,6882.284207600161,9.676927758944235,6888.0276493349575
14243,6810.581975926229,6884.241280222865,9.99702253042698,6901.753555629571
19829,6875.094393530725,6886.181990514491,10.669108002203581,6904.31799732894
11507,6878.958597010382,6888.088914092399,11.412486786789781,6906.84400024821
14074,6888.629812898918,6894.420791526472,10.388079464900581,6926.473401855971
18333,7006.213840145257,7011.322023429293,12.763018812917638,7015.995637819404
18987,7100.261168008685,7105.449669948904,12.321695953362203,7111.145784939196
18398,7112.2482683357375,7117.375252921297,12.227540747978177,7122.342880873221
13576,7117.221307404099,7122.15868027366,11.577785567451876,7127.335553792455
13431,7119.066850938219,7124.07580956979,11.405604865686605,7129.317242406076
18394,7122.322705981916,7127.3023945038185,12.330464294045724,7132.105239501812
14182,7129.447924987911,7134.213708471044,12.272273041183237,7138.999999902211
21343,7152.440075309082,7157.239262781488,13.022018331192719,7161.816717202538
19760,7196.870343248102,7202.472811237882,10.482300671834048,7208.047843417818
18314,7201.250244538179,7205.5104987713075,14.499017069244593,7210.195169472869
18386,7204.590706834588,7209.401058242718,13.147121177768447,7214.120927069339
12120,7210.7933125818,7215.497218680227,17.068081924540422,7219.038369511969
21907,7215.184695405898,7220.458990951625,12.302133308774504,7225.743041477604
18965,7217.114264576505,7222.231763331307,11.548335286766326,7227.49926634245
20254,7237.560385203048,7242.414137857763,11.897545354090251,7247.3064834369525
14144,7245.576583455221,7250.502447673099,13.306827251265302,7255.021899460727
14131,7252.203591992822,7256.507227843948,13.64999188147491,7261.170857921838
13596,7255.198229664366,7260.195738446869,12.123863341543654,7276.373861548761
14021,7257.2331114458075,7262.012194294521,11.556077738912578,7279.270240223854
14017,7272.573179566826,7277.420346636301,9.151391919316609,7289.8572432323535
14216,7280.482386576048,7289.08752089552,7.254016821638637,7295.40966324352
14166,7282.724364313393,7291.306521135282,8.651860934351076,7297.340945536744
14045,7285.203457121367,7293.321330591165,9.791594090135439,7299.180010084482
21865,7287.082763944664,7295.206935555004,11.081755303722716,7301.054423123473
14163,7288.976541377078,7297.256982243154,11.483150045968218,7302.860411586529
19101,7292.254612433615,7299.122194654337,10.164117899215746,7304.554652956206
14235,7294.5812697709935,7301.0338646114815,9.871597109537847,7306.340323422822
14103,7297.130071665595,7303.001510783785,11.060055138162095,7308.5525593513485
14132,7306.063893693231,7311.005707319937,11.880486582286288,7316.2510145087035
14181,7311.234562458014,7317.150903773557,9.945203366151022,7333.56968463937
14207,7462.899808512327,7467.297934546985,13.661452368667522,7471.680237589199
14148,7472.108373194654,7477.303346362699,11.684781035563653,7537.625464871556
14239,7482.799966327645,7487.030646187006,14.089603129559984,7540.582597172581
11268,7515.191987034713,7519.303798529635,14.174302988472359,7543.629869123506
11360,7517.257437165988,7521.527971008374,13.789108494790675,7547.393134231323
18942,7518.971163191591,7523.33917299784,13.088963384090803,7550.75195488433
17692,7568.6003636106425,7572.40033481023,15.911837252251438,7576.359641682616
18391,7575.927538299109,7580.4642414105865,12.59012663710245,7585.405403485769
19122,7581.315758688011,7586.48280725808,10.962274843383895,7593.112865476378
17653,7583.314904234578,7588.456942163536,11.251654251064464,7595.55160434854
19085,7585.326264998038,7590.431645482149,10.739738447346726,7660.3936814406725
19666,7590.871611943039,7596.173052287913,10.582010440715116,7668.0301545005605
13631,7592.6705885780275,7598.060162997575,11.03871452718961,7671.307331648702
18986,7693.907133985758,7699.422130756075,10.529897988874493,7762.302276091185
18221,7695.8685947087515,7701.386892122216,8.829620301308497,7764.371094015988
18286,7729.093686752188,7767.029524056516,6.554369131028125,7773.9905072734455
19606,7858.421900778291,7863.350972104258,13.017102833493519,7887.83351537901
19681,7919.681823045938,7924.627394769908,14.12952668696387,7929.118058527845
19728,7921.732670282196,7926.388291144684,13.646667694745206,7930.9261974465335
19745,7930.288934016112,7936.0623302133,10.090165565116974,7941.826079375096
19693,8017.780577053631,8022.029826374399,14.326821402475579,8026.278510602376
19733,8033.482597613889,8038.425050304418,11.93035430171454,8043.294586000343
19656,8111.805549334889,8116.518277071109,11.597273121183802,8121.517981341666
18296,8122.002002676658,8127.015557341939,11.571580729180356,8132.2339638394205
18238,8131.082849863417,8135.138102806753,14.585379002903716,8139.308344296932
18237,8152.8562583770145,8157.516953640338,13.030902915556563,8162.314829191692
18292,8159.131398143321,8164.0665241330125,11.740910791254562,8169.064122566376
18977,8178.1418133788175,8182.211470375559,14.384363837368342,8186.468096575674
16989,8191.005523866053,8195.448818416704,14.654978198244835,8199.689913084225
16529,8194.7057531894,8199.57075004702,12.052211472702192,8204.615636573488
16951,8196.688012953482,8201.372729167693,11.438956600054208,8206.331568027319
19175,8200.961930203654,8206.265067891343,11.432656026775891,8211.435310821113
19711,8203.313399816752,8208.443959569364,11.957089081788538,8213.588500621627
19504,8205.272153876871,8210.27149775067,11.560771768634655,8215.346689175334
19123,8220.42679296206,8226.05996323402,10.129775718817024,8232.240076711716
19483,8222.278344621998,8228.064139175334,9.443053263716216,8234.071641567552
19156,8225.034303227589,8231.38941979583,9.125322708374913,8238.49625567332
16954,8234.076954609387,8239.52173669165,10.497718410749357,8244.973717217614
18234,8235.980059112448,8241.362357077423,11.35268630182123,8246.79769877919
18226,8244.315167509176,8249.15158331194,12.113809510688471,8254.109349308597
18155,8264.683379061935,8270.238827054509,11.51108055417406,8275.676120616345
18255,8269.24509751015,8274.07274963457,11.511583070300764,8279.301159301258
18153,8271.280682750245,8276.026707590256,11.740580898553421,8281.214193921305
18313,8280.274076238577,8285.315636988345,11.003878249138866,8290.56443359356
18344,8282.108871430019,8287.172044646846,12.304116368024099,8292.31130944727
19729,8291.281677835854,8296.467500377837,10.980426880662485,8301.418855753453
19078,8294.356686624442,8299.03687770377,12.685414134516895,8303.541600080958
19738,8302.12447398603,8306.56553166829,12.64702494842181,8311.665071171117
17567,8318.946688949085,8324.185868683153,10.920430679525685,8329.693352096798
18860,8324.944419279622,8329.229213518123,13.374817499385541,8333.452798707722
19626,8362.029548188859,8366.296945094187,14.664704504190865,8370.474390842917
19667,8367.985764078769,8372.420456020342,13.834647476890112,8376.969499865761
19571,8377.424420505238,8382.549849485267,11.89058976366808,8387.811675887986
19734,8379.37807546997,8384.353218974979,10.900463903307994,8389.56679612665
19741,8382.253226716224,8386.623257689023,14.306014665122332,8391.363535497685
16937,8386.282955902543,8391.035409873983,12.320216940654364,8395.982968371869
18284,8413.218909008443,8418.399795035888,11.903918497376884,8423.505839058711
18270,8415.919086096259,8420.351738313797,12.286188689221632,8425.32007335116
19028,8419.01827987464,8423.614195627579,13.720883345948742,8428.053675789959
18277,8445.390862215625,8451.116472324806,10.629380109465009,8457.024310813553
18274,8450.368823240286,8455.480356648159,11.521120080717688,8460.849828751867
18247,8452.2121393549,8457.298057793847,12.104176439879758,8462.816922059741
19630,8471.404210430277,8476.20027721994,12.46104244978321,8480.85972594642
19697,8481.265073579052,8486.451362010928,11.689997719007678,8491.811282024202
19638,8486.397464819645,8491.105861894433,13.212435100076524,8495.784079571196
18124,8500.192204134531,8505.161107914659,11.886742505258855,8510.19405216002
18204,8526.172367918854,8531.117328257924,12.307510430906522,8536.049795847168
19579,8547.939485309447,8552.464182857871,13.42804962128397,8557.003713678285
16530,8555.981737784816,8560.385454022402,13.389755204866606,8564.906552032005
19111,8567.29078254585,8572.20890590378,12.937263877760115,8576.96240535322
19739,8578.755641501233,8584.019915514835,12.105392058484918,8588.77501075105
19683,8581.169010901205,8586.023914081357,14.092608946685608,8590.572720424312
19583,8583.07840832326,8588.091813576699,12.178026330006208,8593.064504491089
18937,8608.558366469264,8613.395944965769,12.804860381471478,8618.122716615519
16566,8660.003006801859,8664.26109001865,13.696378367778086,8668.657285884985
16553,8661.891803875613,8666.17364017902,13.686291617519103,8670.573317101116
18871,8686.896926635538,8691.124918234584,14.142998731612721,8695.517962513972
19695,8735.393852686208,8740.512464825628,11.458352835668286,8745.830904069877
19706,8753.251772729913,8758.171644677082,12.550599623968072,8762.978935152749
19744,8821.805098451056,8826.40872782486,12.322517895715809,8831.137959588114
19722,8827.869280108143,8832.503175245427,12.312217665724205,8837.453863534367
19715,8837.95528390672,8843.42864472181,10.335815477029216,8849.200326291508
19758,8847.005541000295,8851.60105706513,12.74654740023689,8856.237574592373
16980,8856.169733466839,8860.450898767825,13.364529350825851,8864.994369627086
16526,8890.8637333241,8895.327864706429,12.742611430374934,8900.010252415846
16523,8892.573367571606,8897.083671230119,13.080650532287518,8901.70393948723
19614,8909.048650624396,8914.456264150738,10.189804801352405,8920.219682461833
16982,8916.39208172311,8921.531160301192,12.439952752690994,8927.034542826845
17027,8923.323221999837,8928.033592793852,13.20347595397626,8932.80305241248
16944,8957.387022502971,8961.398121743698,14.425316587167567,8965.575598646126
16945,8983.39043539775,8988.377126060665,11.991593114411556,8993.547315067273
19653,9117.358958704728,9122.073844996637,13.43020756657958,9126.710892896372
19665,9120.273183189449,9125.20834417372,11.550770554093098,9130.151054824913
19690,9175.48094935772,9180.036429540918,13.59480111719339,9184.245009056567
19736,9183.082673895819,9188.013239536687,11.151926101171794,9193.33415621325
19662,9185.80837078396,9190.327610714421,12.69779801106193,9195.180951944973
19668,9196.275600060231,9201.063001800354,12.37801596032822,9205.992163506256
19066,9287.390234857245,9292.32559190945,12.717003146875685,9297.149831245593
19043,9290.467715606243,9295.026728848477,13.009453636489587,9299.41260412967
19621,9376.136323620449,9381.265679566368,11.529094019771343,9386.579632133453
19684,9382.52279235291,9387.254291165314,12.995489189935562,9391.860946740499
19735,9392.247245423536,9398.27859693596,9.937824428969005,9404.505759997792
19657,9468.03257311493,9472.36302628119,13.619075892753052,9476.880603897129
