4173,193.69255685775485,196.26016216577574,15.006073854573234,199.0931446177919
2921,302.0061431200871,305.18767892587937,11.595719839321093,308.69532533561693
1481,317.8903461522888,321.4140511663585,10.625005699409426,366.1512444170561
2234,372.9393799963977,375.3097772530223,16.008955136875503,377.9518023035699
2200,479.50680973082945,482.378938297637,12.851042791239674,485.7153331544505
4171,555.685323909643,558.5538924667329,13.090167889020195,561.9334446369625
1520,574.3925662435298,577.5415659361964,11.791793640094214,631.5734908446004
1460,580.2427083448358,583.1862084657624,11.662256914245697,634.2982297468297
4513,644.546737004751,647.3037495554555,12.972902300851313,650.483791592478
4560,657.5830088785473,661.4025384368299,9.177932903868365,665.8764811894591
2917,661.8436482801362,665.4431558181379,10.27510799853344,721.4146775297811
1525,679.1898196133379,682.3825327672301,11.454030579509183,726.6402463012071
1507,734.8605831429766,738.0764037705814,10.978662732251477,741.8535276147726
1439,737.1678996000908,740.4694916680028,11.352514618331602,744.1015722656315
1472,739.0188798467246,742.2854602974639,11.297639598781068,745.8731625027793
4573,749.0791322538378,752.0725031986232,11.779861716090231,755.4964913342868
2700,760.8756152606221,763.628777040455,13.611452462311638,822.3541141423053
1516,794.591404055319,828.091891827304,7.175617428282195,832.5519278576501
5247,833.9373588543732,837.1561123416668,11.150962136655602,840.7255411871633
5287,836.2080192673607,839.3431404299583,11.657217929337003,842.9989232001328
1517,845.1201644317308,848.5048596409428,10.874493846797971,904.3065965373298
2227,847.3899816233078,850.4195746726041,12.202519761626892,906.4434984363864
2950,849.2072785444152,852.2969393280408,9.38071062049081,908.5401030680002
1500,914.4073391135285,917.4343690341035,12.492110227940046,920.9673111909278
2181,931.9232059175938,935.066453588254,12.285731109521409,938.5454914130077
2228,935.8394078852673,938.5199236705142,14.073367386326565,991.3147797593065
2250,947.4982758903635,950.3945321867157,12.940865006757694,994.0052953802311
2236,1200.925020283751,1204.0085043035092,12.226685304259828,1207.445269957384
1522,1204.8586998363733,1208.1721232837604,10.807516792928212,1261.4235408443296
4896,1291.6145498198105,1294.3707938932455,10.927007913335661,1351.5168196783877
4166,1318.6950923524662,1362.2326950808674,6.523490770830668,1366.720854092383
2945,1365.9313932703408,1370.4914645014042,10.579260661150032,1374.135465389464
5268,1368.4303506121569,1372.3439143402913,10.78611299957658,1375.9041655680323
2922,1370.6495387137786,1374.2420867193516,11.872233292616409,1377.706673512452
2899,1372.6195914518735,1376.0449577770864,12.236136032554338,1379.4663777127557
1438,1384.2076606233545,1387.2632084435713,11.333092281533371,1441.6139768280623
4566,1387.1781579452913,1389.6243782343233,14.53866208409332,1444.2449736891228
4526,1389.5721952641447,1392.318114232402,10.896124257213916,1446.5137601604383
5227,1395.7581344142893,1399.1139018757267,9.201461754769374,1448.666407404572
4586,1454.0392622988106,1457.045973544256,11.679845446526526,1460.6704260059528
2248,1474.2366874377533,1477.3751299247401,10.877863009834408,1531.3883807315835
2185,1476.0160051377202,1479.2382867498645,11.914555433757863,1535.0185237098851
2213,1479.46330933092,1482.2576319287723,11.75600204687615,1539.980454704024
2201,1481.2450595880773,1484.1084057259545,8.256231202976808,1542.4883866425582
2215,1561.6532388678122,1564.5744678306523,13.290852850866123,1567.8636701816781
4577,1634.4034390587246,1637.1600732024076,12.45744955997164,1640.3592925531607
2334,1832.2481220159561,1835.2192128863333,12.646643353067043,1838.5133199516736
2971,1904.0500944009639,1907.0092787866254,12.460236520927664,1910.3293259468642
2900,1906.4471739896198,1909.2735713191385,13.127918160771836,1912.4010680496574
4530,1908.1905410472268,1911.0012786137447,12.825426077701573,1914.2915333915407
4879,1928.5665756251542,1932.0280549128743,10.80131991436294,1981.7158432026608
2671,1937.7463372309837,1941.1697904174332,9.581605664234807,1988.2449201129612
2908,1993.6323576107186,1996.250724893459,14.358241965244275,1999.2831428809284
2247,1995.3548400943987,1998.0562744841095,13.198178949776917,2001.0794644608156
4557,2002.6780495767173,2006.4858415297917,10.136357002539674,2010.766768484138
5210,2004.7512966032682,2008.4163270976298,10.44364597524499,2012.6743120424308
5246,2006.7833792545416,2010.3711978562849,9.265599425221984,2014.7522223636533
2646,2082.9727961320764,2085.5619371398525,13.766570753896469,2088.5322962848672
5275,2090.3486186617097,2094.0749396213373,9.34737961238316,2098.263431429111
5282,2092.412183009813,2096.2040055485277,10.063992518557601,2100.2590022014056
5243,2094.391497863967,2098.190474832973,11.181600356350609,2102.2453789160645
4569,2190.002666310928,2193.0038993165394,12.35117028904266,2196.36468342546
2226,2201.6033389648715,2204.559448227118,12.755377251414254,2254.296375183509
7671,2203.3992160282505,2206.2933645483563,11.86403373574407,2256.6340776593997
4587,2246.3817507996873,2262.1886829146115,7.026903879712147,2266.4795523227444
4582,2248.229116442053,2264.326312568548,7.89346932374905,2268.48669718511
8447,2464.1368916626952,2467.477399627255,11.06250948050212,2521.5735808743375
8406,2466.015148800811,2469.379930819916,10.496285096767524,2526.206847982753
10711,2478.0209831323104,2481.3377005262596,10.493944500905636,2529.902405205533
9658,2479.8238998284655,2483.249718393611,9.246317966598387,2532.3798927922385
9700,2533.289546184913,2536.1548479674193,13.442186864985091,2539.288129414872
10426,2537.812671864835,2541.3741426733823,9.884491295730163,2545.50348571474
10410,2539.8061987513547,2543.3096472181833,9.934390666670035,2547.5206835987233
7664,2541.6205737738114,2545.2861709242297,9.319586508646042,2549.3345653165197
5219,2543.5534948543645,2547.2540150357786,10.567513774615167,2551.0508162828723
5255,2545.445526805635,2549.1046677731583,10.065813636456351,2552.887651926868
7013,2547.462559247118,2551.0099768898804,10.228817665106424,2554.7041404617075
4906,2555.223177717067,2558.46937936534,10.891764611697289,2619.2671988906895
2938,2557.140172935217,2560.361220171446,10.778591550563693,2622.0467351653006
7666,2633.8184168041766,2637.4090929846507,9.944076135074775,2641.573124092909
10729,2635.791841463719,2639.4371523203663,9.801237666815426,2643.4261262321866
10382,2637.8467286542277,2641.3374431659454,11.480485607522036,2645.2629554200485
10015,2639.6041927537867,2643.219852134226,10.111534953457578,2647.040818642158
10059,2720.253071178608,2723.0650740293686,10.251916526658238,2727.214589114777
6988,2736.1301780631297,2739.2055616854036,12.474414458264153,2791.4059417106705
8398,2849.7271904028444,2852.550595869697,12.982750286485418,2881.3673231098037
2916,2953.717427578793,2956.527513422085,12.863503551283225,2971.7559275511226
8461,2971.5395555116725,2974.1533346168276,13.9906403240515,2977.086385448329
7697,2989.2649756634687,2992.466203386464,10.858602974707077,2996.1633488504713
7836,3020.0207316254705,3023.460253961847,9.740771922022262,3061.682657046988
7734,3021.940076796724,3025.4026944237294,10.521550033798146,3064.366414404609
7104,3028.5068305907757,3031.284045254484,11.847855536978255,3066.7808408694773
7123,3033.153039303149,3036.3294649710156,10.651835486550924,3068.985072288959
6373,3049.4844165951563,3072.1562781604994,7.297824099424373,3076.759737518547
7059,3054.0252078386247,3074.4203579791088,8.96116720541965,3078.648665390835
6399,3072.68607677841,3078.516676147266,11.344075931968664,3082.4220649891918
6401,3076.199856610908,3080.377213955049,9.674436595610704,3084.3653333569637
7045,3078.6168123915368,3082.302728864918,11.01118812048981,3086.2543347336295
9680,3086.929791312928,3090.119298211198,11.220999990958747,3093.7183309812863
10428,3088.9793073641954,3092.3271704847816,11.476118415302333,3096.058013010643
10750,3090.918261616685,3094.1193699171604,11.01203703896499,3097.943219000105
7007,3163.921288502474,3166.535888290641,13.547566149325183,3169.4917368611277
7029,3166.3271717034427,3169.1398971223543,12.486043787232767,3172.347085575893
8413,3278.7729441486267,3281.4798116334773,13.324052952550241,3331.5211441690344
6985,3281.46417348491,3284.21224943083,12.780024109616306,3334.1894535832103
7737,3287.2004259069986,3290.0483390717027,11.922612312468123,3336.6141834893992
7685,3668.732387602597,3671.4719222120348,13.17713185428819,3694.849879828954
9079,3686.316738558015,3689.417850418269,11.822125129229853,3701.767193751411
10745,3698.660903104318,3701.491294776777,13.332599337900902,3710.5558265538666
7662,3716.7648717797338,3720.0709830617743,11.548012377121063,3723.80682414146
7692,3724.054321652852,3727.426328234772,12.106205254052433,3784.3150863877304
6938,3726.0457494203015,3729.3177074517,10.615712996179266,3786.6946755218464
7684,3729.8760114371576,3733.171609312729,8.989697540806699,3788.685680779875
8412,4076.3602695012537,4079.4277044655755,12.354949755805892,4082.9914092672
9277,4111.57092962449,4114.532054203156,12.766610101662723,4231.73570815404
8416,4133.273865593528,4137.369371723096,8.935824075030668,4234.375787032793
8411,4161.1949272008505,4242.017647134483,8.070769468437382,4246.884834030768
8434,4163.107656219276,4244.036295473295,7.6131420676282255,4249.160928454127
8430,4166.637416725044,4246.333809271314,9.026169067182863,4252.5198899153465
10401,4242.166101922169,4248.329438690857,7.953963058720685,4255.861236323614
7060,4245.959518549371,4250.466388342516,9.5245667043702,4259.260523102252
8391,4459.70478730104,4541.013808587902,5.6604370021777,4610.841569562203
12449,4608.786230231141,4780.1220974266325,6.396749341979615,4784.799750065252
8186,4724.675174117506,4785.247618988944,9.326022163536969,4789.496334290184
15871,4728.427706494383,4787.252014168116,9.945169946282133,4791.405457824037
15219,4782.601106102492,4789.117507654115,8.823767592226895,4793.2908866433745
12589,4815.801009107286,4819.048480440139,11.204069223291818,4861.365356782888
15260,4890.189305633034,4895.554840896155,11.417990141350607,4951.616491503118
13942,4893.186302681051,4897.4471006739695,10.664639499566752,4955.418333310666
12557,4895.61311615042,4899.404454801164,9.868576895446104,4960.945560784815
13201,4910.741130491104,4971.0333262468985,7.123092625106064,4975.168719110894
15850,4962.259713210877,4973.250231861789,8.770638976198308,4976.938168514641
15195,4966.707314902652,4975.2883902082285,10.425161112569922,4978.727646118252
16280,4971.801519570062,4977.053952480711,11.631074534604831,4980.423894718481
13972,4977.123618345119,4981.087666589386,11.318714763677951,4984.637031825422
15903,4979.521294619073,4983.083628668505,11.834354425911656,4986.381517087278
13220,4985.364289879264,4988.45915322701,12.101450985359628,5044.662705751629
12605,4989.423936317942,4993.065815826817,8.848497646205848,5048.995810155092
14565,4999.282849311764,5055.064347459389,9.5145286267288,5058.660176966782
13249,5001.706853580589,5057.196993883426,10.287339082069646,5071.444495131831
15512,5052.629722867375,5059.1856439024095,11.256010132491486,5131.44963971819
13728,5056.449101888345,5061.037975896145,10.336830681116904,5134.045204276637
15557,5177.459602027671,5242.179366566486,6.9797376534910995,5246.409863865869
13685,5231.653228610871,5246.402234965643,9.020615471383755,5250.610637082456
13659,5241.160102364094,5248.47964162849,10.17030136048352,5252.51579099348
15526,5245.5354246847355,5250.413711528054,10.502398146282866,5254.2114193583075
15590,5252.558172384797,5256.429676348143,10.115330685550347,5311.686510349338
15206,5254.617306899489,5258.2236469749605,12.053603124002377,5314.8214572302495
13909,5268.905230675374,5325.051625962481,9.033973039685218,5328.895615493573
13965,5461.694717792092,5464.55553987781,12.803016654969046,5494.626788676104
11803,5481.295559953634,5503.202906640435,7.510880414682661,5507.274309185773
11788,5486.432327929163,5505.457259275576,9.460445017055664,5509.351794487632
11830,5502.536742857869,5509.432139391804,9.475413262372568,5513.7981155466805
11807,5509.584018149685,5513.506050580785,10.834099801420273,5517.787265279739
16260,5511.743695234985,5515.468993528612,10.11014811115385,5519.915422042586
16205,5523.452702784734,5526.161019433056,13.500191919543605,5581.787074250364
15184,5556.689872755297,5559.262752988758,14.825612011874675,5584.418160364329
15928,5560.959720655506,5564.169051770014,11.146223912175735,5586.484705473951
16273,5563.74842920876,5567.385408572917,9.442130588462184,5588.772190700552
13940,5569.589392495636,5590.049996780947,5.876497326805524,5594.756850621993
16277,5578.8992253172755,5595.020979871434,9.586240538935186,5598.686976855069
16262,5581.041686241974,5597.038155028981,10.444850411000544,5600.754074504376
16202,5596.6106799541085,5601.144366924557,12.024073736790188,5605.132369862016
15533,5599.291711156564,5603.0768415584735,11.583592002854898,5607.2520784001235
15856,5605.175862424838,5608.453148912142,11.691875205940805,5612.12089933313
13705,5610.748543445296,5613.454948071872,13.451907018273621,5616.53691488855
13009,5615.0412865793305,5618.316956389383,11.249881586482317,5671.34218387063
15577,5616.893293673544,5620.169798048548,12.375673877085935,5674.113571227744
16250,5629.75446981241,5682.026947031861,7.5448629795503885,5686.17553546554
13730,5631.78859361614,5684.122464342408,8.934947072564084,5688.042972868174
8231,5686.500961471017,5689.556955908321,11.361999952293196,5693.344268485581
13209,5689.962945633272,5693.465027251573,9.901099220494933,5697.441013039141
15162,5747.761503815969,5750.2738008287115,14.649007587334818,5761.439489466753
15511,5751.345721165938,5754.359751271328,11.492767630923915,5765.316665366561
13186,5760.634146468712,5763.246882922244,10.22997271732625,5774.237333016797
13734,5776.49109426275,5779.584994887053,12.146484138393387,5787.27062842588
13959,5778.345493496211,5781.385395480483,12.916237290453301,5790.054606538756
15936,5780.1750124323635,5783.083924433164,10.695225288822305,5792.307048905473
15211,5785.636214382375,5789.22815685588,6.56788712652431,5796.122202037276
15931,5821.710435384596,5825.2756366622625,10.146434442493902,6214.37890630058
15887,5823.608277569266,5827.1201357606105,8.414711151378572,6230.50993802105
15594,6222.173444702392,6243.212610513797,7.07978674211198,6322.150174185935
15927,6249.740297868099,6328.036588123469,6.141663268564715,6334.179574634652
18703,7338.061143215835,7842.034899547986,7.595651627253946,7846.715122284684
21720,7591.019190876747,7844.184469885035,9.167411231843067,7848.7088995292215
19464,7594.776217467716,7846.453870588284,10.206955870614236,7850.7062839675355
18705,7842.309987920184,7848.268674362418,10.613987306354332,7852.556723955953
18735,7846.108870767333,7850.121005926818,8.248822974415349,7854.47998690971
17353,7855.141417106566,7858.405142311462,10.493518303803542,8104.222772076035
21763,8022.564868998547,8117.04458546569,10.019403341001098,8120.840231456348
18671,8123.150129994852,8126.401461157242,12.536593903422233,8129.944942163771
17249,8125.101254170498,8128.144932618618,13.376034528275378,8131.779455355278
18719,8760.36332098027,9014.083006661127,8.907129881143922,9091.360560299974
17989,8764.144315660276,9016.131997543787,8.454122930160617,9271.179675360992
21716,9376.839997107141,9460.090375587983,5.594331201869981,9465.04977998855
17270,9408.881061449798,9467.009779489015,10.988337456258483,9487.378165386197
21738,9694.439771771289,9697.51493840293,11.304172529943324,9751.992589970798
16256,9696.26516751348,9699.41422956519,11.499360024978849,9754.348434363154
19429,9711.76046987665,9762.242542986372,7.938113230020425,9901.518114435712
