848,377.0,381.37312993113017,12.187815412942864,387.5254238620872
41,907.0,911.3992866566363,11.902685496658156,927.2212718795356
22,928.0740580233975,931.5112753651332,13.226143273851017,937.70862247989
977,1007.0517412407287,1010.5220135622087,12.509650722769054,1021.7784483127242
342,1087.0,1091.2607471172992,12.413190019855978,1181.310247736214
430,1180.0,1185.2599857944524,10.242596202787007,1201.431765802224
385,1266.0361325600759,1269.1458939208883,14.994315197426717,1273.8535401794538
908,1638.179795602236,1642.1805500242397,11.427954905410104,1814.1967776079223
410,1818.0720939643531,1822.3025954360046,11.191640107628022,1910.413452000512
911,1906.0,1910.1961235229462,13.255194241270365,2101.620859056312
5904,2172.0,2176.378562964724,12.124045514679825,2186.402203337466
5881,2176.0,2180.324967136444,13.515359125481423,2192.434145817631
5777,2257.0,2261.3139096548016,8.913553432407307,2268.294511459609
5547,2351.0,2355.270201384482,12.952789664166154,2361.164879119005
6435,2541.0,2546.2145976021234,9.855442086947066,2704.0733805675636
6440,2628.1267496009164,2632.250509688761,11.396340890274331,2706.622512490489
5541,2707.0,2711.24961079283,14.016549494928663,2716.563870822019
5891,2714.0,2719.1554093945333,9.813676882223511,2726.883157774611
5565,3077.0679096994127,3080.552355569414,12.81824232879274,3086.268789669533
5778,3087.0,3092.414501423756,9.525434636975763,3151.452509481822
7047,3157.0,3161.5761280374404,11.99929002405211,3601.1805956432113
11037,4244.0,4248.212714551847,12.709039740821966,4253.821942945788
11365,4248.0,4253.050344346628,11.212010463912968,4259.570513805714
11884,4256.008005651134,4259.376225148586,13.179962503439809,4266.454873448495
11893,4257.0,4261.4104695811375,12.618616567853989,4268.29848761574
11064,4264.0,4268.132672189272,12.641805045228054,4329.179330282416
11287,4327.0,4331.348173065229,11.228534375936274,4411.325095648508
11015,4338.0,4342.502644550028,12.096382647328122,4501.495427695822
11272,4419.0,4423.06380761879,13.642119214959816,4516.46202048086
11462,4622.084386650938,4626.241309294953,9.947454750732188,4881.261846384083
11953,4695.0,4699.1979970019875,7.135266920282317,5081.163023299355
16783,5683.0,5687.0686486278755,12.928546854740452,5692.616360122572
11023,5776.0,5780.547526523449,11.78729996254034,5786.395463228434
16512,5800.151183807184,5804.153404704715,11.67908713483252,5969.209005892049
16928,5855.0,5860.074762394839,10.905861549876581,5973.784507426616
16908,6046.0,6050.324409247109,12.72212253399979,6056.061882724432
16768,6217.0,6221.351065347163,13.047242182175715,6226.997981541431
16766,6221.0,6225.342057667536,13.097417868496374,6230.712846512981
16827,6327.074651358939,6331.453851032132,10.864164628799703,6338.235775710938
16841,6330.0,6334.140148466031,13.43007338758401,6395.86430642966
11338,6398.113784205354,6402.080274649966,11.211274979678748,6503.10982608798
16900,6404.0103180768365,6408.199945599597,10.372554396371566,6579.991705959715
16778,6506.0,6607.071061447502,6.381687584279604,6675.31468192744
16911,6667.0,6684.090689483502,7.3303232239724405,6693.752789219757
16904,6685.016353648283,6689.062137671535,9.019495570910566,6697.55008421123
16773,6687.14299222772,6691.230783171401,8.075929991359127,6751.307231125625
16828,6690.0,6696.049707272055,8.66778854727423,6758.162637228247
16867,6697.132578499561,6701.094746538102,8.99169252994561,6762.21111283856
16854,6698.0,6703.10987880302,7.906428212201789,6763.945606776351
16791,6756.098881253902,6760.004685488647,9.266231011702892,6767.859540815748
16837,6768.069962685847,6771.384335081242,13.870844888343772,6777.5907463700905
16561,6772.0,6776.462672776341,11.920711786350942,6782.37988021267
16835,6779.0,6784.048869153717,10.440355040936325,6844.801862736834
16859,6845.0,6849.2978950646975,13.158838130299003,6854.898590397983
16899,6935.0,6939.461942453825,13.223830484995739,6945.029928276187
16803,6937.0,6941.499469096234,11.37995552174028,6947.598965325853
17406,6946.107833119778,6949.30406320872,14.334984486010056,6954.475104066111
17369,7044.0,7048.526115198827,12.914292281369859,7111.74173119928
16855,7050.0,7054.436706934012,12.282958645716091,7116.787749449383
16511,7118.067219249063,7121.53031114201,12.476397058667331,7127.509197579723
16794,7127.0,7131.534064547552,10.948887748056357,7137.891362345562
16915,7132.0,7136.362323064188,12.259127092988992,7142.036815676144
17143,7205.0,7209.095107652622,13.89038721061653,7214.398465531401
16777,7216.0,7220.376231962512,12.836718389269416,7226.053535924094
16780,7220.0,7224.3080914743905,12.197656945387186,7230.106982391298
16834,7222.0,7226.457787191466,12.87504848242296,7232.3685659675875
16726,7224.0,7228.521974786207,11.909407278277149,7234.526828945527
16570,7226.0,7230.522680593795,11.63971715569117,7236.708474686778
16546,7232.0,7237.1277978564085,10.637728486911659,7294.1604756770785
16889,7306.0,7310.308982092783,13.079353480061835,7315.948296324187
16912,7310.10215632416,7313.576085813678,12.284018326937591,7319.160332149736
16909,7314.0,7318.480587307079,12.562555942481914,7324.447825995057
17385,7324.0,7329.28411421795,9.046366119675477,7389.396885120383
16762,7395.0,7399.020486804948,13.53992272494694,7409.43956512128
16703,7491.053285225063,7495.079275760396,10.826770343614363,7501.6903670383745
16562,7667.0,7671.4867757839165,11.583795258803292,7677.6053141940165
16554,7686.0,7691.250886063786,10.852333282024162,7744.183760719933
16884,7688.0,7693.185990374181,10.246362795530995,7746.55215518626
17363,7745.0,7750.186782047006,10.257896605664305,7757.473980994466
17350,7772.074308381812,7776.443166425155,9.676397508723877,7831.708883753942
17384,8116.0,8120.343022387621,12.363649303602678,8126.040854758849
17344,8746.0,8750.002394233803,12.932768282656943,8755.592260936213
17475,9196.0,9200.433685342474,12.652662266794682,9206.10073419458
17424,9379.0,9383.4651633905,12.04016177111782,9389.739532141102
