3351,366.8186689801535,370.2806019438045,16.523633351780795,372.3085994908373
3433,368.68587711782817,372.08368413651334,14.902695992055893,374.3563111713772
3811,370.48221108174073,374.1983774208642,12.877348999518642,376.82696589070315
3363,402.23564376068026,406.05007156158103,13.268249618015318,408.55372467464986
94,448.00889830981527,451.4274169348915,13.691836340843228,453.87729908787304
3458,452.11399693969844,455.32780470260025,14.476873092699664,457.57267798833783
4172,620.1459167676718,624.0810022523883,13.036103791460397,626.5564099175065
1935,752.7802557990333,756.5937272114364,12.89991432189176,759.0929600278035
4230,757.1824278939941,761.5059110742858,10.50592433864312,764.6842215531279
2705,759.123571739042,763.5005156798011,10.114670470178927,766.6393334210721
5253,761.1164272100519,765.4113606118331,11.635305797407943,768.4637301482735
5221,763.0402273867161,767.2526275077064,11.156795240889135,770.3559312346606
3825,801.8787721407027,805.5714748600541,12.792986224962151,808.2772374048179
3773,803.6592996708023,807.2877460576209,11.999180946208613,810.5224948611224
4171,806.0669800899924,809.5378298487979,13.606058869177062,823.1860223608916
3813,812.9288562903644,816.5387788816589,11.668801583370898,830.7793990887392
4889,839.0415190478155,844.0423631260866,10.194251387050155,847.4356870682766
2010,849.5053040466652,854.1618522065626,9.982608873800555,857.4245330378311
2935,851.6575946018414,856.1250243358298,11.308399153370656,859.3593654257822
4182,885.9052695875007,889.4288714333303,13.46190845156478,891.7401832344235
4258,908.2490409030199,912.3279195954891,10.909250702981675,915.2447469089791
4535,910.4394712245612,914.3157034575084,12.630424432933648,917.1509144713577
4595,912.4578361817107,916.1610555916905,12.035447138774067,919.1600295506984
4543,914.281869002125,918.1577946989697,12.378241253645616,921.5954825351163
5247,919.97358887734,924.0880814138636,8.6403552275035,929.3506265805385
3360,971.8628249919461,976.135611266673,11.627626170305152,978.9508180599506
3345,984.3385218226513,988.3597938515323,13.600856629535366,990.9443479269391
4235,1249.554207928983,1254.191639193055,11.754720924529456,1257.0990199098924
4206,1263.2491504669908,1267.206457525821,12.054290142014217,1270.0446730023227
5283,1297.049479625588,1301.238485217893,12.019417735603296,1304.375749380107
5277,1299.4330559089162,1303.289949273267,12.093718209242327,1306.4553791977467
5203,1301.6203536032015,1305.4607011463688,10.317249652179324,1308.4256172211133
2654,1303.7482619667453,1307.495212460058,12.479175937426163,1310.5066994650847
3822,1369.1626271457435,1373.2137464404764,14.017892806476977,1375.6894184070165
2974,1373.3944181425363,1377.4684394335209,11.16751779480134,1380.3816459566458
2673,1397.0983861957916,1400.5957220788985,12.74433314368161,1403.2100393236037
2229,1399.8151683543256,1403.4454642441613,12.666042894817467,1406.0799912530472
4896,1411.5510959576745,1415.281556780157,14.127009103738198,1417.6060787332713
5280,1415.7600876062545,1419.43043667189,13.07419908909141,1421.9626956741406
4891,1418.012754209666,1421.42095262381,14.448793015315678,1423.7493968794877
2982,1419.6906586715952,1423.1158730506552,14.214831942632944,1425.643480832733
4875,1421.4151008353772,1425.2234315197381,11.793078788022742,1428.306396653095
4166,1423.2769344327567,1427.0408576632187,11.679884521492477,1430.8364377947544
4224,1425.4556835220897,1429.413360001563,11.902837243832442,1452.9064224574367
5268,1427.2977298561623,1431.1822466577069,9.833845386277465,1456.6503824118329
2003,1457.2183055349126,1461.5596561492707,12.760560804394531,1466.1431985108866
2688,1476.8297634439857,1480.5074687380402,12.732906689541835,1483.121656989526
4903,1479.8395590387975,1483.5613288460008,12.434435418115763,1486.3359455651814
2980,1500.223104672208,1504.3207070146586,11.738654058574866,1507.0371813554318
3795,1614.7835698152126,1618.3436884468672,13.229164493558052,1620.857803038584
4917,1828.1202223605203,1832.2798889208914,11.556210143841067,1835.0937197387757
5270,1829.9460791190886,1834.0976624918549,11.412447429307145,1836.9503085032645
4221,1833.8907312383103,1838.3343514237217,10.494734258944835,1841.440413278362
5279,1835.6886562059865,1840.2558706536797,10.435520814519522,1843.41158146177
2687,1837.600299944576,1842.1208853104943,10.883007520910684,1845.4066865799973
93,1865.1849771358927,1869.3522702947964,13.877997834789197,1871.6974519299088
2643,1894.6412482414655,1898.4810470786017,15.391226246759125,1900.6596706937482
2906,1915.1581817778772,1919.3756026185893,10.578268032542026,1922.490990286609
2655,1930.6949986669856,1934.3209849350596,12.072879157730643,1937.0395873141874
3769,1939.975552152891,1944.5371740784283,11.0289179817214,1947.563684062797
3803,1946.207782055067,1950.5289647612642,11.534457538695005,1953.5341419687645
3362,1952.763712049086,1956.5022044970337,13.14573428069492,1959.3859028613288
2734,1954.645897678052,1958.4395107652188,12.799265534875934,1961.5289573346022
3370,1966.1817530457085,1970.166678156946,9.951591873334856,1992.5883513126482
2000,2004.8135211284964,2009.1352569827673,10.564315340177606,2012.1227651431013
2184,2006.667425298874,2011.0216610119362,11.658095141345141,2013.9619134469403
3832,2030.027458708824,2034.0750897345627,11.034227891994503,2036.927069562035
3774,2032.0534610289455,2036.326259287264,10.431263519244803,2039.333090269694
3796,2034.1186622066214,2039.1180514737487,8.882568949688057,2042.654601083611
3785,2036.2643320261727,2041.1477539796635,8.976426729467416,2044.6608443328985
4879,2038.2179676235166,2043.1443915919162,8.985121222514035,2046.7117804041238
4878,2040.1749169963775,2045.1503801501829,10.73614268148293,2049.1504659274406
2671,2042.3188054550621,2047.0809224875138,8.881604422410126,2082.466391233311
4163,2064.3470914303325,2069.2520998864857,9.881681280561537,2092.6927974786045
3349,2119.8143804353504,2124.140405690451,10.744941739917424,2127.2169894782874
4200,2145.2179374517405,2149.5046290867813,10.904378923568641,2152.671435938861
9305,2152.4038820210603,2156.1499628096476,12.041751601218902,2158.877979943649
5244,2428.0246744853953,2432.0152344900307,11.500449825089355,2434.8826172758772
4937,2430.261581814841,2434.0017188237243,12.442376703108415,2436.7185117183976
4257,2436.039384103386,2439.411075607197,13.844927965067878,2441.853949571727
4234,2470.0167690408266,2474.093568859483,11.958142868282781,2476.9247980567548
4553,2471.7386026672866,2476.0870901672665,11.41827239373783,2479.0797170980522
8853,2499.1845504437424,2503.2282018223964,11.41346076476598,2506.1126398806005
8476,2513.3789473634392,2517.5820179139696,12.094161223252046,2520.429749719528
4901,2515.4248626661656,2519.4062688970744,11.239646705573017,2522.251485485766
4912,2521.1362169303475,2525.1091013071923,11.709194998170716,2527.8768241272314
3780,2562.3721664487844,2566.526063127312,11.408610062799937,2569.563035953483
3810,2564.215762072483,2568.4941414704604,10.17690888379256,2571.4376622119976
9689,2566.0735762046806,2570.4400059804416,10.942169710501105,2573.3071720245634
2672,2568.0957505259908,2572.3561596653585,11.63654852245383,2575.1252231461503
9267,2570.030456109567,2574.2036303918526,12.267402965396183,2576.9282645491494
9658,2576.2323511595823,2580.4776914247564,10.97185652074534,2583.5106285817237
9700,2580.1141787677097,2584.4148873973963,11.486690255158592,2587.9667069676575
10426,2582.746042366023,2587.152085375677,10.625492693884036,2622.4371005496855
10410,2584.6229399207846,2589.0112597257134,9.867690312103322,2635.3023658048974
2690,2645.642233042509,2649.547656766384,13.024082416048671,2652.1530450131886
9656,2647.4751120105857,2651.2493268129333,12.838124513637114,2653.847670948165
4863,2649.4840480099683,2653.040519340226,12.291391405394046,2655.6365646075033
10355,2659.1964813026952,2663.187894862341,11.72137705208272,2665.9771370626336
8178,2661.0322189165922,2665.0734019109304,12.069701856655417,2667.845013880693
10729,2666.749964907553,2670.42050235406,12.546073006678547,2712.2843379690175
10382,2668.4808932648043,2672.336917122956,9.470946717104619,2715.928843377798
9266,3046.657683013367,3051.1302793515874,10.278856017550995,3054.267034457923
8845,3101.811478161482,3106.0878363369084,10.785871930339896,3109.1632795222586
9680,3110.2191620796552,3114.4080229741053,10.805174801790905,3117.4635273071244
10428,3113.105845054779,3117.2947495016997,10.553656518044967,3120.4081059082605
10750,3114.86968076236,3119.2331457034556,10.569356376270868,3122.3987947199316
5688,3133.7332442665324,3137.60752701288,13.671603676238275,3162.718402744924
5601,3264.3792714299134,3268.065131133772,12.472579495085315,3270.7480065241994
8203,3266.247369330793,3270.1208654552065,12.145089299328085,3272.877823091889
8934,3352.1469922283513,3356.43474231391,12.85891582848065,3359.1962170994234
8882,3360.5319687810074,3365.021938146389,11.367802735414221,3367.9438264767905
8923,3366.722800561715,3371.2760899512436,12.738004812118675,3373.987745862996
9717,3368.9242856520736,3373.0382837464163,12.635822367433658,3375.7942066562273
10430,3375.08199958179,3378.60906184054,13.487844542114898,3381.135778916858
8190,3393.132931193026,3397.2344915238655,11.475072981121867,3400.0558569923023
9741,3440.4372257728132,3444.4331033654817,13.616781906971724,3446.9701594088947
10408,3504.902476502477,3510.275463384042,8.869953292084135,3514.073357379986
8913,3526.1789925329713,3530.2011470944476,12.063580025567683,3532.9036277658497
9744,3528.4671756073362,3532.174078421164,12.626451255573725,3534.752757743435
9666,3530.474704600715,3534.050184168522,13.652857312976858,3536.5474459108354
9723,3532.2044374399984,3536.015694400311,12.565719333797798,3538.65369965436
9710,3616.3556668759165,3620.1550965786514,12.61555517062294,3622.830015287029
5698,3659.888499977887,3663.2951262939932,13.114182407702755,3665.710330475594
8180,3664.9157064406672,3669.2549514248826,11.296201903738295,3672.160298372187
5675,3667.1471991661615,3671.1162654801133,11.51731302265243,3674.062816727131
10035,3673.956760078742,3678.082843020628,11.67996410099683,3681.030497605601
8844,3699.952422018744,3704.1768476482944,11.109587350790415,3707.114503595683
9396,3702.0822887511004,3706.0148040900476,11.703674016004081,3708.8838274602494
8863,3705.82607518389,3710.4870981846966,10.338108530539635,3714.061073278007
9328,3707.8017150430446,3712.3798509919434,10.010250855394409,3717.9125995304257
8872,3876.1007709084042,3880.1775325598715,12.343915444170925,3882.8828263617297
9289,3878.207278274927,3882.2628934323557,12.198666520151853,3885.042293345018
10048,3886.2818672638437,3889.4984471969306,14.749762453267913,3891.773569872915
9510,3891.9506165580615,3895.447643357629,13.88056911286979,3897.9116284271845
9296,3968.9819118628425,3973.137569348661,11.769095876762165,3975.9792033209096
9295,3972.7805360790367,3976.234213597459,13.391668961010474,3978.6885873756387
5715,4106.536356697403,4110.446770869746,12.348384088666966,4113.171677168339
5691,4108.58445890982,4112.269207002006,12.556258387395689,4114.957339104726
8508,4110.514204768727,4114.424891960576,11.70610844234002,4117.21264062828
8565,4112.7752065375225,4117.1327964126585,11.066497566471382,4120.121414637733
11072,4114.67125917448,4119.018637751697,11.47029722626558,4122.1095618253585
8451,4231.990273511863,4237.001251517294,9.433595306626236,4240.500499698736
9698,4234.022929844833,4239.069885112912,10.121397310886957,4242.434470283761
8896,4250.000787363724,4254.150822172034,13.395818161050878,4256.750624369925
9676,4254.025303050534,4258.1067188515535,11.468821072393698,4261.003076565386
14997,4503.720950705711,4507.576582281919,13.93789377034804,4512.290376279453
8455,4743.22137037759,4747.118623684841,13.431652899312287,4749.549358532903
15219,4847.914173867596,4852.516652805086,10.41203301914616,4855.971916675044
15190,4934.257319455446,4938.102290048141,12.424941487976266,4940.797900835905
8189,4941.672605829332,4945.008860936749,13.07406340908322,4947.64139619566
15848,4943.502968220545,4947.10475514583,12.79611416634876,4950.735407930871
15229,5026.155548982416,5030.057812074689,11.83315597804761,5032.833941228747
15253,5031.853846140431,5035.587637694947,12.315670438604,5046.296761044407
14789,5033.606191824384,5037.422068927592,10.25449150636194,5049.199687818666
15234,5035.767830066319,5040.187145611568,6.717006083058579,5051.721684162852
15192,5046.731157882997,5050.440064172996,10.114022117026842,5054.549987439526
11759,5063.140579572126,5068.037705057511,9.922424186722395,5071.347761253013
8152,5110.11064405934,5114.117565044414,11.754120193542738,5117.420144013892
8238,5159.775190172553,5163.13547350229,14.720620712493147,5165.360034302186
15512,5195.506539794361,5199.512505906712,12.354886107500157,5202.226471235034
15531,5201.755744860765,5205.43922999035,11.892726082325092,5208.140930442742
14768,5204.105990109688,5208.267414355257,11.159806566582143,5211.356231931634
14766,5206.144372302509,5210.088755717907,10.943407285263271,5213.348624656977
15588,6047.6152931895,5212.407921916098,10.773529510207402,6054.669138749507
14374,5210.106077306193,5214.291582214812,11.55688341899612,5233.143463635192
8192,5284.322769599405,5288.417569256866,12.175682213560599,5291.218329178368
8400,6067.327846850658,6071.051938244473,13.017014742378757,6073.644118668442
10758,6156.056306911772,6159.3281948754875,14.494093847870293,6161.623700806018
15523,6210.718005277811,6214.449610777166,13.009327983345306,6217.043867691536
15590,5372.1457832497845,5376.307410779428,7.328529343143692,5708.723565027622
12516,6060.589089926558,6064.242003389266,13.350902513059925,6066.809379366208
15162,6095.418451126847,6099.155004704124,13.78389689107872,6101.5176778049945
14336,6097.576607283256,6101.10170416198,12.731567182949055,6103.6171897257345
14346,6112.025205023998,6116.10708727597,11.29712241044793,6119.006841101539
8444,6122.259050444992,6126.045028442936,11.733560950711377,6128.813852426551
12961,6151.096009575338,6155.0252101486485,12.44759260302059,6157.769671911028
15211,6189.001139145983,6193.2700399001,11.109934763492188,6196.455379054201
11821,6228.604253363811,6233.015057574608,10.816728800670578,6236.219625019488
12493,6302.6933564046385,6307.0782133100965,12.53055469075158,6309.717517468156
16286,6307.189271390741,6311.4892357512335,10.870921092671745,6314.807173139689
11774,6309.212954139096,6313.335473981158,11.78876887194775,6325.404918999441
11775,6311.412216605172,6315.316046004643,10.325345189464322,6431.33733728945
11766,6313.247362862695,6317.365825592162,9.1446654044677,6435.563804483168
15245,7205.5297787027075,7209.5422216836605,12.876328856354052,7212.092865996445
13672,7207.7564853311,7211.378728422762,13.670500947768282,7213.945595835067
19201,7209.640828330323,7213.419770018022,12.320712096524304,7216.045318760823
15901,7224.548624903465,7229.014921562067,10.064712414712954,7232.351789561906
13714,7247.5026765059365,7251.147438757444,12.487295635965237,7507.121120041699
14818,7255.245168623706,7259.196159831764,7.464189600111065,7514.15344629384
18436,8406.811385943536,8411.549205937477,11.880812754965456,8418.747831585239
16220,8451.937605797319,8456.236230004379,11.350604656099584,8459.35091160952
20281,8453.98789389557,8459.304725930191,8.77932205236005,8501.53718567629
13975,8456.157226522084,8461.380086520894,9.2255569970834,8505.428412373998
21749,8458.179483325719,8463.428645329206,9.90758258589,8508.276625278982
18678,8703.316420149304,8707.415681273997,15.562318243341432,8709.586608079588
12521,8758.772943423603,8763.085822954768,12.7592427940566,8778.301027251862
18746,9307.477304802036,9311.443024975135,12.681935065641422,9314.314929695414
11089,9311.736117903449,9315.418356121245,12.296393925546397,9318.122924410276
11074,9313.723876003372,9317.507906455445,12.57002245703185,9320.245436478635
19181,9315.934840698841,9320.405770063573,10.789339008974023,9323.607622175474
16584,9317.852337132541,9322.284386101463,9.988112247814083,9325.568134022604
14397,9319.822749082778,9324.268397230095,9.240730883983444,9327.637763441613
17048,9321.791969400892,9326.205115499315,11.25285319135641,9330.172779846784
15197,9323.6329372983,9328.065197080376,9.465979029014184,9373.523900302325
18013,9332.00625074436,9336.047704359977,12.242441914021862,9381.024592383246
12937,9334.021762979763,9338.291199528223,10.045448067310483,9385.987234894612
18704,9351.904562203757,9402.061753554193,5.671777857147037,9475.343268139404
21435,9595.067345365023,9656.071898748274,9.478520117304543,9659.043740532488
21718,9598.48930979509,9658.3781816417,9.042034575046257,9661.356184630136
17989,9601.977158029773,9660.293332540603,10.085858233688164,9663.47674784431
21050,9607.022067623015,9662.233558742944,10.7229073177715,9665.440507329131
17978,9672.516441344518,9677.15535840048,10.447937969820194,9680.488453985177
21387,9737.363267631761,9741.292345447293,11.617642836689281,9744.125353881762
18498,10036.09053243556,10040.012395264634,13.50401839134129,10042.467059902005
