592,194.26737518393404,198.01105981563285,11.703372899187343,202.09371310819043
600,208.58516254412044,212.1303265568126,11.502333528375454,216.08736447789167
605,368.5860135723353,372.3984572838344,10.896967004286893,376.5757697433901
545,370.7777768537718,374.3136030856792,11.230045695180541,378.3855043022022
143,547.9314937189554,551.2019146510785,13.727306377683803,554.7266111572904
595,643.622734186716,647.0028030441388,12.867399045324252,650.6518604484216
185,666.054030473977,669.5917679086094,14.644800610892526,672.8353981357722
184,674.6082377209979,679.2065695502454,9.806795230896565,684.235971351694
171,818.0355949415222,821.2010515341465,14.265419898508657,824.7335063959449
651,998.4959478391844,1001.6065358710077,13.948102569562867,1005.0320203377335
147,1088.2751694668361,1091.2414527421913,14.395529330403425,1094.5368105749926
3470,1113.66529979155,1118.3966455553477,8.567946902904538,1123.7849971111311
3851,1132.8833554113419,1137.440639890558,9.095223336288601,1142.7081315659395
3419,1137.8599389558647,1141.588674772248,12.982161035111607,1145.0
572,1363.9247109447942,1367.5361556490116,12.235264874118624,1371.6453898103161
191,1538.2002399475336,1541.3981826921643,13.538575683963076,1544.8980591804561
602,1571.606477625143,1576.0749338079604,9.099887340075163,1581.140105328768
169,1629.82560991132,1633.2373980664368,12.528095347108104,1637.0746224707345
615,1631.6747142786496,1635.2557866455306,12.383910739331991,1639.3197772667063
243,1633.4478326226495,1637.0259496232406,10.865473465772,1641.1374253743556
222,1651.3943821735747,1654.5848629694106,12.919233230432738,1658.204034957949
3410,1757.404442598558,1761.2502770366425,10.8920509410516,1765.601297495771
3464,1760.7310610242728,1764.2631984307704,14.001583531803266,1767.8017083410252
586,1819.6765751366252,1823.12155739057,12.13688633456596,1826.9362584077123
3465,1839.640180231546,1843.4138109931214,10.9583341720995,1847.6681773868422
6074,1898.4233035837196,1902.134461883213,11.921271779821417,1906.1850396169477
164,1929.9302301529194,1933.4498666652207,11.531069359622611,1937.4029912251547
6216,2169.639632558746,2172.370243714273,15.8661693292389,2175.4848971003876
5681,2280.562414087178,2284.4551159474668,11.019780307467757,2288.7745573899956
6143,2443.8709053140265,2447.4573774395208,11.806397514475234,2451.498516805786
6086,2448.7173927254735,2452.2096615321566,12.035777309253422,2456.2377212667
3886,2471.545807234354,2475.247844101352,12.317818049329968,2479.126576679616
8963,2476.587898683606,2480.1664265357763,13.31919565159458,2483.9060217647057
6061,2544.5668264554397,2547.5745532203487,13.83110879109808,2550.9960409075443
5648,2546.674728701626,2550.0009152266753,13.467453349122238,2553.5963046065913
5687,2798.0283120962504,2801.141072580304,13.501408551764053,2804.564091837009
6132,2800.356418729283,2803.5261148253085,12.991881073197131,2807.114457630613
5662,2808.5246915536313,2812.042243491148,11.98496520506056,2815.8815891641457
6084,2824.992130000362,2829.3278263853854,9.34737623951665,2834.4553209179394
5749,2888.3511869995027,2891.48780487587,14.12172891420371,2894.885737096917
6088,2890.531012121989,2894.02894608781,11.675918034742871,2897.96371780305
9007,2908.6316359541406,2912.340674470019,12.171963538602913,2916.2616729044566
5673,2979.92110876546,2983.4289941565935,12.55641093289402,2987.3563338624344
6131,3067.964750695277,3071.066184526015,13.691265258395676,3074.495403863643
8955,3097.4655088491554,3101.034573064665,11.89603631493808,3105.0301177097476
5690,3158.0301964694577,3161.338354578154,12.0720540522685,3165.1152231091296
6075,3338.7261558416344,3342.462877779072,10.554326779937892,3346.732263296145
5682,3340.4949291994576,3344.2644155468224,11.870248706436618,3348.5788555772997
6098,3362.9233648636828,3367.0311914665026,10.79595112948088,3371.568829745093
8934,3462.7052178735535,3466.274890864911,12.596714773771199,3470.1592273475126
5696,3545.9637390634775,3549.5431696355263,12.225847054557272,3553.4715764437956
5689,3549.182525985829,3553.449487408241,12.138401435048863,3557.2888970773024
5679,3608.1484021545857,3611.0157570102547,14.3678588853433,3614.0
9741,3624.7326133417014,3628.4358425026107,12.668457504439836,3632.135930074847
5578,3626.7231752344687,3630.1770850013045,12.813186225305024,3633.897766189508
5654,3635.3638137804737,3638.4974003107764,14.023628710487534,3641.9466396539397
6119,3714.667227732025,3719.0261413237017,10.10830534927153,3723.899199378209
5647,3719.387531511042,3723.0260915263448,11.137189769485824,3727.236243167437
6110,3726.828347764338,3730.408088402699,11.146224769699192,3734.5083610332094
6192,3730.396020052232,3734.172547292921,11.589113866683846,3738.450138755845
6169,3732.1974816818806,3736.049600060332,11.796155833107402,3740.341339011769
9738,3735.4800473089863,3739.233455374235,11.054384875236256,3743.425549139506
5752,3748.6649302818387,3752.4782068608824,12.78890313774765,3756.262018287976
5676,3788.6584989645826,3792.2867144226407,11.603010533544044,3796.3394549442082
5661,3791.0002585758475,3795.0389266414268,10.515885485327395,3799.588493192714
8942,3816.606779376854,3820.3146157680485,13.034298496400028,3823.9051156465484
8885,3884.1801885095124,3887.5411448530017,12.497689463823397,3891.2493691772283
8872,3968.0498535318575,3971.483183378049,12.147975469033533,3975.293341320233
5666,3989.9245233781894,3993.283191453436,12.096532720296409,3997.220572306527
5660,4010.962868665025,4014.631134446732,14.31702960571355,4018.018250962312
11574,4148.900412379845,4152.3315538648385,12.485052842240119,4156.044049902856
11142,4169.817084797075,4173.524277835698,11.508395629316928,4177.579324952135
11571,4248.624017102424,4252.173947306803,12.739646913406833,4256.057984598057
11611,4250.491391691875,4254.03660919274,12.06006057700723,4257.899265678279
11199,4259.550149669992,4263.298895155362,12.065200085298144,4267.342941143098
11599,4342.297491878419,4346.261429589991,10.27381162274762,4350.789380687139
11682,4355.3999034590615,4359.159449653859,11.24738447980439,4363.311775976855
11616,4357.384626871242,4361.108688041747,10.711098214021538,4365.35545552083
5725,4537.142812108066,4542.042102529172,8.499019445587946,4547.47243819497
12112,4598.425200902752,4602.1114119575695,12.047007414855694,4606.192993028379
11650,4600.318974393038,4604.016081952238,11.805838219941624,4608.22646373657
12011,4611.995344071419,4615.389289190493,12.082327117419757,4619.285511385463
11719,4614.07260071428,4618.216807570651,9.849191564125967,4622.894184259882
11555,4616.056199636379,4620.266273301005,10.548561266482995,4624.844653621199
11194,4621.509037893957,4625.005695117131,12.475656011229319,4628.8941270115465
11162,4625.2603085684505,4628.265194457507,14.294225864521314,4631.6936316611755
11553,4690.977109539766,4695.032170400479,14.70699792308948,4698.387771806586
11628,4715.848563782798,4720.120107845349,10.606418924612488,4724.866896005275
11641,4717.74671835356,4722.025119922351,10.185846396207731,4726.727817947995
11067,4778.079908968004,4781.503086139597,12.452684130119176,4785.319700022912
11695,4800.327601408742,4804.190908569953,10.82853806573624,4808.519856708493
11138,4868.647341219502,4872.4921328545115,10.700125178168104,4876.681068607268
11488,4870.610663739328,4874.388365447346,12.008935064632752,4878.429941061477
11531,4872.442389126306,4876.15441137914,11.511145800388444,4880.231576074257
12078,4875.325266571236,4879.35504913834,10.972466050485801,4883.886209910766
12052,4877.269750960479,4881.275525330577,10.123250434105003,4885.831918823255
11700,4879.159851928062,4883.217364754074,12.245955738155034,4887.583952524718
11541,4891.693387816482,4895.548395026783,11.355066613104748,4899.756988892533
11559,4958.366976304354,4962.154205031324,11.07845595199506,4966.270522667934
11575,4977.660633738433,4981.100873069425,13.129687523157294,4984.849924522915
11147,5228.07068131146,5231.156742618589,14.306930563572081,5234.613271609846
11639,5234.193788210452,5238.058176680065,11.4128565309429,5242.473128491666
11587,5249.466129255375,5253.081765425326,12.103045787235935,5257.1182148961025
11159,5255.181745529718,5258.264011368794,13.334986105189165,5261.71099006975
14404,5334.585669499183,5338.166077530586,12.38231462018936,5341.915060049634
11166,5339.774697788102,5343.272549591617,12.320088027763422,5347.228380775764
14440,5438.573939509127,5442.1177503766885,13.132394154890052,5445.803536437076
11154,5532.701548226164,5536.181675880552,13.006827934004544,5539.916465145083
11123,5587.94020854924,5591.086911521433,13.701213320237406,5594.520590610673
11572,5590.02167027428,5593.370768144688,12.831850511649463,5597.087282421542
11699,5772.451864127833,5775.631927355423,13.647938955056699,5779.226582300572
11480,5779.248106603415,5782.567278748401,12.319363955504514,5786.344164383438
11091,5790.316013621148,5794.199573313741,10.898554118840682,5798.472126086393
14421,5880.110155953613,5884.043709559534,14.106695959619936,5887.409693138064
14418,5882.556060797079,5886.559915457379,12.52209458606809,5890.4579384093295
14889,5892.565050594526,5896.164491530573,12.294498747715052,5900.021418333051
11586,5966.1750988061,5969.255662660437,13.562464868457349,5972.810056465213
11635,5969.5010996774545,5973.008421578297,11.552962364658196,5977.111983621565
15295,5986.4299725709625,5990.192304108662,11.627549884175457,5994.371553270265
15333,6052.455646074407,6055.617028175816,13.737841449574628,6059.1483856656505
11591,6141.402625270899,6145.350047091911,11.28249272818207,6149.616360020473
11680,6146.974755806153,6150.297975624951,12.67052029016613,6153.91425159444
11715,6150.8847986790715,6154.457396818087,11.476622967048485,6158.446351009729
11473,6153.500545765203,6157.095976904203,11.591322569009801,6161.142541873395
16749,6164.4152181857935,6167.509030830659,13.472986809309086,6171.138502030689
11608,6181.628883785909,6185.447371267287,12.282423518569043,6189.426209919186
11629,6253.639469628834,6258.179116194337,10.751613646084108,6262.895504624786
17154,6258.7989276435,6262.435525228461,15.223250064905436,6265.617493979918
11227,6260.746454527091,6264.255897560959,13.888091867239748,6267.858962544019
17069,6358.771145949496,6362.40409727953,13.30255199455309,6366.0652806579365
17103,6494.182126379957,6498.163929556019,11.286614365982183,6502.610006060351
16571,6969.572433826371,6973.100180997605,11.863284819912709,6976.948040755283
17131,7050.56528000587,7054.273611918154,11.062834058458328,7058.379844938819
11152,7058.381134423753,7062.0496645226,12.551879002491305,7065.971395165243
16647,7138.6162121545485,7142.120188573235,12.618405787741862,7146.006077250069
16723,7224.361727792414,7227.329724408533,13.936149985599554,7230.641306392587
16685,7319.024086794804,7322.281303052815,13.634619177473162,7326.007611560487
16642,7387.747267922277,7391.1876430958955,12.578070637295276,7395.016977803711
16667,7408.066531798833,7411.511334283773,12.571977133332712,7415.220648705425
17144,7837.917657822269,7841.302115403074,12.185338859104792,7845.12524639917
16707,7958.427673351905,7961.593295622661,12.954046585630813,7965.22203855588
16676,8126.522950786994,8130.123239016053,12.51412790264579,8133.8763060159135
17087,8131.801035131084,8135.451462853445,14.872856616645667,8138.5227565510095
18492,8200.545841385869,8204.188565382972,11.840878526837669,8208.176243945612
16680,8255.532296080104,8259.267696897357,11.91466063434771,8263.245817390636
18419,8288.358188832592,8291.56196146487,13.69327647642797,8295.031864559342
18442,8297.42275026154,8300.378343821316,14.424231234395865,8303.688827682041
17113,8392.401073906616,8395.579327463467,15.469750984991274,8398.726983902035
17127,8467.220533088159,8469.693050618245,16.920695813687388,8472.489140369054
17164,8470.62334933726,8474.536412402826,11.002929091706587,8478.80211563546
17209,8472.532948127848,8476.369073135069,11.120531509931254,8480.64706973004
17072,8481.439206008725,8485.079445456222,11.465773293869026,8489.259937098455
16700,8578.066027547784,8581.349698545278,13.300848011902442,8585.043447462032
17083,8648.963099768343,8653.188728589343,10.470271618651385,8657.868632478489
17088,8746.086419671581,8749.069716031872,14.242553600966138,8752.48630029105
17217,8828.41053774924,8831.25146842216,14.821221548310232,8834.543653270855
17229,8926.05091899842,8930.011536155896,11.055251099521367,8934.418531818896
17232,9206.858427825347,9210.132105968265,13.450374468252035,9213.772954440201
17006,9210.689452293595,9214.354016588995,11.815258790899033,9218.380369257025
17530,9212.473479615013,9216.128088707836,11.259789648545398,9220.136276126615
17606,9214.388123810319,9218.230902843112,11.483237483954838,9222.633259428056
17161,9223.390516358753,9227.509586570352,11.081995686573643,9231.551795848556
17007,9298.654777397407,9302.148697135042,11.988314984268927,9306.124993102985
17149,9479.774364441775,9483.407162825739,11.810101984816306,9487.635637080179
