3084,211.21942235752937,222.31254137662327,9.893851794392553,234.04707352087578
3054,237.35266490609925,244.55231256533403,16.16713259527088,277.76023675155375
3231,297.8009084167558,307.4323573369497,12.044439628142216,346.6178621868886
3225,370.4158547777845,378.5757490555515,13.967457931781318,415.56546624951164
2357,421.5441619395284,429.1340205599649,14.421921497484579,437.07905141619267
3244,441.14613784628017,452.1649079288997,10.493491367650975,487.1467768331413
3142,443.94620723494495,454.0486068750992,10.328103286539358,489.3841136981197
3048,627.0006974844678,636.2508253573694,13.0135605751542,645.8002090253779
3063,697.4923054799632,708.0482330977908,11.083884431259463,718.9441478676982
2363,762.8361445715364,771.1245581110177,14.456758647569192,779.5129010943962
3095,837.5559750409842,849.0412299781035,10.75692606975046,859.6366885438563
2354,911.9079638761847,924.4697997810455,10.68536835602248,935.7294148422966
1704,922.3267463809949,930.3652725293188,13.662010489164016,967.4746300522827
1628,970.0506472176727,979.0418864961807,12.535107531578806,988.1647257295078
2339,1038.7461090189631,1048.4834162513466,11.405789183608142,1058.3800844598638
3015,1040.8904609072397,1050.3350856656332,12.93393004138741,1060.130289549645
3171,1042.6998853761388,1052.3166312525184,12.02172251027901,1062.1299564895724
3151,1046.355598583985,1056.5170474657189,11.628253560431968,1066.8359442341728
3122,1050.6577235348232,1062.4660055806955,10.953439565738524,1074.0413368506793
2350,1052.5538864761554,1064.296505939037,11.730504594458012,1105.296491803437
2390,1107.768323848643,1118.0734558681863,11.81631469253217,1128.7133065959997
2532,1117.1672635811615,1129.0763575139545,9.943999792036717,1141.4493848676182
3080,1176.832359835329,1185.305592758973,14.339011224171696,1193.7505124948534
3157,1179.0612146028031,1189.5192749660043,10.99666981970309,1200.276780645488
3001,1181.0141803418942,1191.344517673184,10.858835782032486,1202.1389068075093
3189,1314.6427027182312,1325.061629227634,10.634110210281454,1335.6559484890604
3159,1316.970989619155,1327.411959577857,11.755327064346007,1337.9389388179743
3118,1383.791282002509,1398.3260501790096,10.245008225764796,1409.1861352102392
2366,1385.8706251013155,1400.1786339520052,10.94998768837772,1410.943074725783
3138,1457.1782418586163,1473.022498336433,7.138349391460983,1487.2914316817196
2389,1549.4827469052702,1557.5789203960244,13.467814579840653,1591.5520840577458
2404,1594.356534230812,1604.5148237943804,11.548432133124235,1614.9688628651393
3190,1618.5605831471864,1628.334471562001,11.677758426798821,1657.6138082253174
3154,1620.3309421935357,1630.1897552010612,10.661406779061698,1660.2505968347573
2449,1635.1879368252712,1644.3657664682496,13.068648946144208,1662.4070214675025
2394,1639.0,1648.5120710976623,13.743372708519141,1666.3585912349815
2381,1641.0,1651.0342411693227,11.73737101336877,1668.1202733917737
3076,1683.9906800456865,1693.4759735498424,12.20540835022919,1729.2037189853997
3223,1751.527652443981,1761.0808348883038,12.416765908952517,1795.3474081279328
2487,1761.091532355832,1768.2307604257198,16.25364456569082,1797.8204353693309
3029,1876.0,1885.5482660817054,13.246861981225699,1894.7986287505726
8588,1883.3417381323147,1891.4111263112386,14.570085667070533,1900.0044480747345
8494,1887.395206959622,1896.4211348913677,13.201665634434297,1933.6841594037805
8015,1895.1906745928684,1906.2054715065753,10.49451863213667,1938.4905094682497
3050,1938.0307353794794,1947.1642884585963,12.31021179878743,1956.617141892481
8702,1943.1675683645335,1951.0974942678226,13.920066437143827,1959.472710603949
8571,1949.2765280905778,1958.096391544708,12.932624170357098,1967.2040420267824
8591,1953.793107091222,1962.5818835776508,12.329703623820805,1971.7670583582617
8613,1966.6745984992265,1975.4609907141667,13.370023626640947,2002.3656647665441
7784,2008.2862000666316,2016.4709405990318,13.795658488134737,2024.831773291131
8758,2011.7303690134477,2020.3153448754601,12.496605418135568,2029.6008823867976
7906,2025.4810892835408,2035.4070125918465,11.36631162247994,2071.59251865699
8640,2027.3434547797824,2037.2602150181392,11.25148125729087,2076.892953433737
8026,2080.0506038238727,2089.4542974841142,12.542616326828357,2099.5850047139174
8649,2091.661954497176,2101.539530735114,11.284019318973417,2141.1723949190664
8573,2092.9640508178495,2103.2919815666446,11.126844832914738,2146.3898508486127
8619,2147.0,2158.4524114583683,11.170138604887718,2169.925872675463
7881,2168.49656373796,2177.492873436921,12.202948007265514,2209.5753046219493
7764,2213.663142154851,2223.482875589522,11.416377966843921,2233.5586470880858
7928,2217.199124669953,2225.5704057694793,12.284370860504715,2235.399561449703
7808,2219.425593700302,2229.2388322919087,12.05200119806613,2239.436918530159
7840,2267.081351104948,2276.1371362597547,12.08926778476506,2285.9024497566484
8638,2284.916682155974,2293.5626538301417,14.280412961633552,2302.2109963165144
8693,2286.7183295684217,2295.5262397792276,13.51279780324417,2304.657223393895
8536,2290.2964770397984,2299.5318615163796,12.033623297074755,2309.2113039904307
8710,2350.0125793550874,2358.285942968927,14.236920022528363,2366.5620609286193
8636,2352.0867295498383,2363.3314619295315,9.825558238143408,2374.7832893563113
8611,2354.167828985768,2365.230677674112,9.55063600324543,2376.6912947611336
8572,2356.050498311671,2367.2342294661803,8.90562075684789,2378.5630444465705
8560,2418.8220585689073,2428.1150083612897,13.651523847055973,2437.106223575165
7873,2422.9231327575267,2432.517871505105,12.686979619397714,2442.2970517437466
8699,2424.6608836920477,2434.266734463929,10.876839485504423,2444.063846868203
7867,2427.157927987458,2436.203784202156,11.816732686272864,2445.823384960672
7909,2487.874695368885,2497.3208279223577,12.736089750451375,2507.7756690561123
8460,2515.9494802834524,2524.2802759121864,13.400455604291267,2554.501548321387
8593,2626.1127782684857,2634.405684000147,15.881747496914315,2642.327263694711
8540,2628.162253371247,2636.0488330521985,15.105107551179024,2644.0126382671438
8680,2630.0180958504075,2638.292066841257,14.092717145405437,2646.6745419433405
7919,2632.1592259004733,2642.400852806987,11.963722828091983,2652.4343093114067
8489,2695.0530527205033,2704.3504868573323,12.59384850459428,2713.3223470721055
7797,2697.1038572606312,2706.0901146656934,14.105344390152688,2715.0767742514704
7995,2698.0,2709.244351912804,11.678785628738515,2719.5843326936415
7239,2777.4280361786086,2788.4902347238553,10.059907563286192,2799.7957650362414
8643,2834.4802273793616,2844.041889502017,12.304574206738057,2853.4306097602016
7977,2865.4945571993967,2874.4637199561193,13.130111042820015,2901.665525373125
8660,2970.852292144911,2981.1867502037358,11.261690240689516,2991.4041407248415
7899,2980.3601991564624,2991.174488142451,10.8770064178362,3002.6820460321596
8575,3039.755250356213,3049.0504860005094,13.63106018139153,3058.206149104622
7903,3055.3755445276224,3065.4976082411586,10.985463303522225,3106.603645125713
8751,3077.0303316434374,3086.4424937380923,12.845239284784979,3115.8442103901425
8569,3108.7963039515644,3117.402214651196,14.339127515341572,3126.0482617651924
7862,3112.9333182125006,3122.0401875137927,12.999729905033735,3131.5363873452156
8584,3139.284622875768,3150.492090983564,11.109263118576056,3178.24857824206
8577,3141.1641982933565,3152.329892853843,10.352365076387274,3180.4965973306907
7892,3143.1638028653083,3154.2693344603294,9.93410721302487,3182.8198391196975
7918,3178.0608366981032,3188.310828524274,11.438042431654111,3198.856482780461
8657,3209.567606766723,3218.1927831986686,13.489719577992926,3248.15299465775
1615,3246.3404792120045,3255.2223974558933,13.135913615311427,3264.6024224691278
8563,3247.773513514161,3258.534451751435,11.393504369829927,3269.1432308100816
7852,3263.468697602925,3272.455287982503,12.319854708290276,3281.889358955678
7769,3276.5810163891933,3287.4650223332674,10.745512402888677,3313.5971411847136
8731,3278.5464009880907,3289.394983225923,10.312438046712817,3316.4957495528074
7858,3319.249027077122,3330.1125680711125,11.046489039211421,3341.641994446491
8609,3384.803798923207,3394.0960948131456,12.406346953958858,3403.45033659849
8621,3405.5539787280304,3416.301176652661,10.092491255925092,3451.6002893567374
8630,3407.3804337606125,3418.2228957579337,11.312538192520943,3455.39245306046
8750,3409.2040082033404,3420.106649004314,9.898666502996406,3458.4415072764687
8654,3467.994734562578,3477.0305562582166,13.207601476518088,3486.196434777913
8759,3470.7177411229522,3479.1632566738185,13.806179635958072,3487.9901699578377
8720,3539.472896673773,3547.530958925608,13.991494092196914,3555.958909451423
8532,3593.7658453001745,3602.341207618556,14.251813624275007,3610.93529419837
8724,3665.0723135597323,3673.421764004429,13.99857373127293,3681.944488654887
7924,3730.0089926508317,3743.377233482545,10.969250697749212,3753.995573084075
7937,3749.117298989549,3757.292295057013,11.710337013666058,3801.0996097895254
14089,3757.7392846991534,3770.4862305689558,9.777159930007368,3805.613988692714
7792,3799.3617061249056,3811.0720874934623,10.360766428336639,3823.3504531895164
7865,3800.0,3813.0439809901754,8.77466752547676,3825.4227177330936
7760,3803.0743131558625,3815.053600488205,9.730281414912993,3827.4904425613463
7761,3836.3429421581004,3846.410694247853,11.62115643381992,3875.426371875883
7911,3867.5893097828925,3877.0977089279804,12.374063138479244,3886.874580336922
7927,3869.5214218577275,3879.320647173187,11.555627038956866,3889.5351234455643
7987,3871.0463147862997,3881.1939605061843,11.312067203546226,3891.4357160793807
7175,3873.125897022912,3883.0042744380708,11.12962892190303,3893.386395789732
14203,3881.0327423141916,3891.490809902918,11.401880175461926,3902.5281481267834
14140,3885.1809549012164,3894.4078759591607,11.926074020252216,3934.358025802108
7172,3889.9655260483282,3897.560988904274,14.763820177161616,3937.0855810547264
7191,3894.8336484246074,3905.141886981317,11.168690092835755,3939.4066682288812
7151,3898.2329341452732,3907.2558018381997,11.43188724605096,3941.397122214307
7118,3914.0,3925.048438414127,11.497307060389405,3943.314861740734
7027,3928.0673192712784,3936.3343081398075,13.969116955494204,3951.030594569529
7936,3936.62710937925,3947.263937034963,10.89646799210686,3958.395766079228
7853,3938.8023285281256,3949.1628705184376,11.489295047366472,3960.215921903058
14191,4011.9837960893237,4021.4719305609833,11.695091692590708,4031.4539880970774
14138,4013.7153803224714,4023.309698072886,12.018996589256348,4033.4482098372487
14222,4015.514921195123,4025.0966270173367,10.93965883569293,4035.269190921973
14121,4020.6503131974396,4031.120917064901,11.37605948285589,4072.2748406499186
7897,4023.424853215313,4036.209660187783,9.236392110916826,4074.829490795842
7133,4025.4578898717004,4038.099630592393,8.903405409326455,4077.2984291077237
14226,4081.555041441059,4091.4609348214144,11.27008964596663,4100.256614694429
14081,4083.360235538649,4093.253088145921,11.924428532264667,4102.2154707040645
13419,4143.785195714696,4153.086997466768,13.403212033154505,4162.237231893227
13343,4148.10686918351,4157.397933086566,12.555892612089133,4167.132872604159
14003,4216.975760293714,4225.604922090996,13.478513888548596,4234.382614117099
13270,4220.660860143575,4230.3462474653825,12.146276978149585,4240.86019018331
13371,4281.806088077017,4290.54595966689,13.700195022612059,4299.061772974308
13429,4284.146834511421,4293.233913776806,13.539403188784105,4302.541160032939
14143,4291.729030300788,4301.377880981662,12.150335508156813,4311.405700761039
14254,4293.49041326923,4303.194158753573,11.265578199895318,4313.20805472701
14085,4350.813532956388,4360.441543975832,12.05476951504679,4369.950224966054
13495,4420.108114349766,4429.40996214405,12.944728864332934,4438.996479277347
7785,4426.082885274024,4435.575696323036,12.227712816123427,4445.09955926594
13345,4427.9972777324,4438.3582821387345,11.53595480504153,4449.026626063712
14100,4488.714951302672,4498.517835293602,11.557009770239604,4508.278638477801
14064,4491.032721839549,4500.571763648172,12.518165911850398,4510.8273659272745
14253,4492.8081363748415,4502.3685525681,11.586707361499302,4514.041986201707
14061,4494.7531874964825,4504.249522574,11.57280091576183,4524.0
14223,4558.097565710249,4569.3569661990705,10.079865189730532,4580.725759725561
13309,4560.228627620706,4571.265780889207,11.16025561788538,4582.659009052888
14117,4626.824225748112,4636.024884131739,12.798496751979199,4645.155923560901
14129,4630.875475015087,4640.099220000206,12.696352458882311,4649.547686701899
14077,4656.061043659645,4667.208935084261,10.348955103056785,4694.309580724886
14006,4657.938047738297,4669.127443180165,10.639102932469362,4707.0079461354635
14145,4659.985496950554,4671.047912941621,9.844589855312645,4709.976346145318
14157,4662.352155921629,4673.020060961316,8.245308986998374,4712.590741872064
13289,4702.994116609221,4711.4870841532165,13.410082751232665,4721.1889739357075
14119,4782.909868366951,4791.2414098097,13.828582071957616,4799.871635391576
14019,4913.344201714169,4921.493120694393,14.05679803244997,4929.864190628781
14258,4921.402451765818,4929.198845101966,15.10703348725838,4937.2831098947245
13274,4970.391106472053,4980.113078267409,11.501463060784703,4990.264433240544
14109,5056.155400053029,5065.253798083304,12.889816330983322,5074.708510864871
13395,5059.032040909222,5068.128154384483,10.864473729311925,5088.0
14044,5112.135834318971,5121.450617421693,12.084016054990451,5131.0
14026,5114.060308228318,5123.335850036008,12.543926381787982,5132.901962277271
13293,5116.2054787790885,5126.375590264282,10.673598766886087,5136.911804981685
12651,5229.0,5240.125813502525,11.403860767640527,5250.826357811947
12639,5258.000372260428,5268.176853389945,10.980270120384528,5278.573093379936
14170,5259.797687249816,5270.023262292253,11.879308914773349,5280.365317689719
14136,5272.289184625749,5281.458712821666,12.85069175922552,5319.688357333969
13461,5316.661209245071,5325.293574776418,14.321251608018486,5333.661742027024
13446,5321.054082103411,5330.009111366472,13.618330810692695,5339.177643569876
14202,5326.792059817206,5336.2853784955405,11.487341040162802,5346.045701368097
12641,5329.143222956283,5339.535183056785,11.184978732236289,5350.620506556994
13352,5331.045936128578,5341.386760463823,10.824217666967519,5352.377142647413
14122,5333.432632029262,5343.299688556807,10.407074869681756,5383.352240533997
13428,5335.131492901432,5345.1560016321855,9.624161853286845,5385.79473738066
13297,5339.877738494459,5351.3089220049305,9.609783306911334,5387.980883018836
13359,5341.781431826602,5353.290973780255,9.1379243082896,5390.174674470151
13300,5343.796513720857,5355.272365742965,9.339498063635908,5403.287917742565
13393,5345.822128424102,5357.2668562212075,9.739385236456796,5406.355265785941
12775,5347.73051593495,5359.213029664321,11.660056657984478,5408.718628860149
12629,5454.740036334479,5464.153428608511,12.629858976187963,5473.5459718917755
14008,5460.736436024579,5470.54025205531,11.256394595741517,5481.0200982018605
13353,5462.5763376955565,5472.43335862944,11.286937603993044,5482.991478155727
13344,5471.288518439945,5480.23263859522,12.929400991969692,5521.6184422301
12640,5483.191147768301,5491.344143271957,13.72033517937984,5524.171921666959
13252,5528.155153348731,5538.532487415946,11.587996980986368,5549.653314166411
13385,5530.055973395045,5540.421555908311,10.939238579578532,5551.562971123012
19660,5535.512726637108,5544.149439155346,13.33830814866872,5553.73593147252
19757,5537.775511457572,5548.446531182393,11.35581256731383,5559.621199314497
19492,5594.8254695287105,5603.474569916214,12.998273472735127,5612.200603435759
13405,5598.936189884871,5606.393158724992,16.429367776438202,5614.070252292922
19677,5606.927175655397,5617.545649638475,11.657192682115838,5628.539577695717
13364,5608.861345454392,5619.425784246038,10.355872155125036,5646.0
19542,5663.574122831221,5675.280004401162,9.60974214567548,5687.627636263158
19755,5665.677625421985,5677.307011907364,10.281988660044137,5689.589874930069
19652,5667.956859540481,5679.196012097582,8.795788601540705,5691.582167930491
13999,5669.703037895325,5681.280534291558,9.551581643485966,5693.583475249184
19482,5671.485785900267,5683.249069048197,11.938353295293025,5695.490208915404
19572,5677.807028934079,5689.199837080659,10.444313890790713,5728.724064820315
19499,5679.763524865277,5691.150854527427,10.204347869536985,5731.364058135394
12613,5681.652990928879,5693.187127609202,10.091422626481384,5734.794777311281
19567,5732.734593261114,5741.355536047212,14.071017900931551,5750.097778211967
13426,5734.868412245975,5743.0983813479515,14.818403816732019,5751.82941588833
16372,5741.348658258376,5753.097339974368,12.382496418349513,5763.279448317037
19611,5746.6695452562135,5757.357503743851,10.855280699249034,5797.510885722285
19737,5748.825128171437,5759.1732905801355,11.661823224484031,5801.29748135879
19732,5750.7915822821105,5763.228173551221,8.80830573196069,5805.3318451763425
19723,5754.043429121366,5765.3238381669435,9.378164942315621,5807.901909140856
16359,5807.373931297389,5816.529734680213,11.628972065135535,5827.690861804353
19610,5809.096693046009,5818.338111411862,11.610351673668694,5829.642242561181
13294,5872.9424169278755,5882.521852931627,11.803876401138655,5892.610238648258
19541,5874.826336577428,5884.328510911504,11.496444662003379,5894.889556792363
13342,5878.485589509141,5887.257588473727,13.858223670532412,5900.720750681361
19586,5937.558854407454,5946.295374242016,13.91433419344079,5955.68725986746
19601,5968.664303802887,5976.199795627308,14.737763604375608,6009.338697960744
13485,6013.348374504437,6024.41393220349,10.500323493373813,6036.224668166505
13401,6022.304038708217,6031.531495402802,11.875070888189367,6041.781713706801
18849,6026.221723195656,6035.226435029667,12.37353613199998,6073.564089362438
19591,6033.776387061545,6042.251281934641,13.151495689302715,6076.189690716928
18897,6080.442905870333,6091.471128814546,10.28565094999136,6111.189224726597
19548,6111.484315536729,6120.04567274802,13.6873288584612,6147.63625969273
18869,6146.290694431202,6156.167912060852,12.381778187088958,6165.785231750681
19017,6161.7143399370225,6173.424272690994,9.81733477342484,6212.882196744123
18980,6167.1311899938555,6178.487478194104,10.245394400010253,6216.088828065121
19636,6171.734903527713,6182.477285693933,9.832800591286253,6220.766405633822
19585,6214.121765450628,6225.0939908434,10.187417181606428,6236.347451912962
18974,6216.1469983493,6227.003570553449,10.427319756592727,6238.190914893926
18904,6218.008495475328,6228.898806396745,0.6020727204120623,6240.08053933443
19648,6231.779097447052,6240.402943731806,12.662332418647432,6249.851116005916
19634,6234.206506031788,6242.28385676852,11.917181372875849,6280.514027045801
18902,6235.953828976009,6244.133080888911,14.16328730426627,6283.08754035339
18948,6285.219728687717,6295.464380227531,11.138566183050765,6306.085144531376
19587,6305.679416819211,6315.200617707191,12.600496549907875,6349.408379621052
19720,6314.211162704697,6323.564182765148,12.478181569837549,6356.489218126365
18920,6316.533170023464,6327.385060460351,10.224188441963683,6359.155838565947
12676,6357.727983456883,6368.030697212988,11.194301888915572,6424.035708763731
18815,6369.159921438837,6379.469251410966,11.773169928499684,6438.19066368818
18991,6370.977150164679,6381.266979719207,11.482805019376938,6444.072998764345
18874,6374.837472743659,6384.527384484518,11.897789553281637,6507.772767474911
19655,6383.982650631826,6393.526001720505,11.333312118288712,6512.536433153377
19029,6398.0,6408.248646646831,12.512350128749492,6514.968447988345
13445,6405.060468939306,6415.064274521112,10.979326024202669,6517.780993654608
19608,6575.1962817780795,6615.1848080563095,6.331234213834678,6656.217212995247
11985,6696.743196491347,6705.534621217498,13.873997541248873,6714.354727771628
11976,6699.064073116984,6708.444428236592,11.673785020167056,6718.134085834635
18142,6701.034608167632,6711.493057893651,10.386411032846555,6722.653467021166
21844,6703.063425108755,6713.334808242362,10.916794005797184,6724.56590971402
19718,6729.3405920925525,6737.643856361373,14.096298375197089,6768.450527306328
18985,6772.437975182338,6785.430083789707,10.138894927366625,6798.523906970314
18836,6774.383444419273,6787.33669922986,10.733231871874864,6832.6416837515035
19580,6776.457615953318,6789.213143767956,9.277077220870414,6835.609010077561
18896,6778.70284353474,6791.16379155699,10.537904555019326,6838.059950408863
13402,6802.123716110042,6811.2572673269215,12.844052386789004,6850.345930247631
19020,6834.615982026247,6844.178605592665,12.854761217146066,6859.341635862015
21816,6838.973984963286,6849.1357152663995,10.863383814825273,6866.0
18973,6840.8858275377415,6851.001906352418,11.353934518453759,6901.800393476301
19727,6856.349877849533,6865.206760753732,10.081540207848601,6917.6135203486565
19592,6903.725301001587,6914.3134221402415,10.510288845383636,6975.526452625753
19624,6905.921111487788,6916.17669545253,10.479680243693108,6978.317660563977
18854,6907.806873179787,6918.2715583438,11.257247773019854,6980.678164185834
19612,6909.634710305635,6920.104809198666,10.41341981810273,6982.830592214025
19631,6921.7588346583125,6932.231678838545,10.83296384481375,6986.772906298853
19019,6923.650556325164,6934.105198343999,10.81880804212434,7050.657722826827
18910,6974.82639576507,6984.137166665128,12.227124753327084,7053.712432850443
19692,6986.394818176371,6996.417772535049,11.299632843163126,7140.31564474275
18891,6988.252875456624,6998.271442635639,12.609391873345894,7148.375454936249
19568,6990.136912970927,7000.145968376013,11.74810823311802,7177.342238319458
21852,7005.608997702921,7016.113467344677,11.09736535250115,7190.653505352689
19008,7041.579929682861,7052.533200519751,11.047649404641435,7193.774633243252
18862,7138.266802813781,7314.451815945811,13.346891645294312,7528.621153075107
18856,7528.928000393539,7570.143853796742,7.092945321740045,7621.390273035201
18841,7608.486205546707,7637.008879872718,10.42862141249666,7798.464122610063
18201,7738.182349509879,7825.03710200737,8.730384658383796,7892.1922087677995
18304,7818.556678420744,7892.28782589933,7.693780676066414,7950.248137863092
18820,7844.0,7894.36293698992,8.915755693613443,7952.587422647357
18272,7869.842743424586,7900.394517662739,11.508912648379281,7958.769061383048
18870,7871.946022324349,7902.169931596727,10.78538371014469,7960.821090499366
18976,7883.668786678386,7904.186316773208,12.328776775602103,7962.701723929393
18164,7889.412154885606,7906.492679970041,10.579745434795019,7964.539778578723
18868,7891.3830594549745,7908.389868011454,11.728822072001359,7966.3874387377155
18120,7906.041326849405,7918.336262098034,9.549609918981885,7968.826501200357
18131,7939.105163267265,7947.522254396791,14.534885157577232,7970.85173317545
18261,7941.077967971248,7949.529743739794,13.802208601728493,7972.771343955825
18806,7953.669407574661,7964.444337846664,10.361262262134428,8005.7348545199075
18114,7955.586308209351,7966.43759357108,10.497069476618963,8008.365850611932
18161,7957.47394968049,7968.350363080402,11.440789113849691,8036.617801046948
18958,7963.340357770827,7973.484793887425,11.0496767013234,8041.791869177192
18170,7967.799311878168,7976.600154324619,13.174267091172865,8074.668427099759
18193,8076.767175323876,8086.103397826139,13.332831379355477,8095.039718113846
18813,8078.758875205271,8088.123657424453,13.08670424775116,8097.371816429204
18801,8649.583982517719,8657.498163806438,14.690947076784461,8695.418521995402
19531,8660.739295818357,8668.212572729677,15.421104821779672,8702.295519862266
19566,9459.006489178211,9468.23001854696,13.348716860584855,9477.004610130783
