4173,118.88057556126397,122.15309032438329,13.967158365448014,136.204082863084
3485,212.7295821711058,216.16466872805327,14.085030925270521,229.00314248618275
3513,243.97939333796816,247.13186077766224,13.247497051974614,254.01639237874474
4544,260.5891538371785,264.52813072932287,11.697292379934723,324.3279798494958
4522,262.5562173438583,266.39476278644497,10.08249258645956,326.9322032346823
4585,268.1892248047462,272.45551987222956,9.763787172773638,337.7785710249608
4298,270.04995615167473,274.36863235765475,10.862660352358704,342.04879155049423
4367,271.96156951429555,276.3650583231106,8.593050549719855,344.79778592457745
3879,394.673442132093,398.16797223722153,12.299204207955803,416.5217976436373
4204,396.56651159565854,400.1842494467851,11.43582874877583,418.54890093818733
4244,402.491950736646,405.48536413123634,12.540202994565556,422.2634188576901
4338,404.1637753334832,407.31338835258094,13.867934283731412,424.0060330811266
4291,406.0596476470063,409.1858976855403,10.550171694687442,425.7559853954472
4171,408.03477334354426,411.39766192450685,9.918760515380262,427.61740381435055
5285,463.20060587661214,466.58397526460027,12.794647338787138,496.3258566087948
5286,465.0877392475682,468.37652302188985,11.993479466661153,499.0345812701172
4591,467.4112601765071,471.1106164379595,11.699949195248918,501.3014714308244
3834,532.5458148341327,536.2156848195965,11.851146422427577,586.1975305290466
4513,534.5719756161074,538.1249037036064,12.383814218780287,589.0219688617134
4560,536.7675097462919,541.316342362583,8.675263432202476,591.3935044267818
4534,540.8239646585467,545.4019425805851,9.81126574777793,595.6299869819222
4573,542.8869163749504,547.3288029012683,9.95418490692876,597.6911179977342
3842,557.9331178662665,561.1170417138128,13.074612562481216,601.356234902299
3880,601.6280219972449,605.0550810664513,12.551857567653185,612.07237415894
3890,605.7477233756186,609.4204314459568,11.140445242571387,617.25248133123
4543,607.5379345241686,611.2789921074154,11.879502680369356,619.1221877580232
4357,609.7948887839294,613.2710134487678,12.240707611250883,621.0351807860001
4316,611.6277080973349,615.0547824816596,11.517394675077462,623.0198905510333
4579,615.6163500801849,619.4456610186428,11.498575333704846,679.2782808634444
3919,617.5075582187437,621.3189712610556,10.474974698606681,681.7028690119655
3490,649.1774287130672,652.293745807038,13.497669539891596,685.7298065679636
5247,670.6248563090877,674.2657646145092,11.183991874677435,687.6116564984264
5287,672.5585792824394,676.2036479770069,11.613678916437038,690.4441838959816
4283,683.5521964745557,686.4704549417183,14.807136897272695,693.628875025854
3503,696.9347624886477,701.1808955640577,9.514962625844934,710.3602646704884
3932,724.2371210918635,727.565752742845,12.130142848838155,766.3695134296129
3479,731.7959503316739,735.2024127486347,15.060801333621184,769.6963769510935
3844,739.2063902103986,742.3953623193598,13.948175902149888,773.5811366192993
3838,811.7934293539978,815.0123081107473,13.50727152961135,856.2533719654285
2707,816.0211484335033,819.2746958450734,12.74976747368172,858.8002038175074
4194,817.7755385591074,821.0822568881916,12.244676132110111,861.5181572436067
4308,819.9397468297389,823.570158870856,11.773742993045946,863.7889057000331
4437,877.963914984041,881.3795945021935,13.051132727119313,888.117702675043
4290,880.0227190866857,883.5498387786422,12.467038524850219,890.9421103224659
4883,881.8139825698428,885.2619206614568,12.61084867826431,892.6921751259287
3910,883.6076255064715,887.1501231896317,12.38853742875418,946.1443952175775
5235,891.205647926186,894.5676026179174,12.364046381352834,955.682476221287
3920,906.9289514562297,910.5330533044385,12.29218182347945,965.5041779193089
3448,909.1335514395441,912.4115787414115,11.838203426565059,967.669582928768
3510,910.9955792982792,914.3918186926056,10.67396813499211,969.6227290960416
4849,946.6618917436025,950.2543707743753,7.681579760123464,971.5581301225101
5239,1015.3267250964816,1018.5827951829497,14.432925444121802,1038.708100437285
3869,1017.2288875342126,1020.3307215633675,14.023813416704662,1040.9579821983436
5234,1019.2087286052287,1022.277211651746,14.22479895007589,1043.7451690217706
3894,1029.2610343150072,1032.4729077768218,12.838461344736464,1058.143652913966
3493,1070.5470403779238,1074.1143948897684,12.008669917140674,1126.4213398710024
3921,1079.8107109132177,1083.481650623285,11.950341390069697,1129.3834424612294
4343,1086.7165608515093,1090.1485714413393,12.46339664184193,1131.8366415731127
4239,1097.9646678897707,1101.5058338958067,11.910929867961167,1141.8453831834756
4891,1157.9738170388034,1161.0172554544101,13.940348633327394,1216.1759927223727
4174,1159.709426844451,1163.0451805032903,12.176374495478509,1220.1202637195818
4566,1224.4143777569338,1227.6267930926533,14.257428769418915,1234.244969883574
5227,1228.546205891285,1232.3140320225395,10.645581804587515,1240.5408278692062
2980,1231.940841293417,1235.4716226607343,12.516410198321127,1242.7273077787152
5269,1233.7131355804486,1237.2335687110037,11.178898170139577,1244.5382940581853
4259,1235.8161592228682,1239.1032929856262,12.291501642258893,1246.250144096608
2998,1274.2029040278549,1277.5025876774764,13.359541731421391,1306.3741855070757
4297,1291.8583939082976,1295.4521883863758,11.73586024446519,1309.1218459685033
4586,1297.8966626528916,1301.3928009729962,12.72418188712243,1311.389151634511
4169,1299.7383248706144,1303.230734652212,11.62603471785758,1313.5003620112857
4255,1301.7958541324974,1305.3435973245803,12.120392719372163,1315.4201135546252
4519,1303.574691801065,1307.1833974012923,12.269417296024393,1317.2697941974316
3846,1363.0051308555562,1366.4248402082653,12.581897755117339,1399.2515735163574
3781,1370.8093621263524,1374.5431011905519,11.07523642999973,1401.4872798919503
3772,1372.8005731146911,1376.4586949090403,12.332873170920006,1403.8657103906316
4284,1374.5700800299794,1378.1576167867975,11.124628389005379,1406.2100389626253
4429,1376.4630108369101,1380.074306862524,11.828458611283068,1408.2131857170255
4892,1429.636015163895,1433.0920084118675,14.178826199218449,1486.208159886019
4272,1433.6830957939367,1437.0931861278532,11.82493711584094,1489.1249526429344
4253,1437.583284335649,1441.0332387160033,12.135685082753227,1491.3163858841717
4537,1442.558556900937,1445.385564686922,15.27594960328456,1495.4963935875828
5259,1445.0468865814864,1448.4608304942374,12.284124930312,1497.6060911342847
4324,1452.9524466684366,1456.1419704507905,15.256673624827561,1499.5077264718966
5252,1498.5806832802248,1502.0129046293227,12.317771878517213,1509.0194489221567
4274,1503.017906556568,1506.1011994103824,13.867015338244565,1512.8424809288208
4264,1504.9527245391123,1508.1600326653765,12.619855249808047,1515.0628169552915
3853,1508.6645922584594,1512.0933967185013,11.846113863612786,1519.4793806954922
5230,1510.6615772817863,1514.300556423485,12.183527774987692,1521.8884592514028
3839,1512.483888762689,1516.0771774966038,10.922887719523489,1576.1233665444588
5215,1569.8949524748236,1573.4553294657069,12.283934300595972,1586.0276575412422
2953,1626.4843655479553,1630.4402920751809,10.08769064036599,1666.1680674967733
4530,1643.2456478282647,1646.485436428576,10.908812405194839,1846.1834202894022
3946,1705.8008832758017,1709.4836623197968,11.8264451024932,1863.1267415930363
3926,1721.0850370115404,1864.0238626774935,5.752732514461447,1883.2038929437929
4231,1912.7277050009432,1916.2759106719886,12.425268721255105,1957.5602779806488
4276,1914.649358340584,1918.1368270688822,12.798300983174318,1959.941947204911
4209,1916.8200259680623,1920.018730042196,13.726733649920114,1961.8378289185894
5206,1920.7703957006981,1924.2277374652062,12.4257447676907,1965.8568916637516
3870,1922.7334024533134,1926.0784696070725,10.623696693001072,1967.8221235366116
5236,1924.5797179982787,1928.2133777409194,8.911896569217792,1969.7323321019871
4250,1981.5759319691372,1985.3047771853974,11.37022619076742,2029.0875576393985
4267,1983.404149805206,1987.0336942172007,11.396924850577845,2031.411956379307
4233,1989.6265419786098,1993.4691639918553,11.437355873379873,2035.8809624624341
4589,1991.6383210721629,1995.30988469804,9.452841227639258,2037.9320522166513
4546,1993.5174183599843,1997.3078521261189,10.351553505595684,2040.6059272361917
4549,1995.3009359078278,1999.1749778846936,10.940359720637913,2044.1483615098211
3864,1997.1795047662279,2001.0253573154098,9.367452313989244,2047.1742371956866
5204,2050.476790539861,2054.0898188000424,11.367361574633001,2061.585609434266
10710,2066.1936556176292,2070.1287786946973,10.247135530487881,2152.230122241543
8539,2102.8096280352097,2106.0342863566725,13.082885167811039,2208.0244337274153
10723,2119.790786916824,2123.298174236079,13.378699836116038,2211.3088951037357
10763,2121.6618330053457,2125.3315021754465,11.736000127509,2213.7360906414556
9817,2123.473927660501,2127.140816789319,10.562359995973921,2216.15261145808
3366,2143.9677067794955,2162.110759066518,6.957673406370714,2233.294957038697
5212,2259.8677035755186,2263.2290537034723,10.731923937635793,2483.2926522494085
9349,2271.7335757167834,2418.19128527977,6.244041573594835,2495.143917965168
10729,2468.976828888227,2496.2918319064115,8.701065862582492,2505.063868192599
9006,2514.342427340386,2518.2498798967927,10.530369090332139,2566.2362345954634
9671,2537.120846198879,2540.3263147838534,13.007361586465699,2573.221563235947
10015,2539.2447614722064,2543.024117335079,10.965959649278295,2575.116018981991
10699,2541.7673154114914,2546.1668115413995,9.0658648789298,2577.171179417956
2670,2543.7510145100605,2548.1158659885355,9.08920929518372,2579.39135461947
9756,2547.339096813808,2551.2477425965203,11.226288130060697,2581.4689353532244
9661,2602.715335439085,2606.038266889425,13.32131394482818,2656.299603812014
10720,2610.9836865044554,2614.554231920113,11.805787988414604,2675.843064235636
10078,2614.561036633467,2617.5130154267035,13.944843760157513,2678.157463117783
9725,2616.60657616462,2620.016887302868,12.737904051747126,2680.2027492927564
9429,2629.717560042356,2633.4935487309904,12.083648447428555,2682.0923142723877
9005,2697.4415768783288,2700.6552258484244,14.810264663070171,2746.3456390053007
9357,2748.1601871510647,2751.0392402309185,14.871700747119696,2758.621866368926
10037,2750.1867523897477,2754.165089267285,11.113441610428579,2763.3071699356697
10082,2754.4416416938484,2758.4208905988066,10.948947271789512,2768.5384965264543
10025,2756.454908005375,2760.334823007659,10.779107113201912,2772.071086347515
9408,2815.711900056358,2819.5201704712035,11.510958337886592,2844.170226469712
9763,2821.1086519162463,2824.226729524548,12.584870141094287,2846.1810414722436
8994,2835.367707849066,2839.262625494028,11.16192527931776,2852.002821695846
10085,2878.586401520727,2882.049667668764,13.42889199985366,2927.852236296844
9356,2888.6043639887735,2891.473435979325,13.99332620894938,3030.5001676953702
9299,2890.368459864748,2893.2085883609784,13.865115794840387,3033.4154265827674
10084,2892.72384193934,2896.2156493993016,11.862528634578943,3035.635413936209
8462,2901.1005669375168,2905.447787881935,10.443949224820983,3037.866887156635
9403,2903.2764381438096,2907.422209874455,10.198723945105302,3039.757621416886
9733,2958.0334442770977,2961.437093663783,10.811154397304385,3049.4373020148582
8507,3058.868784935545,3062.0261957642415,13.882396764207694,3121.216709883511
7767,3073.2417579388525,3076.2882595755455,11.71811084186218,3139.2229370009377
9746,3095.3264230190694,3126.1834998557874,7.65546767788736,3206.4060192355983
10032,3099.8331744604766,3131.061728406725,5.61464331387897,3210.445289986147
9359,3156.6491571456168,3160.047102440279,11.726666640843963,3212.9208635527234
10765,3158.5568078178367,3162.4122822835666,10.208825307476896,3301.151105818944
9793,3160.4328961470464,3164.3804210554913,10.420591096795487,3303.981558767734
10781,3166.62152074692,3170.506217100184,10.568617188153665,3306.358698887884
10721,3168.5461236645365,3172.4679457196053,9.619486143010578,3308.4701296593294
10049,3227.5492248936075,3231.1155699190876,11.61194309031311,3314.6357398366545
9369,3230.371511128505,3234.048249585949,11.424792425856044,3316.528248903451
9819,3234.59338514024,3238.450755540423,10.654039477501092,3320.6401856805965
9376,3361.336643984528,3365.0939485818258,11.638499422730174,3397.721317691367
10035,3363.514027809887,3367.1972750906007,10.87717463102427,3402.9186479097075
9829,3365.3330837572407,3369.08079236793,11.831850085320806,3405.53430704597
9832,3369.4113524955974,3373.1116877792565,7.036391959844291,3410.3291650134097
9802,3441.859411691757,3445.0601096270025,12.914268702380681,3488.134909486773
10023,3505.2697261998696,3508.286023413741,14.097793993250255,3561.458775718616
9667,3507.1171213519196,3510.3706825977115,13.452347805514655,3563.4649570820375
10058,3508.930994053041,3512.0972107966936,13.569191930953217,3565.392150291165
9790,3510.859096957673,3514.061592214956,13.29677994418714,3567.230168527073
9787,3572.6644024623283,3576.411983366437,11.088772466685338,3584.5079129520927
10066,3574.569624988549,3578.246182267428,12.372533328010356,3586.332357623572
10048,3576.4126514444542,3580.06706305606,10.395725263154407,3648.364226812246
10045,3642.1201649264203,3645.4682456001515,12.663257088281847,4041.4795748110178
10776,3643.8513766371525,3647.4711401887007,11.3319606724481,4097.384384935831
10748,3706.434161432917,3710.089168049322,7.759123408752163,4108.817825969236
15598,4205.505612451585,4209.377361978728,11.24571194547578,4217.906413010268
10378,4260.57780217227,4265.021498335101,10.286201231063478,4279.41619214237
15328,4268.426454663023,4272.026812467706,10.932878176084076,4285.832558661781
16204,4327.822120090092,4331.2807057312875,13.384032444242541,4366.858958622938
16218,4329.97420728476,4333.225680072237,14.622580531058174,4371.879567176528
15294,4331.758833277232,4335.358243599809,11.111479591145557,4374.308423332456
15553,4340.806508450588,4344.21019854435,12.645970112204731,4376.463101848077
14861,4396.1003014694625,4399.208132980379,16.28099045662981,4456.276952497146
15335,4401.496979150753,4405.059651302539,11.972932228263888,4462.9495424025
15301,4407.244353376611,4410.218173056232,13.902976306670288,4467.110822980596
14486,4439.459468563614,4443.032536960046,11.425806159603956,4470.820562382818
14870,4469.503155629328,4473.45202829391,10.708785894362778,4481.652329288604
10719,4471.476871166218,4475.369440917024,11.556096370893606,4483.570365719005
10427,4473.366766810411,4477.145569125268,10.62651411445856,4485.44514987674
10761,4475.479637664726,4479.135744123806,12.685684377451608,4487.91294017865
8186,4479.929449102047,4484.090189696225,9.347551333215225,4546.261134178879
8189,4481.938888165527,4486.116648975316,10.055914729672025,4549.041361030283
14502,4511.91022996418,4515.5328448604005,11.907078228995891,4559.625553703607
14495,4525.729289996443,4529.037259264242,12.5649469065336,4570.01368487644
16232,4549.26890223273,4572.177375425768,7.467812800141077,4645.094945644306
14508,4566.171284736101,4574.26757643308,7.232691852724627,4646.872039625709
14807,4604.07173269822,4658.142766367519,10.722988565168087,4665.831265677579
14840,4608.118994465918,4660.10361000089,11.402658880816986,4667.564331272105
14783,4657.68656171589,4662.129719271891,10.84141595225491,4670.310170196186
12569,4661.045488526889,4665.350871993815,14.225159478001773,4672.247885290635
14772,4663.3413495995765,4667.437524315031,12.27589151377094,4740.129377160119
15168,4665.644044944093,4669.350791056576,13.252057271360359,4743.324450231956
14880,4672.852284825671,4676.3132374002225,13.943379334698523,4745.8860544243225
16280,4674.957058409219,4678.436994235185,12.338632506657659,4748.332456045355
15229,4678.504304501302,4682.063948218943,12.111458960520267,4750.429203547444
15512,4680.787149515597,4684.331726493248,11.76877988751582,4752.398633666233
15513,4686.143762120145,4689.357938479863,13.48628524483398,4754.48291354546
8394,4688.226183968542,4691.578325604455,12.213226704459892,4756.4210099134525
15205,4702.353211036337,4706.153198417468,7.768918524363519,4818.091552385431
12583,4719.019553362963,4765.140280689595,10.358043217851645,4834.894935753459
16203,4766.428015224665,4770.1930847752765,8.441197538608812,4841.315737690754
14776,4771.840518180497,4775.478436305426,11.638815713585203,4844.1294652620145
8193,4791.200454862533,4845.248258205069,7.510066081258431,4924.9839695383835
16254,4857.847108262082,4861.427362669093,10.976672457525263,4932.250023843487
10760,4880.246286027907,4884.0757433439785,10.934013385744585,4935.101520619419
16259,5086.795601581554,5121.000499055855,8.79151696313289,5194.80296865878
13730,5136.762087694861,5140.124835032519,11.926558476667187,5197.224652860357
15515,5155.6258886629485,5160.2340414321625,9.553339194210674,5199.466013754296
15550,5157.595043044507,5162.275749806192,9.80014562440973,5201.35380486899
15330,5159.806313279552,5164.333295963186,8.779808994894786,5203.216980015731
15315,5161.9255747695315,5166.303759054604,9.222431191757162,5205.018690616083
15231,5163.861809726407,5168.348526730847,10.112455319994355,5206.789985166327
15279,5228.877357249762,5232.1486234037,13.513407433884423,5447.535717754947
15242,5230.974193186251,5234.155628882009,13.267163091961507,5450.500837024892
15511,5234.640888662675,5238.189766688405,11.875364833426312,5458.457333167579
15207,5237.029924191143,5241.150221233876,9.967128575905155,5463.429761348462
15313,5238.962665098552,5243.045773082182,9.687284007838384,5466.344777248246
14800,5240.831493833644,5245.027938005584,8.906629400413442,5471.135582758409
15295,5309.371634354523,5313.044021955865,11.267182192311186,5474.6979004117975
15170,5368.806087719144,5372.450469217863,11.070439035250692,5482.820913181049
15255,5500.222832581371,5503.370369124629,14.230069736196404,5570.794179745655
14810,5502.256372335483,5505.562167663999,12.298571248581187,5626.262069749354
15202,5506.372837135661,5509.496044815929,12.276425522635673,5628.779427077505
15552,5569.236924481317,5573.095531135358,8.285175810978737,5641.038416098952
15211,5638.549135857445,5647.0236951131965,8.001090851464811,5723.867340004099
15582,5640.468864622656,5649.12812185631,9.862626869476932,5725.9680197411135
15594,5642.7315461942335,5651.002869836562,10.651779375803175,5727.853699204379
14885,5707.169392752921,5711.203311310381,10.458608378915855,5733.718059607083
21073,5723.285562881358,5736.250943563859,8.306073799417883,5745.349689921434
20827,5776.978925622371,5780.384165391705,15.445626265626629,5813.909313174211
21043,5780.779614205091,5783.597245749328,15.963110649914556,5815.870109295986
20445,5788.193201377455,5791.312718304868,13.020439623392527,5827.253641340242
21032,5791.9597321591755,5795.370658302404,12.628383788012707,5829.362567692632
13639,5798.672034914879,5802.528146660708,12.157932515935435,5831.517006758515
16222,5825.981973735177,5830.395769540147,8.985912855670671,5840.020487140238
20346,5849.2570087597605,5852.218005648685,13.82189019062138,5898.910816601197
21070,5853.350756486083,5856.368957123271,13.820513933698557,5901.341672909059
15188,5884.515276202706,5888.344200113862,11.595992080797236,5913.14236675261
15240,5889.077188128601,5892.486729468744,11.386838550469317,5915.415806168688
15203,5904.8034613429545,5909.026863375713,7.468872534453332,5919.331524722473
21399,5914.378446380387,5917.552118144702,13.883814840585732,5923.989296821185
21040,5924.266083423678,5928.001572042447,10.6451464144327,6000.452326205482
16238,5944.6506269307,5948.249944717086,14.360812719015605,6009.787863992568
15548,5964.874074875195,5968.555739143046,12.486589328043358,6076.2223696080755
13712,5967.90624173173,5972.167338245411,7.620016926638952,6079.052876735247
14415,6022.476093259934,6026.164776585226,9.394809969278311,6101.9867005094
15532,6029.424404684631,6033.211627676818,10.615651789350405,6104.392876255877
21095,6052.500559340525,6094.079244598352,7.284254924402185,6112.317811220004
15213,6054.306247704051,6096.343185463955,8.434717042234846,6166.505626198057
20351,6058.842533040594,6101.019815710116,7.252793783049743,6171.909972499675
19550,6112.231795403799,6119.200560758687,7.783511035693454,6181.7446253954495
20303,6121.379887780158,6125.002548878945,12.261271128064353,6183.607002697819
16270,6131.113085821962,6184.102886403225,5.6836788858860405,6192.44933483529
15585,6194.334918395759,6197.465914139265,13.315152847894081,6346.172872586395
21075,6200.099349199693,6203.4531460659355,12.456435713375456,6352.1160769462185
20393,6201.931247152645,6205.225596626032,12.906478593533285,6354.85732447968
20292,6203.773692169915,6207.020931251155,13.173823679926542,6357.047469510109
19951,6214.0483737699515,6217.259956819045,16.763440728066666,6361.395321978476
13325,8552.010084923422,6221.297990152476,9.013459999178481,8686.241813089571
13266,8618.967888263727,8631.039581887922,6.380435241823104,8699.116841969992
13330,6247.130410140568,6250.393601180888,11.330553026099777,6373.863226110624
21025,6267.720011783719,6372.109133964557,7.290567590294933,6452.873410785554
15534,6397.439600851926,6400.576626340166,15.527271463234811,6618.9852656465455
16239,6411.346330536386,6415.003978447582,7.383523075637327,6630.789111510845
16252,6466.758065675331,6470.269769562768,11.487800498279412,6637.403659615568
19931,6637.273899522752,6645.269328894529,7.531231728978451,6706.285999671701
20744,6676.063958517673,6680.437590783008,9.555887588581596,6719.269056736376
21078,6678.150885355322,6682.440672401336,9.231245195405538,6722.29132729211
15889,6744.551235905486,6748.33359366432,11.975855967706275,6796.272824913284
20711,6746.408169242212,6750.324052597168,10.965694994776463,6799.12768774647
20700,6748.277053952452,6752.20177233312,10.47723080675543,6810.386580400368
20853,6750.163774393339,6754.058783353883,10.465995737674135,6813.192327329232
21419,6819.643047942689,6823.535637428733,11.639452854092509,6832.155831254924
20704,6821.634255683082,6825.512445208478,10.366297426961683,6886.259932876992
21052,6823.470999343106,6827.453599315426,10.858832490982714,6901.239240388589
21068,6825.540392246352,6829.435440834366,10.188039257973593,6904.536745494476
20752,6827.459011966864,6831.399997635383,10.212851952026336,6910.481114911055
21748,6880.638747431812,6884.01017456257,12.729147914012696,6975.865577552235
21701,6884.290847163175,6887.590450011109,13.042054117477667,6984.855092260733
21046,6886.289593948908,6889.426632496513,11.915217263759804,6987.735503264035
18951,6921.331000327144,6924.2585615596345,13.83133505407443,7003.480322993685
19892,6933.282570236082,6936.58352037346,12.430093189906984,7005.822418538571
20693,6953.514659065554,6957.383136381623,8.418106257434557,7011.906377139508
20717,7028.041467313686,7031.162389715028,13.275344929749556,7085.104382496049
20706,7030.273207214657,7033.568430441306,13.331322444261309,7086.9170341995305
15415,7044.3299758456815,7048.1357807758495,11.239758836905272,7088.6723890430485
20713,7051.680964913312,7056.145887329708,8.254624736680142,7090.89190138925
20738,7087.6077007295435,7091.426559560728,11.41544554949429,7099.403815016857
20692,7091.6371216867,7094.490203626596,15.458229390448688,7101.373125747651
20663,7095.457157513488,7099.318375884412,11.345210404654285,7156.459739272913
20727,7100.8797346422825,7104.008373111171,13.294457572942243,7159.23891389663
20668,7102.6507293844115,7106.0008555326685,13.403752389967403,7161.621182723587
19178,7110.542005800947,7114.447498715556,13.808151360316309,7163.800717873967
20430,7119.078691869206,7123.185264535277,12.897661273396503,7165.670345751908
20278,7123.739130156031,7127.450727558822,12.409520664827733,7167.765904275206
20754,7143.451048161182,7147.386446820389,10.795659046038004,7173.336919215816
20284,7149.519006758163,7153.475941184138,11.340717681666709,7175.233194320226
21035,7162.9871766786855,7166.467126168425,9.606248040631208,7246.129152693742
19870,7191.410020614091,7195.017637965609,12.258248913621388,7519.837983991298
13697,7202.0304379223435,7205.351427123877,13.182365257501196,7528.563723378918
20345,7208.496032644155,7212.047191790302,12.636895265684188,7535.184906940133
14032,7215.893572239439,7220.024660705554,6.8683367375959214,7541.922625535214
21063,7643.140880279293,7646.532935973454,12.077900045805073,7696.4324226291765
20394,7666.014885741262,7669.332677327179,13.01547573424521,7701.538575684216
21092,7721.325101586457,7725.044370276316,11.126209004876047,7733.544091524443
21389,7779.916327562831,7783.232176185676,13.912732601915142,7789.835993477068
21775,7785.6559035318705,7789.520390192243,11.081328431050856,7798.731247273529
21428,7787.532829431444,7791.396802058336,11.668489129087677,7803.212901385261
21744,7846.387017177132,7849.621145017719,14.935931595826982,7876.198066029875
20739,7854.052595961646,7857.476762620424,12.031701683715823,7888.929055295597
21367,7919.556113764701,7922.534990575451,13.833789971351544,7966.2748114840915
21353,7921.55052689262,7924.590584374667,14.017615641870076,7969.3400449785595
20689,7923.408525872153,7927.112618572692,11.08430334975278,7971.908202072225
21056,7926.920273265297,7930.512991693988,11.617946366380746,7974.135445992463
21435,7928.725530686638,7932.381743904824,11.208543096714084,7976.114802226291
21732,7930.564043614082,7934.275665649659,11.430000636502134,7978.088204449509
18035,8107.529584294153,8111.521466724355,12.784170997983173,8154.27280032162
19404,8109.643522754861,8113.2412096945345,11.436129862587677,8156.686696070441
19505,8111.717839644367,8115.257517045547,11.57161015041791,8161.471838637122
18798,8144.772856407497,8149.0068135075135,13.176473887729605,8164.560905761284
18085,8156.814745419036,8160.499952133039,10.979198329175727,8182.896881132718
21760,8215.396618019488,8219.128614695193,11.118159484648418,8270.054284103393
21356,8218.519153736766,8223.21071449585,7.630444901458178,8326.155965550402
19413,8439.4679644005,8528.256751479756,7.688030063663673,8596.168706499957
21708,8442.663872155117,8530.29874496666,9.721984872003059,8600.399368447179
19206,8453.436505038228,8535.160483631067,11.49084896224429,8610.858492004274
21874,8536.758950093008,8540.287847649368,12.3478402583642,8613.491356339797
21021,8540.711776116015,8544.45403838705,11.110610460322684,8618.345480279258
17419,8542.864950470319,8546.303769954155,12.65758373326059,8621.037953805097
18063,8544.596464326753,8548.163967986016,8.389898054567256,8626.109322356982
19504,8743.769355396598,8747.186068650186,14.352128465839272,8783.260791734268
19221,8745.899463118709,8749.133054400223,12.81693790686394,8787.330497414547
19156,8752.579314983881,8757.259921553261,9.18748627568282,8796.323322778351
21808,8754.815223268983,8759.30313796804,8.580700678537305,8799.052061532095
