3826,118.72724800134405,123.48142400604951,11.532051168731709,181.1794082053554
3351,258.3905093575204,262.4735267539493,13.59414217584411,273.9722026277808
3433,260.1699616900313,264.3039022056782,12.30144485074205,276.1932248764391
3811,265.91792403389474,270.34658036134715,12.09638827482922,278.224028432852
4172,325.28016789801836,329.4587422648425,13.657364287082808,361.23455831823566
4525,327.3271594659673,331.3987660182228,12.484608297304902,367.0528705723093
4006,394.6711630948355,398.5224875832096,14.948972056897658,455.0444755300664
3799,396.81081480111135,401.0710351713713,12.764469512379595,458.6080973773815
3790,400.75361369488274,405.4124911326439,11.38690440464132,476.8018424863247
3773,402.54174873948796,407.1714197505552,12.213792836432564,479.50956505670683
4242,408.5053416018479,413.3490104779608,11.457703252416573,545.0347113362793
3931,410.4078554238059,415.26975410519793,8.28013397225027,548.2776046988012
4222,601.5149889764399,606.0432214323206,12.304102839908241,631.1145981148309
4258,603.7304112285661,608.3683180532373,11.556932607052183,636.062186658779
4539,605.5675926430148,610.146446974541,12.262746895563668,642.0331620032073
4592,670.2902106916281,676.0712294173381,9.362574927476626,721.3762399092398
4562,672.3693163010021,678.018961037717,9.597094233430566,724.1222693091376
3830,674.8215849363152,680.1032332005407,9.347922911257623,728.0854176500767
3425,739.6251814232797,743.3799309540669,16.359853576356844,748.4280889490017
3777,812.7081444898535,817.1386761411402,11.616572549719388,826.4052019788525
4211,816.4582943933723,821.273444366941,8.294241207972876,830.4218266552971
3833,878.116070677388,883.055446983483,11.2691311500159,901.3428274237281
5211,900.3718420625717,905.4199264795966,12.015296163298894,911.868836807437
3454,946.6707479494163,951.4040254478657,11.376116042451917,994.453242118068
3873,948.8378484072759,953.3115577905215,11.142294253319724,999.1102505098554
4227,954.4193290958793,959.2800382539218,10.33858392030882,1011.0466578398905
4561,956.3769950567479,961.1415693929201,10.318183616769376,1014.3346424212617
4263,959.0315501275134,963.4140113334055,12.454442533799794,1020.0401979762142
4201,977.4316771502346,981.2389226516256,12.644302302190585,1026.055642480086
4235,984.0183673563035,988.5089139877315,11.712876153323906,1081.4009308072295
4167,1015.3313612162005,1019.4128828683139,13.765818919349359,1086.7313410757595
3466,1019.8082493223295,1024.1633958431676,11.797982851419833,1091.0503757587737
3412,1021.7784685791536,1026.0313175931944,10.553199770500857,1092.7875849476627
3821,1023.60390880102,1028.2467653762358,10.581173725110814,1094.6621224848625
3835,1025.4971655807515,1030.0540616311341,7.665432189223435,1096.7887217467153
4206,1092.7443865535122,1105.0074800767884,11.439881620869263,1171.4649992488019
3346,1154.0536004149715,1158.0544246795082,14.885262770362074,1180.891370749449
4578,1224.5300395066747,1229.1655419602362,11.74946564526136,1266.1103257661152
4009,1291.2519738959274,1296.500345546576,10.361581968229222,1351.2728733347774
3792,1438.0363359553562,1442.4452688327945,12.386443449926784,1458.0335875141218
3795,1501.2550394901523,1505.4806035092583,12.660337242399653,1544.0287736854448
4023,1571.9880620457452,1576.1818326011835,13.049642002558926,1621.4628782558123
3817,1574.0727350148659,1578.019298614445,13.099129813083225,1624.5283456593154
4034,1579.7818341443756,1584.354444976807,11.692287389431378,1631.1946660445115
3794,1581.756394545012,1586.1583223343468,11.327040830777289,1633.1742152776164
4629,1636.926819048182,1641.4490079262803,12.26879823732936,1648.1028434029213
3883,1638.9798281568487,1643.256739809709,12.171661167114033,1649.9008055884108
4614,1644.6614366327121,1648.504436513851,12.842174892597036,1654.6345045363018
3789,1651.6021839276316,1656.466623438299,11.190461243091555,1714.3641675910058
4025,1705.937789125126,1710.3824124049665,11.967380346543136,1717.1503038529931
3803,1715.5016702403434,1720.515395917456,11.528349654216383,1728.2731440116204
4565,1717.4249685440232,1722.451291021507,12.307682974689923,1730.2419666703952
3818,1719.446984479857,1724.4279304042375,11.058478532607571,1732.1919633714608
3831,1721.3272931432944,1726.2509453316623,10.916276938044986,1734.0170162176487
3362,1774.4282518970238,1778.5466439722718,13.503800646893705,1801.2776334966043
4238,1778.6021961047547,1784.3399704415172,9.844499636092653,1804.1679484885346
3338,1780.7006870954076,1786.297719574004,8.211330280427191,1806.385260871076
4616,1786.5766755390298,1792.4450781072624,9.627629209842787,1812.5186823419424
4018,1788.6557382272733,1794.4569292992912,9.240252753173742,1891.1192914135565
5288,1845.2401998351068,1849.2154424844998,14.209359994366254,1894.2147631685216
4014,1849.017838762951,1853.0388253826475,13.799505963552475,1896.7048909940415
3832,1851.4275372008742,1856.1986841674145,11.255318425257832,1898.6461097822946
4597,1981.7693441584258,1986.2687951221544,12.582628900401525,1992.769482827365
4558,1984.1197716631839,1989.1662983158085,10.741637800901545,1996.7603605299457
8938,1985.8811629654272,1991.0065519252053,11.023723160709082,1998.6593050951742
10022,2050.756136766577,2055.361540579658,11.889547145819218,2071.3757402627275
9305,2052.602119711319,2057.233954590894,11.420755745698973,2074.227504342855
10089,2121.5941180897867,2126.1750149561362,11.576326570451377,2167.049335636139
4518,2140.915234680441,2145.162245437781,12.728525533855352,2170.892135172688
4187,2144.6910274758006,2149.050273473264,12.27832555754814,2179.9675969662244
3815,2174.758693773713,2180.2379168645825,9.414470616596523,2188.853995083094
8988,2188.773710124731,2193.3228297424325,12.507173361559426,2206.2885597593204
3841,2191.0374031872884,2195.089301540164,13.061858179525393,2209.0665127472976
4564,2193.050936278989,2197.3991198658446,12.443602791426976,2251.098650037
3836,2194.7371509998015,2199.2352666198753,11.336126999418598,2253.5806748569066
9265,2196.571672506396,2201.011745835761,11.559307917411354,2256.1488753414674
9321,2200.3134644387655,2205.121697549116,10.847797028389358,2260.1845682078333
9261,2257.642771153235,2262.1202093233187,10.40065887910481,2270.074658321476
9314,2261.570243038093,2266.0962328745895,8.989158342598161,2276.04023865769
10053,2263.466796881706,2268.291361773257,10.954148388400704,2279.7064257188654
9366,2269.0446916436945,2273.322749583658,12.126938613776607,2287.3478875727674
9318,2270.7534596334995,2275.086528094133,12.269969890277313,2296.184608972583
4213,2280.1804300422023,2285.2504784790626,12.018035460448662,2344.011449800716
4234,2284.6823585225084,2289.4440483436833,11.933556310947882,2351.2275989289287
4553,2286.448470626676,2291.42255048074,11.511475860968027,2353.4711179256096
9501,2328.3275040584303,2332.53239623851,12.787864293290665,2357.7142182079333
8853,2330.563068996147,2335.280652072409,11.577129881076756,2361.321101775405
3780,2354.341774124417,2370.117166380306,6.239426666983812,2436.2861397742495
2714,2401.9038403011414,2406.3862689723173,11.816673293801614,2454.2834414776157
2672,2403.6391155812844,2408.2767895948223,7.658046221346369,2456.455878473653
10012,2466.3289841577694,2471.279816204555,10.948950975672137,2521.269378569023
4598,2468.5318883782847,2473.3764782820267,11.19395793960831,2523.938163491516
5205,2470.4072621988116,2475.2072685616167,11.159059723094947,2526.041813911433
9308,2476.5459166177657,2481.505793395291,10.601712899243488,2532.3855831138562
10057,2478.4316926571173,2483.358313147035,11.17989927051146,2534.2766321794597
9664,2480.3308786572748,2485.3041466806408,9.101669849392794,2536.066524077211
5224,2533.5253674740525,2538.4259795851617,10.892692158390627,2545.772544203996
5217,2541.698984830844,2546.46720226605,10.877353115074735,2611.2726446396196
10010,2543.5039927284615,2548.351448261298,10.51452121693368,2614.1357072367414
10006,2545.290180077861,2550.301797080448,11.529380839007167,2616.5805865552156
10069,2547.1043727446245,2552.108384591991,10.672962316613553,2618.601446968892
10074,2548.924854145287,2554.0625007477583,12.971593214490305,2620.476606097458
8930,2676.602733598184,2680.574779771826,12.900098795462574,2706.810607092154
9748,2744.4804342229745,2749.2299783498947,10.762210322176093,2794.0376184835504
9292,2814.0873065350393,2818.358733968635,12.5140380671744,2824.7212922369845
9279,2878.874319405281,2883.4076056063686,12.061261098447021,2890.085368220009
9304,2880.7532579030963,2886.092506567118,9.493034416645102,2894.018726030914
8889,2882.771190467837,2888.131029119235,9.376946041858504,2895.9635990803367
9280,2947.110099028999,2951.181110935977,13.708884747381283,2971.442840645767
9281,2949.109841002994,2953.0119855381818,13.74029044870279,2977.0538750520664
9294,2951.05274352806,2955.2756558258757,12.70386970742993,2980.413526854847
9513,2953.1170235720706,2957.159435836491,12.96158310389936,2983.1769736241254
8915,2954.943435171982,2959.5135365705496,11.352307321778833,2985.219839618493
9660,3016.905105391361,3021.1088225321346,13.687300838576707,3066.035589790006
9741,3087.8444991717006,3092.0613345350603,12.753126508681989,3151.328446962311
10092,3090.34416138654,3094.2740176873135,13.71135414497174,3154.117987524643
8942,3092.0462100295317,3096.1323195729333,13.053694617468812,3156.535090878589
10111,3159.2050459670795,3165.1862784105597,8.95356410125071,3174.248283942782
10083,3161.3219958025625,3167.1761865500903,8.1294814884571,3176.275408542447
10051,3163.3880646047005,3169.2025275365077,7.4064678407029305,3178.357133336409
10160,3165.4117735560085,3171.3107942278566,8.737487409965503,3180.510069989304
9744,3167.447046436689,3173.3570072782404,8.844302901180193,3185.0283524192973
8408,3177.7270236039717,3182.556126135969,12.22664309160093,3244.0043089742
9438,3223.319940923196,3227.3537142696014,13.50082676091908,3246.4776957484455
9666,3225.4221060769314,3229.5230327043637,13.564005782499136,3248.6229793369125
9723,3227.2427314492393,3231.5932379152346,12.326309028356063,3250.514525481186
8884,3229.2651671037997,3233.3814740295697,12.53893413117899,3252.3683800913773
10848,3235.2734264021224,3240.388217254795,8.85339385524689,3258.3860549129085
10021,3248.6076972026062,3258.206298176341,6.713780706490251,3331.471283192211
10734,3292.7967432526407,3297.2465102248275,12.381371271581,3340.0450969940316
10771,3294.6505822048175,3299.0731476102583,12.030375540572988,3345.141575736486
9710,3296.853707506056,3301.0941008621257,12.062640459836551,3353.045302422221
9841,3298.5488994598054,3303.029019273725,11.24085284573074,3363.829140226697
8477,3308.4519198970843,3313.0203685051756,9.806305417051638,3421.238679822317
9288,3361.7114827028454,3366.10750943039,12.501762676878862,3424.3975704869263
8470,3367.3782490807052,3372.290362133365,11.290997197995646,3428.901795940266
10031,3369.1670120417234,3374.1220830378857,11.136339693050981,3430.802556936417
8836,3371.6390943932474,3376.047105347936,10.98395153363537,3432.7100264126807
10694,3430.613572124401,3435.2679789911517,11.75126805875672,3441.899261000782
10742,3432.7862213799995,3437.318416648623,11.822678304391774,3444.14886208272
10708,3434.6476276002636,3439.4328887470306,11.586458063039114,3446.675920311745
10086,3436.7101663533076,3441.283460682525,10.385641860280012,3448.5510894144186
9779,3438.735761220746,3443.1891810214347,10.812502465670274,3450.4073727622344
10060,3440.5546519369404,3445.1478192295663,10.261138599591249,3511.605652827381
10798,3442.3180369652987,3447.0686370345306,11.253381500582389,3514.6982011791574
10117,3502.0257838687917,3506.4298343054147,12.981078915364666,3521.1981105366513
10773,3508.6539755998647,3514.2542580065337,10.163730324995912,3527.3283809655754
9443,3510.6666288987917,3516.1860798674966,8.679824324168653,3529.1958534311107
9500,3572.75484343293,3577.0821625804697,12.804199896238735,3601.394634828129
8844,3574.4856048009883,3579.1013522509493,11.034377076613254,3604.10654218173
9396,3576.4734106269493,3581.007618042146,12.211973359168338,3606.648288922307
9309,3581.429055926835,3585.092737758842,14.789317721754607,3611.2328205478398
8863,3584.857925210031,3590.190651901978,10.429858814913105,3613.212096409367
9328,3603.2942266723776,3608.2310651865773,11.591931820044255,3615.2173728966686
8885,3637.343712120192,3641.6069456031264,13.342810741447941,3691.182069590862
8872,3639.176756590382,3643.461010040127,11.993178233503828,3693.8670819226118
9289,3641.8289673031304,3646.4420349519837,12.053526571752514,3696.4666785489853
9722,3643.7411157502443,3648.2745380499014,12.414688772584995,3698.506266133308
9506,3722.0978355149646,3727.495217281713,10.163015858172699,3788.5194457402313
9310,3762.987833313421,3767.259941714101,12.983395354458313,3790.470276364445
10065,3764.9722314432024,3769.2597439298934,11.894802215385017,3792.4201086336575
9296,3777.468138490061,3782.21878864539,11.127104509206617,3796.1892957267555
10047,3779.3426785807874,3784.1377834734026,7.890945390516586,3798.056440605457
10075,3787.317890455437,3798.000445104139,5.976987391995455,3871.1677237169256
10091,3798.31298493035,3803.183730820538,11.736934267601542,3874.2673132610003
10043,3804.294053806615,3808.3669974215195,13.019203337450769,3876.408355168195
10087,3844.8813730209927,3849.446855148315,11.702844194487282,3882.309503494291
9293,3849.121026167058,3854.210963372307,10.469824020312421,3886.3888837740474
9298,3850.99406969299,3856.1342716181443,9.06018063657272,3888.4540332020474
8896,3858.7947169623144,3888.084568877164,5.667750737274523,3961.1153666125274
14794,3993.722337415887,3998.4424890669825,11.693701487038448,4053.7852176296087
14803,3995.7354616578414,4000.2738752229584,12.126196272741963,4055.912934380026
15007,3997.6985465094294,4002.117001185882,11.686430004436113,4058.0716531309354
14817,4053.6267681240893,4058.5630905750218,11.671578496983782,4067.22341643917
14821,4055.8701703857505,4060.4830870594224,10.442153692631509,4069.9037404573623
9694,4057.7441555944047,4062.431249990801,9.54019920046096,4072.292633734182
10029,4059.6038242223453,4064.3476157750165,11.233911369877402,4076.4637143657797
10076,4063.4744665687667,4067.5986566903234,13.397642464730433,4079.9074506562133
14785,4065.279950297392,4069.3598988022177,12.616094391199553,4082.3956374241307
15247,4124.488388566153,4129.304793287532,11.766754560557846,4144.259693904868
14999,4130.238164286111,4134.474655606263,12.183000026769419,4148.72359910708
14995,4191.096990216719,4196.252894685152,10.661162076778341,4231.449162369057
15567,4193.09346261283,4198.147066029642,10.082769378906917,4234.322713501671
10725,4246.753188481357,4251.094883196037,12.784364065703743,4257.469928288921
14331,4258.463083255137,4262.408071991472,14.169497244669081,4268.680456182147
15031,4270.640162269212,4275.170944329905,11.665726813010712,4281.949303849349
15190,4272.430873506595,4277.014932015806,12.58464373406179,4321.112940681451
8160,4285.330923452974,4290.214556209274,11.403897393488236,4336.2591007120745
16216,4287.286058265632,4292.1004163080715,11.577121763245067,4338.65039041621
10347,4302.9943663159165,4307.323376003168,11.91199995340828,4340.614672863349
15538,4329.698963744905,4334.158996565107,9.845063783434261,4353.818544439664
15164,4341.115884318635,4350.066241141072,7.708912405495336,4431.337988541799
15194,4343.006453958452,4352.134913594014,7.211897396347913,4433.876018171304
8431,4359.6106132595705,4363.440511095726,13.875725501546771,4443.043625494994
16233,4378.358227268373,4383.120298417681,12.03845389880911,4449.034408937363
15583,4397.042100169046,4402.058328590823,10.487878004406435,4501.230876438632
14795,4399.356508925382,4404.162586945568,8.390934480268228,4513.020896493922
15588,4743.2971982643085,4788.008474478021,8.170782605277518,4870.544703402911
15590,4747.743169761938,4790.183065968209,8.731126211405861,4872.80784485858
15206,4749.616919281383,4792.40741821234,8.850759174060522,4874.634787410628
15237,4961.939079631309,4966.04757622676,12.771718103588668,4972.157634158857
15527,4964.234572166859,4969.168103714173,11.070119717223323,4978.02919308893
14818,5017.577779154156,5022.11777556388,11.522570805605756,5041.588592760762
15223,5122.605938764082,5126.4165161364945,14.571819654362573,5132.040303386537
14994,5126.558666837229,5130.078162052667,15.423029087956998,5135.333158485526
14826,5130.824577986267,5135.005841598263,13.247298271808393,5141.1284828697735
14787,5167.177891398556,5171.5167535641185,11.313576253660225,5239.969419240355
16361,5169.037915595394,5173.3153792533,12.455520007397702,5242.038775984315
14769,5170.942598725854,5175.184005858038,10.360535893895717,5244.058273996334
13189,5200.1076064747485,5204.10266543773,13.722174356107558,5245.9103319903725
16231,5205.743826547654,5210.1639290415105,12.55834255636288,5248.100072675368
16283,5264.371622066763,5328.171352865982,7.5283198882000875,5511.594886851715
16240,5341.905248489153,5521.225195952576,8.535828848715418,5764.064533263751
14762,6062.565548591553,6067.438558135592,11.440911650550861,6144.047751124667
14344,6067.42371154541,6071.028154745705,15.180118906538452,6149.049274818755
15244,6121.777415174281,6126.1753350062545,12.779587589706615,6154.236636079638
20288,6123.695213953202,6128.108407464037,12.35971028619028,6159.054067065059
14804,6127.791684454374,6132.205838139633,10.725243228650422,6214.40112367732
14809,6192.846014648292,6198.019060077943,9.919934992943999,6231.028229597165
20723,6195.307008356196,6200.020939154849,10.752847085226895,6236.063919141545
20762,6204.490145799621,6209.086423943557,12.072506031105869,6305.818795371692
21082,6206.3564925290175,6211.09170218251,9.944439319479315,6311.085015119887
20667,6259.2997705945,6263.153998867442,15.359897530614665,6314.9815831438755
20513,6270.803696239169,6274.536932410626,14.330632014387342,6319.068889313856
20498,6272.991425542494,6277.3729371259815,12.477695435901692,6322.253394377362
15643,6334.52563202242,6338.609816642979,13.08801143756194,6616.231635548251
20322,6338.184110282037,6342.542461016843,12.552491670754687,6621.616083602453
20264,6340.302313382003,6345.367861228295,10.817131816216007,6623.642888786966
20515,6342.250451619687,6347.392657313164,9.769472681950129,6665.031036034261
20737,7003.092461396282,6633.241874671065,7.841753279100663,7308.052827949805
16316,6687.198818091705,6691.251558344673,12.95514107743474,6767.832249733695
21087,6747.213460217063,6751.237807536579,13.302328922821754,6773.655938460035
20501,6751.1117688416625,6755.587344065514,12.339867324007907,6775.94375143351
20500,6880.437077545801,6885.049977034996,12.151448115795512,6931.115016709419
20084,6890.879546470488,6896.255151353162,10.279151873036485,6936.079646274802
21022,6892.788626769412,6898.171579850696,10.035602597247708,6941.085377827544
21773,6926.0839382719105,6930.273210306667,12.06778231874791,6946.201114995963
15569,6930.371197761522,6935.17736154155,10.573394455488183,6952.0462327563655
15570,6932.311947879707,6937.102929840805,10.522760802924022,6955.748642323676
20714,6934.250575808576,6939.039861080855,11.350542760044066,6966.141022039305
20330,6953.385916480258,6957.036758955665,14.32208353398384,7024.339633036272
21080,6959.145441800673,6963.242332907686,13.405507529161596,7026.683925583886
21027,6964.792034549753,6969.3097756752,11.785393250430253,7291.335437696202
20681,7026.136348460248,7038.20614986834,7.4006448076654925,7384.065139317843
20317,7779.725048919825,7855.00263113205,7.270733383684213,7923.91444797368
20716,7785.560470374335,7857.340296555073,8.776143602415786,7926.154954229187
20512,7787.472654181494,7859.344649286529,10.266132601172083,7928.083790615702
21725,7869.304616672958,7874.247603502485,12.318008188873595,8281.09791795742
21374,7873.89687855805,7878.431252541152,11.90942783663095,8286.056765737154
21770,7875.831708509168,7880.285033864483,12.564771764038783,8292.046221038787
13726,7879.961368924819,7885.017288583032,8.959205155425488,8295.387151239407
21016,7984.456355666287,7989.397710412088,10.975332964435143,8310.396091399894
20685,8105.140118903319,8110.103714021334,5.933528258724925,8314.532881240717
19453,8301.570115523855,8324.25566200169,6.732866250036824,8389.715421331714
21034,8310.845145664825,8329.246646367676,7.145788102112775,8393.881255493689
20079,8330.280831835393,8389.056083418047,7.260418895131335,8461.184935505253
13966,8352.100750442805,8391.251963586505,7.103081822017789,8466.045576981067
21847,8469.316677251782,8484.161935718157,6.4266640632995,8556.378133242515
21829,8536.648443216287,8541.035132991587,6.952920984817125,8569.492559333547
21822,8544.928455128178,8570.086446511228,8.74203620306958,8578.61054685572
21707,8737.74470016151,8742.28571639634,14.460282964167773,8747.869353232389
19480,8780.148866896054,8785.146478674316,10.281062969247072,8824.03232916934
19393,8783.917637068213,8788.16213396977,12.257357712607122,8829.210726741827
21699,8845.361430954787,8849.176260562497,14.120432963064413,8854.888991922042
19450,8847.277496573806,8851.436752684489,12.187686007214458,8857.703008231641
19437,9473.30173751881,9477.124450341262,13.347280271332545,9483.08322336518
19471,9594.301991531334,9599.170585474589,12.088475156026695,9605.722151875976
