789,58.54413603667912,62.23728350360498,10.582887601649555,91.55889643057671
755,155.6287257385679,158.37211528964335,15.661498654282617,184.37362508542708
1953,197.1112967145647,201.0359409030105,10.709879214809098,205.53915377262436
1254,199.48401408227073,203.02831141037842,10.65461125833867,207.3750660127974
1959,203.2115021083547,206.31136533417737,13.337563033728458,209.8426506180838
4212,241.2709178910208,244.1816470240745,13.715116606618324,247.53645615468193
777,244.23931359725526,247.3515447805556,13.007645062687265,274.14928673853024
750,247.92761105964252,251.21895574314902,11.87023406597675,277.3669406254601
822,250.59430168437368,254.2398454923916,11.097000146810547,279.90431937108673
1926,282.0402369480398,285.4525208990648,11.667157584060543,289.24773068556
1940,284.53125598391523,288.12485930782276,12.006975680119602,292.33424574504727
2171,287.18215959639883,291.29866424377695,10.798342427308013,295.7756378560147
2736,298.0273248506188,301.38700895840293,12.684840026260833,305.1273980584957
798,344.1939617076012,347.3238180154391,12.640789752189335,361.80670399372923
2641,363.7304529243688,367.4395742569794,12.548315483304853,371.5168614460135
1227,374.6066783320074,378.0697488374075,12.333199263389366,381.69405865039744
1984,376.6490408401833,380.00282435838056,13.142251474886496,383.5867380912669
4935,384.3224356987473,388.0678664034694,10.470950360972969,392.3712454267112
4934,389.7365475942155,393.263458085699,11.920471337695385,397.1213518005114
1223,461.38422502624206,464.58662202300223,12.342679845046051,468.2263981767288
1929,467.8892774893911,471.0224030091348,12.921618319489186,474.52107376305366
2239,476.34715870471587,480.2210039563294,10.129581598333909,484.57606539847336
5263,478.24229748939837,482.082825863635,10.271104185027061,486.5651832809487
2968,544.3323548966491,548.0458177328859,14.812917290697579,553.9601332534986
2727,546.3727096909457,550.0638389562303,12.58613527603889,557.9879393790405
2639,551.8062391205349,555.1011868111669,11.392676629860164,570.9972948389211
2661,590.606517691596,594.0646206274548,11.967212957553864,649.2959877121544
1947,642.7745876779138,646.3618521376565,11.985462307301036,651.967459677218
1978,645.2173238899655,649.2495683559006,10.66649186949882,654.0035529481605
1999,647.1088391488211,651.0552317202951,11.161165613935456,655.9084179022975
1943,697.21180551839,700.5284261099695,12.428815098217799,724.3573618639119
1990,732.4492762031821,736.0732539961074,11.433059903951218,740.1546981123206
818,778.9836510827079,783.01690037864,10.356803936978038,811.2990426720972
1934,783.7843856392465,787.4039413368865,12.353060021991627,821.5177893296872
4913,785.7761979442566,789.2351681725429,9.653150777387777,829.3256302422566
2009,822.6363282684543,826.2446490685604,11.507429902959508,834.2278265386296
2737,843.581486405843,846.3071997092294,14.39904733743117,901.5018310949258
787,869.699414727547,873.1954614053187,11.148848237740971,910.1701602295916
4243,871.52490312352,875.0318885981434,10.22167488309633,912.4917962295742
1965,911.1831500517951,914.2502082928028,11.423155147608664,920.5803676650012
1238,915.4067780487416,919.4130025394944,10.104561290213066,923.9249352473709
828,964.3701477923817,968.0966062276511,11.33346256181786,991.501003367161
1989,1014.2291132120212,1017.4875362594764,14.391843396256162,1020.7234727418613
1951,1016.1635643369599,1019.5036374298198,12.613354272723283,1023.0945099717779
1977,1018.1730808667459,1021.4350156307007,12.192475777508333,1025.0984532363461
4865,1020.3647514813615,1023.5051627121466,13.315913277621569,1026.9896948072385
779,1040.0709866428642,1043.5400687360645,13.774157478214216,1081.4622388153964
2683,1043.2634272074927,1047.250767614792,12.307082365500673,1087.0313152847305
2709,1045.325457389271,1049.0045524530155,12.467132298261777,1092.7922744617913
2648,1047.318885630306,1051.0352142786046,9.24646256585686,1100.0809421771296
1921,1093.2360088069947,1097.1576490508025,10.378473254368117,1171.4497511712257
2190,1095.2129529603176,1099.0288622352914,5.715842150391321,1174.0771000332775
814,1142.9240582991683,1184.0773989016398,6.41378900747592,1199.4936891034815
1920,1192.2483846249065,1207.2247605946025,7.864151525056765,1270.2368101520005
2196,1206.2328002640056,1210.3424934975417,10.008209780875847,1275.0911397544971
768,1238.4222636384693,1241.2496596277995,11.026832342429067,1289.1945661500627
3394,1311.002712835722,1314.2297898455347,13.043902368533473,1317.6842068321391
769,1317.954254780903,1321.4680693425973,12.586672562794483,1351.3616157577633
825,1321.3552179393278,1324.6078643802446,13.055376623013869,1354.2130183706952
2703,1339.2402829384698,1342.3446981426969,12.207014837282832,1360.2831457826005
536,1413.7433102612524,1418.4306677194977,9.342031716321227,1441.688354868717
4162,1422.6948372342679,1426.391746340274,10.83576012491624,1446.808052431505
3400,1426.5362294382319,1430.4362561962625,10.560407756044258,1448.7863420193535
4874,1429.8912772656263,1433.2129830171787,8.506275524337592,1452.1226424924853
4255,1488.6274688594606,1492.470534684172,12.169457449319696,1496.4177348445362
543,1523.6280354093374,1527.4885299012776,12.054922814076283,1532.7822997306614
1226,1533.701359374188,1537.5346119953963,13.06760492976714,1541.199959721961
2941,1553.2273859838288,1556.1955033022014,14.624714659688237,1559.4952085563682
4894,1582.1419205967209,1586.1500012254899,10.835000000913542,1590.3606825001866
1457,1586.617902717086,1590.158432059715,14.901396523377782,1621.317816897592
4862,1624.0380319513065,1627.6190287387642,13.475066791060547,1631.1663596849153
2192,1642.9653151663354,1646.2452627940816,12.217082850689168,1650.0625889403805
2694,1650.6876396146397,1653.4976963417005,14.158115920948195,1656.730114566849
791,1677.192187761482,1680.355576817529,13.684696062840922,1721.1023901126755
562,1678.9962021628996,1682.088084194363,12.824685317928557,1726.8061781931908
1964,1727.6369693882084,1731.2849423402447,11.06208692737104,1743.0854962807548
1941,1730.1896266737576,1734.1143184967457,10.777404522079935,1746.4570608597437
1994,1749.1207904107075,1752.475876455253,12.569705164287399,1806.5847853020814
1917,1812.3471420239164,1816.065494297863,11.081851327243236,1829.9203764010208
2012,1821.1229130470745,1825.0534613586826,10.712541405319287,1834.196339665821
4928,1873.5490776212541,1877.2881380350188,11.850268872938448,1881.3409901316124
2722,1877.7095647948668,1881.19857428739,12.375902411289186,1894.9466554005578
2724,1882.3941486123106,1886.0791908251085,11.431236413948822,1901.8988941116193
2738,1944.9054526174648,1948.375908759616,11.81570807512151,1952.184274531774
2002,1946.7713538768116,1950.1922048730364,12.213118553896564,1953.9948586641938
4921,1955.9563378643854,1959.2711928762442,15.615492751684004,1962.2850542959213
6722,1991.3627346449694,1994.5236664751683,13.6553846365553,1998.0198943741898
7440,1995.161178423374,1999.0722659728103,10.168144214591036,2003.5016100584664
7468,2082.848547269085,2086.2436374106346,11.616088919534073,2090.1732709184107
7439,2084.619162528359,2088.054070540351,11.89490839803563,2092.213894264522
7416,2088.652429935793,2092.306532810374,11.101400511594003,2096.7838161460472
3801,2118.8854462260447,2122.4415214842556,13.492666408943403,2126.008296777988
6264,2127.616691297682,2131.057038674301,12.266558253444181,2161.2969985496
4231,2136.8773424353885,2140.328228121102,11.870958309547191,2170.5214191176747
6050,2167.278700293282,2170.573113676174,13.699950313355025,2174.4010846115702
7438,2171.182037722724,2174.265542130106,13.599707783002996,2177.7118148806585
7041,2173.766254295754,2177.321903102681,11.266049228285649,2181.2913810524055
6744,2176.627500891431,2180.2594344020063,10.603210087074455,2184.4810308807605
7023,2178.8148233444213,2182.4066647296277,11.691443997654662,2186.467742540557
2640,2188.1709480596674,2191.1864587969008,11.973281405441247,2195.2027851074195
2668,2194.8057912948866,2198.090332504217,12.348264149820901,2251.4708952818487
6052,2221.964775998547,2225.1300974407272,12.707033315567877,2254.238157413213
7448,2269.4873974480174,2273.3236393002685,11.460792982571064,2277.159526259272
7462,2271.5260783686585,2275.259085347922,12.00228218320181,2278.9490044251343
4950,2279.2061720688866,2282.5557609892944,13.182691178441143,2286.154285745038
8146,2285.728494276324,2289.055365638428,12.053785272386504,2296.327616037678
7721,2362.726181493,2366.3313271087936,12.060800745959643,2370.291890097851
7444,2364.6126667158087,2368.097351912982,11.299897946239147,2372.1525095103816
7490,2370.128779132915,2374.0424623890017,12.680285382427455,2377.8285594218023
8187,2375.7289033406933,2379.5220936131846,11.2399621904644,2432.955894762854
8138,2378.021775324382,2381.48943378407,10.789373384602884,2439.3391624956116
4941,2436.162490523755,2439.5947057632584,12.620044681623066,2450.4554341161083
9735,2484.111931446045,2488.244345459579,11.78933950451081,2524.25831419194
8194,2495.2705145932077,2499.289013943546,11.575961479673252,2534.593528361872
8479,2497.2217167903996,2501.1403981562817,7.191605842667257,2539.9320444033783
9743,2584.6264852669383,2621.0003268437767,6.700717669302298,2629.1807151692406
2684,2588.2258359941425,2623.116852768462,8.607013210522288,2631.186457323981
9750,2590.727231607333,2625.223659837919,9.233028370772209,2633.1589746000996
2708,2645.842743658421,2649.2426747080585,11.71677899110998,2656.5373837603242
6312,2661.569071726355,2665.5469645542703,13.703909289924034,2702.903442853501
7409,2710.621205355476,2713.2753880804657,15.204553489680677,2720.6616230583536
7270,2716.700025040083,2719.3846616798683,14.968815350948734,2723.387059610212
7059,2724.3720795730096,2728.194017282439,10.879385973473399,2732.512615846254
6399,2748.3603552153713,2752.491321718345,12.051715668279353,2791.5058618617195
6430,2757.9724915994457,2761.355066654519,12.201731123933422,2794.0102330761474
8171,2891.283888730074,2920.316604295094,8.40035008288866,2992.2804503957723
10416,3084.929819460672,3102.0381819211025,6.197316636317862,3165.3088962197253
6298,3108.0443815683116,3170.077189629515,6.89235842823689,3178.8574289205053
7452,3198.1685587421334,3202.1203282326637,14.14077061607796,3205.464928624384
6729,3204.10658376201,3208.275018347068,12.374691648005435,3211.9872989833266
8168,3209.4300017001365,3213.513682507094,10.794581195664026,3217.780888432243
9702,3227.1088026220677,3231.157454711379,11.356024398753677,3246.5717490233574
9686,3234.621509506347,3238.2834699177934,8.3981650717869,3254.4100119219174
7458,3251.188850821028,3254.329595268914,13.38474254381277,3258.402573104946
7419,3253.752544787085,3257.350413474432,11.065160610141053,3261.4195414604737
7488,3257.296787462965,3261.3350541613863,10.737903884059808,3265.7963974833474
7487,3259.1809619327482,3263.1452173638954,9.830435411406857,3267.6384938900906
7508,3261.1644728859656,3265.030165206037,9.89397999664008,3269.471137973987
8163,3263.0166365265964,3267.04665299847,10.66575433137449,3271.2125440095424
2652,3270.056576520807,3273.4506301629526,12.698281638970753,3277.2206221001416
9690,3274.426205379923,3277.4762705986473,13.446567387963734,3286.3489878499713
9708,3290.833304818117,3294.150202413714,14.131714636671578,3297.544931956033
10377,3297.323979744909,3300.289162540901,13.297988101285865,3303.693902303484
6376,3310.1472823786044,3314.2590086112364,8.497154679128531,3340.939042164432
10393,3349.544170230931,3353.0972098457405,11.067963494274206,3357.163285895408
7483,3363.0150405000695,3366.0941178605294,12.46188362997183,3432.2958014924598
8228,3378.8934327629813,3382.5806767694876,12.295130416325991,3436.6277844896526
7057,3431.6399064863817,3444.1121564747846,8.796805705098684,3453.633429521709
7236,3536.017511713583,3540.088730268788,10.622219505862416,3613.187608243007
10406,3538.023959596964,3542.0532408006147,10.095806458133394,3615.6199574246443
7837,3539.978426426298,3544.064399827982,8.647755722251118,3619.9173252854634
9734,3681.9277872882762,3685.1910501427246,8.347571516474524,3700.9558223391714
9716,3740.6149683836443,3744.0693300629455,14.020318128880168,3747.400682677668
10371,3769.543880714236,3773.2480462472467,10.59475182410334,3785.075606131792
12957,3802.850916377437,3806.18264109978,12.691761135449456,3809.934005843689
8202,3828.150031667812,3832.1459432492907,12.427731462421777,3836.0746368799923
11811,3830.743084562373,3834.4862580456324,12.557413764881357,3871.97116534243
11772,3832.7565950283997,3836.2762349773657,12.47919532112548,3874.6673340539646
13000,3882.6405674696266,3886.3209172521047,10.506147738731865,3891.2117790716843
13003,3904.1186821714114,3907.045093974558,14.467205900556039,3961.514198996809
10445,3920.4197054407236,3924.1551608419495,12.701251342115922,3966.107259788503
8197,3924.562716085991,3928.073752763577,6.618516534228528,3969.757131737044
7683,3967.2661991174805,3975.1021697221117,9.662007058597679,3987.6362642857166
7413,3969.978524202642,3977.0616570780717,11.112935449467358,3994.0407738665253
8221,4004.6195674659157,4073.028385122994,7.881072057606717,4082.279589010832
13702,4078.6969696035103,4087.300558215707,7.58261079184629,4156.791711379805
8401,4081.1410242899906,4089.384794222384,8.421880897208213,4159.318214139574
8444,4102.064650316786,4164.062067560886,8.019101018235952,4168.959792981417
7441,4104.69371233258,4166.118529392774,8.46526468704897,4170.895779901214
8463,4110.924613003842,4168.143177148871,9.482626308910511,4245.451394518524
8198,4162.885685366404,4170.215988674971,10.650621912428525,4248.12903832731
10068,4167.350393456843,4172.194939228473,10.481136925469821,4250.278186825505
9678,4169.6460273714165,4174.103032109729,8.462350469831042,4252.589738344776
12510,4171.6816617892055,4176.1667844683,6.469647418990441,4254.919966050294
11558,4179.6552081912605,4258.368739420098,7.9885580023613185,4262.681588654338
10364,4190.352024576686,4262.452735173007,11.5726609366872,4266.149390924972
12929,4259.636898147967,4264.346490851857,11.727199528701341,4268.180798752494
8159,4278.50001313833,4282.1219817036745,14.644058067592091,4285.209539038288
11822,4281.983128228293,4286.111200489768,10.425898360342119,4329.387931330819
10359,4286.553294890952,4289.339157058358,15.07991095661528,4331.869344852731
9300,4372.777366329773,4376.282725006165,11.925510729626435,4380.160021638997
8840,4374.753007585012,4378.260716226425,11.722931529713655,4382.123469089947
9749,4379.711680294634,4383.262391224083,12.350693839236447,4386.84282327881
8236,4418.422302338669,4422.443725216067,10.837323214027476,4426.901523360128
12951,4421.903734275185,4425.226843056823,12.663969394273352,4430.99319261238
12970,4423.848826053638,4427.301155087318,12.288168318968172,4436.338955925206
12992,4425.691514733187,4429.047687460602,11.990966339199234,4438.834925708864
15209,4430.84963124713,4434.535125854255,12.086576448376471,4440.817171181616
12958,4556.7736194249255,4560.339064263222,11.386984643063977,4564.38623157232
11759,4577.937518897205,4582.01987651409,11.142264215505001,4690.177903669364
11803,4651.287057059621,4654.346093741092,13.672410422038874,4702.170171056394
11769,4745.705435596489,4748.414900032548,14.10551927857283,4866.317353976045
13668,4793.219517329206,4796.371214911817,9.743158084064348,4870.561251628637
9693,4863.427646653963,4867.3588192560255,9.444456466188898,4872.519407230506
11556,4957.441793586661,4961.147034313911,11.284415530356137,4965.358821512457
12916,4972.730824165478,4976.506587875368,10.625916799240391,4980.656692450254
14783,5011.368488408299,5015.115489788542,10.386948089904857,5044.265489964326
14772,5014.938549690947,5018.172703305569,13.448458607047293,5046.699861654727
11768,5088.026569016162,5092.153782566237,11.125193163589007,5131.4439673607585
14765,5095.400368522627,5098.592291929378,12.981533005805582,5134.231873051617
15189,5097.166902765455,5100.326681150809,13.15046217167263,5136.970398922963
15205,5114.720468310425,5144.31802565624,7.528668362637635,5148.7209198579185
14786,5116.660711742139,5146.333665044011,9.981180913188735,5150.608345113102
15878,5120.774641793102,5148.462638716481,10.024985213699988,5152.947391807866
12217,5145.449518966347,5150.3895361376435,10.654996719462831,5154.801021631315
13902,5147.592759289891,5152.283791737531,9.774638386949455,5156.665956776041
13706,5151.795162389332,5155.02760965016,12.603143361776597,5158.747431901956
12942,5160.802082881646,5164.536721157768,11.593292865011396,5229.564329052394
13640,5182.913321227474,5186.352450931638,12.51059524958212,5232.183605278128
12933,5239.0489619295695,5242.334507921238,12.429745179134887,5245.9013727677875
12975,5240.948648391021,5244.12921191784,13.374203694721649,5247.624757659279
13682,5242.800844357819,5246.423745488954,12.00414415351289,5250.444325995784
15859,5244.6492767714435,5248.171867403897,11.587934628142456,5252.295004281662
12990,5268.012622076487,5272.07478334944,12.411948915909898,5313.612081994413
11745,5296.089987284144,5299.410325171703,9.271658083854161,5324.124144895835
11748,5383.506505584517,5387.0616071773675,12.532450587508178,5401.374311144248
12978,5409.728057927511,5413.073729968786,11.849078700951234,5418.042204526604
12248,5415.701838611739,5419.29131189172,11.857874633741622,5432.168706091379
13684,5417.599961035055,5421.090897158028,8.682565447625798,5434.825576429153
11946,5457.741668975114,5462.06870876813,7.9682869806551695,5500.4902673754295
12965,5466.701307520472,5501.135022059638,6.451367130872323,5505.931234777984
15258,5504.69796207942,5508.287246150827,11.678294911816588,5517.539438010288
11774,5544.856070427834,5549.055613370162,14.054724905646609,5769.317559696685
13701,5550.199404869385,5553.087297032456,9.884103964490059,5774.178486137975
11562,5639.275728680523,5779.078703061982,6.529604471386635,5783.7797185939435
13732,5810.603487907111,5814.4078413370535,10.538563103935955,5818.617924257829
13653,5812.756974706564,5816.477202569037,11.33145168409483,5820.411760956999
13671,5877.322373399894,5881.36162695015,11.471063606007206,5885.705364488322
15216,5884.383488548477,5888.358211242998,11.979092456195854,5896.379684173019
18489,5886.4541432413525,5890.245230458322,11.834648504673678,5899.146128661769
13001,5946.367249833302,5950.040382209877,11.389766462899269,5958.070651709429
17740,5948.651125425785,5952.041806148756,11.523349823227807,5963.359344896587
17054,5998.33673657975,6002.124643450503,10.665024030696166,6129.412504607183
15241,6021.85839379095,6025.205889552217,12.815869764196963,6135.308470886115
18470,6042.549206519658,6046.2907385701765,10.958264080912079,6138.928988481754
13667,6088.767514975912,6154.217450138446,6.928124941233408,6219.449198896996
14777,6348.726380682873,6352.394163476814,15.134856469367364,6399.369693851308
13184,6359.0663098048835,6362.261970988778,11.64742589207082,6407.648230931217
17734,6607.840351735237,6611.337114307747,11.85958659762055,6669.97146647959
17393,6653.084333756952,6656.436931919095,12.278075524609482,6675.112670444792
13637,6663.719239553607,6667.467402085369,9.726408559426542,6678.887679488333
19200,6990.420321594825,7219.155960156819,6.646156298304529,7224.5293750610335
13694,6992.560658525882,7221.309470772829,8.039465791702916,7226.344306002303
19223,6995.090188069749,7223.33559215128,8.869770416416339,7228.347287618133
13968,7254.351082911776,7258.440552780404,11.324235421931,7304.552690431734
17744,7265.513035407154,7309.069384487161,7.4642353025474835,7313.990362515999
18501,7276.906665396247,7317.36666299696,11.103831192803067,7321.625893506673
20662,7314.853445367104,7319.2168377022645,9.359126388165855,7323.352616443247
18732,7323.157434994685,7327.106584738428,11.655163956752725,7389.574149022477
17989,7327.184280358511,7331.08212659165,10.066964287456267,7489.7754063126085
18427,7329.097188384762,7333.106722249693,9.917157815718635,7492.456032207779
18457,7338.678207081358,7342.237371603523,8.373207664963505,7504.861310973217
21349,7503.513113578062,7851.164651018548,7.356274279572843,7855.5928342099105
21348,7505.726686611633,7853.258815659037,8.643308144230994,7858.060588925971
16256,7518.669551611007,7855.363200116239,9.402478052060205,7859.813796220094
18472,7858.70342168832,7862.118284478422,12.5293688402538,7865.789858210725
15943,7925.424636308983,7929.096036724673,11.627821770225601,7933.125493642194
18446,7931.410325868349,7934.604420501366,13.06221953865791,7938.559553473285
15919,7933.236668965245,7936.561129760348,12.909920210709881,7940.4346961302645
18449,7941.269916571342,7944.529918609324,12.53433651554175,7953.538115023398
18433,8106.1865966786,8109.516155546164,12.816684911127352,8113.976357092062
18479,8108.396657599484,8112.1496583910075,11.375423580489906,8116.256818416584
19239,8148.087836521268,8152.042478923555,11.776475275424222,8197.204949379562
19184,8878.173273119291,8155.032724748318,10.252996900216734,9114.347482968607
18481,8961.207753921755,9118.063188227094,10.74817829204812,9122.09954489361
20326,8344.656775202848,8429.221505786092,8.277604368372641,8433.550345789892
15179,8443.54155449779,8447.419732564858,9.955834964339617,8451.724924154762
20713,8445.835178184198,8450.164556537176,9.428572022011101,8461.56924761134
20305,8488.987651694182,8493.471164468388,9.498354179465279,8506.15768376362
19189,8491.092918413202,8495.422022592356,10.224841684601799,8508.76865440639
13710,8493.195848438412,8497.414473814373,8.9247935434748,8511.021601530321
13699,8496.95612307819,8501.46998756096,9.988495254988713,8515.014057033399
16639,8521.10354261373,8524.533176546945,12.176370202973066,8528.369941206343
21376,8522.844965865153,8526.312292366703,12.939600501364113,8530.184684034579
20716,8526.943902363084,8531.042133751389,10.891562483613995,8535.431606639082
19145,8543.910516685826,8547.545230458118,12.389690226250979,8558.99749436087
17039,8562.334575025152,8566.315940443714,11.260235454518751,8570.407680781705
16613,8568.196700831211,8572.021319845187,14.259996760072628,8575.41265839803
18496,8580.262232187293,8584.120044835088,13.000156515291637,8587.775474090698
21364,8586.747722058419,8590.494035014583,14.463516197487412,8596.100485821771
20675,8602.403562424814,8606.114580640158,10.757801243775225,8644.376022075985
20323,8604.624403489934,8608.10472445848,11.594946172870868,8646.714591762642
20301,8627.992019910578,8652.157288267344,6.883699690990088,8656.936189850372
21352,8691.091938798962,8694.471109965038,13.341064932783757,8697.799200797592
19138,8756.156263484756,8759.393097587154,12.893827595931484,8763.137570749466
18476,8762.23628473638,8766.224265501673,10.069371363555907,8776.330630044733
20666,8764.177648803508,8768.160766456167,11.540570718261185,8778.815090294544
19417,8766.104813053907,8770.038137252437,11.054339700410534,8821.524259527972
20660,8778.429351533288,8782.085853832157,12.476305787080403,8826.441806326186
21096,8780.931247458087,8785.189218384823,9.818670280727654,8828.815031772008
19232,8783.368442145116,8787.285358818082,8.83767419016067,8830.795802799563
19196,8791.165797554962,8834.090418098765,7.692064271960799,8838.927035165563
20307,8793.03598365044,8836.17794116971,9.275758473411972,8840.675024841272
21425,8795.194320699822,8838.101402187227,10.34406014593103,8842.419436562157
20759,8835.62455736349,8840.038582786072,10.965644388263975,8844.171726888828
19185,8837.69751522745,8842.09585155186,9.193520979444319,8847.080035620385
19161,8840.207733418007,8844.28595749866,9.178268673800124,8849.05306515828
19225,8842.358275884944,8846.392732893084,9.494077094461014,8851.04070775391
21359,8848.363937915727,8852.444294689512,10.002768398659024,8856.792453235747
19395,8850.236172563864,8854.378853015702,10.332637186532146,8911.56791452248
19202,8852.396352803189,8856.29660932649,11.253826423716067,8914.247236785133
19442,8854.464356720244,8858.403937945937,9.967486872742304,9099.696893070213
19410,8856.517347150726,8860.347317743935,11.081912725097325,9102.452147257483
19190,9115.171970873163,9120.064347434836,10.449990754058112,9124.349515981645
19854,9154.143897519738,9157.543594648223,12.583681932759546,9161.209727100751
21375,9168.036148780986,9171.2084142732,13.59527319706314,9181.367221583327
19188,9288.694704591386,9292.025459982975,11.894977960726772,9295.733423596406
19236,9559.810016420512,9563.473163733723,11.293922960030626,9567.462624277166
19237,9648.142065083963,9651.22938633541,13.222818100564602,9654.569512816093
19425,9662.615856680668,9665.53962219114,13.831208775193373,9721.608969454057
19430,9665.49344477545,9668.072631286816,15.588908096306051,9724.571390995914
