592,227.7330568925771,232.01250677802082,11.530424918793173,237.355821242255
574,259.4767188572999,263.270704080001,12.205272552893593,268.1114258124145
600,283.4348584264431,287.30401027561766,12.542339131646015,292.4114312461211
159,356.2976547284446,360.0280537198072,12.341215531074697,365.0676220826807
148,358.8964096365344,362.2735540441244,14.700361833988822,367.7486766700183
575,415.94961063475495,420.0606711286529,12.32622278812798,424.9939326029184
149,428.3091644666133,431.15610654263514,16.032334606271466,435.7724290009191
4982,431.50210264755134,435.43388188472125,11.505062018801814,441.29215118178854
1275,438.39962347589403,442.26717651413946,12.346197331363598,446.54524045156273
3433,486.79459504945135,490.1329451102705,14.732176948947009,494.85826813470595
143,576.5822993646232,580.1122715285985,13.288224454553381,584.8876752989593
1265,703.993607117169,708.4019173508278,12.787638323611683,713.2535503411674
151,728.7929300572629,732.159137691316,14.37828257227112,736.7399982704646
3405,735.8544132617999,739.5879987035083,12.13619481827219,744.2057448966759
4988,821.3519963537157,825.2554200220568,11.720943278933026,830.1938731513504
154,829.2594172521717,833.0199584995948,10.830766838001164,838.7052315736497
1280,877.9213114225962,882.292779231072,11.082903720970753,887.0813412244231
3890,892.1702078693908,896.0128185500258,12.37337698478566,900.981585851697
172,935.130948004387,938.4751163949803,13.889023975122157,942.3127299492106
166,959.5763086733717,963.3289575585079,12.947104698226504,968.2114104425374
3861,991.1521814850456,995.3343474945583,11.04687128289822,1000.662022478635
1290,1013.7766820310151,1018.3160518902336,10.003484803904662,1024.006562693594
4333,1224.3867102242993,1229.1417854969827,9.925529934210626,1234.7054441454989
4303,1226.5851798951621,1231.1625693875555,10.914557257671202,1239.9679528225736
4292,1233.384925935555,1237.0888656501056,11.034514646998467,1245.7253822228795
156,1296.7171437432464,1300.2032485151585,14.308959125891294,1303.9764234575039
4355,1316.1389209709826,1320.3706369357017,11.230798986830427,1325.6713715963942
1276,1323.6654022154848,1327.2630106058516,12.5623198578875,1331.231930501833
3443,1479.715483234821,1483.5430839689802,12.622685323940049,1488.6699682277833
1273,1481.305392036259,1486.48309576391,13.493129531811414,1491.7521945548513
195,1538.8097172975265,1542.3876929053754,13.125039544872324,1546.3343042683398
193,1539.9250502562722,1545.122164016537,9.145146141742819,1551.2174701741733
4297,1542.083659741611,1547.2559310649094,8.97850857863389,1553.7156045112295
191,1566.803337074736,1570.3458724885065,13.062521867043825,1574.3864408954914
145,1571.2301066591858,1575.1957061592705,11.743312475669395,1579.7376717205707
604,1597.2169222404048,1601.1202055829522,11.557840566823883,1605.4062657584645
4284,1602.0,1606.5591450919112,14.08443269911215,1611.8312127205463
146,1633.615559454367,1637.4942832478787,12.417210226113443,1642.2220944261385
188,1655.4764620580588,1658.6280460121436,14.928639083289417,1662.1741563153096
169,1660.3650868540317,1664.1606169119639,12.536612057001733,1669.1148570353591
2825,1687.0,1692.1094390826327,12.404690268539635,1697.5736615518936
4272,1722.5781512083074,1726.3393071713624,12.277943820018665,1731.5776164795927
181,1727.4984738592213,1731.0833528707478,13.069347740184389,1736.619499943138
157,1751.93516550576,1756.1532455197566,12.037499235118256,1761.1658609809901
593,1795.5511081656255,1799.3798081504938,12.142643553413862,1803.526663109286
582,1810.033253534927,1815.3683868152293,9.334807173404444,1821.5842481333682
3410,1817.1964455658735,1821.4589601637028,10.453392596562423,1826.3305749890944
3465,1907.3661878675132,1911.4482786383742,11.380367710928477,1916.7851971628083
4347,1927.0109888802194,1931.2242946148647,12.065300136493748,1936.0858631282124
6074,1931.5704088081886,1935.4926044985916,12.25590185936116,1940.6479947037355
2814,1933.0,1938.4478809097961,13.061724103763606,1943.8818703801487
6087,1945.0650470940125,1948.0865320682772,16.251162720100904,1952.4638404100763
3417,2048.5322554523896,2052.4769659506737,11.481198305287316,2056.9362885034766
177,2050.4937390505143,2054.545011665447,11.190698701305976,2059.880130314949
152,2052.3252311669444,2056.4445562593405,10.94918497343036,2062.211942600355
180,2054.2457130641046,2058.2712489478017,11.747293508491433,2064.239657429704
4356,2056.557432154481,2061.01868971266,11.005499720057598,2066.142234510827
5692,2105.177543083387,2108.47203744141,14.52170500696963,2112.963998154521
4288,2132.3455597154,2136.3277038177903,12.526864741173897,2142.4262992465024
3864,2296.1640018902817,2300.0134959408892,12.450599238648621,2305.142950957149
5681,2353.300598163068,2357.539705043342,11.167534020656294,2362.808149548152
5699,2354.778193510019,2359.2733967965264,12.093466859022366,2365.078041914505
5665,2468.636349967917,2472.3914311008707,12.504943225746247,2476.6056370133197
5667,2469.7647869592693,2474.0820197558346,12.347120192681777,2478.439492788925
8963,2544.537722048135,2548.26896217561,12.631333495891539,2553.107139565818
6774,2595.027482569863,2599.069149821743,11.837825251907603,2603.44267943842
6091,2605.288577071842,2609.1906299484763,11.782693322908234,2614.141151765135
9367,2673.0,2677.437581930245,15.906841984697992,2681.9608124236693
5662,2889.464190102604,2893.1881738915317,12.287155134524271,2899.9923233760287
9830,2895.6458507624343,2899.2622045083704,13.612458843310174,2904.0819993098303
8954,2901.6223026647212,2905.1326801940018,13.312878909177059,2908.996189000287
6100,3009.3170012623436,3013.14106247594,12.306648238673947,3018.511468062828
6085,3069.165352246023,3073.0059926041863,12.255483593654303,3077.9231528266655
8941,3162.6204388107803,3166.4452034489063,12.381815076763257,3171.1002343320756
6071,3190.5749683660015,3193.65751528771,15.879132694173018,3198.027686301899
8274,3219.0987389442244,3223.327580947053,11.727606450182696,3234.2013555489134
6075,3373.0981560311034,3377.4548759373706,11.568985594727328,3382.0833015596063
5682,3374.834806630857,3379.2449725730885,10.944970193082552,3384.5697183796774
9356,3387.090187200853,3390.3702091230716,14.334150953114904,3395.165694003496
9860,3391.609664626646,3395.3407888262527,12.147283010976816,3400.152980309556
10480,3401.463916955859,3405.348629752677,12.529017896786138,3410.7399580194597
9350,3410.9909313102366,3415.27830816558,10.592407156750367,3420.6957575881565
9854,3413.5177607904984,3417.330044297827,11.913922113921963,3423.284837514568
6098,3434.6109346132985,3439.0412358739795,10.063298452698753,3444.17748863631
6784,3520.250606269529,3525.4800630909294,10.160214864808907,3530.8995411659703
8923,3549.331788175889,3553.1206268754077,13.003684184518626,3558.1070025006484
5704,3608.917052447237,3612.1902534953665,14.499896049441563,3616.1970182152077
5689,3616.3117892791693,3620.0898908692416,13.06727635891831,3624.2335082700997
6781,3623.8786052130645,3628.0125776414698,14.332292785468725,3632.664986617821
6094,3637.8838188095815,3641.5180622556272,12.631201436015129,3646.1306419825314
6073,3639.7466569240055,3643.281248037746,13.493608746742968,3648.0767234479763
11581,3760.5138254836497,3763.618267983468,15.351425773073439,3767.0721057056057
9804,3775.0,3779.401636344696,12.690082912170567,3784.0942876227864
8913,3796.5964206528693,3800.4300758063555,12.623396391608528,3804.713919511152
5698,3825.293497283532,3830.3181201730636,10.238254869718817,3835.8118879868525
8959,3882.069058551697,3886.5228262799483,10.946508301604254,3891.987997357157
8942,3883.9880731592634,3888.328604788736,11.512454027594101,3899.0370814092184
9343,3885.7906051921336,3890.194432806721,10.227869107407438,3901.966059678262
5642,4149.143921544589,4153.177886607691,12.113384945326452,4157.625140446318
11597,4223.658089187778,4227.243302266985,13.290574796216779,4232.081575756905
11142,4239.237692487353,4243.415287539019,11.366246776108635,4248.823155848685
9803,4283.0504555133675,4287.274898371257,11.48865715667512,4292.5739170769775
8243,4296.275132254416,4300.4530049845725,11.667217168800509,4305.2056219799815
8902,4311.521369421887,4315.169324893643,13.288369016277942,4320.033193189747
11200,4330.822412731092,4334.232706079998,13.965045691012609,4338.027492868801
5691,4334.642973942571,4338.338587782587,12.432484382696263,4343.081012507224
11199,4339.519437677898,4343.4757983035315,12.156767783794493,4348.203608483996
10519,4374.261557027641,4378.120721739037,12.555649220294383,4382.97220000924
9383,4376.222584465726,4380.123967534737,11.838516692005316,4390.3171501662855
15355,4473.0,4477.606740162203,14.152190155725679,4482.620843851458
9762,4475.0,4479.3387610949185,13.582751083433513,4492.049916931866
12276,4556.996677214497,4560.364880209934,13.812172692028799,4566.0
11576,4565.465339176982,4569.195707931881,12.387401878164528,4578.8753783938255
11593,4568.025288889162,4572.52660900531,10.642129142711761,4582.773014019487
12629,4624.824254600553,4629.3449410862395,12.621790396218746,4633.987327817292
11162,4688.668756798532,4692.0475349325725,14.179505768533934,4695.822147365673
12278,4697.936585241389,4702.131001279326,12.702485898581518,4707.06202025153
11178,4721.060971427722,4725.013226502292,12.084621392609755,4729.401264335964
11566,4760.925196440412,4765.468861079117,10.040088122007978,4771.039772769083
14437,4897.8430662496,4902.007934230348,11.29661192717633,4906.593961188674
11138,4902.258240126681,4906.46989251709,10.899647765671324,4911.8859246380025
11202,4904.118708268957,4908.240927695088,12.047891790066172,4914.242436744825
12273,4925.078954388542,4928.195770226186,14.98033186010369,4931.747698807747
8302,4998.0,5003.273218384495,10.831158862009923,5008.209762767073
9800,5006.0,5011.471530131015,10.486479632424622,5023.465680298486
15962,5008.0,5013.305122474501,10.174105363449488,5026.587987895905
11141,5050.162228071808,5055.03795961884,10.545186367022673,5061.313340280006
11575,5060.816979177298,5064.573447137918,12.46542388171868,5083.327646575703
11155,5064.513016553015,5068.380751096491,12.293000413096943,5086.113720986678
11140,5085.839462804856,5089.556577846413,13.19427378097333,5094.204915555853
14880,5138.794373840483,5142.171098131315,14.134430918473432,5147.0727982641965
14829,5142.534826012727,5147.498588342806,9.983142657820025,5163.460258252902
14432,5201.296153334415,5204.324500633114,15.918824717628128,5208.736233958819
15265,5276.2058663404005,5280.347220641684,11.36780201957864,5285.127331385997
11583,5280.85999702108,5284.302988241421,14.31973708715713,5288.889989251441
12283,5303.95351164409,5309.0671560574765,9.567783216726957,5314.915580948514
11587,5319.313062099125,5323.376801647029,11.970127618443371,5327.762749348158
11159,5320.934651398941,5325.177325592958,11.797713884440451,5329.620842503645
14431,5364.298809443932,5368.165508910496,12.541770875637381,5372.5415336617525
14465,5366.631523946644,5371.116551690094,10.465048058800232,5375.856539051718
14402,5499.588911016877,5504.037713293838,10.556902001187222,5508.9459897948345
11572,5619.811935288251,5623.439256989464,13.358524307997609,5628.692635120907
15330,5724.0105010869975,5727.1722422015655,14.4228635176338,5731.7134436790175
15315,5727.67096316015,5731.383458406319,12.443288103530255,5738.660392165835
14457,5730.1296002242225,5734.0152205429695,11.76288277722508,5741.048514065324
17077,5735.5183044251635,5740.096416225275,7.971806687748138,5755.161641930847
11158,5859.752684313466,5864.186954117767,10.588725901849294,5869.578222033499
15297,5876.0,5880.429739005314,13.185162480866952,5885.308430877524
11186,5889.479966653952,5893.316122064971,12.527405815076472,5897.508553771588
14421,5953.7121784904475,5957.048060308318,14.118370330916989,5964.115333671759
14418,5956.50776529959,5960.43446525299,11.533498100648513,5966.849143691282
17081,5962.920033841732,5966.240562385441,14.359814691331056,5969.993642021381
17082,6009.590994153267,6013.33448746275,12.939624359367606,6018.2224276767265
11586,6038.981011937722,6042.440129648481,13.141548437924026,6047.105966396226
15295,6041.447738193335,6045.556794532077,12.015110879814564,6050.783110415602
14885,6096.0,6101.168976861928,10.251156202279066,6106.956197040433
16650,6222.927479602238,6226.593304098448,13.61527716536434,6230.725365979096
11598,6252.444830640348,6256.293077544199,12.089724147077012,6260.604519922396
16673,6309.35655279445,6314.0674173491225,10.51921691889823,6319.259420082798
20829,6358.166330894779,6362.493064575827,11.495453793559355,6367.177193714553
14435,6447.624534291251,6451.325950815755,12.055573095134044,6455.43947605605
15279,6515.613120361611,6519.169858141788,12.702585715520692,6523.933347523737
17073,6518.486138703495,6522.2213082041935,11.968929212192679,6527.919624562388
14848,6523.0084636316915,6527.103990041775,11.880880718626381,6532.106202944458
14450,6533.766200802281,6537.371043000108,13.02542909433721,6541.241623214825
16678,6541.618319358673,6545.4050182590945,12.696452636728482,6558.119345511266
14425,6543.38553720413,6547.191975162261,13.029613229159741,6569.288446645969
11190,6561.483181440131,6566.302415917997,10.007304634015272,6574.248533479042
14832,6563.480297606466,6568.202245176536,9.298895043469052,6576.349275433897
19909,6630.340685721964,6634.294696333228,12.17224300283781,6639.451134461481
17781,6632.345647563973,6636.185069008366,12.02298641551479,6652.128403480818
11164,6791.122856831341,6795.306742510466,11.68159225438856,6800.143044684978
19961,6792.932354853213,6797.057710125379,12.413937110410616,6802.690554679275
16666,6849.0901869210975,6853.044603500701,12.145157108763536,6857.336682513534
16658,6879.8424230423725,6883.546774747516,12.996850987017899,6888.195230207516
19931,7074.997576688452,7079.115442792071,12.36591574133989,7084.195871591216
11152,7127.5666111231785,7131.350471580557,11.904685134879315,7136.133990406227
19911,7155.104637811801,7158.547641787579,13.856409088103478,7162.406196721772
18212,7215.798392751259,7220.24095286898,13.545160810702642,7224.076242046448
18216,7225.875695295621,7230.397453776864,13.740922314666273,7234.084301961971
16645,7298.962032616933,7302.242311535775,14.283685586595368,7307.037029652793
17168,7388.744413757453,7392.301509881592,13.871416611137972,7396.0
16642,7418.115516029963,7422.038547626354,12.337987139820402,7427.016510297259
16686,7443.305668731236,7447.191640599845,12.517901007397391,7451.424879663706
16641,7658.875254651498,7662.428088776935,13.553093623782559,7667.391569503134
17098,7659.0,7664.009682077694,12.99119211451955,7675.362930099992
21458,7673.0,7678.267316952362,10.500632368492786,7683.937141325127
19924,7705.0,7710.221646420751,12.03941369929012,7715.262572537673
19926,8005.750034797894,8009.464486268252,13.038173695070101,8014.230980755956
16698,8064.171238963885,8068.063329523067,11.89779490647883,8073.085415153505
16694,8066.068654564274,8070.060678598005,11.69709429515207,8075.6388673499805
16640,8198.934067901435,8202.14390075614,14.101071073371477,8206.762364155209
16701,8204.034819310009,8208.478672145156,10.731069522636941,8214.11812262241
13799,8239.0,8243.502591183887,13.374931358665307,8248.594659499344
16652,8381.450450727729,8385.28663905133,14.294406001428783,8389.864876627782
16706,8383.291461656623,8387.03991518703,13.372442176317621,8392.191701560721
17095,8558.493706546995,8562.29828964331,12.070403834709714,8566.604993019104
16700,8649.005826865488,8652.516996912345,13.737861259118091,8656.535306084024
17074,8739.462612771038,8743.154463089742,13.356094170915675,8747.115232221044
17071,9305.909279260768,9309.311876179885,13.754403895947972,9313.16208964436
