595,668.651921627032,670.4203081494428,13.162303986881428,672.5202003344634
184,737.7713842943677,740.267026151577,8.842303114960346,743.238749445279
650,821.1919968970809,823.162121077992,11.452535281979632,825.432712863466
579,952.4481044349324,954.5406209089504,13.032705818972948,956.5059908555606
571,1130.4116016582393,1132.4479490505742,13.105693003372373,1134.5477494617146
138,1264.281183641941,1266.5292138241832,10.810134364850263,1269.0746870839994
596,1294.6100428986451,1296.5386701140421,11.596737209114789,1298.793939868609
204,1384.2053389213102,1386.0471207628782,12.273455175880066,1388.2875389667693
175,1389.2768243755058,1391.282434031956,11.756313474522301,1393.562548488216
178,1479.7385620020896,1481.4411581306501,13.714517312322448,1483.454388673482
193,1534.4404710414103,1536.4867003358852,13.598435469835051,1538.8805010915535
150,1536.4674450927841,1538.4771958087783,11.40866414516667,1540.7634372104562
602,1624.0043603693887,1626.371316735222,10.005775596665146,1629.307299275917
222,1723.4837600735664,1725.5449143584153,13.01898085329373,1727.5842317194065
162,1805.462275035906,1807.5851579448267,12.171939672515732,1809.8003929348613
3464,1813.3927028883252,1815.3457713465484,14.127887740891497,1817.3582487952426
591,1848.7198524787375,1851.103766905031,10.063454686467576,1853.7745100208385
586,1894.1230319183799,1896.209095052787,12.522381997973811,1898.3723703789183
576,1920.8140669484712,1922.3782523334746,14.338243034958268,1924.2340113509958
4273,2164.475721813158,2166.514858731377,12.847217769575272,2168.720250236248
6081,2185.4415790106927,2187.3054024785856,13.22578509153603,2189.4460026148236
5659,2202.3578304578577,2204.375732979049,10.870136069948444,2206.7647746091247
6095,2208.3120514203774,2210.422213255072,13.7012183885426,2212.3930412760515
6070,2254.3115748775685,2256.5334691466696,11.095474647560094,2259.1002519491676
5699,2347.8439819027053,2350.1804802193446,9.126609899939124,2353.0
6089,2378.8865669474244,2381.047064230562,10.542698872338672,2383.6255137962603
6932,2413.1535300288842,2415.175058105603,10.825712009883564,2417.657059995861
6143,2471.2149100852084,2473.099350385002,11.719449510845736,2475.4490958032575
6086,2524.3105702454386,2526.37636517068,12.658549694588894,2528.614019450708
5671,2617.052509867253,2619.3938683471965,12.305586545586106,2621.463097377706
6093,2618.9095148549404,2621.0593650285646,12.470463359949257,2623.2498731809324
9346,2794.087141418856,2796.300008172548,11.410544508952107,2798.7848399460577
9772,2884.1080666888292,2886.1459156503165,13.667672920526853,2888.1744259966654
9349,2891.6944637235492,2894.0057679503952,13.529633585127835,2896.0523365634967
6084,2904.5238772179205,2907.0713951085545,9.060326574633482,2909.9632903800707
6088,2917.2693058939535,2919.157499479292,12.42947071368979,2921.419909433126
5674,2974.0625759606123,2976.087540335907,12.774130161564045,2978.2552784057184
8910,2980.14231443502,2982.527264500211,12.151604788529955,2984.6519638719956
6131,3090.9071108136795,3092.563858493416,14.186810385247162,3094.5595269670575
8955,3159.1271027553307,3161.308883573141,12.568931955500885,3163.570784812828
5690,3183.243797193357,3185.061221406503,12.62948715585791,3187.193072446631
9364,3244.1862376266504,3246.4111700739827,10.456811417316684,3248.9201100420646
5688,3362.3772367011097,3364.095891777379,12.973895452303239,3366.151720250827
5657,3378.3243111326688,3380.569319121114,11.92628501686549,3382.5991523304046
5678,3385.1679984196467,3387.085807421712,12.646494049418953,3389.330900207188
8934,3514.238125893363,3516.4305017820266,12.201154145564171,3518.6059066955895
5696,3604.4155118946187,3606.5758797208077,12.473667082889982,3608.750299711127
5672,3606.4707298602043,3608.5098994899954,11.1563335740979,3610.816255986199
5654,3693.8857956362244,3696.018390091263,13.355962288780441,3698.0523819147347
6119,3783.890804222804,3786.2744204483624,9.108700016820714,3789.1049187329213
6148,3786.0421874201293,3788.4093476276266,10.77929122933322,3791.0797898119094
5752,3791.971288829985,3794.0593075045217,12.578789881722162,3796.2218945014492
5645,3813.276593889982,3815.069840521115,13.616125725994033,3817.0689878093253
5653,3819.3659601943905,3821.3319026095974,11.954967239514026,3823.6196537271167
5712,3906.2929362860687,3908.1776529758413,12.437271167280631,3910.3109928860476
11579,4007.2291655755066,4009.0648726900945,12.92601770463459,4011.2263836244583
12326,4121.0,4123.550170199931,12.896703064542148,4125.560984453811
11574,4174.530404048192,4176.376054015089,11.973887031314607,4178.636637394122
11571,4324.293816178604,4326.377234827854,11.867556358369887,4328.603406456735
11599,4553.987257034064,4556.461084802763,10.249522604336017,4558.962158411215
11588,4641.152679309566,4643.148803732353,14.33119657432417,4645.042284065811
11134,4774.064408993729,4776.196387644087,11.819577395925716,4778.56935846934
11622,4864.1592908108,4866.335806768922,11.319167010961504,4868.772030505617
11631,4878.637580595683,4880.601994415112,13.800318303666732,4882.6459329637755
14467,4880.555662781954,4882.4634832917955,12.89692254373114,4884.530454331817
11647,4883.853659373295,4886.089341427897,11.033922179149366,4888.578646370206
11700,4954.899569784804,4957.361256672982,11.10063582875598,4959.597293299801
11225,5044.099094247924,5046.47039297991,10.8001976987942,5049.130732840691
11238,5062.9113255304,5065.179580250129,9.999361050459944,5068.121456126879
11605,5075.677177118337,5078.034417618061,12.366097148733814,5080.102672669912
11612,5140.193515556945,5142.280148700821,11.407772014748113,5144.78664634968
11670,5142.016462598514,5144.115800903627,10.131385464464117,5146.721691468185
11217,5165.575744836624,5167.537631627361,12.250537056356288,5169.815149610955
14455,5188.474262437776,5190.26633120881,12.957088155067495,5192.3060729628405
11147,5251.615788255059,5253.259032305472,14.290007668187677,5255.255944133708
11159,5315.2819714360785,5317.481497923314,12.89442958990167,5320.0
14402,5493.882779176535,5496.073478696399,10.48484411604533,5498.71015624126
16735,5886.985749215748,5889.093701409387,11.03491409893842,5891.561008762276
11635,6034.156377079091,6036.194284937,11.821654896664754,6038.457805286246
11196,6124.159133370058,6126.179166526568,13.757124452959088,6128.0
11589,6216.176174517411,6218.127236483104,14.051820951581048,6220.130556771045
16749,6218.394436280875,6220.157794165039,14.243315965776635,6222.033021256776
11608,6220.0743141569465,6222.003646158281,12.234783071290567,6224.199119618368
16739,6308.419197917646,6311.027406891408,9.106527125904849,6314.196655814754
11629,6310.4194426097265,6313.033815425424,8.792337901628851,6316.163388729653
11263,6330.6907296875115,6332.347448077608,13.752382024696113,6334.280479126189
17078,6333.685566077904,6335.52381250294,12.920268111623946,6337.6655460826605
11175,6440.567235390313,6443.237015600269,8.758019982035197,6446.36166852387
11144,6531.035939534276,6533.403483120404,10.984979520240433,6535.738569942298
11191,6535.015616370292,6537.147580169998,10.14667791204591,6539.7331476676245
17103,6578.853280616403,6581.134104216505,11.066478626242857,6583.5817396008815
17176,6580.789526463808,6583.0180217956695,11.500683026797404,6585.518608096526
16666,6844.042064465202,6846.037317328761,12.087066820239471,6848.0
11298,6987.514207296182,6989.355367837169,12.539613025923295,6991.437020059441
19967,7067.1225622352185,7069.311660550461,12.995064184342827,7071.308891897833
17131,7114.372968998068,7116.535110477563,11.198009163076968,7118.878364573532
16723,7294.225098792088,7296.402850141009,13.246847174157427,7298.289645043632
17155,7384.199651730689,7386.218721220995,12.54729208578302,7388.341095108425
16649,7386.503644678173,7388.372817224985,14.096423775605212,7390.2811935628115
17178,7430.360159225013,7432.409982874601,12.133200839072549,7434.724977539836
17175,7434.418513215418,7436.504920775273,10.72061255447063,7439.013256566085
17160,7436.309488820035,7438.39055054145,11.645437909431807,7440.856237709677
17098,7654.136806421899,7656.255403512986,13.369627156312713,7658.612101026182
16643,8013.667232565657,8015.626805578546,13.446844345486525,8017.493190580258
17140,8321.35240952266,8323.144810719221,12.298691219073708,8325.290178841044
17127,8486.189334828992,8487.587776685908,16.704337209674655,8489.188571417684
17164,8499.338792232937,8501.437175811794,11.601640115621702,8503.80583876462
17172,8502.205416858857,8504.088968227083,12.20652372069463,8506.27491731026
16670,8617.031548128874,8618.582993097516,14.829112378703341,8620.393006165741
16657,8644.265973238935,8646.38228463875,13.321273077437592,8648.395245272615
17088,8768.661377858563,8770.304061865296,14.012284856150838,8772.181225870612
17093,9303.31699554959,9305.099508910076,13.550373461671018,9307.112865824472
