1122,116.17610104913621,125.33837850341322,15.421200939343992,133.0305446256596
1188,120.82780147731022,130.20126529397947,14.345994128455754,137.94201329311645
1166,194.55795755174358,205.22918989857064,12.772262385084394,214.06384582812476
1193,274.11716619234556,285.00842001470164,12.788613480669163,293.20508945859916
1148,310.5930803020568,323.28372873148896,10.961450881896841,333.2230741669566
1894,365.53729534679826,376.588167248398,12.770962376631768,385.8242776112099
1133,393.61177512796047,404.0115342040907,12.41495157394457,412.75653701406526
1907,408.0759250862739,421.0277970716296,10.537191245986396,431.11022735540433
1813,414.8775425302761,425.36307087327407,12.785295471236749,434.14544884168134
1195,483.3445749754177,495.42011785060305,11.36562754064801,505.040713872624
1191,485.78215848052804,497.28047417689135,11.903413435736054,507.64440621448995
1178,489.8801748622188,501.3976001604242,12.495312846463113,512.8402766077911
1208,555.9777546500911,568.1999773878495,11.227381961653942,577.9961693518004
1162,566.2450335151077,575.3512274504367,15.373063586967286,583.0293457988598
1168,633.4864204893449,644.3088674397405,13.34404089587104,652.6598730609722
1171,661.0998460255709,671.0991864274234,13.487414014074131,679.2016061115364
1125,735.530185252026,748.002521040166,11.111779170021572,758.0106966142837
1215,827.5118413033248,841.348397921079,9.676794373834326,852.1036062311006
1160,847.2916987734942,859.4839659570857,11.413938120320562,870.2390746187438
1139,867.7456272253777,879.20753098589,11.6396899112096,888.1123070743192
1201,930.8411940430927,942.388730016561,11.56339217795576,951.829701811117
1123,932.6239769294008,944.2027134867543,12.362594088098453,954.3409603504886
1213,1022.3263316731181,1034.2917484215122,11.7076473720215,1043.985013630386
1159,1083.936884255619,1095.4235539404283,12.04576754949142,1104.1478859849833
1192,1116.0853819846589,1128.032332464904,11.374851279568267,1137.9797598352936
1835,1228.522603801869,1240.318222534441,11.634355932602178,1249.885967096832
1151,1266.0455247165387,1277.4088894180006,12.875944770437545,1287.8027231490614
1221,1268.3326527289757,1280.0439184591944,11.909271974335702,1290.2093513778302
1839,1274.0787606836327,1285.4190294355692,12.035575239395753,1298.5293325272319
1821,1276.0634589610152,1287.2289433832373,12.324743780845617,1301.2291071979434
1204,1289.1262868323151,1299.3487987227206,13.936246560425838,1307.9513187923403
1144,1353.9485433523075,1367.248318010728,9.699464751211194,1377.9051296398902
1157,1356.0485592238826,1369.153136978001,9.45793698075938,1380.268386035153
1181,1357.9705841432976,1371.2290397706504,9.477952272889771,1382.9416425067814
1211,1359.900463706996,1373.1806140629576,11.905313738832392,1385.6292735148163
1121,1381.0943702978088,1391.4606406249277,12.837957084739617,1400.0141909796962
1153,1382.808094358621,1393.1855508315064,13.767761129108235,1402.1786655182834
1219,1446.4818027050176,1460.4972961487135,10.925237248089669,1471.85739086166
1161,1448.4002899416862,1462.331682703393,8.850164276023197,1474.319764862225
1175,1450.609002217207,1464.3750047141848,9.585903837279163,1477.0177658574928
1120,1454.8723462502685,1466.4225823657002,9.604013591836367,1479.2734844360875
1176,1456.5728251394157,1468.3218495886404,9.770782782476443,1481.7857344390989
1130,1459.086142806049,1470.458079638617,10.016991830943885,1484.2435167997157
1183,1464.5182744910574,1477.433709646115,10.099973669085616,1489.3171787799163
1134,1566.5159680232737,1578.2741801422826,12.217903605098451,1587.2369809860209
1141,1737.7785452487267,1747.4417011859564,13.72015626360337,1755.2574416946043
1155,1837.645290149693,1851.0764862927442,10.633220367027297,1861.1792577240817
6692,1921.0146883258174,1932.315391301408,11.66862482990303,1941.2509379704748
6668,1930.5240189606511,1941.1887755092794,13.197806449556799,1950.0180785661848
6643,1983.7457193679468,1993.3543773923511,14.752565684341201,2000.9899611319538
6618,1996.4757316150453,2009.2169459958525,10.307061547015184,2019.1024713121612
6673,2019.2391802571483,2031.4766322117437,11.07217384454636,2041.74478964616
6705,2073.7971387911825,2086.4778541646274,10.829605171072865,2096.143424427899
6654,2075.840920271431,2088.3305887429237,11.972239169152456,2098.7618324497853
6637,2077.7355657793273,2090.1779636532005,10.842951181721762,2101.249264393554
6623,2079.6756235157245,2092.1248177803855,11.447484620720964,2103.8962226263648
6694,2084.9367007585297,2096.3736828351934,11.889878049593522,2106.7168106681065
6700,2189.393577257238,2200.124362039248,12.682078401551806,2209.124300482882
1434,2300.3365253050492,2313.396005407984,10.57519005501116,2323.2755116229546
1417,2302.256346394212,2315.221968146897,10.045567420559282,2326.0027474743283
6624,2379.8286729621855,2394.2339245925755,9.335102911325615,2405.2030064139553
6710,2438.1673781582035,2451.451199807894,10.30144329690201,2462.234227687036
6657,2551.99967806749,2562.495183923251,13.051215842427231,2571.220076982221
6688,2553.777146732517,2564.282406666571,12.624609229868586,2573.913818659716
6636,2556.307779962044,2567.072883204296,12.708526659170285,2576.7152201344793
6697,2642.336427655256,2653.082100257772,12.30125724147601,2661.891628876011
6621,2738.6065340512414,2752.2772801976903,9.488106084891385,2763.0672710964172
6619,2740.55763745863,2754.291402313117,9.246203993717357,2765.2010381783066
6706,2793.5625732323574,2805.2306223322685,12.033582105380201,2814.561948110388
6685,2795.5138990402907,2807.035541787587,13.224272625327467,2817.693641996488
6622,2884.0195410409838,2894.6303463145923,13.90737729630805,2903.339253103531
6647,2887.8568522488786,2899.434517074472,11.896472875777686,2913.0788459927076
20,2893.750183027103,2906.5014086634505,10.494095816181476,2921.8315205347826
5550,2895.7936244080374,2908.412520605134,10.578445516805518,2936.252081972184
7319,3026.802568936837,3036.056315701679,14.358518236045937,3044.0254214336583
6707,3063.7762077111574,3076.311155263427,10.79830893283608,3086.1123801571553
6652,3068.044847265776,3080.4868491620373,10.316583981358502,3091.270661219436
6879,3069.8608794888914,3082.429213284409,10.295381757239458,3093.9429204092394
6686,3091.71289330203,3102.3554037188464,12.846674266340218,3111.071828804884
6716,3093.4840046147488,3104.107414013764,13.78085878793909,3113.1774253418525
7362,3116.3645360128144,3127.461524574954,12.131334977739847,3137.7762872819903
6873,3118.179048431811,3129.2850348703073,11.817401148320911,3151.5271861291963
6684,3153.785808402952,3164.521068635561,14.108894803106091,3173.0109508684127
6871,3156.016374753012,3166.4184654511982,13.674503108746563,3175.6839612434223
5517,3159.7935516509283,3170.4290852203467,12.913749179113111,3180.243576653265
6920,3162.1780213969796,3172.222974809268,13.06623246738685,3182.7838522522
6905,3163.917708605335,3175.4623890588764,12.105253498874367,3187.3790509973537
7389,3165.7485018701864,3177.2830927618493,12.200307112067552,3190.121682984843
6691,3185.715286646689,3196.2195363478636,13.546511789245892,3204.747969954035
6870,3258.2134144905285,3269.2250532969283,12.531286565388283,3278.2340552237893
6667,3276.0307958624244,3285.247163105934,14.458373233364602,3293.007593154044
6714,3365.6762601338987,3377.144937073547,12.068036370082817,3386.289982179
6690,3368.9794031065303,3381.162705139303,11.152924291032544,3390.922910092533
7754,3423.6542020606967,3434.487057773266,12.825256222554932,3443.296306550284
6663,3434.8052255710545,3446.455256853648,12.27187992666374,3455.6706068080866
6658,3448.8690450716176,3459.014089617709,12.985723441283714,3467.263791126718
6631,3513.3801090333513,3526.194391630831,11.003327433889265,3536.152170985459
6669,3539.6636950371394,3549.2344110046765,14.047890372659346,3557.22142600816
6683,3547.0951087767075,3559.3100621465424,10.690623584992647,3569.0130015250556
6693,3549.1340772911626,3561.308405613314,10.885707074923673,3571.1888970836244
12216,3813.8977743866835,3825.5253579205305,12.06804660076944,3834.8866673738253
12132,3815.685719725586,3827.2616745907085,10.851257616830063,3837.195976198077
12145,3817.4936444852997,3829.0871209641587,11.14272974923112,3839.8628202672107
12162,3873.936352105805,3886.181905190285,11.894152535460618,3895.715513441392
12193,3964.034948681184,3976.066301615963,12.2151797404412,3985.733017444222
12159,3980.581408445574,3991.097262217638,13.127498371869606,3999.812053073662
12157,3993.0481006726022,4003.502882752202,13.564244386715687,4012.1595135898424
12119,4083.4997001566217,4095.5494933764003,11.255172234974973,4105.700088860864
12174,4086.84385545885,4097.4903194865565,11.760982562229994,4108.137522854468
12210,4088.6429456475557,4099.231329592462,13.432870140068772,4111.031115952732
12181,4090.3745688522945,4101.207333861894,11.707671813673887,4113.238232446352
12143,4143.6611912431445,4155.0686392330335,11.85260810539274,4164.050953278307
12167,4153.637456424089,4163.0132217687315,14.085158176327038,4171.029568309976
12870,4325.867824417331,4338.154986571028,10.741617011141365,4347.9565382010405
12164,4354.447674475363,4367.1563120698065,10.60084122325752,4377.07135446358
12189,4368.052111175674,4379.561551841693,12.634311946708724,4388.184100453463
12170,4418.342008099362,4429.479004843307,12.6158662557086,4440.201792294759
12139,4438.377663445798,4448.417205449556,13.051317797742879,4456.726494776875
12177,4450.579573133676,4461.434353547465,12.505530281460832,4471.727372303366
12166,4505.552028071212,4516.512564026766,12.763579681776697,4525.267947797446
11438,4507.617814646804,4518.238811025659,13.33188927661016,4527.742117052654
12154,4618.495257869607,4628.5785527340195,13.157286135386725,4636.943163658965
12178,4692.491540686983,4701.255207616252,15.296046050054573,4708.891135153538
12149,4711.062769249152,4720.03901222743,15.496103547517455,4727.797764900902
12165,4775.949674394931,4787.187976238251,12.32148946112213,4796.136938841632
12150,4777.896003170358,4791.31290944362,10.581642171315657,4801.64629126377
12171,4798.066516644659,4808.254624684167,13.98444871347244,4816.229726340971
12763,4863.704183274815,4874.265101087003,14.390641378982114,4882.152185248678
12786,4865.915947637179,4877.0361277016245,12.10642301961883,4886.080098154771
12735,4868.047395697302,4879.172288259375,12.875962816572539,4888.921695905802
12123,4889.2687623519105,4900.018407179351,12.270043158466683,4908.204509177296
12213,4983.57373617761,4994.140021255886,13.027866383422792,5002.717666852809
12117,5043.5535068431755,5056.483048142373,9.848810042398718,5066.719572552901
12116,5055.673110995827,5067.008401429271,12.241743245162672,5076.046437729409
12144,5062.032385001553,5072.235540020519,13.351517729973907,5080.6555629325485
12183,5134.114214670645,5145.254280927644,12.196660686301348,5154.024175654866
13357,5138.374954692962,5149.540465126776,11.828490503577811,5159.304867065226
12739,5142.43332067214,5154.420498640111,11.1846829424662,5164.789011131912
12782,5144.1400823373815,5156.350491695164,10.356041139653973,5174.672573535053
12690,5145.9812331260555,5158.19949398625,11.091746563675196,5182.818012108252
12155,5160.298112519134,5170.311639722721,13.263425804089701,5188.54704855646
12871,5186.073408392374,5197.563482527279,12.458209314860207,5209.651701647035
12820,5187.9782250258495,5199.473452756357,12.191922295400476,5221.546944082336
12851,5192.317644706513,5204.073984557175,12.192243369382044,5224.822416738928
12124,5223.640177038085,5237.149253822031,10.35871878924849,5247.714829780203
12125,5225.847901374619,5239.342257911857,10.435054923904639,5250.802438750557
12775,5228.297084661473,5241.310057884983,10.578544355237185,5253.389983876931
12866,5230.307556126392,5243.388231183675,10.00599175435688,5256.007837148292
12743,5232.4410110137005,5245.3175178664105,10.55728667087395,5258.795079390238
12760,5234.683926779516,5247.284260317584,9.348314953524866,5261.149630912846
13470,5236.60816385091,5249.267098379321,11.436191365530412,5263.800816789085
12614,5238.593872766451,5251.271374404062,10.590840100357813,5267.866021455718
12777,5240.508669756301,5253.179263897942,10.213313169059731,5273.658501791623
12804,5242.371796766165,5255.159843027602,9.33115739033755,5276.060085280644
12766,5244.353839128594,5257.181760107827,9.721791534711873,5278.768190145454
12122,5258.486726334734,5268.506378864692,13.450503566054765,5286.684589638039
12891,5268.469206640999,5279.458445072469,13.606504505234648,5289.209716856808
12754,5317.568030820207,5329.283919514925,11.562043110379976,5339.1711795370875
12835,5319.7760218384665,5331.098522931571,10.81705534867366,5341.714547352937
11520,5330.379270370629,5344.017062025143,10.814596486712391,5354.740972198448
12205,5349.842853025632,5361.556728445177,11.714293935790543,5377.707983068856
12840,5407.487148346146,5418.54297776736,12.128779190320058,5428.912079127942
11728,5409.896982168332,5420.531672461002,11.844694837400608,5431.275987300481
12140,5423.688377679682,5433.418975667351,13.8225700658732,5441.684873972623
12134,5428.091005268511,5438.182514248809,13.907701512065634,5446.836940897411
12207,5430.832240558934,5442.085981000464,12.357406512080905,5451.20390841286
12423,5459.268449354969,5468.339588934969,14.786993566666373,5476.10616111217
12900,5498.282439722842,5509.497252842199,11.388143704732856,5520.226037815516
12389,5525.0700414345465,5536.147063528385,11.791919520754576,5545.061134224884
12901,5526.861128348681,5538.0267156627915,13.026745928675496,5547.172573175321
12809,5530.367565844998,5541.529935922166,12.401548527594707,5552.745483058845
12202,5583.555030374532,5595.394752308058,12.30329462451996,5604.817455858705
12857,5585.761038280659,5598.235996896978,11.272964745676015,5607.9336536452565
12896,5588.100567811299,5600.074345520091,11.06311145750726,5610.1036002795
12360,5594.688990994083,5606.142093368789,12.171284198460192,5615.08247160495
17712,5613.894254719744,5625.520520927418,12.37591342618342,5635.169179734742
17660,5615.69139339421,5627.305844680067,10.711135292536616,5637.233428219886
12872,5617.520166363989,5629.167514274288,11.256236019614077,5639.649309840187
12200,5620.821663186039,5632.401459214827,11.590235857436568,5642.63674941137
17696,5673.832601058454,5684.426281866903,13.5477550718516,5692.7661575382235
17822,5732.042327086641,5744.389776043409,11.682316905567419,5761.607812967855
17715,5791.542675602232,5802.476906127456,12.177115824877863,5812.165078843662
17711,5798.340211363429,5808.225297405552,13.776582312792574,5816.546090465556
17928,5853.834142338497,5865.555460982293,11.489915440087458,5874.96335943106
17649,5858.111569407024,5869.461907575445,12.556919046507439,5880.189837012186
17678,5860.37386962382,5871.4317264565825,12.763698999535379,5882.845228210614
12403,5862.479042796104,5873.216938618804,12.261082824607435,5885.6033925223555
17622,5867.62647655364,5879.404178802156,11.293487564545519,5890.271190127521
17648,5888.729319805831,5900.511164927134,12.312069177091319,5914.04901023955
17713,5890.541333315523,5902.316044697377,10.253817777313664,5916.324388076927
11434,5945.934088611846,5957.005192966275,13.174168205191046,5965.6432422041
12206,5949.942291800414,5960.500642442075,13.1479532022761,5970.862802456203
11526,5951.888661540115,5962.232552596843,11.873736081093998,5973.219548076576
11005,5953.71466232256,5964.181269604273,13.33699332548614,5975.814949614485
11435,5957.936618293846,5970.249533006753,10.979408947089308,5986.078927408312
12187,5959.794145391159,5972.109329421069,10.06817341178908,5988.929487333139
12425,5961.762417234927,5974.036885925475,11.26461074866669,5991.230505625472
11483,6033.435083450345,6044.03345601558,14.471325926689275,6052.096438959302
17691,6046.337386410583,6059.434609137185,10.677580467663459,6069.226689428191
17621,6048.2335112230085,6061.348834585049,9.722541955260525,6071.865192552647
17663,6050.397777834483,6063.287771791686,10.560956557807671,6074.766063352254
17647,6058.876872869951,6069.22679881544,13.392998984250143,6078.065646532627
18330,6123.856153615292,6134.463102899256,12.90201542710075,6143.117664336149
18310,6127.717983259126,6140.255848528202,10.801853750953274,6150.11314842754
18401,6130.078273856105,6142.118233222308,10.708668370444467,6152.641406749664
17685,6237.255831134178,6247.291728502912,13.825612657815089,6255.237639586449
17683,6240.902039637088,6249.651208790452,15.886010304809762,6257.917601853011
17627,6247.61118095985,6258.46755048043,12.075788395614932,6267.241847743117
18314,6347.9996507145,6358.579959670216,14.491688872881895,6366.822698210152
18386,6350.395309038721,6361.408054541684,12.582657795618829,6370.104316500421
18790,6362.0575072153215,6374.523069213399,11.064316053484422,6391.538083188526
18405,6380.36759693847,6394.075178821052,10.157743389860482,6404.257972337706
18347,6382.929167963081,6396.062577102875,10.203095045133216,6406.8109814359295
17705,6393.554504542825,6406.420807067769,10.758399873230768,6416.572774297319
18793,6450.129956459422,6464.2707148852405,9.847733583066457,6481.412208087359
18404,6452.168033552833,6466.307650638127,9.774066521867477,6484.26987113436
18357,6454.140452925434,6468.225677334092,10.546885062135582,6487.070036736106
17901,6484.090357936352,6496.336685928782,10.757103161978785,6506.0336201753
17693,6486.221499426855,6498.164688274708,11.41278667952424,6508.311456919234
17714,6494.695657824644,6504.210710172782,14.047242806023897,6513.6640824684655
17628,6497.787530881554,6509.023982547471,11.583640908013715,6520.483764264591
17718,6515.023991177652,6526.2618484853065,11.622453822903925,6535.2413552908565
17679,6573.617036271955,6585.204845613668,12.470820439206245,6594.155819903331
11480,6631.698744147616,6642.074767893217,12.463908702762398,6650.94951057934
17914,6666.2689956217155,6677.268700434499,12.394196146606193,6686.73144536234
17884,6668.607375808598,6680.546669980194,11.179469459671871,6690.222597220044
17661,6680.763469302375,6691.109441418516,12.797067518505514,6699.715158039771
18036,6689.615242246503,6700.311473911259,13.408064474884076,6708.930945149193
17917,6691.428364766257,6702.101900423243,12.813460303992139,6711.229795825238
17720,6694.853001718332,6706.298081823926,12.026700578129825,6715.272591086992
17708,6696.6857929894695,6708.057286430426,12.170849115917974,6717.66654447777
17658,6707.84135173095,6719.41516495036,13.073459395727314,6728.223942840147
17620,6710.019196179271,6721.140142456045,12.753342224909648,6730.892696308216
11060,6755.950248989244,6769.436525697635,9.509662837834231,6779.9898949401
17241,6757.853247841008,6771.401055314472,9.547247527405979,6782.108687394719
17677,6775.655235135472,6784.429283453569,15.367116501781247,6792.048181361672
17651,6789.286447929372,6803.24995791977,9.50552810244811,6814.067823905219
17863,6798.288491616841,6808.370772670762,14.652039666479618,6816.7724808293615
11263,6843.41430996228,6853.597355148008,14.689127940650975,6861.2402975174155
17868,6854.845055829181,6866.188746813238,12.419916960444276,6876.053510564256
17001,6869.947474333129,6880.3194657716085,13.072201473975694,6889.025665770874
17624,6871.7021788289,6882.282096697515,12.876862162430573,6891.848108128803
17920,6878.368219208285,6889.357423125224,12.21237685659153,6899.20594914058
17618,6880.162761521681,6891.066857699197,11.57854479240756,6901.717473413512
18364,6888.002861916826,6898.11045354539,15.160108315266964,6905.854724430131
17012,6890.379355196499,6900.080671167389,15.553703149178752,6908.240402875745
17655,6902.810796260631,6912.324113757368,14.411145032849266,6920.310370102742
17654,6933.665495314659,6946.491708425152,10.8784257932004,6956.171925817664
17640,6935.562330149494,6948.316151364199,10.851287537423334,6958.7186184046095
17656,6937.8201102117755,6950.23181248713,10.712557472355867,6961.262440827503
17702,6945.0441895022095,6955.048876531332,14.273890139552833,6963.8966095773385
17650,6961.203801187821,6972.487282668518,11.767968808431503,6981.805118516462
17682,6963.284389505822,6974.261368923038,11.788976648690342,6984.105729393653
17669,6965.022490176064,6976.0685188452535,11.903183669746824,6986.311551178462
17668,7023.514402391661,7036.167311396059,11.451446085148994,7046.094482234801
17638,7025.732206656829,7038.015392083759,10.185107789771173,7048.286311722354
17665,7036.394090465543,7046.302721436912,13.677295820541927,7054.8508143095405
17674,7124.6268855580265,7135.297716340917,13.097923936513723,7144.017727570768
17635,7127.876767117155,7140.152457751961,11.189928052613734,7149.896260167168
17706,7131.375779036091,7143.121682921752,12.063615679938401,7152.94888672808
17719,7138.408486683813,7148.552952713711,13.481679513235838,7156.95893000751
17659,7534.211327849045,7543.441912374209,14.412059406731819,7551.188564267756
17893,7540.162886914199,7551.2785585186875,12.967444946023624,7560.944378137796
17236,7563.610612372642,7574.201669346662,13.855085359171841,7582.19221707871
18354,7569.854314771988,7580.47010422735,12.456736707256493,7589.246926363801
18648,7575.777254656314,7586.569716423548,13.25172424533539,7596.814010398668
18307,7577.54047031409,7588.312276826679,12.911377021868123,7599.709880822508
16941,7579.4226322095665,7590.319651770746,12.824089558330831,7605.430447022984
17634,7581.536022197205,7592.135218621735,12.70169104527216,7608.11545592176
11715,7589.896863330819,7602.424364773169,11.195211406953375,7618.837077233447
18168,7591.794773976475,7604.254405925452,10.557155677605278,7621.667777218733
18201,7595.307437683818,7606.343621872328,11.937341888355474,7624.127343625463
18338,7631.775148157237,7644.42895783309,11.037809580336088,7654.837868569143
18371,7635.801755074739,7648.25539339027,10.810300421865904,7658.031330808124
17716,7657.629558232871,7668.054554298234,13.419967983071547,7676.703215703306
18316,7661.543723693258,7673.467000017231,11.23628997525647,7683.755505324562
17644,7667.226379533823,7678.141449807324,13.065110186764876,7687.216254674231
17886,7674.441504893745,7684.518109357714,13.702602953179573,7693.05316242303
18396,7677.068406943271,7689.477213551489,10.4454976366027,7699.089463938545
18377,7678.880434717522,7691.344947323133,10.577226710613454,7701.275887148794
17909,7680.708210777539,7693.2507287361,10.764154455054577,7703.897556172562
17931,7682.7054974733155,7695.161466993032,10.734536922248441,7706.298292312418
18342,7684.563572025081,7697.1005817492105,12.130076718584148,7708.996830151211
18324,7697.969816870776,7710.5534324985665,11.771929141084545,7720.040676037179
11473,7751.2874934976235,7763.035488207393,11.61097567464463,7772.1622091303725
19030,7753.588369842391,7766.2332153729285,10.93927231798034,7776.036882830829
18164,7761.67820877551,7774.199183869738,11.66549571099525,7784.858995943157
18290,7763.64508331588,7776.503113061166,10.622353508329299,7787.260157948664
18976,7765.524292301595,7778.4671004025095,10.564341692223378,7789.228025449876
16979,7767.563672161566,7780.265664461574,10.067112896591766,7791.728560051311
16958,7778.893735679291,7791.363956444122,11.334151362406004,7801.030372104045
18374,7780.746523139875,7793.199908682407,10.99495306232166,7803.260163800763
17918,7833.598061900405,7844.12015889043,13.620190869034184,7852.186100759616
18039,7836.157825484369,7846.559791801247,13.887070496521382,7854.961494511359
18806,7838.310788864055,7851.168279647504,10.920860776641193,7861.038237129058
18337,7840.167898066557,7853.059547353916,10.387946236197036,7863.258552107655
17200,7842.112591745142,7855.000134305091,11.37640633931706,7865.793222896277
18938,7878.034128278899,7891.122011584515,10.537328899274886,7900.989765014537
18392,7881.926447980131,7893.06195502401,11.582493978040324,7903.224933300635
16971,7890.517101375989,7902.298930222041,12.057805788552457,7921.178966575657
17215,7892.381936480848,7904.4464222538,11.28249952480302,7924.106746727985
17243,7894.220026575351,7906.271225986188,10.947066425613013,7926.9480032596175
16977,7968.070161662792,7980.167499787049,11.534295564324355,7989.146259768825
17619,7970.357451875131,7986.029313207885,8.55929722662246,7998.053047948549
16942,7972.44242645999,7988.130716951227,8.693507520333712,8000.249811492719
18234,8058.25455128852,8068.523323362415,14.092422355300577,8076.645568404809
18325,8060.473959965038,8070.605540639985,13.571447465062361,8079.830237911558
16956,8085.574619004252,8096.539066686934,12.397114929581463,8105.157032872225
16965,8092.783634433618,8104.178549059835,11.894187879464623,8113.255775132044
16990,8148.212554362507,8159.026034137579,14.360753214325596,8167.145971124841
