4217,196.06034492415304,196.5535504201215,14.124095987665628,197.21868122522199
5096,198.97627350131089,199.55408696431275,12.02282725007897,200.33579082104868
2921,200.0,201.27561970665448,11.23989430879321,202.17025666299452
168,212.66239013218467,213.19965744761893,12.69309898346992,213.94515682407246
5027,219.78870640093476,220.2922865947156,13.806389284808068,220.97767197551548
4934,230.0,231.36047942469824,8.692808290278123,232.36946888344016
4926,292.6798191765787,293.17428768011,13.918305028873112,293.8541619433777
4911,294.88282709763786,295.44616831293405,12.342682858404274,296.19758772200856
3422,302.0636576107376,302.5773011533657,13.562093530973812,303.2768736863519
5263,303.52412018511865,304.10431153780826,12.433140578602528,304.8653981930758
2968,313.0,314.24969839930327,8.641560421398003,315.2771000045586
2727,315.0,316.3645652254289,10.483746806301047,317.2373720151535
2677,317.0,318.3601328871891,11.119472326131783,319.0
3452,408.6990090921193,409.4183965749588,10.369677896648614,410.2853349523483
4296,433.595085894649,434.1511069546368,13.725363756036112,434.84053840036285
4890,486.51447540171864,487.1895436665696,9.862470333197244,488.1404207673039
4898,490.0,491.48566194027933,10.295278762334497,492.38775228016385
4365,495.9544085580184,496.4957341238863,12.894582578624782,497.22957729947143
4294,550.008705529147,550.4277652175442,16.623125439109693,550.9970142081808
5023,551.7814278955726,552.2510204945377,14.837395198160399,552.888780509086
4988,556.9586466851564,557.5298347725052,12.197312771243537,558.3155853396242
5253,558.7071748585686,559.3378148228242,10.143187729630432,560.2317410732587
4433,574.6253852765216,575.2241493310399,11.783508898872983,576.0
4929,589.5206152678204,590.0746999136982,13.24369923094016,590.7892055221714
3427,692.0390083887636,692.5823480794078,12.820859375178479,693.298977363438
4316,715.8652838605769,716.3956936891402,13.118331745546666,717.1228838338889
3938,729.5037738681266,730.0735845306957,12.016284692840175,730.8610739768369
4339,742.6037383901789,743.2326781339046,11.046755901561506,744.086678213336
4332,744.6343054075124,745.2098135557218,12.184680694529018,745.9864196576518
4939,746.5145021112678,747.1342208064565,11.554941687840023,747.9531515837012
4909,826.0,827.3927728668855,10.82916163909271,828.2354845253299
4269,828.8814827620896,829.4730618734156,11.53829764868584,830.2674081541846
4345,830.6889508395377,831.2591020802613,12.189549999227129,832.0357196390813
2961,852.0,853.4264667203819,8.838965255513667,854.4287057795931
3854,865.6117806774643,866.1626828480186,12.413720566016787,866.924960146522
3838,891.8851295972827,892.4028187894687,13.691628374174595,893.1020593379941
5238,899.8105830196934,900.291225031467,14.167730363022981,900.959129991187
4865,916.6729059187262,917.1688801482769,10.38623592448009,917.8384691119953
5054,925.8713434288646,926.4914851319913,11.275418101940343,927.3419356037833
4967,930.8291000135308,931.3145762975784,14.442298813387389,931.9697834429026
2675,937.0,938.255766402973,11.253660561097982,939.0869440556196
4335,988.7221467991243,989.2695006231905,12.220038090671814,990.0407790911446
4311,1004.8088648838336,1005.4780072791259,10.384929576419802,1006.3720839549184
4334,1008.9824216733227,1009.5357371634152,12.594636379195359,1010.3093913590351
2739,1011.0,1012.3241685547355,10.803568260569058,1013.1680621921819
2912,1013.0,1014.3428827541493,11.564691792082881,1015.1572062521511
3510,1038.0464984834277,1038.5757511363931,13.162110246727254,1039.2882117884815
3448,1061.0,1062.3343296892792,9.740631226784464,1063.2453458682462
4246,1080.8117205918338,1081.4281647378089,11.35011295695648,1082.2630150321902
4386,1084.7892048612612,1085.3471982426126,12.354572807802253,1086.1150552380002
4938,1088.5451230325227,1089.0853615908745,12.545335588796426,1089.8396417223594
2678,1099.0,1100.4690222376,9.834103748098752,1101.4274793050645
4965,1102.0,1103.1923147223213,10.748224384744844,1104.0682860124975
4420,1171.7192627456377,1172.250379740169,13.136291969745619,1172.970727415086
4355,1175.5275934282486,1176.15256523879,11.487592841520218,1176.9762971996963
4907,1189.6721266555292,1190.1986364432387,12.786708489347804,1190.938678134603
2922,1196.0,1197.2553730711747,11.830373845718107,1198.055851554258
3457,1225.6200220181704,1226.2487990997604,11.192965418403505,1227.0986861664783
3412,1244.6259645208052,1245.114707459133,13.699757944021586,1245.8054275007648
3850,1249.0700464229158,1249.5919076062494,13.348534033895138,1250.3409732007156
3451,1287.556431602709,1288.07294440693,13.589844157703695,1288.7692509478757
3439,1289.966942374963,1290.4886680875659,13.362008923672349,1291.1952808251465
3889,1305.9771600143174,1306.5468505326473,12.282310792514748,1307.2929069574816
199,1324.6908299371032,1325.388521502452,9.623230924158944,1326.3608351477637
4887,1347.839828701323,1348.4108588008387,12.246838344077648,1349.1831574219875
4323,1430.4644518157886,1431.0562666773574,11.704508976225377,1431.8647326622747
4330,1433.3849845527714,1434.0253257139893,10.875844672540207,1434.895391227276
4193,1538.5978433333646,1539.2054533327412,11.906120778225247,1540.000228406043
4958,1540.8094215231417,1541.3297379125083,13.528461951226124,1542.0304159791363
4340,1546.7812954445042,1547.3036529818594,13.823024898028862,1547.98821352105
4309,1548.56895130765,1549.1247394517409,12.46762371129993,1549.883721082608
2830,1549.0,1550.3332618172108,9.99152607483581,1551.2428107388303
2927,1552.0,1553.272327099903,10.104347887374248,1554.21535161305
2725,1557.0,1558.4465570045352,10.575377406933171,1559.2848537630373
2918,1560.0,1561.1849666446774,10.854375238903867,1562.0513136985405
3449,1565.683272591499,1566.2211933465787,12.60355320540603,1566.971989350152
3887,1575.3502562661622,1576.0944192118482,6.167721774445357,1577.5337602682478
3472,1578.4990142452868,1579.137502260188,10.173052457187394,1580.095987715016
4264,1587.676926440343,1588.2039815040866,12.686309904337055,1588.949879834554
4346,1592.7731419587592,1593.2410383734227,14.891401839717487,1593.8764854239619
4360,1609.8838462477593,1610.381428477582,13.906538073517105,1611.071936316202
4917,1612.8871432951648,1613.4913888238893,11.589155402707432,1614.2992345596354
4851,1614.8346214597066,1615.4594982396388,11.12337097620806,1616.2829344833356
4221,1620.5286536792387,1621.2348783230818,9.84422213083272,1622.1876478262989
2643,1640.0,1641.2131378249585,12.137490421522346,1641.9927633528735
2817,1643.0,1644.4439927678768,9.57410161355869,1645.3533385773242
3508,1653.505280677941,1654.091874546804,12.39541171800868,1654.8552777796058
186,1662.6821696727375,1663.2229643118746,11.738426924320635,1664.0348704661756
2909,1667.0,1668.2622796077453,8.70859965664784,1669.281058180207
2713,1670.0,1671.5044276525082,10.687063127695863,1672.38587884052
4375,1691.644169766275,1692.2053409845819,12.709581731261347,1692.9498735410048
5041,1697.9743890616094,1698.5348342836392,12.44775121299846,1699.293328698237
5010,1700.0661933579552,1700.554366591444,14.269692168326904,1701.2478586352772
5035,1703.0754034111042,1703.5586199705574,14.416065903426398,1704.2114105463568
4270,1736.8454224277882,1737.3910732867084,12.833713262229859,1738.1950204479103
4901,2150.663134580722,2151.236984541081,11.632585949157939,2152.063851186743
4951,2241.5749340092257,2242.177684052276,8.451494491136273,2243.6359362719377
2826,2299.991478886004,2302.1044241128457,5.8363374117237905,2303.5276923999027
9798,2313.5639165838634,2314.2828514524786,9.211984816093453,2315.403515768681
3934,2338.5988366814267,2339.2102836521326,8.585444884365872,2340.623920834785
10426,2405.288163461368,2407.100080332543,6.183346703455665,2408.5129520156684
8322,2413.1789285679206,2414.2735292775324,8.142919758757037,2415.3619325617206
10355,2415.551423071977,2416.391615345372,9.005371922686077,2417.3786307757596
10472,2544.8431164143994,2545.445454584128,11.46345686636459,2546.291543580431
2708,2550.8998289116234,2551.49200456505,11.815820056376001,2552.2863412269407
8464,2631.0,2632.396626722417,10.395010280238212,2633.2675394611915
8454,2641.0,2642.4281986931614,10.465546542363525,2643.3075191057615
3375,2729.5576994312255,2730.0645942276406,13.918068371762475,2730.7444800512108
10436,2732.0,2733.27197853622,10.186305543947523,2734.205721487867
9808,2773.0,2774.201827558001,13.10070938553766,2774.9241317553506
9703,2786.874842712488,2787.446075947534,12.053777024856137,2788.229958728809
9785,2809.9434380260036,2810.445426916498,13.888340495303028,2811.1262530842355
3845,2815.561178805194,2816.0669448919275,13.785079331517037,2816.7533897900576
3837,2818.83682743139,2819.40071642519,12.431782334443144,2820.166703704574
9778,2835.7785750740304,2836.316930343124,13.082559180704878,2837.0409374553174
10483,2839.1723871008753,2839.642830473541,14.807481987099386,2840.285522601326
9795,2840.959776978196,2841.421986787604,15.036651259895573,2842.053659887924
9791,2842.0,2843.4066924899284,10.02210286843759,2844.3087140422713
9821,2845.722703988596,2846.257331554794,13.402438579793904,2846.9633745126557
10360,2849.5443158081753,2850.075374039196,13.61822792726192,2850.770229304359
9675,2882.1322762817763,2882.599960174774,14.89485071222595,2883.3313815836673
9352,2885.7236896632376,2886.3493184364215,10.933069180191444,2887.3389676871902
5669,3303.711818128923,3304.276542248975,12.23820508464099,3305.0786840156943
10376,3348.0,3349.1932499389663,12.85795365537512,3349.929191102783
10443,3351.0,3352.3972802507215,10.898999646152678,3353.2307732507825
10366,3354.0,3355.2902216132393,9.96093418585337,3356.202574803088
5644,3362.7375416170694,3363.3008309589773,11.995220979772407,3364.0920118173617
10446,3368.8112976527673,3369.4272787360424,11.026968958975903,3370.2660290762874
10351,3370.6524678839855,3371.2784646114587,12.08601704882375,3372.0610741147884
9826,3381.794012085736,3382.321526251476,13.241883311456162,3383.0357652379876
9734,3383.6619534066426,3384.2314858286436,12.170605743177177,3385.008416523005
9838,3390.5690805097747,3391.1137926178612,11.603395525783599,3391.9293036772237
8268,3436.681999376614,3437.2950415961454,12.65079654351558,3438.0386813407313
8202,3441.0,3442.2770813067796,11.303956662521651,3443.0
8435,3444.0,3445.214576004287,10.529231218541165,3446.1115372131094
10419,3454.3735533228482,3455.056468852193,10.590778188688018,3455.9499534676625
10543,3464.037916233231,3464.5828982222715,12.78222382902278,3465.4454079565744
10489,3480.6927631237095,3481.2345947952394,12.96213499127477,3481.9646209355174
9438,3494.6527761955645,3495.1331557934377,13.997452810136808,3495.809185747301
8301,3533.3275112086703,3534.07445696392,11.186466497248961,3534.9203628073574
9769,3569.974057643848,3570.5288139903064,12.567433071256659,3571.2733590334087
10362,3574.0,3575.4930127694993,12.776553942818943,3576.229423291227
8420,3624.0,3625.260941506014,12.026215764982474,3626.0
10445,3633.9054814959545,3634.4630966578243,12.430327940440657,3635.2138114053573
8173,3920.0,3921.275490448416,10.6043512948472,3922.139115579453
13948,3923.0,3924.230292772728,11.224745093362188,3925.065708995459
9667,3948.6029773351015,3949.1203941214476,13.669233653950952,3949.812656585972
9831,3981.401464468711,3982.0256690224905,11.24527740569229,3982.867150920719
10375,4013.630773203837,4014.128238226275,14.685136709390218,4014.772610666566
15370,4069.674577086398,4070.163584708679,14.583224360973672,4070.812460234641
8909,4082.4912022434455,4083.1004774620465,11.917564436311707,4083.894490150462
9381,4087.4754541394896,4088.3705941628345,9.289301822821287,4089.3794283329817
15916,4091.5168500867862,4092.2789868203026,7.907535927730578,4093.505140960933
9762,4237.815928530097,4239.063457849808,5.987043701317118,4241.235492536262
14430,4253.809992170196,4255.0030994676645,7.928509684642674,4256.0
14405,4256.278608607773,4257.111698365189,9.496318055979419,4258.093435198326
9342,4263.262196276336,4264.076810165066,8.015087091867668,4265.202512011503
15332,4265.315739162191,4266.177708173085,9.26708583226687,4267.1629167202445
9307,4283.790220927851,4284.478027677777,10.839019107605584,4285.314644170632
10475,4285.948594258629,4286.542611692786,11.888665584961846,4287.3196433879175
10454,4517.8193002555245,4518.484585976641,10.595659414252191,4519.342858811763
16009,4570.838003716377,4571.488949410382,10.925077838353735,4572.385605406136
14449,4588.047722685456,4588.585606040124,12.950915298386354,4589.471034428743
15268,4804.9894098986215,4805.487569133792,13.986635834381213,4806.164173546346
15940,4880.0,4881.305667595332,11.187657646734012,4882.0
13949,4887.0,4888.450801284654,9.950878659926406,4889.321247985179
11221,4904.721160536023,4905.375569526044,10.208565438151558,4906.284388728205
15185,4906.585303946406,4907.222828310793,11.605001594024978,4908.03830995441
15878,4972.0,4973.269435839319,10.611118231129602,4974.172742675377
13965,4975.0,4976.266691746726,10.3962264384389,4977.147006904284
13834,4979.0,4980.2414446779085,11.224831467918913,4981.075372045885
13918,4999.0,5000.466185146379,9.654173155176906,5001.365136057861
15186,5063.65669210528,5064.195910112412,13.137139034124973,5064.916211340317
15352,5126.792772085152,5127.35040312346,12.666503558520139,5128.115143576061
15227,5133.562185210001,5134.23081503241,9.663144598312522,5135.192672861911
15263,5136.609764454947,5137.2341652228115,11.077513643333406,5138.087368359238
15405,5138.736342983172,5139.343502354815,10.628865577152665,5140.219736952644
15273,5169.137709560148,5170.051219371082,9.514296532147027,5171.043829638612
13928,5171.451209620777,5172.184326278346,10.822292355923729,5173.057318914115
11146,5180.570313010805,5181.27662429951,9.214256402162055,5182.287696159446
13663,5203.1750541810925,5204.126071883278,8.5386321430547,5205.19587866883
15317,5212.0384100316005,5212.582391747395,12.805727774356628,5213.296955511957
15366,5251.74774301192,5252.389467216383,11.01920665904813,5253.236593916002
15318,5258.56767294354,5259.149287593109,11.642351140215489,5259.962069930926
15216,5301.5753303348065,5302.17864080985,11.327614921554936,5303.01403791473
15278,5304.689485975216,5305.314173829168,10.988603244136966,5306.164345880789
14409,5319.915284146632,5320.5293377743355,11.410149021637029,5321.383689252815
15884,5397.546881215964,5398.10157006653,12.195897704622226,5398.87746189562
15348,5407.842288113743,5408.401276884384,12.527713294031964,5409.0
14937,5417.0,5418.3610463426485,11.302275857452704,5419.0
14900,5420.0,5421.221000590237,10.727519002524332,5422.0
16042,5437.0836654223,5438.02838699856,9.805073787677046,5438.993468708534
13672,5439.0,5440.286713502664,10.755748794143559,5441.142544504166
14493,5450.702661738847,5451.28090108744,12.20272786553881,5452.089283829192
13822,5454.0,5455.47595638237,10.503046655598052,5456.323104559821
13666,5457.0,5458.4942860593455,10.092047283430333,5459.35219919194
16286,5465.0,5466.310714002341,11.19368214479865,5467.0
15890,5473.0,5474.469178337305,10.234120959507312,5475.379144391042
15292,5482.545875768665,5483.001107759439,15.253902635797699,5483.621453752419
15854,5587.7097092359645,5588.275260721326,12.165079259857439,5589.054027183584
19460,5596.0,5597.252470425729,10.583271382604568,5598.117953064249
13745,5979.340942806603,5980.152523277091,9.699830102494184,5981.102342030343
14400,6003.904939047725,6004.403711543558,13.956877756620678,6005.086259749244
14933,6054.538881981959,6055.17408911426,11.33297820543679,6056.010037185672
14393,6057.529138018482,6058.211446104478,10.935191125192759,6059.08101199794
16007,6060.40095789447,6061.281934212229,9.437596012972469,6062.280437197058
14496,6132.430563358729,6133.009861754184,12.96795751033199,6133.739560118009
11218,6143.602609949638,6144.136925564242,13.897989030854376,6144.817793663679
20680,6157.008295168911,6157.47969104504,14.777561958976756,6158.125260201597
19191,6158.0246061268,6159.026933777079,8.406097530504539,6160.126278669915
13968,6171.03639750381,6171.636073362767,6.343101427869936,6172.479568742635
16219,6185.912464265454,6186.527352870777,11.265198014516137,6187.358193652189
16123,6208.763182951827,6209.4848390580755,9.776150762236753,6210.494182875805
20001,6215.648666157858,6216.178723214789,12.756497566131976,6216.92051753007
14872,6223.903342047524,6224.37951102906,14.854433171672877,6225.01752540792
15939,6225.8585520268025,6226.424981208125,12.274984889949247,6227.193926548405
14834,6228.424385795541,6229.069846543285,10.34956874748098,6229.984154917704
15215,6230.346889178679,6231.001693812945,10.91059494465636,6231.868988165402
15281,6237.758758869444,6238.294964445149,11.67205999886785,6239.171984071532
20000,6269.511264416799,6270.1131164141225,11.163379420055847,6270.960771682423
19930,6271.480275950745,6272.085523180945,11.72018587478374,6272.892907763283
21407,6296.707787850469,6297.269134945162,10.959370664820911,6298.202644314518
19977,6318.432824920635,6319.087366845348,7.221803316272674,6320.745931972076
16663,6546.360610062869,6548.017077710904,6.292830828594197,6549.512614946383
20715,6554.1008004425885,6555.1517900380395,7.343272480111682,6556.587530255466
20845,6559.0786488562035,6560.238749252285,7.2878531511009825,6561.769142954894
20793,6571.726982774453,6573.121860799074,6.875939587772443,6574.531807403737
20789,6659.909819447357,6660.476547685241,12.665062471780196,6661.218199981083
20817,6975.0,6976.268797281988,8.742519359004104,6977.290412451505
19903,7044.733096255755,7045.315970744382,11.56351638874102,7046.132898926239
19400,7229.0,7230.475351628324,10.048785522728013,7231.0
21373,7239.629990047321,7240.1817633422215,12.073574306095333,7240.965516118121
20780,7256.965557546725,7257.52711722329,12.396889485398596,7258.320547474836
13723,7309.0,7310.433747290147,11.057395794896166,7311.300198615219
21610,7319.0,7320.403281776865,11.504538867901502,7321.199186001288
19954,7333.264468583237,7334.0645730762135,10.094031775032796,7335.002446264466
20774,7339.572737721681,7340.390721149128,8.397668330432166,7341.596733407048
20834,7343.568286423346,7344.269707334893,8.200770746181155,7345.938651673264
21396,7399.900248790565,7400.503775782435,11.892737603297839,7401.310116749857
13643,7402.0,7403.24871258283,11.09609209014226,7404.094482159816
20733,7415.743770318782,7416.476153810718,9.593735297036837,7417.426757647072
20390,7424.26617944694,7425.143571241848,9.563180223191551,7426.185414194115
20776,7554.359148309603,7555.160458682812,7.289586667337923,7557.078428910141
16672,7577.9060946142445,7578.471893572813,12.342838747772719,7579.242901640735
19919,7580.696313880512,7581.266492427643,11.805954795059606,7582.06620246455
19235,8385.0,8386.182715282303,12.190830048465227,8386.958929645052
18713,8413.0,8414.282504761424,14.2271196604541,8414.947621637033
20805,8430.0,8431.211705068312,12.253041064987512,8431.983978443324
18714,8443.0,8444.49980227644,13.070230114662278,8445.222999126683
19232,8490.0,8491.182590209444,11.58700702547177,8491.999254716218
19276,8495.0,8496.37335919673,11.070191889201162,8497.194828583924
19194,8498.0,8499.408707907125,9.828090632376952,8500.0
19140,8566.0,8567.255561776134,10.790666868810817,8568.0
19139,8572.0,8573.40033003734,11.018794468669084,8574.257059659874
21359,8604.475445422657,8605.051103939437,12.244041863044867,8605.823944924732
19905,8659.0,8660.41618676825,10.834250493796926,8661.233947766359
19477,8662.0,8663.363934410947,9.46819240639833,8664.293324385768
19264,8667.0,8668.355096437059,10.264069559666314,8669.222226282232
19417,8669.0,8670.191122728498,11.999590078763262,8670.979707781431
19185,8681.0,8682.226084982774,9.499790296125935,8683.0
19161,8686.0,8687.482851949158,9.765362569156613,8688.393061340028
19182,8836.829756191857,8837.4191321054,12.560938160984284,8838.168886317586
19199,8927.0,8928.27346768112,11.473228857733083,8929.0
19254,8932.0,8933.47217133334,10.30649990970671,8934.363269965677
19303,8934.0,8935.383140840988,10.63806681174287,8936.23236361585
19233,8938.0,8939.324201890073,11.702251467343352,8940.131298447679
19238,9016.0,9017.273016503068,10.90777145323764,9018.0
19226,9023.0,9024.246614600368,11.012733561373262,9025.090570234359
19328,9202.0,9203.188897225747,11.294221202560715,9204.023297381686
19429,9287.0,9288.303015958525,12.029857813932654,9289.0
19409,9290.0,9291.445607061814,10.62313958671003,9292.292863915312
19329,9375.0,9376.203667902339,11.614393596498733,9377.0
19237,9559.0,9560.336396942352,10.567577928276782,9561.194909289457
19425,9561.0,9562.173325310281,11.985949112810326,9562.962807835895
19148,9588.0,9589.499970619574,10.476009487179084,9590.325589370406
