2485,31.0,35.01418047707518,13.128406822877272,91.60111785410808
2154,111.0,114.52198568451355,15.333680525406647,118.58138842100392
2464,121.0,124.60428280932837,14.526005827125609,181.18542361591855
1981,124.0,128.51041261839623,10.742901527049558,184.4963837940315
2153,140.0,144.10034017157727,12.181756414517954,190.339655970811
2234,150.0,153.381554477597,15.487478582724298,193.465098130793
2004,165.0,169.31295015511893,11.092692884261604,200.932894160567
1923,231.0,235.17026369177674,12.540749547525824,279.57960492102785
2096,267.0,271.47563817393296,11.027442834624658,284.21825390726684
2241,278.0,282.0100216455778,12.573609749108014,289.0915445821722
2186,310.0,314.3629390777052,11.120733647153799,361.32109677104006
2387,311.0,316.05739731565694,9.357072264534567,364.0354638491133
1947,362.0,366.1789881279506,11.196569597188242,371.47647717541304
2373,365.0,369.38599836400635,10.603364439370484,374.79335435449576
2528,397.0,401.03296809303544,12.326183813703185,451.08401708268985
2137,460.0,464.0332635735044,11.445051698889388,469.0484800396706
1980,505.0,509.18185251727124,11.605704931858423,544.2019769997058
2055,508.0,512.1180545150105,13.020855489443813,546.6708310292757
2361,573.0,577.4095242091447,11.596293119495051,631.0993506803344
2424,576.0,579.6041059083124,13.332673044386619,634.1277290117381
2513,592.0,596.1771076950589,12.081888663592547,640.3754811150004
2182,605.0,609.5073051783125,10.591537866167084,642.2144180638418
1838,646.0,649.5367195791117,14.855699904962933,653.611629227831
2323,654.0,658.2300147231147,11.903780067398642,663.3911695740012
2442,659.0,663.410342312077,10.832798772114128,721.4893792882439
2326,686.0,690.4456067900571,10.722158593111143,724.493843986017
2329,692.0,696.095781345644,11.121378873926082,726.9165162550049
2033,718.0,723.2872727105073,9.562072272787148,730.868125852539
2162,739.0,743.2596044767776,13.260895082319943,747.7272446754057
1808,808.0,811.489392381933,14.715113355353559,816.645824273142
2044,815.0,818.5718812919802,15.093861272978904,822.6048069398187
5125,818.649835117635,822.2646215111101,13.367409897679899,826.8183310495531
2461,822.0,826.3470509455203,11.460176775407023,831.7529383883078
1909,825.0,829.3254015465735,11.433158601698782,834.601277257597
2261,838.0,841.5186868913879,14.927728498880366,845.4283978939784
2312,895.0,898.5752561909504,14.545325210577081,904.0195874601268
5117,905.7229421426844,909.0927159625529,12.719009169562737,913.8818870377851
1809,920.0,924.4151961332784,11.022532076669465,929.7921285939427
2298,922.0,926.2994750403889,11.87846645985307,931.5403207836912
2472,924.0,928.1961538338809,11.797247829237795,933.2821667497628
2338,939.0,943.1487323107328,9.925777293960659,993.9632950949722
2011,956.0,960.4838652857708,10.526667555103705,998.9418181302367
2322,1004.0,1008.1763262273591,11.794334831007149,1013.1449354023375
2495,1060.0,1064.0136019053748,12.182248291740352,1084.4703141897721
4947,1089.55680643059,1093.1901260980133,13.292033733680489,1097.9258507885893
4932,1091.6703411538874,1095.0237542183293,13.554706990833772,1100.0595205764364
4933,1104.7265380860108,1108.2030345883454,12.464646144553356,1113.0063917598434
2255,1155.0,1159.1800110170502,12.195337128894424,1182.8951005518988
4350,1173.8287141344408,1177.229821657253,13.432536679261272,1187.2049136451576
1908,1185.0,1189.054691294295,12.164009509039703,1194.0112023317033
2025,1233.0,1237.2098043661756,11.805605573676072,1263.9678035350885
1906,1243.0,1247.0706819522254,11.763301957021811,1266.342923046935
2349,1287.0,1292.2894373076304,9.71169891921792,1297.918000795709
2360,1290.0,1294.3548084340537,12.376010925504321,1351.1865587354225
1856,1299.0,1303.219085749502,11.119126027322038,1359.1004686244812
2021,1320.0,1324.2942113872884,11.15192214085681,1363.3946732680172
2458,1359.0,1363.3387528742314,10.077872642548186,1369.3174255874324
2065,1365.0,1369.0728017075674,11.901088445276692,1373.9677296313475
4894,1367.1083938626027,1371.298158213001,11.204050169224647,1376.794042443818
2149,1410.0,1414.1128444361427,12.064393720575127,1444.2617075961134
1967,1412.0,1416.3228302974953,11.222225594522167,1446.2917159202614
2296,1433.0,1436.5694773767223,15.01182918145075,1450.5672244593786
2314,1453.0,1457.402655550421,10.370741098027763,1462.954965981236
2278,1466.0,1470.225922606217,11.344446524855762,1475.4810503858428
5119,1468.0112100369668,1472.1375152510188,11.638427780402226,1477.306549242783
4850,1470.4911485192356,1474.029099943558,11.249782356943365,1531.0097802866987
1900,1476.0,1480.119667729576,12.165403030255504,1536.6986235627596
1996,1489.0,1493.2633837098856,8.276083562824715,1544.5966462330755
2425,1516.0,1544.0946811929186,5.921981540508801,1551.993452652052
1994,1599.0,1603.0674911665326,12.480762486615944,1621.1806483138323
2040,1627.0,1631.251299563428,11.481296358338023,1636.5323033653492
5068,1635.730724201417,1639.2658915464187,13.669602129766607,1643.8044992439873
2289,1643.0,1647.4158470742163,11.115518966163943,1652.9385142738095
2090,1644.0,1649.0395441462756,10.150342148804821,1655.064772182641
2388,1647.0,1651.177324504852,10.614533114104207,1656.9159169239056
2000,1663.0,1667.3549948534396,11.414432497436335,1713.8859508343953
2164,1665.0,1669.3067494252507,11.625741932709822,1716.2525708710816
2157,1670.0,1674.2276223626702,12.187548804415673,1718.5016721626987
2184,1719.0,1723.0714002260672,11.974762526917312,1728.1169719871991
2517,1749.0,1752.4241406501237,15.228762852120614,1801.2040807748117
2375,1765.0,1769.2095163222778,11.969797033374773,1804.1252059834026
2504,1767.0,1771.2652902499426,11.986654216638597,1810.158161223658
2521,1771.0,1774.5643501157147,14.28916495628707,1812.8158004411646
2311,1792.0,1796.4021583735905,11.100546145334246,1817.7253299849524
5070,1803.720876819982,1807.3347638885482,9.770655918000863,1820.1202112467085
7618,1826.0,1830.1548163211555,12.01301907488819,1835.0823911839718
8027,1831.0,1835.1045168661647,11.471723294446111,1891.4142041161497
7444,1839.0,1843.3158073371842,13.342803005833513,1896.561408259036
7359,1874.0,1878.2883455924234,8.228206405370754,1904.4317837569934
7757,1923.0,1927.4722962415667,10.888329974658118,1981.4521718616866
7811,1955.0,1959.1403792495444,11.989075086635575,1987.072346797161
7435,1985.0,1989.2898674540197,11.111602807545134,1994.4433935604857
5083,1991.780723548919,1995.4299699774144,12.607142359742399,2000.1063375243955
7629,1995.0,1998.4426385727736,15.733822843382594,2002.524940598011
7869,2018.0,2022.1994695802969,11.754583633171832,2071.1521325978483
4393,2022.5063380817926,2026.3077678989346,13.555031106784165,2073.90301987632
7966,2049.0,2053.369724317382,11.175052972727052,2076.540641474194
5108,2089.869513020509,2093.387122395932,13.347970481532672,2098.1038533508554
7376,2090.0,2095.555509920363,11.776010552525845,2100.717640689349
7928,2092.0,2097.3143158824823,12.488079747347577,2102.6365910384916
5062,2095.1331557764,2099.1214386070305,10.236361535583871,2104.520842325871
7727,2096.0,2101.010920578716,10.47639076020318,2106.5723738639526
7524,2097.0,2103.3267790615987,10.825051000590642,2161.40552657703
8028,2100.0,2105.1637983710802,10.695455676102624,2164.390391060245
8016,2102.0,2107.096491653359,12.01997082003285,2166.5673832083103
7832,2104.0,2109.027387357458,9.67639641698459,2168.725542316978
8031,2106.0,2111.038589451027,9.585869110483134,2170.610394250199
7674,2169.0,2176.162863447002,7.765898662523531,2181.758157787212
4397,2172.7739394879954,2178.3109196460337,10.15584382194522,2183.498803585165
7823,2174.0,2180.1908115078977,9.990008850690112,2186.1711650803213
7410,2176.0,2182.12912163525,9.798794236029114,2188.0982940891154
8010,2224.0,2227.5176668390777,14.574232632941117,2260.3390478085444
7841,2288.0,2291.5573225882526,14.416987041828047,2341.4788690121686
7548,2302.0,2306.1590325371385,11.876495418886796,2346.66275787001
7925,2327.0,2331.1843112508363,10.185863002446304,2353.0548350991235
7511,2344.0,2348.2346066767705,9.9989322842335,2355.012849432327
7938,2382.0,2386.5192645195293,11.168413041209732,2436.1930507371303
7400,2397.0,2401.352069226837,12.164623047087334,2440.060686745806
7953,2416.0,2420.197892623502,7.673440891608928,2444.192877333603
7850,2464.0,2468.1116877443455,11.3816231555768,2521.180021463314
7515,2466.0,2470.0273584726706,12.340728503763279,2524.086452406987
7829,2470.0,2475.090723506174,9.313123120437336,2526.1859524962033
7949,2473.0,2477.3774459974024,10.095388740383065,2528.3021613032492
7783,2578.0,2581.6406774565926,14.177557504561511,2614.827108631399
7403,2589.0,2593.189175524374,12.177977253726175,2617.342864915913
7479,2598.0,2602.103654309083,12.577745764452251,2624.4533146789818
10614,2622.606438288431,2626.0967905657003,12.975562015622975,2630.8326593513298
10617,2625.73889619643,2629.306021754663,13.510992049162406,2633.5502292896604
7923,2630.0,2634.059646017067,12.90616675053545,2638.9900248592335
10594,2632.606843097029,2636.0733288447937,12.859840843456787,2640.8320479400836
8008,2675.0,2679.038940903138,12.021449788860535,2704.4281504643036
7740,2684.0,2688.4651908130586,10.744304478094197,2709.0726902687525
7669,2685.0,2690.2155264376806,10.404489720138113,2711.541807934728
7499,2688.0,2692.264089913196,10.991405488038573,2713.742269586886
7679,2689.0,2694.0179412897437,9.062010512095311,2721.4292549794445
10589,2715.604851126509,2719.4837654768544,11.09493582534317,2800.37132863487
7926,2751.0,2755.445076365162,11.135358201770742,2812.5686887080956
7454,2764.0,2768.12092309186,12.010347279272903,2814.617287877079
7585,2784.0,2788.1295661897752,11.27931597753981,2817.02146234552
7625,2788.0,2792.269849612256,9.203173599560424,2881.2857461602493
7997,2865.0,2869.1030547013224,12.363367330725634,2890.4601860887205
7930,2887.0,2891.2328531403473,11.106518107909714,2896.429652248845
7833,2912.0,2915.3623969850873,15.324893336898624,2971.1999387539868
7333,2944.0,2948.158981289435,12.15094841317023,2978.4476479170617
7334,2955.0,2959.3022469993607,11.863275595891766,2980.6950836987025
7838,2968.0,2972.3242995759483,11.508419898530335,2982.6451626772173
7653,2990.0,2994.20687091401,11.38058367202261,2999.443559046451
7503,3008.0,3011.4280993111943,15.205042596228893,3061.4621353068937
7941,3154.0,3157.607366540916,14.575478520026957,3161.8685961129263
10581,3168.860195165316,3173.099796729907,11.606499576213205,3178.4527996027455
9907,3171.158266956313,3175.127789763418,10.316225768759772,3180.9492919817326
7702,3177.0,3181.16607501647,11.439843546128566,3186.3280747647623
7339,3184.0,3188.0064124919923,12.34527622949047,3241.379362075031
7692,3198.0,3202.4760324290605,10.954747917448092,3250.027336880099
7645,3199.0,3204.17432221077,10.67894204066857,3252.8847814043684
6145,3217.287395948023,3220.1707215851625,11.735630275531662,3261.30883884539
7626,3249.0,3253.058885340141,12.660218227236514,3263.882774152113
7491,3253.0,3257.311944163102,11.213299975022089,3268.0603941269374
7843,3279.0,3283.050337726461,12.505820514664679,3334.292239635966
7594,3286.0,3290.13733911421,11.974545846111665,3336.394588009773
7534,3290.0,3294.131398458845,12.161985874242879,3338.4595229943807
7922,3299.0,3303.2008564878015,8.411746007011656,3344.3162313702032
7603,3340.0,3346.0419019792434,7.9079487638459005,3352.9819284005216
7388,3352.0,3356.2518281690122,11.877483713286747,3361.568025818418
7902,3354.0,3358.3283896233197,11.53819490466264,3363.59851831492
7790,3363.0,3366.5726551374923,14.470871521252818,3421.105110870932
7980,3366.0,3370.1824726538894,11.488213584926765,3423.7326717742485
10354,3430.521516504974,3434.265579718284,10.663980076692187,3439.8203707453686
10604,3444.793946719392,3448.5861607964043,12.718090143067588,3453.394625438722
7855,3495.0,3499.2129939120327,11.790467038589851,3518.8431734438477
7761,3503.0,3507.0557322407567,12.36018906592178,3521.02311183373
10586,3521.421783749059,3525.355734796504,10.014211459261844,3531.266188639581
7933,3525.0,3528.6116117922675,13.713962397206316,3533.410805180653
10505,3528.6779905016806,3532.3056910967,12.594720170248172,3537.035981262237
10438,3530.646216180546,3534.2372028139816,11.321829562746958,3539.4247439280307
10564,3542.8858298150644,3547.1746343149453,10.212805719152017,3601.1606934296638
13413,3613.0,3617.058013441114,12.624246077304663,3621.9375967787555
13013,3624.0,3628.4783385660785,11.405034826145279,3634.0819931638266
13473,3639.0,3643.0314854972803,12.405738161064102,3691.3790211059363
13243,3647.0,3651.174989699583,12.417077246446198,3696.3347811393764
13299,3667.0,3671.166066065872,12.416341812570954,3698.40287744148
13477,3670.0,3674.2919661524966,11.26214020636818,3700.2091147243955
12877,3672.0,3676.172389255845,10.031676985597475,3702.1197761946455
12957,3680.0,3684.091181667164,8.194740425722866,3704.1674926902756
13372,3768.0,3771.450763270149,14.684976005249077,3783.9376147005905
13380,3775.0,3779.1006137596187,12.092351243429444,3786.0505532638294
12927,3784.0,3788.213898843811,11.422483955238132,3793.382405863744
12861,3808.0,3812.4543226211836,10.173578491230435,3818.1352386822773
13032,3812.0,3816.3550540147717,11.46341592127323,3876.333559876981
13308,3848.0,3852.049963745507,12.264653858221688,3881.722523121581
13499,3851.0,3855.525895730127,10.876813591926249,3886.177143379559
13307,3876.0,3880.0601345510518,7.845885452948229,3890.2446276592436
13284,3883.0,3887.365829423006,11.549732491071824,3892.869580004769
13122,3885.0,3889.2496732169348,10.404777914908589,3894.78121744453
13271,3897.0,3901.3263241689356,11.53253344642753,3906.693385011588
13460,3927.0,3931.1250637855583,12.823950101270539,3974.461335502306
13469,3935.0,3939.1378387444443,10.560758698348948,3979.524291732747
10538,3976.261338131498,3989.2661927027407,8.303056378325532,3995.5216539820276
13447,3989.0,3993.2288658603984,12.294188567931695,4051.0563139975466
13088,4052.0,4056.161775685593,12.610350737197946,4061.2300297428965
13086,4056.0,4061.0328584922822,8.685582993087065,4067.5591561207007
13008,4057.0,4063.0168458931644,8.633108880263542,4069.6055987295454
13459,4059.0,4065.152517698051,8.982197250317865,4071.7080050056716
13020,4066.0,4069.586177627937,14.817666661842571,4073.962757105601
13256,4070.0,4074.2222095198936,12.504133101741504,4079.309400928063
13530,4089.0,4093.327630458132,11.574615425090792,4141.117701103409
13154,4091.0,4095.196644797883,12.324007677614793,4143.837644210089
13488,4103.0,4107.368154882658,11.119151991473704,4155.295566352417
16097,4148.479780641043,4152.331325359589,10.850901410351193,4164.357386835807
13028,4150.0,4154.284154622521,10.884822184255704,4166.213392462226
13295,4168.0,4171.584803936944,15.126231905408677,4175.629046696075
12886,4210.0,4214.082803148534,12.094311247238016,4236.604408389651
13328,4216.0,4220.309611656013,12.378945530788206,4241.499945393878
12917,4248.0,4252.263142422518,11.169140108657245,4257.392056016771
13287,4268.0,4271.585792755472,14.694026818077575,4321.213896855034
13532,4293.0,4296.619608967272,13.856713642528545,4326.10171861131
13237,4307.0,4311.338843756534,11.665130436114216,4330.447352420527
13259,4316.0,4320.307959069716,11.029093132243514,4332.365763318778
12953,4317.0,4322.0776185208215,7.405542734120635,4334.1446247515805
13070,4404.0,4408.014243842263,12.126797101107346,4416.079196147568
13391,4469.0,4474.043830757773,9.241329161609126,4501.216505108916
15987,4511.167164255989,4515.421821440263,11.774515328928064,4520.629883431989
16056,4517.66375092135,4521.233221586885,11.775075456072466,4530.72803639851
16105,4519.550532347021,4523.06997000076,11.849947123991017,4533.672686691601
16085,4524.774488743195,4528.022483357518,10.946049821472906,4591.403955561309
13425,4565.0,4568.521698741389,14.615123330685618,4599.667983923238
16079,4593.80904554771,4597.303754917588,13.277027707072154,4602.405205450843
16073,4596.628480966247,4600.282367805637,12.773561690381506,4613.188028015474
15924,4598.677824830424,4602.096693884847,12.245298114112074,4616.003607329354
15421,4626.510623708466,4630.107778696994,12.566327116594788,4804.39934985436
16058,4630.575489333354,4634.225287721954,11.062356472820886,4806.741585535429
13282,4653.0,4656.654264308319,14.703767549912452,4861.319216037354
13418,4670.0,4674.095345232128,12.048487782269069,4864.2021958680525
13080,4680.0,4684.343431559093,11.388581196676633,4866.321825930303
15402,4684.201127908292,4688.099537794384,7.988556864288121,4868.44982906019
13076,4882.0,4891.0419610200615,7.589733938898105,5053.520837220517
13103,4893.0,5053.206118089031,6.305866112632367,5061.40530795085
13056,5055.0,5063.108255963666,7.384765018896311,5068.4721907686935
13176,5058.0,5065.276453462256,8.962647249301115,5070.700956574609
13083,5060.0,5067.2177523444725,10.62795462519539,5072.49577910486
13384,5073.0,5078.496998635518,10.712411417250873,5143.529458684287
12887,5075.0,5080.451380022932,11.415220908503459,5148.307272010224
13423,5077.0,5082.419133812502,12.007922026503241,5151.367902087511
13446,5079.0,5084.336057574056,8.693687356900156,5156.327165991631
13169,5259.0,5263.233002260343,10.952416282533234,5313.79027764087
13238,5277.0,5280.640848558597,14.42089918206678,5316.275719966137
13059,5278.0,5282.055708267085,14.225011418305808,5318.559607086473
13001,5338.0,5342.03853259564,11.943567963651859,5347.02488477019
13364,5348.0,5352.044308930065,12.46071146826409,5401.132015013385
12883,5371.0,5375.0008344033695,13.449770200353376,5412.7036347215035
13310,5395.0,5399.146703131892,11.59766821594079,5415.296360619711
15984,5412.533585777289,5416.2406747964815,14.712000267308227,5420.475516514905
16034,5415.449131076829,5419.076041092896,13.020629420136332,5423.798843824579
16015,5417.785530902276,5421.112717542791,12.759290387773676,5425.870636840747
18857,5446.0,5449.579911712609,14.644371447264001,5491.266581623116
18673,5472.0,5476.063569536746,12.798793908526136,5496.5906608061205
18929,5495.0,5499.252216144043,11.034386291742884,5504.692770397032
16051,5501.432936841035,5505.112589799433,15.033639671595727,5509.089612543716
16037,5506.621857302276,5510.117342566022,12.454595519677579,5514.981258366987
18505,5507.0,5512.334179490881,8.558133462365424,5518.958025909769
15929,5509.76492711416,5514.392161703062,9.383389643808904,5523.107944940697
15866,5511.782561586125,5516.305359443693,8.86647319264604,5525.691456504603
15979,5513.815547755996,5518.29139943783,9.997723910419962,5527.881404928218
18537,5515.0,5520.167163036039,8.77432531728051,5581.140344217649
18477,5527.0,5531.2156759438485,11.912504975252217,5583.678929055803
18622,5553.0,5557.482286707204,11.254911560548853,5585.965712153692
18823,5566.0,5570.197242064218,11.971983547351316,5588.232132512321
19029,5574.0,5578.080908541886,11.236464995359032,5592.26778924419
16041,5598.269267025936,5602.430164253759,12.9086111120041,5607.012794551815
18512,5630.0,5634.168400993606,12.125990983146663,5678.662888319332
18956,5638.0,5642.056739498143,12.42189299908565,5680.761029984815
16020,5676.964920015994,5681.307127873169,10.40836243296546,5686.996013059945
15874,5679.569210000018,5683.3484588651,11.172736071553743,5688.9808910122165
16003,5681.630803872451,5685.2406685396745,11.20299042360687,5690.870453635265
18540,5708.0,5712.455038654208,11.955643116231139,5766.363207196457
18564,5719.0,5723.454892158254,10.443139348675262,5772.81806754527
18709,5720.0,5725.246733737312,8.147183961190066,5774.64325410734
18831,5752.0,5774.092239310597,6.608080139367236,5780.305708556169
18399,5755.0,5776.330442143121,8.385303941449102,5782.045567432505
14911,5777.679693438935,5781.053786208106,13.115883450431186,5785.842604691586
14944,5780.675239133116,5784.500218871795,11.092938807044634,5789.8450339193005
18983,5781.0,5786.299361255656,10.88071459758846,5791.942889900901
18796,5784.0,5788.2467818057285,11.295251407250571,5793.855728892039
18965,5790.0,5794.045389525011,12.323191365314665,5851.350425485176
18712,5803.0,5807.0332062453035,12.755186678180245,5854.046304095941
18459,5813.0,5816.440372089869,15.131540177895106,5856.892627548161
18388,5834.0,5837.624305032934,14.799769786843813,5859.0587877493945
18329,5847.0,5851.168478424153,11.69677743088423,5861.171476789748
16117,5870.784441017442,5874.561532205948,13.52588084285199,5878.998204121867
18614,5916.0,5920.087344390667,12.300866394029981,5946.170554240136
18974,5946.0,5950.198728225627,11.437098089973219,5955.469123985144
16062,5979.13796910068,5983.098624192205,14.632134049989046,6031.496664815595
18786,6008.0,6012.4144138726915,11.593017726034462,6041.153294081717
18397,6040.0,6044.390196280447,11.81217214065636,6049.208270511608
18370,6074.0,6077.496821984027,14.242090799092475,6123.8003576791125
18592,6109.0,6112.552751129848,14.39792590254373,6126.006912797682
18642,6121.0,6125.238815243544,11.195257597390993,6130.345957576217
18581,6128.0,6132.075008585334,12.09720489975528,6137.071254795583
18353,6149.0,6153.119599871815,12.585367082696537,6158.114555931638
18346,6151.0,6156.497017155098,10.90145403688598,6215.222553029704
18838,6159.0,6162.548276772208,14.155608108570313,6218.346557581783
18847,6175.0,6179.132357431033,11.304682944649965,6220.816675451686
18698,6180.0,6184.046742341568,12.224301657627601,6223.090442690223
18734,6228.0,6233.090161096754,10.545406300278152,6238.288844490148
18896,6230.0,6235.051751128298,11.55683378646274,6240.039127190473
18494,6243.0,6247.5068190255815,11.17054720236906,6306.700190845324
18730,6269.0,6273.338733365745,8.736529232651456,6324.760697218557
18545,6334.0,6341.184902491356,11.045424385414304,6400.751527329963
18406,6358.0,6404.144643956447,6.175116067406594,6412.201539953184
15425,6407.523918267089,6413.2422018418165,6.714337302988633,6419.517060922312
21580,6417.470586326765,6421.245679082452,10.570040952056111,6427.032195811379
21576,6422.758699011636,6426.3484193461045,13.314341646220697,6481.529266593362
18659,6455.0,6459.303941048664,10.966915446004746,6484.3351096165725
18919,6462.0,6466.364336498162,10.746069921714483,6486.610260260525
18979,6507.0,6511.165755574161,12.517106695489508,6516.26135298085
19004,6515.0,6518.63264945263,14.703766399370817,6578.57379765868
18599,6518.0,6522.026611239441,12.288045840423694,6580.799268216659
21559,6576.970559551411,6581.050144653465,12.569262439785376,6586.780140891402
18740,6583.0,6586.5457588747995,14.857076463048378,6590.6356143192
18361,6606.0,6610.413938794109,11.187729069033104,6664.0462757309315
18415,6632.0,6636.47290936805,12.285499151244517,6673.964909804079
18570,6674.0,6678.02575805307,13.093168449373781,6683.132566848106
21591,6676.551496807493,6680.547123697408,12.41678140276041,6685.552911199185
18360,6703.0,6707.159253717038,11.804064085429598,6753.712015281565
18773,6705.0,6709.057511391028,11.624930819748814,6756.030022179183
18521,6745.0,6749.244735879716,12.211432122167842,6760.123500879086
18760,6757.0,6761.234430947203,12.04319227453077,6766.367603825356
21557,6760.969443478829,6765.195326736854,11.766790445823315,6770.500447359546
19006,6766.0,6770.013164440889,11.576398379542452,6775.0227340677975
18749,6782.0,6786.222499150852,11.66559416522266,6841.396897434124
18544,6794.0,6798.469175517209,10.066824072002259,6942.469003605109
18690,6826.0,6830.397042757369,10.898791753056303,6947.3812048088375
21579,6884.064876647802,6957.026573907648,7.770314347557525,6963.400864495697
18647,6892.0,6959.188065059696,8.740454052462846,6965.137484285893
21613,6947.8475236218355,6961.113304818751,9.88620903374642,6966.818952403397
18624,6959.0,6965.033954273182,10.99166289398551,7023.794957878824
18982,6963.0,6967.497981505559,10.558183958681838,7026.084221648288
19031,6964.0,6969.251406610212,9.56097124950574,7028.162229566104
18935,6965.0,6971.105756769685,8.925025761986422,7030.257293448
18379,6967.0,6973.3678973316355,9.78685883650993,7032.072679105467
18574,7019.0,7038.042501790082,9.855924865918842,7043.471010872846
18785,7043.0,7047.499761102348,12.201246720758546,7052.874711872853
18612,7055.0,7059.302096022372,11.82221916142909,7291.287986971523
18984,7057.0,7061.1558780608575,12.020530761272932,7294.0062575036645
18750,7101.0,7105.460520075669,10.789150213803532,7298.8426787235985
21615,7601.628272876141,7605.300995563372,12.690607886781661,7656.4255703866775
18227,7607.900133146546,7612.32221212841,9.295334386120945,7659.147679963833
18241,7610.060666786293,7614.299208014322,9.541960085143517,7661.955588822226
18280,7655.1134497820885,7658.542228769014,12.275541650087844,7664.309255080321
19007,7663.034163096652,7666.018674222818,13.546399371440677,7671.068449524596
18272,7670.401862373525,7673.485935781629,12.76710173658018,7678.774674209174
18233,7672.292718362726,7675.415907438457,13.181249769450316,7683.258190843222
21563,7694.2606237202945,7698.493964693884,11.531670399351512,7741.165548859962
18305,7745.14304646035,7749.285141465966,10.094424070774663,7755.449428929664
17115,7749.116248416146,7752.375700866333,12.266430916461918,7757.549543046903
11675,7770.35053662703,7773.5997624011325,13.021684960250758,7778.996926211336
17921,7772.12825739378,7775.352756079123,12.913112534319684,7832.470862473532
17197,7773.976160847813,7777.295879805577,12.37645336458292,7837.126265940789
17243,7775.796994529269,7779.10063337173,11.729326422442387,7844.085190310851
21624,7784.201734505482,7788.331823943437,12.304814473520937,7846.731709499504
