3277,138.06225896238288,146.2748920104621,12.886164967371718,154.56107426306457
2367,197.8228520092196,205.0116152473001,13.222994853628576,226.70468539834232
3239,205.92092427836508,213.5751163338616,13.214088482633445,229.22777592665503
3113,273.64560249937904,283.01089840949965,10.443521131880553,316.59940208266124
3088,290.8620238673819,298.52174785991,10.810674064611495,329.156294747265
3668,344.91537420713854,352.5977047205119,13.08066917780652,409.28154328486806
2535,368.84043034727443,377.4239966676874,12.08337027906935,416.04016580829966
3140,392.5456228931952,400.10577021087136,13.350252163913082,417.9146119003544
3231,395.8349755742012,404.31451259182177,12.013402405303475,419.5804669201614
3653,412.7760959161621,420.1033936225147,14.519613371624153,427.435941469912
1797,467.25364164422973,475.3894116125932,11.207280208299963,505.92947104223543
1076,469.2315162766745,477.2995939960751,12.539451607120474,507.6959002250985
1035,471.189939157233,480.1112238288519,10.64364089104495,509.78364965003635
1033,472.99751928963013,482.01003414513457,11.143675203353395,511.63758944016416
3658,500.70539529535034,508.26031575266006,8.784820677942834,522.1929473498136
365,543.5050388176159,551.0389620492084,13.603812124920598,586.386623086003
1066,547.191768136691,555.0928900777061,12.448586148596,589.4282384030923
2393,563.7896018283317,573.4781544342703,11.012022225769229,594.0302760036767
3244,571.4396118434094,581.0617431121051,10.723689541435208,596.6028352673522
3688,588.3394433786335,596.1969884496575,14.405793743056982,604.09607094569
3177,633.8748771714298,643.0815593549986,10.304086322037506,676.5828293336276
428,643.2761093510426,651.5574491675745,12.678000158351551,682.0123661119188
1063,645.382790020391,653.3534610375339,12.706955165662812,683.9601342036917
953,647.1697920298786,655.0354967416208,13.469523093058822,685.7979315021
3096,658.0592101658004,666.0279685106549,12.794860551583652,687.7011074302467
402,730.2918942190586,741.0317377755317,8.855926976433722,772.6747968522228
413,739.3137495038683,747.389497371716,12.190842568376613,777.4093630115576
3252,755.4847551145667,764.1303630293393,11.356841410916179,784.1317834086163
1078,822.4614677881724,831.1204512878658,10.991510171880478,861.5123715626618
3099,841.4913460840659,849.1759949910792,12.618166373534729,865.3915118907778
395,922.9645389163285,931.3542755026557,12.176844238589975,951.4422978549879
1702,935.0418445580209,944.1521117028261,11.770301716323251,955.8335388294734
1682,941.2286428652711,949.3298268732732,13.67367040079976,957.7930098005551
3694,949.9501178956205,958.4587269744551,11.595549780952787,967.1569620906406
3659,952.0722803926973,960.2733774742396,12.376608600095386,968.8251457125492
3649,971.8183958968218,980.3808786151121,11.766171103346352,1036.6431644625377
2531,1012.3014703818295,1021.3395231308323,11.007808846952763,1051.6426923474571
3117,1025.1459100869365,1034.3705756190966,11.152197480233008,1055.7581606850088
3673,1027.4448333627831,1036.1688187938635,11.59768992788634,1057.6991054618882
3631,1029.3955000800001,1038.0033262658908,11.421835882376936,1059.6544702304582
3682,1042.5818216356301,1051.4868552046507,11.556742436628442,1063.4438160680145
2358,1084.1025441418326,1092.4730883387722,13.052337960851906,1127.9148723609917
1013,1088.1227926257232,1097.4610653046348,11.156599719424879,1134.5579070136573
417,1089.9897636947621,1099.284036266831,10.209784514076029,1137.0193682827266
3635,1092.298588098304,1101.3287116915903,11.388014414994608,1139.131557445735
2403,1103.6991450271828,1111.5578648146513,11.58766087299517,1148.4028727341074
1704,1105.4766644236581,1113.4382119941934,11.736150940139332,1150.159172139009
2490,1107.1365226984171,1115.2535106899386,9.192454132750301,1151.8920757604667
1087,1118.9118882786177,1154.0125582884214,9.378342700200834,1216.5644910016674
1627,1173.4724654642753,1181.557311571384,13.011786005822001,1219.1862401278147
3116,1190.6817535874789,1202.0660921432093,9.204102763946649,1236.3259592095815
1101,1263.7561397363177,1272.4102761343547,12.019803350675412,1306.499169222169
3189,1371.5690376713958,1380.4442886027887,10.61897614852685,1396.7581300897175
3147,1467.4666253107373,1476.1913632624671,12.125429583248597,1485.8549550831517
431,1535.7627380216616,1544.558250733617,11.548535798322945,1585.0971771127406
1724,1554.0609171772292,1562.315555331266,13.364301774527126,1608.8447303606106
3679,1564.6234848311772,1574.3010486789685,10.322301659387625,1668.776510116186
3311,1582.688597801295,1590.3393639498202,13.72387221377169,1679.8504239148688
3301,1584.6640681535644,1593.10835374554,12.261966335862976,1687.1616747973162
3174,1626.8567307084643,1636.5277807375307,11.212657183104124,1772.169547484917
3133,1628.9640126895931,1638.4329942460413,9.104240812129493,1774.1011468718725
8588,1984.0008128436607,1991.5278981103686,13.710522838865216,2026.7052258202839
6535,2078.0382032041434,2085.516312969713,14.090736281711724,2128.1007172511027
8758,2096.010333429008,2103.061488328337,13.499919435161054,2130.4390309896635
7906,2107.60171862896,2116.2804211665652,11.606947770972313,2132.4281686355894
3310,2144.4046901085508,2152.4729500551935,13.161183843966517,2206.502951362533
8640,2167.3983059391767,2175.5068320364694,13.594246131176181,2209.2831825973935
8753,2174.157159199782,2183.299760001825,10.938592603912266,2211.377749749303
6537,2199.2523180557787,2208.230720101181,11.533299805957881,2224.473941563348
8026,2268.7499712581703,2277.562254964789,12.277739589024291,2301.3111031519616
1738,2287.227601596282,2295.3050353499784,13.68003928254147,2307.486344120882
3203,2292.813269878297,2302.493249388577,10.351380183594516,2312.554085412463
8790,2302.81257284751,2310.5357765660883,12.94559840011839,2318.6102628776957
3236,2343.9721370632715,2352.309233145115,12.73528253070965,2386.89373403469
8573,2362.9585608838565,2372.1138216467743,10.934161265978712,2393.9635023893366
7975,2368.838155671751,2378.036020622383,10.692056401737926,2401.4410802033563
2388,2379.277320415928,2387.440201567311,12.70788108912933,2408.424192642824
2431,2444.6631228318106,2453.353849636877,11.228345239909139,2486.82875127238
1730,2446.814560007642,2455.157633090253,12.224836078040955,2494.2021582500633
2508,2450.5563982655117,2459.529174762755,11.282840733768344,2502.740348518625
2487,2452.508375171025,2461.2805734157564,11.229891176765769,2505.1451277104775
7881,2454.3685216108825,2463.109782874249,9.794905456269397,2507.1107047530522
2520,2456.3329988349487,2465.132057522898,11.132565921194931,2509.010659745235
992,2469.0375930706305,2477.0082684146287,11.35816318161776,2566.30366410249
389,2523.455959528835,2531.244637525267,13.792916958947222,2568.8678403655795
2438,2525.593157523731,2534.481378179166,11.593265754623069,2581.0046543159365
8710,2533.182476167623,2542.4476935655443,9.621808488918031,2592.6230568013893
8741,2534.9812370693644,2544.3921911841917,11.33092428668856,2594.677978679673
8590,2633.7121158809987,2641.426694508055,12.750147214581085,2659.2379369125197
6528,2703.5057322525795,2711.3748913244144,14.08187606109067,2746.6293975335657
8680,2732.4785751489976,2740.157057567943,14.069336408951594,2751.757032506369
9184,2773.2507221547344,2780.561298384135,14.171258869775707,2836.379918880282
8721,2807.3558144503295,2816.3684833652674,10.973611856568715,2843.2868110982513
7995,2809.4380459529725,2818.259110302434,10.47553004779145,2845.2394451991286
9134,2815.56653538214,2823.5104108005494,11.98471981433709,2849.4457407475325
8684,2820.564740301306,2827.4388149425663,14.823504487652153,2852.0131531425495
7239,2883.7719932103273,2893.4534769006996,10.487726184299996,2926.7524006380786
7256,2890.1886183350625,2897.548606008497,12.374604016101912,2931.9419273608955
7889,2897.9778890445214,2906.4589656286134,12.35636309350669,2933.922563153874
7999,2903.1464334140455,2911.512182234198,12.834136473292109,2935.923974205582
7258,2973.9132592879387,2981.4836434609906,16.15296500410942,3018.1761691489787
8643,2977.870247970069,2985.4643034652754,12.871344683056424,3024.712978976437
5900,2985.999627606394,2993.604508731702,13.268157489557565,3037.7319013853366
7134,2997.4349201678856,3005.3972745016868,12.725736185917167,3111.0475123000965
7193,2999.3340469537916,3007.1691524748735,10.943454116651303,3113.5255599465136
5925,3001.11122497105,3009.049158185442,9.661760488013025,3115.6926511695283
2415,3006.9524343286535,3015.416043736477,12.927160394159063,3117.830649845303
2504,3067.005995220062,3076.194906676896,11.373685090003422,3121.6631897594775
8674,3087.871272391247,3099.09950809217,8.730560373098307,3126.096944174002
7870,3090.0177964719883,3101.1706079707105,8.315884361966509,3128.0913970119273
10773,3114.9953273086744,3125.4256011134935,9.08368168515637,3136.648671664377
8660,3153.594244044905,3162.206750988984,11.741460352160445,3196.475922277563
7254,3170.5438062518433,3179.262816013463,12.436724105906567,3199.135340899952
5902,3184.4375245725105,3192.271215386101,15.209958160988968,3203.5712767380464
8769,3210.38183329321,3218.2833250553513,13.04075051943246,3226.943524446061
5897,3245.409458600394,3253.5787002310185,12.255880299084131,3288.763610062738
6575,3247.3341871713046,3256.330335972518,10.655395070255945,3291.3439643219135
8581,3249.7605907191596,3258.2690009667167,11.445977416790639,3293.2614180251035
7195,3255.51652654178,3263.2475661998187,13.134640420371634,3295.2542369488538
8002,3259.3921449178815,3267.3900603133898,12.702389984832775,3297.175272217909
8575,3261.1770769972736,3269.1796540441,12.955854087926854,3299.00468044131
8751,3333.411398750617,3341.0720015164757,13.049863041036186,3376.7160254227706
8644,3337.9154442992344,3345.5148232262195,13.176155277194859,3381.0882507275383
1773,3345.187401421924,3351.31435882646,16.097579159517405,3391.5972794502663
7866,3347.6074520963607,3356.1065104564145,11.767638293562332,3403.066117988916
8584,3354.417151062311,3363.032125066136,11.085655842293727,3408.0318673722436
8574,3362.632958415498,3371.0357280938374,11.220241790118926,3413.4291396260523
8731,3368.080624529738,3376.4955013873873,12.09441242156688,3471.4523018138275
8787,3382.8294049104334,3392.200645734546,10.869313028892776,3473.5305124897177
8799,3386.4178693735767,3394.2103115160103,10.727292830313068,3477.193372160627
9047,3392.0065328292003,3399.5577550910984,13.425763680004362,3479.8328816020753
7858,3425.8249390016263,3435.3133346798913,10.509540536354963,3483.92722828789
9138,3435.8289428055446,3442.2879023166493,15.733842138109562,3485.8695201721553
8609,3444.517632842471,3452.218174691343,12.412462417846275,3487.701917661457
9452,3478.3089408649894,3487.1800619883893,10.993925848619895,3497.0370381193693
8621,3536.0733620105466,3545.287161619792,10.329278062991397,3555.802825866079
8630,3539.4235606518064,3547.2909313875784,10.952960609461833,3557.6538008760704
8750,3541.490152373377,3550.3774755558957,11.25861999053408,3559.7434077349703
9141,3543.4184909465903,3552.2508595233357,11.134037609021867,3561.5942779640664
8598,3545.249980664968,3554.0568085468667,10.799909382122236,3563.4326038295626
8669,3694.1267153279096,3703.509282281902,11.869855810340834,3736.52802397225
5910,3704.581307380376,3712.373789887636,12.871562343037436,3739.1316935534264
8724,3783.4185369716874,3791.0024775825595,14.22622326608179,3826.391031984751
6430,3785.690097954884,3794.147436094227,12.016686287181276,3829.121818858695
7940,3874.160147194696,3882.083757189284,13.551085206760822,3916.37354768708
14139,3876.6934387030633,3884.229596739256,13.66332138293898,3919.0739888978715
7937,3880.8724234204196,3888.2509536617745,14.390431848231676,3921.386817003519
5893,3882.892345160825,3890.0360133400827,13.397347676734368,3923.391404126646
6520,3884.7824284924295,3892.2904013560683,13.345422113397076,3925.2472806496257
7230,3891.7059642739373,3902.2309112046287,9.17343599490566,3928.022355408847
7126,3893.6557115149003,3904.1700472108478,9.800236859502641,3930.258471690022
7978,3895.692996195685,3906.0804273444105,8.949764145927613,3932.3398484109225
14072,3902.499549472742,3913.43408802121,9.459315549134043,3934.316948909875
14089,3904.538929619952,3915.4311004941887,9.133111322404783,3936.356072311841
7155,3906.622977155783,3917.432382011993,8.818512692627895,3938.4517686555546
9035,3951.661377058899,3961.1376547128793,10.502515340225125,4006.398844864076
7116,3978.8806267789887,3986.5863882341314,12.995261952337001,4018.0106831545336
7280,3980.799388964721,3988.3699795517673,13.419931357023428,4019.7416294886816
7914,3982.5619549394078,3990.1229732427096,13.111098875745213,4021.5345996777346
7987,3990.3683299507534,3998.1992206972554,13.238433917046093,4023.4458989282625
7175,3992.4235886790143,4001.0020728103254,11.582637027925461,4025.5060969278366
7960,4053.837202836051,4062.359866476555,11.85407132260498,4096.770650816799
14203,4056.064251167736,4064.1634297382793,11.830267129271146,4099.272512164865
7118,4065.853935046791,4074.5051759542966,11.074328774247004,4101.805146976163
7984,4067.6713825496354,4076.308003507296,11.662583899351109,4103.964176126462
7259,4069.518581259369,4078.0351428144404,11.508487086861336,4105.718331797739
7142,4074.1972726476956,4083.191943914299,10.581246373601402,4110.091950198777
5874,4076.0787013552026,4085.0538842026303,10.844212250100512,4112.026855005526
7232,4079.683506082657,4087.0315303699936,11.479981959559616,4113.924626519476
6589,4150.087356671044,4158.5604373415945,11.649245998317731,4191.688375381668
7122,4154.18779291132,4162.2322415619865,12.349126950140187,4193.638012152403
7936,4158.059833729299,4167.319826389342,10.281469983182868,4195.575513564988
5899,4163.240570632837,4171.469492154823,13.547464097874613,4199.576286549828
7844,4164.972968472174,4173.292335986706,9.64331833088686,4207.367652624955
7202,4176.006894211991,4184.038970078264,9.915381453380926,4276.529286339369
7882,4237.046210046653,4245.055884030972,13.063230598775052,4288.50786875587
7971,4256.597028110754,4265.010300690394,12.890594390696883,4299.84425688851
14191,4265.149653843159,4273.455563603838,12.937440487125132,4368.8470542480445
14138,4270.677440143789,4279.454784053247,11.44025137410677,4371.192846431623
14222,4327.0482439897305,4335.2490855027745,12.958733772907195,4373.232427214792
7231,4353.20353733028,4361.406817243634,12.402620630960726,4380.778430801837
7216,4357.372144205076,4365.426949289879,11.787853377780863,4382.711819369646
7868,4435.025740601854,4443.561099862191,12.071325183520795,4465.9276504056215
7955,4437.127041870596,4445.3083978118275,12.571477458430781,4467.828596003451
6429,4439.142595758717,4447.1037096663895,12.144816271154124,4469.555832284878
14121,4441.176494653701,4450.259161088466,11.05826394037056,4472.0100607617605
7221,4443.046638908098,4452.077498446464,9.90923500398061,4473.935109710812
7165,4446.652632075554,4454.430584662032,12.4059090892449,4475.885376139946
7143,4448.362125010631,4456.233481043047,12.17435911583267,4546.351401191604
6500,4514.029106552354,4523.334735074497,10.706898472893599,4553.248131651596
5890,4517.446755600881,4525.605046838892,12.728556000451281,4555.30760957841
2489,4536.109286561726,4544.232236827889,11.59657014636683,4564.126550359362
7135,4608.713866268338,4616.514898735632,11.944811767043115,4647.976288437463
13427,4610.4903698048,4618.313050372763,12.817486071290269,4649.783298038516
14120,4627.375459236548,4635.223232445195,12.1005249238574,4651.882679920956
14085,4683.942821422612,4692.192653165817,12.076810136206646,4726.371124263208
13345,4709.396328588822,4718.411248508456,11.081710175451814,4733.812504229436
14100,4711.249472141509,4720.1924465704415,11.798574387949827,4743.403666796797
14627,4736.361117807329,4744.3820837848525,12.89798443004193,4756.769822386564
14188,4775.709942038926,4785.453480215558,11.266371187611135,4819.474086190858
14157,4798.526507417786,4807.420905372261,11.159131133885724,4841.3313937933635
14090,4800.439436534498,4809.362045857018,11.264505644610297,4843.259335703556
14119,4879.215246041803,4886.511036052249,13.56889302167138,4916.347376041572
12705,4953.715754600411,4961.587601657496,13.369737598835004,4996.4057372444695
14205,4970.4474428754,4979.408031100731,10.764251040194337,4999.013239279138
14258,4975.710401869469,4982.609204664739,15.015800271766752,5001.437318531667
14116,5043.527879047174,5052.184549448711,11.892677458654015,5086.519318655291
14199,5067.57298069858,5075.133310564853,13.48721457363612,5089.155071281812
14403,5103.347976338576,5112.038325636508,11.704774366772684,5121.030193148517
14130,5154.218143214633,5163.250286701664,12.18801996450682,5176.694403176348
12626,5250.666733837208,5258.369117525963,14.0829200003376,5269.192678679107
14642,5270.440371195574,5279.531320930054,11.335663156904616,5288.887659786219
14947,5292.356948527592,5301.147492623744,11.580179306199112,5359.237232688092
14091,5322.871951183572,5330.585586788604,14.615318026403331,5363.382758062382
7248,5329.1244654250695,5338.2809332670095,11.75807030488642,5365.252601464056
7973,5334.637936520522,5345.375375095189,9.244097281309529,5367.376908599881
14302,5374.581369431004,5383.393843855556,11.20643906821362,5393.035939789651
12752,5406.3799865656365,5415.223097563131,11.367038426324461,5449.1429103850405
11937,5408.359323072708,5417.059523870234,10.958464664522516,5451.532467640885
11951,5415.860101702622,5424.412281224499,10.332203731249844,5459.461901777057
14110,5417.742845219402,5426.245741277796,12.643729057642714,5461.361552144724
12635,5419.8974532377715,5428.347200953333,12.247884486522612,5463.221338226004
14274,5474.417997086956,5483.215530633228,12.088303395839812,5539.200022038577
11008,5496.035731016094,5505.302379134223,10.709386715867025,5544.049869202873
13527,5498.280209610852,5511.100988085114,8.17791108940104,5546.4597959836965
11407,5500.380381169642,5513.143037239714,8.149236565631401,5548.624594979118
12086,5502.523445978459,5515.263865980266,7.9955248067323845,5550.763732904658
12751,5512.918419506311,5526.018455086476,8.156684148860103,5561.601705483897
12690,5523.767065143402,5559.004051118605,8.855679333932205,5572.000429617281
12739,5525.840709309446,5561.026864076049,9.476227286069932,5626.5337985058995
14136,5527.940645596146,5563.356556512624,9.410894836983019,5629.397851720469
14321,5565.644531590965,5573.365892523723,13.82742683707843,5631.627335796987
13461,5583.509647340192,5591.281980254937,14.527999978370197,5633.499945339745
13446,5585.9185997305085,5593.590576947405,13.135498953157512,5636.902992856935
12641,5591.783649881341,5601.231547852819,10.371940174605312,5647.6618894037365
13393,5593.669996329765,5603.198473622526,10.582969631827906,5650.83802133147
12775,5595.84999257757,5605.058271910782,11.469353015839964,5654.2059323462045
12711,5598.032635741811,5607.454894215704,10.890538907574777,5660.687523395498
12766,5600.035056804758,5609.42063657054,10.28884073135391,5663.975290874053
12804,5601.904651448312,5611.345174069582,7.97410045436447,5716.375832833138
19757,5676.052353643625,5685.281652321325,10.81206309699746,5740.59138772254
11944,5678.152633131842,5687.254309574642,11.47982225426456,5742.469409500274
12699,5680.064076500213,5689.168587429643,10.210006084963048,5744.910029717529
19710,5708.874423269354,5718.373328408314,9.89383549766658,5750.222093204911
19677,5763.486552264966,5771.48067055838,13.792537342133274,5824.530061912372
12588,5765.565531479707,5773.186747261634,13.961146985348304,5827.09587425254
6564,5769.466567797474,5777.4688717225445,12.78658667799602,5831.4545129583685
6452,5867.712149605057,5877.434102357292,9.939068761475584,5925.955287517496
11374,5869.5832248968645,5879.357033152828,10.963141433492988,5928.060761015454
6600,5871.52183647889,5881.193135441164,9.7345332331803,5929.910040219268
11915,5873.606118151044,5883.112899572041,8.285475073851797,5931.640775291039
11943,5875.46813156108,5885.202095560157,6.971239211711717,5933.589352595975
19732,5943.435052552795,5954.378644057437,9.33821624183279,6079.091138431486
19723,5945.967127873145,5956.362532752311,8.985320664009686,6082.357652374144
19602,5947.986217493741,5958.434123179187,9.346045451281327,6089.821459111125
13368,5951.851363652436,5962.462811616573,9.646613293395244,6105.390489941148
12031,5953.737318328667,5964.387455035146,9.55331818885553,6108.188573581732
13342,6033.626937200274,6041.528122950529,13.460667581629439,6170.17852972515
13435,6036.1467054187715,6044.1576815791395,10.043222381235685,6179.061210474633
19557,6038.416208680174,6047.280907087126,8.509438922698193,6186.3671868528345
13358,6128.278322107339,6138.052937210199,6.962123564452192,6256.780369896753
18897,6213.70288545841,6221.409473281444,14.290234636243392,6271.322908520981
12634,6215.899990161215,6224.112933943022,12.953613556789499,6273.195375052155
13523,6231.643969231596,6240.020141296978,11.154656129545991,6275.10181697538
19597,6236.478666735451,6244.1383910695995,13.17216433333312,6276.945844063917
19017,6306.051155436934,6316.344893542451,9.21693312640716,6352.1590167895865
18980,6308.075956833367,6318.40953328712,9.652165984694786,6354.754169731439
12024,6311.638113384129,6320.433928108315,9.3357511263,6356.933111115962
18948,6512.430522742115,6521.339424395509,11.188318180560971,6531.357906109187
20168,6514.29520914602,6523.158952784676,11.111609711635053,6533.337580933925
18920,6601.638766834558,6611.239873925043,10.407377048290266,6621.724248536895
18220,6674.093511583343,6683.494011136413,10.068093735028283,6717.820068303003
18299,6678.062923907335,6687.479933495431,10.796160727289417,6721.77379153522
12107,6680.10363466546,6689.300684453826,11.515257956597395,6723.733305221261
11974,6682.74432554731,6693.137281839109,10.161895233774754,6726.970771917282
18960,6684.655105045448,6695.0779701109,9.279501377987005,6729.388293050499
18991,6686.644399619034,6697.10970124043,9.314869008056768,6731.389257182714
18282,6753.530238303642,6760.591691000403,16.46229898030808,6813.928088240998
18956,6759.89707691033,6769.4650222156815,10.524180372450687,6824.811026084919
18983,6761.685308272214,6771.304346365775,11.493901624647767,6826.805030316888
11400,6763.880010895003,6773.110361060607,10.914446259356609,6829.0333855677645
18905,6844.08760186832,6851.305265694839,17.794209811967587,6899.974326229846
18944,6848.219891295867,6857.512581644662,11.503587824322594,6904.694587190088
18915,6850.063303293871,6859.271976040555,11.791425667872995,6908.019217451914
12706,6851.890308014483,6861.07436638116,10.463052047986883,6918.117184184052
12618,6853.84068364174,6863.113431264199,9.576843905066642,6921.998305087941
18188,6855.70973458803,6865.079665303189,6.405984902622682,6976.721398538539
19825,7160.486378996568,7168.533751707079,13.094972580873103,7177.099601271494
17548,7572.056428796458,7580.189865962607,14.343515856785102,7609.700672842866
16550,7578.494530002946,7587.5261368796555,12.3868422434355,7615.677109023032
11402,7588.639062181264,7596.188069647466,15.499256317053353,7619.411499292843
18862,7597.4708794259805,7605.326597168665,13.234476820677168,7621.576504151117
16910,7653.950127177912,7661.165815303402,15.20295435219696,7699.199099571224
17547,7656.435008415557,7669.080405181356,8.446752156536405,7701.473149649168
16555,7658.568213127839,7671.128185538269,7.901927289960793,7703.5417311076335
16926,7660.769180342879,7673.274363299367,8.024204433322296,7705.631934222142
18162,7671.433847590446,7680.079339472236,8.83800040764978,7710.989882876147
18257,7673.198879559323,7682.095625782871,8.3298305033066,7712.730819470151
12019,7674.926052399274,7684.161334145452,9.30310799423124,7714.528236399748
19598,7678.902812064519,7687.270298991669,10.503934630235419,7716.544408273019
18889,7680.721124330533,7689.1192527773355,7.939102046485778,7718.452418517328
18230,7747.569366362547,7755.512731444229,12.702659071644902,7791.576029855698
19582,7749.54927642393,7757.2609698940105,12.20118339269938,7801.732479034752
17557,7751.62193042685,7759.12991157856,13.106905061011885,7804.183945082896
16792,7763.484588588377,7773.336164234143,10.32016082656831,7814.578650486145
17546,7765.415943103593,7775.304173607662,11.223978790782411,7816.451691577458
18900,7767.332289307769,7777.170746183769,9.396201566533854,7818.420008050969
18841,7924.077552625796,7933.215990047018,11.109770110781904,7966.593106030644
21778,8147.9331747642955,8156.012458983487,13.640572829312525,8163.857379733624
20705,8150.060332058086,8158.119212475857,12.435113551388795,8166.731860988653
18160,8376.959715703015,8386.015448962016,10.690172944046958,8416.537817894638
18129,8383.328903081177,8392.057562368547,12.374084926237208,8419.105710733233
18976,8398.202843486346,8406.537536141366,13.215030965466589,8425.960156118806
18164,8402.795137186522,8412.052952253754,10.982252099121808,8427.740234178045
18261,8463.731123856018,8471.581107366786,13.477725062548613,8506.685841363616
17392,8468.332300501608,8477.43706232234,11.035537713291326,8511.736943327924
17461,8470.303554767412,8479.349128748216,11.010288190375174,8513.68220054361
18161,8476.211890125809,8485.536986501564,11.082698380144304,8519.415938247968
18958,8478.134733314539,8487.405081322404,9.677128872950027,8521.607470731855
16548,8480.029280509683,8489.346572567702,10.859264942036571,8523.333725432025
17560,8481.877617794042,8491.276289227033,10.487357067409446,8525.11708549842
18118,8483.646555386353,8493.325910445377,8.994752536972864,8526.8133961873
17576,8777.924784447294,8786.231683622927,12.831854919543463,8794.53680006092
16526,8780.155701168624,8788.022560338704,13.162929203399845,8796.385540689378
16982,8823.539384026031,8831.55755323343,13.616571235388392,8866.395182273425
17570,8872.208749377223,8880.435979219621,11.612954391668806,8889.43928517866
17532,8876.188179669736,8886.128029836396,10.323531917895524,8896.98546950551
17574,8878.33843223446,8888.043268102656,9.442483147235448,8898.982520603762
17449,8914.12092126676,8923.38942689139,11.20669911956198,8956.627764990759
17531,8916.063882960934,8925.23673195815,10.493477152737714,8959.15044305695
17556,8918.106688006797,8927.148795878367,10.974278803284976,8961.696895243507
16938,9003.49135937178,9012.386934800148,12.063377831724639,9046.865645148966
17472,9005.824250123214,9014.45516572007,12.016619586208375,9049.64895637845
17608,9183.927913282138,9191.325073292317,15.86431770225371,9226.409970767994
17543,9633.780607631583,9642.44806451435,11.422720477811222,9676.5812658851
17572,9813.625550771063,9822.272490310683,11.920451851349002,9856.284163179806
