4601,147.1785201094526,155.58892781627043,14.24460103816857,164.10186618658196
5406,196.49568010896175,205.05793295902768,14.324645972507602,226.26847499145106
4735,228.64976410588935,238.2698718752326,12.410734863288164,247.94483981221566
4734,277.98579176265514,286.5851252516729,13.948016119357044,319.22491206555316
4728,283.4961381281841,292.4762211209965,12.86481236698405,323.7332490586758
5459,293.7666270112559,303.3694382495551,12.957442509847906,327.67969100848643
5439,298.7137109369871,307.60919216411656,13.350132717515672,330.0380336749784
3162,303.5537130243841,313.13063956410093,12.605928957426512,331.77775697606785
3199,308.46352776800984,316.6132667110302,14.888122656300341,333.68511992252667
5460,378.8484770385765,388.31600084647516,13.11753974999969,406.2712142407521
5393,383.9958618561725,394.28256989987455,11.13062112160252,408.988988253559
2464,394.2625376269495,402.3368914613686,14.202688267549773,411.8617572542644
3163,466.56964317664597,475.11557597031486,13.290267374659257,497.18339747194767
3258,470.8269722558475,481.2655516908965,10.961429382229372,501.7733027411393
3232,472.65883260527033,483.11884719161793,11.136743480851333,507.8081638744687
4694,532.6231547804787,542.4513545350898,11.730316364901153,586.2420379794924
4806,547.1542417377683,557.4415538515887,12.068518062274164,589.7685586227532
5497,561.4991272799109,571.6100937862101,13.12333555319673,602.0429071069217
5458,563.6501754242836,573.317131081613,12.283583016375127,603.9839583061394
4768,638.573531092036,650.4012312877186,10.731240250295327,676.0882231212242
4742,707.1955293914804,717.3753502320868,11.308141815274418,766.2376924134185
3228,723.627081332261,733.1479624353342,12.43419428547241,769.3138743336929
5430,727.3107433449405,735.5120422274575,14.008688780941277,773.7964429822002
3219,749.2174277174735,758.5420477802975,12.510191102244839,776.4614124854469
4685,773.8502527734347,784.1235310736796,12.815259545930502,794.1360347499364
3251,780.7035696407859,790.0148264717837,12.979273587048818,799.1801961644112
5486,813.5057056237865,824.1270822712509,11.383664668680966,856.2687707503881
5440,815.7005838071705,826.2678104000828,10.770438635419856,859.002146008447
4770,823.5854568271811,832.1088640924178,13.367641132771697,861.394396554073
5407,829.3586149876575,838.4686302120705,13.347438240247737,863.4056706615913
5484,932.3269456405789,941.2640767143141,12.55592194093733,958.2433863718179
4788,948.2708305873939,956.6729743394234,15.490609130343351,964.6120678007178
4738,954.2257532534652,965.4706678501884,10.339892470003615,977.0467156596043
4750,999.0415369801669,1009.1791134413079,12.832481781987667,1043.4379583937975
4729,1005.7435140161149,1015.1710472338525,12.672523032656581,1045.9649580194055
4707,1011.3629947938166,1021.4874158854175,12.243266662823427,1050.300687323416
3134,1018.1922987976868,1027.1924661349651,13.16492501342354,1052.7663023540965
5436,1024.8106906218568,1036.0918273431644,11.035141925871983,1056.6214673014179
5422,1026.7190214819864,1038.0075071374292,10.615128474526088,1058.4989450635724
4783,1048.0260718595869,1058.2469104574052,11.050743923760283,1068.7298357663847
5457,1099.2757375234164,1108.088767677309,13.428891597339069,1128.8358493919695
4776,1131.9557581069369,1141.1069615167305,15.625758620795986,1149.238667704195
4706,1138.5329163219828,1149.3559108193558,10.700082856218112,1160.1793110903618
4794,1145.192795934524,1154.2943485182975,14.267371721586514,1162.944003468422
4715,1151.861168820794,1164.0178510877677,9.948940259139798,1216.2001747985112
4766,1245.0113404981257,1255.3056022005483,11.089936982671448,1306.5827151256694
4740,1263.3907553806773,1275.107785922894,9.623807715746599,1309.6698799241253
4704,1265.9481770031648,1277.137371039405,10.842468331995324,1311.9053355838075
3141,1284.171729269713,1293.072979521325,13.205257760296616,1313.938773215544
3250,1288.192184000843,1298.4581645343344,12.197388620827425,1315.8149464152953
4624,1314.9275049691744,1325.2269873938924,11.827132266355534,1335.9271870422385
4782,1322.4316491395657,1333.1438777257292,11.617254877484525,1344.210727889232
4764,1328.3849445508727,1337.6032268009196,12.78443928814486,1396.348367800616
5401,1385.1514076729056,1395.0727361891459,12.07308097081923,1405.4974691729528
4802,1403.3847025473356,1412.0024241523267,14.726414352097303,1420.514103149914
5443,1542.0526188656586,1552.4557073866183,12.0172871087152,1578.7803978214888
5472,1544.1340838162657,1554.2606770368334,12.437613635012914,1581.1498685519934
4795,1586.738426738092,1598.3728044241566,10.457403746287902,1610.380914109828
4721,1588.6535507455546,1600.2861067020926,10.067334939499256,1612.2179622965898
4666,1592.050957582084,1602.2754193342341,8.87975879819795,1614.0966872793172
4736,1623.6348692428278,1633.460723089754,12.320550031367658,1666.2283963985783
4720,1629.8611055419697,1640.1891856558711,11.442533768712888,1668.9895128311769
3135,1636.6772684816244,1645.562530433167,13.10206239790086,1671.184912727314
5380,1642.4494066724144,1650.018551406331,15.925399179437674,1673.2754490810933
5383,1644.157828252913,1653.087060039387,13.124484479294518,1675.2867886829497
4682,1685.4782556607736,1694.2377420008652,13.256122759027809,1703.2396487715655
4809,1716.366483828445,1725.28775270127,13.378679578481384,1756.106900260426
3128,1728.8416963047935,1738.1758180340282,12.948701213215065,1763.16049782238
4761,1783.1664476198987,1793.238900606034,11.999968967004898,1846.1332275040154
4670,1785.343627652752,1796.1119164900172,11.151129196909878,1849.0067025219234
5466,1827.4555576436408,1838.1605818402077,11.176114697852148,1855.9675730869665
3255,1858.0526616904488,1868.014880603635,12.482010444388315,1877.444107893146
10263,1880.1542212282357,1890.388836697239,10.924225965696863,1941.7494363688136
10271,1885.1915722939068,1894.149583049074,12.737270298597265,1944.0702995787997
3227,1912.9974390468776,1925.2393918531598,9.263308040506253,1947.000912296779
5386,1916.1541359612122,1927.2473216526637,10.061404587848475,1949.2183715289907
5474,1926.4314264901075,1934.0531246450444,14.984772971982068,1951.140748393111
5389,1928.663003140864,1938.115642324118,11.996155191241252,1953.0579598053637
10243,1949.0982509240287,1962.032484078623,8.763270965794248,1975.3832892085984
1764,1951.252106236449,1964.0433460564689,9.048787850869056,2026.1241152861485
3259,1957.5957464215458,1967.4472900918736,11.837796829032978,2028.9132543560572
10224,1973.3383481328253,1983.3798865806432,11.380734374402172,2034.054102971672
3191,2004.053664379487,2016.1846754006435,9.531367960033663,2040.2448705498227
10932,2005.9580729573336,2018.209659943078,9.715916882574522,2042.7155398366754
5490,2014.2714432495723,2025.3335933381966,11.340963526666815,2044.8495348083131
10215,2032.9113889249893,2041.0922012313297,14.325982637958333,2049.4766825405122
1069,2042.1001349762169,2054.2971033144613,9.366796549571307,2116.230589458038
367,2044.0416653555246,2056.3302739507485,9.707972661990514,2118.850802185074
372,2046.0690035615537,2058.365233614518,9.521809978154039,2121.237245839477
10164,2057.7243532151288,2068.386832350387,11.140528579457621,2123.58521628528
10288,2073.901212335813,2082.6448439240894,14.275185010053464,2125.710713513286
2505,2126.3768141175,2136.2486369494254,12.91105596470341,2145.8498496670586
2501,2128.4321475706074,2138.584317587549,12.202852508010245,2148.7082312276943
10242,2163.7689854984715,2172.5646655843575,14.901635621194169,2206.58651426548
10956,2185.6343873078276,2194.157544829908,14.233803834554818,2209.5745566941187
10987,2198.5232427459673,2209.511182778966,10.418326818242784,2220.8410622421507
10231,2218.214296727909,2229.36270434987,10.626950472479175,2240.734073654627
10134,2240.4494355675824,2249.524310420761,13.175609433050782,2299.3745912844515
10959,2284.6108159255928,2297.2162725164494,9.198401374011734,2310.108089560058
10970,2286.739125606341,2299.1475953531344,9.200984521690923,2312.011015790959
10892,2288.8169840835426,2301.1512738647302,10.69537913419205,2313.8447666909915
10295,2304.5495223456255,2314.3073288565824,11.656719573680203,2324.5199668976215
10246,2440.3554534982295,2451.2927388368407,11.037724415937909,2477.3981186772235
10241,2480.790362948996,2489.361504779716,14.068194467763922,2498.0632313216656
10209,2487.127141287696,2498.3924864346986,10.845524958333431,2509.575290917944
10253,2492.9550168491337,2502.033858944875,14.055943549077673,2511.532412114152
10205,2499.249888051205,2508.1894017529007,15.268587302258076,2566.1096876255847
10107,2506.0881935029347,2515.2976561040055,13.866479142883371,2569.1822310910393
10905,2523.9711891525467,2533.594716982892,12.776236616026555,2571.4744158797525
10962,2526.129169250375,2535.401321915561,11.999458181878767,2573.457570860828
10941,2528.1411549500417,2537.2962520529068,13.132163458387147,2575.5046346722233
8761,2529.928854235073,2539.2448188661656,12.548224548584711,2577.754395286711
10282,2534.1003333764124,2544.160065401692,11.418647339994715,2579.6277654440037
8597,2557.342279006633,2566.5375355046904,12.130464720737592,2583.4232055531197
10208,2578.4232685255565,2590.242346022,9.673054973288098,2602.297082831448
8714,2613.4854208733295,2624.5381263209965,11.127180878505946,2659.237614970863
10890,2623.9882851238413,2634.255706118692,11.490616659280144,2669.810200427488
10257,2644.3528561098124,2655.447642259382,10.743972160206607,2672.4894122037117
10233,2674.659772044496,2682.1024957707664,16.71442962875321,2689.630604153164
1795,2703.696031079192,2714.0373695406633,11.866824950600604,2749.140463026691
10901,2707.6769176249672,2718.5114280375597,11.142624269920544,2753.346245152593
8624,2709.467338458158,2720.4433442577388,10.588082675956725,2755.4408954425253
7907,2711.35647961522,2722.4205518514705,10.255775865313923,2757.5143293377187
8723,2727.12526736439,2736.4609611963415,12.070601696216615,2767.063984802017
7979,2735.888957972138,2744.290293395527,13.467222238741215,2768.7556501677086
7991,2750.3794718303893,2760.237385664607,12.747455937318136,2771.3283652242285
7848,2801.475455815709,2811.4167326624133,12.823853781084289,2839.161455619098
10908,2803.5327005455447,2813.123957473684,11.775114422410695,2841.52045157926
10195,2805.475668161533,2816.294844493251,10.400150776294243,2843.52298232749
10262,2807.3086318608102,2818.1885305343435,11.258001659206098,2845.5136556731964
10984,2809.225860938252,2820.0255312154486,10.738858473268333,2847.2431306867634
10922,2819.8018074876904,2829.613001019723,13.393874433794801,2855.2560565878525
8716,2828.8119916664705,2838.3839718295576,12.18447340285183,2858.9967995811553
2518,2837.6552086892684,2847.2092243477005,12.671274113784147,2860.7784605532106
7208,2840.065117163747,2850.0062860895664,10.936576200991018,2863.7748504501756
8680,2846.3115690007976,2855.015781237919,8.517534316993206,2869.805917229243
7938,2855.516352831812,2865.2065030116732,11.793599920143054,2875.1635888375063
7967,2857.4304937355428,2867.0164423297892,12.810386112301098,2926.1773872334234
7916,2883.5817898532655,2892.595876098624,13.298014462755665,2929.002265368984
10211,2900.828850344533,2910.062118847204,13.10876420994702,2936.6745860941055
8650,2913.112427299318,2922.5266463156536,12.615117930478256,2939.63759607013
6570,2930.428257802856,2939.580594010108,14.454750372465053,2948.4890284054823
8682,2936.301698545732,2946.166492885971,12.31800803365046,2956.395595148132
10954,2973.346900699829,2982.500900083838,14.280972140186078,3019.528137360656
8721,3022.5855771797887,3033.0209165672936,11.723241072041946,3043.653425839403
10227,3063.9085897870027,3075.1645259959137,11.138806849053987,3109.1193614645363
10305,3080.629422354469,3090.06269914008,12.240725462287287,3112.190079297404
10898,3086.5510384192344,3095.0008775039673,13.704231188985387,3117.0469827874426
10259,3127.5126000528417,3137.1380084215975,12.662310008498476,3196.1447990122924
10219,3131.347276127436,3139.3486255493026,13.032701165403852,3198.9218878622887
10255,3160.6141259464375,3170.50511350018,11.750390413449887,3201.2694062658643
10260,3162.454879518031,3172.337681231321,13.232135753410427,3203.493272400168
10122,3205.532953476208,3214.436675975753,14.089052483274278,3224.7619264418745
10221,3212.642963012193,3224.3220701535374,10.202481950560246,3286.2772193231112
10256,3221.131575961345,3230.452401030596,14.535659304508744,3289.284801944259
10135,3294.705235926345,3304.1451079172434,11.689020291470902,3314.193078950161
8603,3365.889571267121,3374.177565521265,14.348159688569696,3382.8008106004672
10264,3395.999366688837,3407.4471408436957,9.996790056349504,3466.1208310244365
10247,3426.0736001075625,3434.2009490163405,16.06449657083016,3468.765172951776
10876,3515.9761522463773,3525.1558347759205,12.815473832215732,3561.460237859686
8683,3518.1267340218737,3527.115449358066,13.589714899912353,3563.3447825856933
10252,3531.4920300163267,3542.2408642562295,10.865564613815838,3567.3596163715547
10985,3542.436412127882,3552.4595653647557,12.174637593212704,3569.184396421177
10974,3544.707036983907,3555.4380942797006,11.720968774473869,3571.0510216985676
10920,3546.6194691475707,3557.2573532151623,11.910004020311385,3572.884654137594
10108,3611.8741278072353,3621.0530542843476,13.881308932817296,3646.1219255246133
10188,3619.5893401445696,3629.2521711644745,12.442832881069101,3648.7763570066527
10121,3621.482221287288,3631.012573318812,11.56030574643421,3651.242685949938
8750,3652.5580388132125,3663.2342004389025,11.559863285471558,3673.9928695177837
8711,3656.3459381687335,3665.1649578131237,10.764698328104743,3675.927989232651
10942,3718.662044676728,3728.0994583760935,12.470483155863482,3743.905922131841
15703,3725.611815421374,3735.346036816404,12.687948209525546,3745.9906942526673
7281,3741.635121320895,3752.076433742929,11.505831244453022,3763.3212972577126
15780,3743.8354112673196,3754.1519414670215,12.058110988927977,3765.1656512181457
7265,3748.631066553703,3758.4909848865573,13.374195481384705,3767.9566402964915
7283,3750.690115697286,3760.5689663102967,12.622352106328247,3770.317394930561
7270,3752.855012266652,3762.345770058072,12.534778887000297,3772.052321859469
7147,3754.9630153557464,3765.4105454980927,11.698463607543431,3826.199980456552
7957,3756.7831639577767,3767.1908472506425,11.89377015252584,3829.244542509053
7146,3760.832355943061,3772.127977528446,11.085083263413972,3831.5911629444545
15742,3789.76375274238,3800.191780042272,11.023258217472973,3839.8244786562627
10935,3799.1027058247078,3808.2767421818685,13.01642159407018,3843.5310366728554
16412,3803.6171225009753,3814.3869933237866,10.679918634822847,3845.7830177257442
16395,3805.5419048860545,3816.332830394495,10.707465699605374,3847.4786039178343
6481,3839.9861609595796,3848.573434077627,13.087616238633643,3857.8002022247124
15765,3877.7425614397503,3887.07220099665,12.692966141110446,3916.326256280466
6430,3922.264919863037,3932.280823191142,11.590767013613759,3942.5398396460037
6583,3924.179753290626,3934.1257645473697,11.74970779365665,3944.4013758775077
6588,3929.9473883260057,3939.5164022813433,12.92591573860901,3949.653356794334
6574,3942.2154126719515,3951.402473798301,13.093774048290804,4007.7416236079175
15706,3965.680155774607,3975.1138079855173,13.248684180085785,4011.2360249798926
7263,3984.729010382372,3994.5069171878017,11.305970925373957,4019.3319451768425
10949,3988.938473575564,3999.163579946324,11.353803399968625,4021.2108698900533
15777,4011.219482465717,4022.0797997519803,11.638318226732522,4032.9202415251543
15727,4017.4959272450196,4028.342004717447,10.649634356008416,4039.5702462344934
15758,4025.393957324893,4034.0620398276974,13.67400487174725,4042.958345558427
15762,4122.732649570606,4131.29152579635,14.290915691441807,4186.505265128869
16391,4158.349533953172,4168.21566021384,11.23054544755991,4191.774576408199
16464,4165.981409235123,4176.412796729281,11.459240665436202,4196.170330626426
7148,4167.851569681903,4178.328751932502,10.223364439868,4198.098522879894
15807,4198.124827622333,4207.443816653682,14.569942471466307,4216.016473594015
16442,4235.87027982966,4245.301515683704,13.378735887985771,4276.124593166933
16498,4237.771243488732,4247.055931478066,13.238233501836854,4278.9548163376285
15634,4239.868890643945,4252.158476635873,9.925568245036152,4281.77036307596
15686,4242.111981594429,4254.084710810774,8.845440641372285,4283.876588247671
15609,4244.113410962029,4256.0941637545075,9.244000933194098,4285.83036926306
15668,4246.139817301285,4258.072585344838,9.758827438118349,4287.960666671168
16462,4251.241186256768,4261.041835546285,11.801371115346251,4290.004354680776
16499,4253.915833406976,4264.145521150173,12.316594780683292,4291.867662848883
15778,4260.468070774393,4271.231752659452,10.566467954879956,4295.681114745406
15705,4293.279849750364,4303.5306837932385,12.09538381403208,4315.726190506436
16441,4323.579247717512,4333.015332782162,12.987488749714998,4366.3137151869505
16463,4325.585827735129,4338.209872636272,10.028804546115254,4369.329853869254
16385,4327.564939443544,4340.175786072802,8.641277840285628,4371.462018680019
16473,4329.470614782199,4342.204253753524,10.533900332241656,4373.830749408027
13473,4331.45243027092,4344.001590982771,10.181596303773922,4375.948264469619
13477,4335.463773157781,4346.112824021089,9.595629787667251,4377.927724732669
7162,4337.3306791036575,4348.1647435566765,9.255979002787843,4379.855257781865
13375,4339.221267018035,4350.245551608567,9.935920488551261,4381.721967273609
13372,4341.033605864191,4352.225456104743,10.46127433104078,4383.598031332795
13380,4342.789399365601,4354.145625673576,10.71612911192208,4385.3783525314975
15576,4358.365255335797,4367.436922496648,9.137240887185767,4395.242043953188
15715,4387.042661723873,4397.182725541656,11.636548186354242,4456.380873161163
16419,4413.339520023522,4422.36993852579,13.187117880963749,4459.05513620041
16291,4415.243244264164,4425.239757555725,11.60269930012589,4461.316506701281
16452,4419.143607342107,4429.126708013876,11.834900302707469,4465.617501835098
7275,4424.944671892611,4433.211198024244,13.918956237031072,4468.3116407072
8631,4428.918944732194,4438.375416328369,13.04042961591454,4470.456815423848
7277,4434.464938953277,4444.399237778091,11.7896331275858,4472.455117113721
6611,4462.457725562761,4472.31189243742,11.95021967314288,4483.792083356208
7216,4466.4429029789135,4476.181115259766,12.495326082001926,4486.12107877694
8599,4513.43038454946,4523.16180780429,11.657378793980065,4546.508929939331
13459,4515.482346672004,4526.319390671033,10.884580295042129,4549.136217400889
14192,4520.3924324991485,4532.025583694742,10.720890580493005,4551.468315270367
16440,4528.764068862335,4540.076022449386,11.01260197738405,4555.471587748614
15803,4556.841914722793,4566.440860423299,12.740573048951767,4576.341439984201
15736,4563.346922775653,4576.351499500649,9.312901267395052,4636.416363324383
15755,4614.02435883227,4623.210091748567,13.584288983162372,4644.641190530675
15613,4744.5139854053195,4755.308684023378,10.676714284962522,4816.515492065477
15714,4776.1008511836435,4786.332668662496,11.273387874322367,4822.005077609932
15721,4826.727738031844,4837.3096747293575,11.146478439418358,4848.005213481126
15733,4839.492489419104,4849.451786872103,11.165609965806732,4909.044032701018
15786,4873.254500787745,4883.0066764199755,12.372011109528215,4911.768471643941
15747,4894.21704283319,4902.327217890162,14.98888390816381,4914.023893302144
8656,4912.68651926894,4923.014070986748,11.274513652186874,4933.905695510426
15740,4941.061449060004,4949.430807804652,14.517428264708604,4998.944003638368
15746,4945.299408532467,4955.3889115393,11.68541714881458,5001.014887151196
16382,4954.094258190889,4963.2765581768945,13.588075989009893,5003.079081213117
6581,4974.029516276063,4984.54523874378,11.363638709307304,5013.115316467731
13492,4976.261372890456,4987.410945432394,11.0221815842114,5015.065079056994
13452,4981.708241610443,4990.461451331651,13.20961518285375,5017.032976926897
13519,4983.480696660144,4993.04386001625,12.322509761667954,5018.935362507395
15808,4985.450705085239,4995.200479317163,11.682049754653818,5020.845621363712
16433,5055.961890845473,5067.317269999375,10.670874704897525,5090.899885810975
16416,5057.896967136807,5069.238179813343,10.997530371188045,5093.470414215829
12729,5059.794613454377,5071.06944248923,10.50313268792353,5095.767214509219
15730,5090.559382165435,5100.425309720686,12.65429723756248,5115.625237004966
15672,5097.8808195026795,5107.483311585543,13.95220592217941,5119.361370890176
15536,5105.753224064673,5115.446827029305,13.68124753358756,5124.379973399765
14247,5139.207047153067,5148.2978133701445,13.755964301533288,5181.400096756553
16226,5141.162081392067,5152.058239220313,10.602171984361272,5183.583812738124
14105,5233.786243242452,5244.3247246014025,11.770681383864591,5275.022855357043
15724,5240.1868401780275,5252.278373543098,9.76431366355122,5277.495870267653
14196,5243.507246807018,5254.286726000233,9.798823381486718,5279.448629152865
16423,5251.428247153444,5262.4923939309765,10.632352316533643,5281.312910456287
15748,5273.147840661437,5282.231711414196,13.255543652541874,5291.747160608512
16456,5313.730860154504,5323.461313242341,12.006536763420991,5356.336128437242
16224,5319.94760712456,5332.156079971445,9.850653414653468,5363.536201129805
15605,5372.55298499285,5381.425099015984,13.291761061350867,5390.6286165908
15753,5382.553236398761,5392.390991253606,11.47413204521952,5446.3402229080475
13425,5434.492736828204,5443.551896615336,13.180566001072615,5459.429113180867
12657,5436.242972258022,5445.530976445978,12.88550714679671,5461.236989967799
21200,5456.074442772046,5465.550675923832,12.809781161445333,5475.171721194462
21107,5469.286213482876,5479.312804574413,12.204623095744983,5536.215281383138
14179,5493.411526006673,5503.548543483905,11.646766946828132,5539.032337278972
13516,5497.917671934926,5508.270269107822,11.719842199507548,5546.716841053179
7243,5560.114821495335,5570.55846958867,12.493254901664411,5629.2102617152495
12709,5561.892266704244,5572.471654803895,11.829925302729537,5636.766008517447
5871,5563.81661793757,5574.278353643483,12.302109618706936,5640.0364516134405
13527,5634.647321855243,5649.382300096298,8.505316871994673,5664.715233853247
11407,5636.829812323664,5651.375291232112,8.482856762494947,5717.366169914214
12785,5673.7341928720525,5683.541333148559,12.543519792440588,5728.382566333218
12030,5719.667769237105,5729.107134073898,12.777097201826509,5738.7255991241955
12751,5721.948776431496,5731.575927545979,12.008488726036646,5741.643080999585
14170,5723.7746544670845,5733.383223713137,12.164959654409174,5743.3977796626905
21268,5750.737800857548,5758.639009489739,14.896508652000234,5806.181498042504
16418,5853.663769188993,5864.250260575608,12.023807759247235,5896.237832183527
16455,5860.979947632196,5871.114371927809,12.47242958529546,5898.995303853999
21919,5872.3093560355,5881.470057490888,12.695958575320208,5903.508962055193
21950,5874.28146520895,5884.00442400822,11.607450796163668,5905.3913534328
21100,5988.437552338787,5997.431480935122,13.758558659079906,6006.053427111594
21239,6038.128367461025,6047.235034410939,13.348541186900759,6081.240066759374
21209,6046.600204778205,6056.193825224498,12.638246894138605,6083.426096713901
21900,6048.5536531489215,6058.024192738459,13.597983745873115,6085.423117398248
21259,6087.14549183863,6096.2208972384215,13.242033932648235,6105.36757092509
21271,6089.25304393217,6100.06925214666,10.58652505675297,6111.493298300499
21208,6136.68652261914,6145.31417161558,13.36252051452215,6178.155542924587
21276,6138.510053567084,6147.12932377054,13.195101548865637,6180.371160771669
21242,6157.375718671335,6166.477637008871,13.614812364736254,6182.316605057388
21931,6227.286383824725,6236.302441981502,13.057538138874362,6256.568534107562
6463,6243.854901754493,6254.027910358086,11.906350590020448,6271.815480850749
21309,6261.315654206145,6271.1621710868585,12.183389140299003,6280.7913991846945
21243,6268.2571018782255,6279.000461341364,11.025910886099075,6289.769226856603
21204,6270.513852562166,6281.166113976768,11.557634091663063,6292.187343800323
21993,6309.500010817603,6320.257068094313,11.659891724367833,6349.388843375062
7173,6350.10914666549,6359.382435183543,13.525054968983877,6368.996184959075
13432,6352.199231609372,6361.08425673618,13.561259757043972,6370.677706357126
13358,6356.587262516979,6368.095039998093,9.921532061820246,6379.929884391753
21194,6358.199599556481,6370.049497749857,9.947580984606311,6381.8111780183035
21196,6362.576611964258,6372.352723624257,11.101010305418423,6383.595892095235
21830,6413.676517080747,6423.128949990382,11.892810263364057,6443.180430695184
21791,6419.411905853008,6427.141760144453,15.273327587401623,6445.510772833422
21909,6421.516735061934,6431.482181975883,12.16697178526257,6447.365591713097
12755,6423.347162583222,6433.250990142779,11.646135750728249,6449.259335945783
21264,6427.011031742094,6435.501854347602,13.975780849263959,6451.2548770637895
18917,6437.842939707277,6447.507863129587,12.482706718862069,6456.95355163255
21216,6445.578858740858,6456.150628920657,11.665550654339269,6466.745210511328
21254,6460.797385081704,6469.232977611743,14.39738297675286,6526.375220528669
13463,6490.0084365149205,6500.251154453413,11.190837841143448,6532.0691178017005
21892,6497.793499756393,6508.3467775115905,11.125116973412771,6534.185724847957
21246,6507.8377341529185,6515.049423043218,16.6915899187772,6536.099610821769
21946,6512.609744368121,6521.05395057948,14.081991762802375,6537.987908293881
12693,6528.04555920585,6538.332272835375,11.570485767213748,6548.800200599562
12669,6534.278117998197,6546.071207647098,10.847380134292615,6557.8936120390945
13500,6547.441113474491,6561.21881422422,8.883290527067322,6616.421483018781
21278,6573.346387853101,6583.444858204506,12.289117900913597,6621.9652684274415
16472,6575.746302053271,6585.258349893202,11.555144226227483,6624.146263343188
21969,6579.988272148818,6589.246146783482,13.251292565034776,6626.369810960434
21837,6583.823254710966,6595.221486042113,10.850582517539179,6628.417635241873
21998,6608.771345921406,6617.533526373,14.069104784588776,6632.142899208072
16446,6642.338273156988,6652.026593251491,12.050636884465396,6711.697694419213
18256,6652.967325910543,6664.099250118667,10.905282039634582,6720.825130404787
21973,6664.0779250557825,6673.255046859848,14.636343236202507,6722.815692816668
13515,6708.171291390474,6718.161330031461,9.239178579616407,6737.537400016123
16474,6759.543606830078,6770.467619572133,11.044501492434406,6798.848117646266
21226,6769.006107930359,6778.531237462,12.526452739175697,6801.072948373881
16380,6782.882007324594,6793.023267582652,11.920620740913424,6805.150727338592
21968,6863.03427966216,6871.617545961177,13.646896769023458,6887.549920709961
21951,6865.53431351767,6874.470005369044,13.161223638495505,6891.593863744497
21924,6867.6301975915785,6876.354967920147,13.851015221783722,6894.203415372485
21229,6900.424103238082,6908.561772295002,14.77252675173186,6917.027423778874
20674,6908.067410302391,6918.31240963911,11.68949538050671,6976.237844848413
20760,6913.680679257119,6923.448362424497,12.157492688135523,6979.07940092554
21015,6915.678618698207,6925.5438219868065,12.466052688297086,6981.2785896882515
21154,6917.935317734841,6930.047205417324,9.516185391873005,6983.679465916042
21187,6935.787284184684,6949.036226876304,8.525113712326194,6989.885582960521
18963,6937.957846365398,6951.044379251088,8.742917783896388,6991.6762654561235
12795,6941.531571665024,6953.072873786081,9.466120002756757,6993.654069588039
21272,6943.36969286783,6955.014561630088,7.705712731317224,6996.267556227466
21112,6945.318393477185,6957.103997552813,10.043694326235228,6998.463385339804
21910,6969.37218847037,6979.414612399237,11.773156392570984,7000.629948482445
21967,7057.0949677200015,7068.105889441748,10.517064878395347,7079.264952395138
21218,7114.0600846849175,7123.363001265545,13.764085598449897,7156.288778422057
21241,7165.134185713761,7174.195039128921,13.499607407627519,7183.575848610779
19021,7248.945512390975,7258.150324782836,13.448244060191914,7267.588369025132
20557,7517.840710621236,7527.087151440028,14.24344477325976,7535.46788825453
21901,7563.7779586895695,7574.028041641586,11.938397383355552,7606.211933890173
14076,7577.774163654622,7588.420028381586,11.24591372724561,7618.809160408159
21907,7579.635085359527,7590.323304253691,10.291281306834405,7620.7291945128245
14144,7581.427597214655,7592.26373046689,12.366184385464873,7622.545278757133
14133,7583.250002246406,7594.130482529776,11.832264769806578,7624.382203041664
21021,7653.650268974062,7663.327119548816,12.421726902238937,7696.4271367958345
21888,7661.914897710824,7675.135483391147,8.912112432888968,7703.627873408389
14127,7669.846090515461,7682.068403396516,10.092809345063735,7709.711874376703
14107,7673.668991272347,7686.091087032367,10.73178437102952,7713.455907710756
18885,7678.621580818234,7688.035253775316,10.872839236809138,7715.289347355571
18925,7682.592441830227,7692.54165197713,12.559508986478855,7717.177697919633
14256,7684.406701645213,7694.299159916361,13.057516360355644,7718.946518051101
14131,7686.238207587858,7696.037202516762,12.08492796863817,7720.640079697562
21994,7766.791925481169,7777.442875590003,11.123505664326029,7806.766920447344
21971,7768.642737557813,7779.361272534292,10.651803633363995,7808.533414763387
14093,7775.165113080726,7786.24606120448,10.713400011805259,7813.1218431340185
21908,7777.091746775156,7788.200073763351,9.106013425762873,7815.006388018499
14092,7857.469092871086,7867.539853597692,12.747518354883429,7883.748266178382
21985,7934.259983820716,7943.010317035085,13.317957170611926,7966.188591552803
21874,7936.122624994472,7945.497131290487,12.904977966086339,7968.981071536565
12050,7947.614221536753,7956.132383903634,10.973574818615996,7975.184879787336
17516,7950.420870441586,7962.295374757134,10.34992207053646,7977.0103533717775
21955,7952.39412841937,7964.3584712737265,9.353860613718057,7978.872264098913
17441,8561.718840528561,8571.21348210527,12.707865525589956,8596.472230340003
18210,8568.324239938056,8578.4685895032,11.458188221097421,8599.11595246527
18270,8571.708248824925,8580.588983589842,12.671653547620142,8601.42862489621
17528,8653.849473906064,8664.087852390245,11.959086254069852,8691.564879187963
18918,8733.464178640917,8742.596893561391,14.233440149126517,8776.380156782598
19635,9127.238708396391,9137.063138382973,12.257694193382713,9147.076195860167
19577,9198.745210057661,9207.485872963047,13.374249395563844,9226.12576138542
19705,9286.340601194588,9295.04912056374,13.07836581236443,9319.20305509617
19613,9378.095113812917,9386.433777913924,14.460704776347864,9406.202058388759
