4756,275.9814715329929,281.0380812551232,9.55681180273578,286.6307767100223
4716,319.1837099762837,323.23398736997046,13.47233282195202,362.93295648549054
4757,323.55026028800705,327.429272575148,13.225905829815634,369.71612367548033
5419,327.1444253509294,331.0047955786954,12.788299913433923,373.33467179958103
5439,331.3912486377543,335.2420448033554,12.600728522098155,377.18160405988806
3162,333.2738591730325,337.4313564073172,12.033064041105867,381.5652582297223
4777,453.4948906113957,458.0787751943449,10.854666549525648,463.0855059527305
4773,558.7516881072175,562.3430850863,13.821018303065058,566.5362812373809
5458,605.3858576242305,609.0434152320943,13.954657919527314,631.433485374154
4211,639.8725097994941,644.4200607369639,11.629272522859758,649.3037679012662
5390,780.3771609698164,784.3406524105192,13.024164337270486,819.848072080542
4516,910.1905143717619,914.2495288964245,12.0571000625768,918.7120795842748
4181,916.7917100730256,921.2021311764887,13.463357933000879,925.3617877413708
4055,919.9196924604045,924.1561643309434,12.227612782354685,928.8187490692335
4738,978.7193180610042,983.3978888572111,11.00971817002304,996.3161597387925
4058,1002.2631419862876,1007.1330062739399,11.83134774934364,1011.8200899990893
3134,1054.18734007411,1058.0287155599192,13.59794072442293,1091.6870554180875
5436,1058.3565956123045,1063.2228875053947,10.144164771019508,1098.6198803445322
5442,1132.9289482700374,1137.147965321059,12.202095459272616,1171.4667194427664
4706,1161.8197915643416,1166.3511749129573,11.491819929871628,1174.1373955133008
4752,1266.4759808593612,1270.461961201392,13.747442010489562,1274.7026762184867
4766,1309.669807500427,1314.2140061036773,11.787393615202117,1351.4917668544663
4701,1368.8572241507586,1373.084768852271,14.95850709894707,1378.2002334301217
4044,1451.1254934209808,1455.3277397138027,11.732122649328048,1459.9950146380006
4771,1488.8122240959651,1494.1593791130956,9.977696914384486,1531.3464713213516
5433,1497.3108462418643,1502.2491915715482,9.990029937352505,1534.0514346490913
5450,1499.485606093741,1504.2250432525336,9.660225197486142,1537.8564414876294
4725,1516.8280225288736,1522.06716082267,9.79608089904146,1551.2960988390519
2379,1542.732633885339,1546.5884875199179,13.408300525529777,1554.0292266432155
2348,1544.3912743670514,1548.24627012115,12.841748001344142,1556.0816906453758
4712,1567.7351489650769,1571.5730114918433,13.691667291739614,1621.7186438061312
5391,1579.0225617773124,1583.0175455984888,14.68332638764775,1624.5235499370854
5443,1580.8630919471648,1585.2592724587676,12.445080968408055,1626.7063601739708
4721,1613.614368468468,1617.115074635999,13.925228181204618,1628.6921487578463
4737,1631.5071970963972,1635.5410243493945,13.117281591582108,1639.8574167910033
4736,1669.264270734796,1673.5452288602162,12.190304553668229,1711.348399493445
3135,1673.1840118605014,1677.0739880291662,13.714553923286601,1714.2956064281748
4778,1721.9953397317502,1726.0458769405102,15.223464685842602,1730.4397304055294
4724,1725.8518119458827,1729.6055124518123,13.278809695032887,1734.041510028395
4761,1848.709133121453,1853.1021389582415,11.26412922561,1891.4546604493266
5466,1857.6108220128806,1862.2275044886635,10.758459053896454,1901.2845190057847
10239,1983.6359471040705,1988.0303983858398,12.903221635010937,1997.155321423662
10220,1989.4882008572247,1994.4648967645126,10.666518542877071,1999.8520288256286
10936,2217.6345217935445,2222.008538827754,12.18599578365145,2262.736271332673
3109,2220.648977189158,2225.283547021146,10.507031982322538,2265.878481620723
10191,2274.59640549484,2279.3636340336648,10.114069898447285,2284.734528521237
10928,2303.4266316383773,2307.4735908571006,12.064445466328086,2342.8675588890596
10959,2312.005747847291,2317.3077111920065,9.488480453320578,2349.9257607612926
10193,2352.1115642043437,2356.036013708228,14.764561858199613,2359.7633331593006
10906,2395.319172849989,2399.517708184431,11.944585791085304,2440.5423211888433
10246,2481.529381817809,2486.3977754147404,11.177178466393107,2524.049424199844
8597,2584.7532949739552,2588.510190799757,12.970147270461167,2616.9673402092108
10208,2604.0946945555042,2609.143089110885,9.854605877391338,2619.012973074692
10269,2606.031591941739,2611.080733657285,10.228762828574213,2621.0065354308026
10890,2672.853406098131,2677.529194229196,11.21877474900705,2704.110517457921
10202,2749.301713657192,2754.071911264918,11.215041935602091,2795.196959863781
10901,2754.9882751508817,2758.640862087569,14.492566882977739,2800.098395423265
8624,2756.9667081535677,2761.0343979573486,13.290134568416537,2802.6238672350732
7907,2759.0274995863397,2763.2717067244025,12.385333667940275,2804.8839391702027
10238,2760.808221044394,2765.0812171653733,9.134723392862496,2806.741889574019
10190,2762.6384030571508,2767.0707722869415,7.189422486198807,2808.6430240856425
7874,2838.9259688505113,2843.254534732659,12.086388066366466,2884.9201237469547
7848,2841.273820054281,2845.4704528596153,11.894100660419902,2887.9937236291676
10908,2843.294138902754,2847.2922537027944,11.703452110262152,2890.652332170316
10893,2850.818592754966,2855.242634019426,11.904191493315881,2894.834598072595
10274,2895.9864147124513,2900.0722764216057,13.344005263563654,2904.3110942133158
7916,2931.2142206612352,2935.1496321194395,14.030672962169918,2971.459844783746
8650,2941.9404530010684,2946.005607067383,12.619767404829966,2978.34854261498
10244,2982.4137878775664,2986.4529238064056,13.396644589866344,2990.5734856898853
10877,3034.0630986930464,3038.406856415654,11.237311758647984,3061.527592017771
10227,3111.2841154930597,3116.0751557913554,11.066553920933746,3154.118856015399
10255,3202.925784400923,3207.056735947937,12.745957858867717,3241.344210218099
10207,3246.1129706937486,3250.385993565385,12.205963135569402,3255.0209579119646
10270,3263.3738712324207,3268.0086475323933,10.675357529321403,3273.094509454362
10200,3293.518764227592,3297.457223517774,13.829771793732434,3335.8597386629453
10251,3317.318137751107,3321.4686475388103,12.215822897406245,3352.6125938530517
9539,3336.977269455472,3341.115154318979,11.534091044924029,3355.5434552095758
8603,3384.106097342216,3387.633697442886,14.344012282283442,3421.8174583157966
10266,3559.2501417135886,3563.4923355312026,12.668367816621954,3603.9984175223276
10876,3563.3545882374046,3567.268981267309,12.787340647021802,3609.900364450939
10953,3654.95484837595,3659.0910489211888,12.287012875068678,3691.5957409472658
10872,3743.4178233976468,3747.104859088999,14.44652521278166,3782.4270432243684
10942,3745.482777670354,3749.482469392014,12.367900590924062,3791.4246211438617
7146,3833.6282945035837,3838.4415039737414,10.266628613927946,3874.2939189681674
7902,3835.6345262981813,3840.4305580432133,10.321708098723823,3876.4912133719104
10935,3845.009816191258,3849.041179319183,10.160513731960197,3884.705890688186
15799,3892.178736803499,3896.456181298041,11.922340643126349,3901.2985555590503
15765,3919.263874952227,3923.373795021642,13.293236590646606,3961.889181532669
6430,3944.1081522939817,3948.415704082687,12.399244996673078,3965.0147330202894
10949,4022.853187384169,4027.1449119346794,12.033267085224598,4057.606251518049
15751,4166.304430356631,4170.22089833478,13.548605195070579,4174.363211590703
7148,4199.467770715474,4203.031293025472,13.68480116190733,4237.988763408733
15731,4225.266497866953,4229.355020637644,11.758707796013518,4246.159830870993
15537,4226.992243831976,4231.229083060524,11.68089915746642,4251.232416224218
16442,4279.206739911092,4283.536291208092,12.701908580101337,4321.456361348015
15634,4283.950601771355,4289.334321630835,9.089328522142885,4324.051508693464
15686,4285.885574114954,4291.244835013803,9.140128023479212,4326.355421423946
15609,4287.938361087915,4293.341535033835,8.639232790808336,4328.932772752133
15668,4289.857405442582,4295.2875922223375,9.604186506810846,4330.90047693917
16441,4368.989186953627,4373.099972240408,12.962054695895235,4411.441212938181
15576,4397.226045237854,4436.026792535706,7.081077059923276,4447.12572632757
16291,4463.0544073568835,4467.282520064293,11.491532951414987,4508.326700334586
16466,4465.093935190463,4469.473610484996,12.139435788731618,4511.145291335965
8631,4472.129702620642,4476.256587657026,11.565528336315987,4515.881707317856
15788,4701.369433232198,4705.5548671656625,13.758584376207354,4709.553873160099
15729,4729.532272790195,4734.053245270888,11.145157688864002,4771.439440541949
15692,4759.004355545849,4763.435310089638,11.073129531783064,4774.309916756656
15714,4823.864196585099,4828.383733061609,11.270327777520125,4863.9906360311115
15768,4825.789326126158,4830.405335804477,10.577564574926628,4866.230912053082
16449,4828.7205721437285,4834.2965608212,8.706187119311803,4868.222496197113
15721,4849.656018468746,4854.224399282479,9.561494626995842,4873.129007588687
15747,4915.72203885342,4919.399725005207,14.256665120220463,4951.387150419151
16382,5004.557913977162,5008.226050954727,13.491777128904781,5041.308410557383
14137,5006.8940126742955,5011.322486393616,11.436602223349707,5043.651726943058
13349,5008.811311064562,5013.154416055086,12.012737848870815,5046.9996437285245
15719,5066.349384474884,5071.098942051344,10.879646932201165,5076.421443358893
6426,5114.872344611279,5119.269863375068,9.371513435545442,5152.796491565376
16342,5186.952566405157,5190.50553233984,13.554810104319513,5223.0130622930965
16312,5190.708623840112,5194.212231113681,14.27205604298787,5226.046524029207
15735,5193.329213250081,5198.072073924532,10.579522174485032,5228.173317961184
13396,5197.162221995079,5201.2358526148155,12.891690032021575,5230.75013552218
15761,5208.087091285564,5212.202868768698,8.675968505803711,5234.995674998489
15710,5271.276858245014,5275.4191470989845,12.80587128796896,5311.728347760513
15693,5273.126078197717,5277.122268815991,13.220671752308597,5316.048318724906
14105,5276.616609202197,5281.1234172645645,11.428470104852272,5326.011032605823
15734,5321.334050884225,5325.2212544967115,9.639238512863175,5335.306547943765
15760,5333.324149386569,5337.346185021731,12.83043676035354,5341.714389423125
16456,5359.187058548717,5363.495767169648,11.877827335307162,5401.466394889784
16327,5361.27105510486,5365.549898223772,12.0540386526861,5404.374355147622
16458,5363.053223222548,5367.308745252354,12.090950483337522,5406.435867765739
15616,5367.374117261607,5371.279595631312,13.072873561789093,5408.338939312445
12622,5369.2920189957795,5373.175841146116,10.532775438542222,5410.170304258466
15737,5410.618930841069,5415.04934981527,11.232808600833401,5419.805364041316
20545,5493.251314137604,5498.34800443122,9.190144151958156,5511.334872820307
21217,5502.886870027476,5507.504748505085,10.745644160980117,5513.464415182587
21206,5583.683271419042,5588.150891271444,11.420507923559507,5592.9443855517475
21190,5585.796042413516,5590.055548187282,13.052478121465649,5594.736518155134
21268,5809.115273910698,5813.421872667956,15.43680270959887,5853.735082918561
21927,5903.08833653918,5907.530987045581,11.725018607967867,5947.957649668857
21919,5905.122367971987,5909.352634577978,11.606198207667294,5955.305495445133
21950,5906.9289145118255,5911.330551758903,9.461566498031312,5959.735786661247
21250,6081.7710767021445,6086.087084067894,13.387326981862577,6121.599276363961
21877,6171.278188600957,6175.533435683902,12.744855879206693,6212.90936043423
12696,6178.432002287929,6182.569607010242,14.63353742919647,6217.586179763869
21276,6182.251263349831,6186.009821065803,14.055968240992549,6219.916537425384
21195,6237.905325868096,6242.090302702383,13.219275896580573,6246.148226513294
21931,6259.680243779236,6264.035965961615,12.77152094908289,6301.504011886397
21244,6265.767250915581,6270.041453881547,12.380248844105694,6305.570037696872
13373,6269.474981340153,6273.469246693028,12.993137680717691,6311.41668376974
21204,6293.89128701189,6298.494261510258,11.341491781398561,6325.96400219592
21135,6315.667623227892,6320.206803201324,11.158603754503435,6337.38717029717
14147,6319.110870950968,6323.4910415410595,11.36498785969485,6392.810124319206
19652,6320.866045388235,6325.388430983542,11.439404115828426,6397.964851066451
7173,6370.365338195443,6374.32859014939,12.701981383712825,6412.172731555057
21830,6444.995044312776,6449.053117320828,11.970878339153527,6485.392953945307
21791,6447.171655715416,6451.025007141334,12.899305108589559,6488.266076202957
21909,6448.877336281419,6453.133873864248,11.571539805495256,6490.718705463029
21264,6452.574316243795,6456.142972942907,13.403788910566659,6493.027654098445
18917,6458.329031136291,6462.24651185734,11.913147820736791,6496.037403497261
14068,6498.9406789173,6502.252434599707,15.792889421938964,6505.8996300687295
19572,6507.187197632268,6512.251049928818,10.489388201748133,6517.860999014458
18849,6509.14419081615,6514.173607090314,9.933298992208984,6572.911981798061
19643,6510.995364305224,6516.164948844675,10.948973526449228,6579.803718485129
21946,6539.401195107833,6543.031061545807,13.094783091001231,6594.203713533068
21227,6716.23324431593,6721.143673120822,9.870200407961,6760.004825219496
16388,6718.224606364738,6723.066515007913,9.867263713348107,6766.031339626833
21912,6726.086225260068,6729.440874261365,15.174819751797067,6770.202188061992
21211,6786.552752740814,6790.26766370197,13.192738997364364,6841.649508641356
21273,6804.748801951258,6809.204150708279,11.412355282952731,6852.679071342073
16380,6806.697457147449,6811.211352958856,11.6079198806118,6854.977143810596
21951,6894.0171239186975,6898.034473013871,13.20860460622005,6940.015632808294
21899,6898.1317207684915,6903.222488984541,9.800014934218073,6945.068369430769
21890,6900.053849646705,6905.130121028151,9.584441984384913,6948.549968490036
21914,6901.942540194327,6907.165422724394,6.601106184138245,6953.40595096377
21886,7082.483149775679,7086.327372042741,13.925388709454463,7111.449110674385
21218,7159.387907404738,7163.460047072143,13.985618494655457,7202.992342712842
20158,7202.825608620831,7208.0252008257785,11.013527603374712,7213.737923430932
21255,7219.001011764984,7223.327604113896,13.351274143220348,7227.440423665687
21014,7224.2089028021555,7228.571410489539,13.32274232284651,7232.774945935139
21199,7230.6449548415785,7234.516333099825,13.439064058871397,7291.744028970677
21228,7248.978868812732,7253.088803537054,12.661438322984448,7294.303026483528
21896,7349.345199805682,7354.338605983157,10.026093986668737,7381.716735704429
21917,7351.371743812726,7356.251837676907,10.255538096126358,7384.273048077852
18919,7618.77418723027,7623.308049720314,11.517146203182113,7656.283024672381
19658,7655.681882165992,7660.195665782727,13.813374727991857,7664.252352524617
21940,7657.682387008216,7662.205166674744,11.87640400839632,7666.785065663836
19574,7668.428589036363,7672.330178691073,12.570321763466055,7676.704907679381
20757,7713.05914413219,7717.1117997878055,13.146942683704975,7744.003869293696
21262,7795.341278111815,7800.371669646318,10.300946451819849,7831.320091159086
21958,7802.710745527718,7807.050933942192,11.245260268033803,7834.021220977608
14103,7812.581427464659,7817.090357750644,10.65058034264122,7838.5427022255435
14096,7883.735239309755,7888.101595445305,11.408006490204688,7924.411588023414
14148,8148.908137977708,8153.393975097894,11.715748222082228,8191.574583796558
19581,8152.861654006463,8157.471842334658,11.407142713503438,8194.359825927995
18202,8605.121863394597,8608.388878146718,16.040372170179737,8644.638975212465
17454,8695.556399550771,8699.38164892111,13.22610842991645,8731.512849095485
18148,8697.319645562251,8701.282868208491,12.492414721459843,8733.907000061577
19583,8700.932887022105,8705.11486533866,12.811543190948164,8736.0092301963
19607,9318.898393962094,9323.192112704437,12.631654411687856,9361.362925458048
