2485,102.81614139861621,104.46640040556532,13.198973225602431,105.73851288210784
1937,104.58834340208311,106.24856902444009,12.865216385364521,107.56072781737277
2355,119.00804198828008,120.43358226814678,14.616638647219983,121.57138213327335
1399,174.00063061601588,176.13892251831325,8.724916349965568,181.29360519805613
1433,186.42939894289242,188.23998887885924,12.833402319705248,189.56734658711724
2464,190.85679846076061,192.36087959481654,13.911634749852237,193.56105372396428
1981,200.20236012451468,202.14440845070706,10.575503487471941,203.74161198556084
2416,207.96471483361867,209.5170134409334,13.68371294372621,210.7247347857762
2291,215.81686320393706,217.4578201658666,12.40972840150474,271.3761813652067
1388,278.54350548110835,280.3922338620188,11.620852781134868,281.7559110357522
1923,289.74971928343575,291.491188116038,12.037009044771683,292.8251702393146
2241,298.70770300316775,300.34471360160313,12.7921611579637,301.6826092137527
2186,373.09884585214525,375.0268914510195,10.029135043567866,376.6302281674565
2387,375.0329522182726,377.0234976852589,11.27944807028564,378.4876574286791
1947,381.2829934475685,383.0940562895826,11.04397667115754,384.5575277029531
2421,396.3633760631444,398.04892851236275,8.160189314064372,451.18055741479014
2528,461.59402884328483,463.3190926054031,12.254794004383838,464.6484461320466
2176,463.3887994455867,465.1196326445697,13.129709358424979,466.3992324119125
1418,516.566426197404,518.4043225402637,10.173332594299639,541.1061558253173
1980,554.3431932519906,556.1314034467691,12.04031030979645,557.4987527898218
2340,569.2845841269163,571.2947289722327,9.834438915609107,572.8919898636406
2455,571.3208849772253,573.29041769684,11.317847435804573,574.8915041292192
2361,643.0910562295483,649.2375916980642,7.42296193208154,651.1262472751015
2424,646.475682564144,651.3061433646437,8.864027480915919,652.9481842054751
2432,650.3509013511948,653.2106720126544,11.17969857371075,654.7565435955564
1988,652.8398980330137,655.2166829697454,11.190631600878243,656.7580649898325
2513,655.0089092427938,657.0862058614364,10.37904364884119,658.6500205268438
2227,662.5657748121082,664.5547506936223,11.537251066184776,666.0110592934591
2454,664.4761767359764,666.3831576359199,11.414830673272412,667.9415499268887
2442,733.5482599155656,735.525457235909,11.285706880151047,737.0882527268345
2329,737.4513918988289,739.4182896314405,11.184537754746742,741.0045103645534
2358,742.7374653195732,745.1947805201249,11.19607129152823,746.5919873665185
1704,745.0753031641796,747.190922323816,12.551061456319916,748.4990083529897
1628,758.7156311535274,761.113925202061,9.355475262172577,811.6329782657391
2331,821.9689671908366,825.1689088583456,8.002317118054117,827.0079875094467
2497,824.4393296840778,827.2947564302301,9.268957902553648,828.8519223946086
2339,845.6515950009762,847.4070795925443,12.31786123678849,901.2850512855003
1880,903.2271780600553,905.4785701336388,11.807815232221675,907.74492919828
2219,1005.789746433762,1007.4279011531162,12.359798558734788,1008.7390509069475
2011,1009.4962088800834,1011.4537020109846,10.206024925557344,1012.9854122500859
2319,1011.5293540623394,1013.4249681720238,10.820679664224013,1014.8652130249043
2352,1016.5257579419246,1018.278744083618,12.354675356791793,1019.6344616216555
2322,1022.6261858157291,1024.3626181018728,12.054881151102975,1025.7542697100944
1425,1083.447309878316,1085.0616522664307,14.36250405021942,1086.2204374286728
2371,1092.4565771508928,1094.078137648158,13.337828852314884,1095.3213781457068
2495,1094.7554308890108,1096.393581942833,13.30294460896237,1097.650512755203
2529,1148.4337070914426,1150.1282135402112,8.233593006228016,1171.299714985992
2255,1194.8098659322166,1197.0240352796388,9.962676765396765,1198.6943236023278
2064,1273.2920597722898,1275.282730488564,10.092926526073917,1276.941926923455
1404,1281.965942249884,1284.2003675000003,12.03862521094389,1285.482311178782
2381,1284.2422720073357,1286.1432940136579,11.975011225337377,1287.5261022757559
2400,1306.4989917958799,1308.431288499928,9.699536269921575,1351.4392768251496
1793,1344.9804768831023,1359.071103463889,7.5569988119514955,1360.98287208046
1401,1358.0016175542685,1361.186332216037,8.968240938860705,1362.8876737166147
2360,1362.3143591641644,1364.0945876401859,12.593285565289001,1365.449127439178
1992,1367.0832660870285,1369.139889427822,10.681117041035982,1370.7354389907043
1957,1373.0043757969818,1375.1804154531062,10.131811916503048,1376.8666685036412
2021,1374.929428309023,1377.1490492834314,9.134246061914615,1378.9820400336253
2453,1377.0564943987652,1379.2015189429192,9.35035996979445,1380.7849120143617
2458,1379.0390951615489,1381.1781760322244,11.156285292374447,1382.684721762056
2262,1389.3796028032793,1391.0140028510568,8.486432405063837,1441.3336057253173
2158,1451.606514815223,1453.244663243369,13.055358085757748,1455.0755464559795
1967,1456.5453044277954,1458.4144833031871,10.473855629030568,1460.3530928177065
2314,1480.8826573117447,1483.0216037050227,8.377158210764751,1531.3165877845738
1874,1539.0975104567642,1541.1788726955408,11.53591248971298,1542.6595140461402
1847,1541.359994002799,1543.2569919431785,12.240591758988968,1544.5859801373294
2362,1549.6492786794563,1551.4036228082634,12.770014479938585,1552.7149140696436
1900,1551.6711092420833,1553.4324446798712,12.552663498725009,1554.8160135504218
1841,1553.4208472027033,1555.1362357159378,11.017457372890483,1556.5739498856149
2505,1560.4117351704988,1562.0255120447275,12.499982309909708,1563.3378078996523
2425,1562.4631671026111,1564.197920672395,11.871089092102643,1565.6056144246713
2212,1564.226987249238,1566.0127184380426,11.989075731736866,1567.4075827349263
46,1642.3778351655121,1644.4997356508832,11.369019963891896,1645.9183567537323
1430,1649.0124589241016,1651.1954492049854,12.64801208583442,1652.5251435374016
1372,1651.1712538704785,1653.2085953117792,12.78201416480779,1654.51902610425
2002,1721.3833467409622,1723.1308320311696,7.734256636032347,1726.0874848178287
2277,1740.656385176802,1742.1321414943063,14.034430790221911,1743.3447972135248
2274,1742.758300202555,1744.334409125676,13.67785312413492,1745.5500802423057
1431,1796.9609719944908,1809.167048713413,7.540158037763595,1811.0394874567135
7982,1832.5524703110502,1834.12944911158,13.374644713483773,1835.3693421304883
7474,1838.4905092717788,1840.0980720464115,9.343496084006096,1891.2632249337018
7795,1876.2120103523641,1896.1505587467234,6.661227845938557,1898.3534465132748
7444,1905.7916778392926,1907.4257770316894,12.638045865492966,1908.7334785146431
7667,1914.109561415529,1915.5936757559475,13.658079396738607,1916.8025763839562
7457,1920.512721388547,1922.0949294417323,13.453964324033082,1923.332636148276
7757,1993.4416571952265,1995.3662229211293,10.94074338572791,1996.8547831806168
7805,1995.3117650164188,1997.2840007738496,10.957430723973573,1998.742951701651
7811,1997.3139212727494,1999.2006240022624,11.614264019698469,2000.6044206530355
7437,1999.277686498042,2001.0534687721672,12.19975798099426,2002.4884121973093
7435,2004.421748048223,2006.2644981811734,12.023119217427512,2007.6362266561132
7983,2007.959672237362,2009.4837586319852,13.524699551293683,2010.6807603621726
7869,2082.475483338337,2084.367373484605,11.466353137366069,2085.857119554415
7467,2089.059538399748,2091.0067282250598,10.750920057690854,2092.5588919597817
7727,2117.226233551845,2119.105658504351,8.644518122394572,2161.4085418842387
7266,2161.566310677388,2163.3598099613637,10.34965086233162,2165.005310770625
8028,2173.8033881458177,2175.3637830863327,13.454830745982198,2176.564414615204
7832,2180.758484860764,2183.044252485434,9.091810427673435,2184.8634655676287
8031,2182.7747081019893,2185.0390999636656,8.62155795231336,2186.9392405989574
7965,2184.8766612085933,2187.110813123051,9.338765845036445,2188.9124028713004
7889,2189.7246444099874,2191.5403112087815,10.993554846696778,2193.13488842889
7674,2191.6359065739925,2193.5036240477934,10.67447018069099,2195.123910310697
6869,2250.6534253042028,2256.1278423749272,6.39594456379202,2258.311774242754
7999,2264.7012343192596,2266.3089482241744,13.07309552850251,2267.5492120785757
7717,2266.6478677914392,2268.1668448350574,14.327877681836185,2269.364779087459
7979,2275.774638593454,2277.2423701929374,14.448737089271994,2278.3976877999344
7812,2281.3603126286916,2283.009889091186,13.142378939132705,2284.2949290209935
7895,2284.296317955105,2286.03297565355,11.674425334842622,2287.4760138172715
7967,2289.372284713369,2291.014550677531,8.166743632150789,2341.09588888693
7841,2352.11103846812,2353.593209513245,14.354098791466171,2354.845316279369
7465,2353.9202941241274,2355.4960624018718,12.644566682677437,2356.8097234300576
7744,2445.128684560895,2447.135350273188,10.325716616823911,2448.719744003339
7820,2447.3583600325123,2449.15826968427,11.23235356319739,2450.63909883597
7400,2449.135757396879,2451.007258197604,11.40563526018486,2452.4913253487975
7953,2453.663330447494,2455.3912425763224,11.955552139431509,2456.814898632907
7704,2456.637279034347,2458.425657526873,11.643347619772728,2459.918123846303
7771,2458.47071656826,2460.317711508313,10.899132424545762,2461.8252058690828
7875,2465.953991414462,2468.30491508909,8.89182114597615,2521.126767199755
7850,2532.469255738501,2538.0367102744267,5.440755539689709,2540.626942454331
7767,2544.590678456838,2547.0571732295825,10.190060787557526,2548.7310283480383
7934,2550.2163583081033,2552.1720980257187,11.031034053093267,2553.6553574003187
7459,2556.6771356244067,2558.422700610693,9.596890080043984,2611.320133200463
7239,2623.7783253673774,2626.1214374964466,10.966495801507126,2627.661218559697
7912,2626.65657784416,2628.478951998284,12.085491043299147,2629.889555706395
7977,2628.433446134727,2630.175267899065,11.349284654877984,2631.596867372001
7827,2630.330892052901,2632.017666189321,12.330305949312875,2633.4110587796727
7766,2641.7213302438054,2643.55631758044,11.594831329507585,2645.0126932639027
7956,2643.616048627544,2645.4588705145734,11.105381653375117,2646.8836532727496
7822,2656.660629882037,2709.108316687843,8.152935690891344,2710.972469191129
6695,2707.6727565883157,2711.21740276739,9.059908047476538,2712.89412673876
7899,2710.4415323374433,2713.180657684507,10.55646772914439,2714.7755106374216
7810,2712.8295592396175,2715.1506575368403,10.445065295394114,2719.5433691789067
7211,2732.8217918650685,2735.0476172368944,8.385736758633895,2791.141204219156
7970,2814.3181759614245,2823.009880288244,5.431027404289165,2825.7332727784305
7904,2824.1392634466833,2828.0124056876025,9.014638122039626,2881.1019410406825
7798,2907.2160133839175,2909.430018978616,10.311151155277024,2911.2524367701335
7806,2921.220682162852,2923.1637297080324,9.554945407776108,2971.1304352734633
7833,2980.952767929827,2982.300316329574,16.05819254053938,2983.3371426560916
7526,2983.7286834721194,2985.3793911784755,12.434365158593497,2986.6691530227145
7483,2985.521394764192,2987.1736445215547,12.755305759755746,2988.443334449358
7503,3071.730452330643,3073.1114691518906,15.217184517987532,3074.2039552716897
7346,3079.579222265851,3081.5633333396736,12.369546035449735,3082.83113034703
6895,3086.5751322606243,3088.445624988856,11.574644710744671,3089.8541917926673
7310,3093.6354962765117,3095.4404600327694,13.75531422007788,3096.6708894404996
7663,3096.691644080211,3098.3462040645923,9.569391215247848,3151.420464535313
7941,3169.920962544896,3171.451004706331,14.049252436753333,3172.6339932734436
7854,3185.268623498729,3187.0143908556784,12.885154822819082,3240.7866164650272
7943,3238.853659958057,3246.0354737235753,5.570263969636048,3248.352332938811
7692,3259.3551298202956,3260.672667870767,15.979511700440028,3261.7438062723018
7830,3273.474126958619,3275.113024579951,13.486322874406698,3276.367842105654
7944,3351.460871620551,3353.427166303637,10.702052033379456,3355.0612674511003
7922,3354.436629467267,3356.304298742566,11.76206966896587,3357.726645957495
7655,3356.2646386270103,3358.159191317108,11.733584896492891,3359.581650265177
7914,3395.5853514696482,3426.0890388720445,5.552553896116839,3428.339923932022
7980,3434.2571017983373,3436.0521456204815,11.205450435254209,3437.543239056096
7461,3441.3591986499096,3443.445718409034,9.828877478572446,3445.157028801073
7865,3469.905455357247,3519.167421671714,7.437143831725501,3521.1407606783287
7794,3521.0585771355636,3523.4793403102235,9.92651565953781,3525.066058193718
7651,3523.3678800385887,3525.4792562952484,10.377199271447838,3526.9888074724813
7696,3525.460217671424,3527.4471519675644,11.605723809806015,3528.811489600228
7855,3528.6770326626183,3530.494412222525,12.072741347897411,3531.8576865687946
7761,3530.519670308659,3532.3451265257277,11.596795243329119,3533.7322537230057
7259,3533.7581020747866,3536.1832946103877,11.14261786861835,3537.578715705963
7148,3535.9058784721933,3538.012588250456,13.092663091826578,3539.2737626736152
7174,3539.0261683898834,3541.0651138455146,13.048813590781133,3542.3096849436315
7933,3541.7224813629387,3543.274624893002,13.662958127551192,3544.453408347137
7985,3553.008040391181,3606.215449713958,6.700936749479656,3608.2810808715813
7087,3555.911509171139,3608.3757832125307,8.463897664864483,3610.1113572598842
7300,3608.006237646464,3610.4544959674713,10.472262498135896,3612.025829068565
7206,3610.189679427018,3612.330919158003,10.892363427055706,3613.8947179823913
13413,3631.256574448329,3633.0028441642726,11.571739533146184,3634.420609935042
7948,3671.8437126369945,3699.0896183328578,9.395380298897452,3700.7163114193263
7911,3697.882636460426,3701.4367269119707,9.402635800175755,3702.9855689444066
13473,3702.4596788984577,3704.190790036724,12.262797147773902,3705.5541457323734
13531,3704.2592361290485,3706.003437400817,12.576392274401952,3707.3222193984557
13477,3710.155038684615,3712.042377953603,10.780861202901352,3713.5309723071146
12957,3713.402742902378,3715.1458323158404,12.412556981584574,3716.4811667050685
7927,3716.8263137728563,3719.059209315222,11.619787079170925,3720.47277775273
13139,3793.968206475238,3796.2177986757147,9.616573235924522,3797.9250303935996
13372,3796.0969843418534,3798.227093581377,9.938126487952747,3799.7602732059463
13380,3797.9525873565776,3800.1008362467064,11.33909330059143,3801.543923709914
12927,3803.473187250969,3805.2871654154146,11.38879411033485,3806.710716566472
13145,3810.3456546663597,3812.3788155331026,12.584648478081109,3813.6301558999385
12407,3812.6238272114183,3814.559538391797,11.891597510196792,3815.935158305791
12412,3816.6273248938014,3818.377167023711,9.358782165445147,3871.2232966051806
13308,3891.474420787886,3893.1778272776683,11.763288915156846,3894.5506495520112
13307,3899.5421300411376,3901.2701764681483,12.598770558749557,3902.5845126457243
13284,3903.360425566496,3905.3067237627447,10.743248310339185,3906.827176497157
13138,3906.249716369065,3908.111712641017,8.188748602543084,3961.5509515420395
12821,3975.2853679390637,3977.3670611278694,11.72745307328652,3978.8520892759616
7066,3977.438081219094,3979.2715578936068,11.127318291808383,3980.7205962011335
6863,3979.368365053129,3981.1164007681996,12.411752049856851,3982.5340176661193
13460,3985.53539870645,3987.1813958457788,12.296167445487027,3988.536107291902
13469,3991.3872396067004,3993.469648224295,9.709137381069635,3995.2705206194446
13337,4057.055707637999,4061.176342620172,9.094937169103183,4062.803658137932
5969,4060.3256902214066,4063.176367632621,10.744804608302337,4064.665832278584
13451,4062.7352313208617,4065.1717361330543,11.631921021819542,4066.618214290175
12818,4073.7691336136004,4076.1454528085897,11.50263294549309,4077.5850696221246
13447,4076.406849550151,4078.13385255726,12.08565558547242,4079.4993908707615
13086,4080.064890691299,4082.344461245805,8.595277007596657,4084.1476709013145
13008,4082.0300396634684,4084.2934232480984,9.487314959387563,4086.228323762497
13459,4084.0947528700763,4086.3537395275293,8.833962873180472,4141.061577619227
13314,4094.997192365988,4149.104443277903,7.468084256144439,4151.115157667401
13290,4148.927647947467,4151.363076663874,8.940507785936838,4153.243520559372
13417,4158.895142047879,4160.5924916527365,12.362599759534783,4161.919593865108
13488,4167.3008354751855,4169.206563893694,10.965207361772627,4170.754047550065
13285,4169.200408253632,4171.0881164820175,11.224938489146478,4172.594401229084
12917,4267.232871235397,4269.08198619243,8.640387032730299,4321.335630014016
13287,4331.0522549347825,4332.5120224809525,14.897615730657035,4333.649103746861
13350,4333.762683237915,4335.47715977519,12.815658863864964,4336.8112386791745
13532,4335.4926650386205,4337.160441553792,11.549585352088313,4338.54635755093
13268,4337.318762880867,4339.008357195369,12.612399488859282,4340.33952166731
13237,4340.352940454656,4342.26971572862,11.929887075092044,4343.675035956963
13259,4342.39015119467,4344.2388438581465,11.28710418907472,4345.730830578379
12953,4344.278501471336,4346.098270475871,11.631045163057088,4347.543633444476
13249,4423.847232104878,4425.518551312913,12.732766584853813,4426.861145770735
13434,4521.307783771509,4523.110246728486,10.287457095149447,4524.670411750739
13289,4523.388745275619,4525.210694763211,12.259564085084895,4526.779044692174
12121,4526.519713000205,4528.1029167174465,13.0719056594343,4529.384693693751
13452,4529.923796404405,4531.487647186453,14.092693967303662,4532.698077933831
13519,4532.3116782179195,4534.050604698586,12.560698356877689,4535.371928159199
13493,4535.57056911209,4537.409924456053,11.552148943212005,4591.395436290312
12392,4629.942893666233,4686.104756263917,6.318824556228663,4688.263838657317
13129,4803.004046061318,4805.385561016692,10.487525252886126,4806.97390439044
12785,4805.147128669863,4807.382805183319,10.425340151651158,4863.077019925508
15376,4815.263330875398,4869.08302414499,6.0479288203521575,4871.840772139345
13282,4886.117809948319,4896.07266679977,5.795853454050885,4951.197545477975
12914,4966.035863257858,4969.065508743916,10.583242542928135,4970.531582747533
12379,4974.566695332639,4976.438359862936,11.041443707861768,4978.05174724713
12711,4976.419941363703,4978.4504134849385,10.822253974554528,4980.007731836891
12849,4978.401871494056,4980.327253222869,10.708985900213523,4981.93073361475
12194,4980.256704129643,4982.299557437693,10.711592789392794,4983.876208188851
12884,4982.184323591958,4984.167156292471,10.523862473709784,4985.860469429286
12629,4984.062218699409,4986.014173856936,9.221802431625678,4987.668786566799
12373,4985.950919074,4988.155111991561,9.419651330792098,5041.447384216517
13227,5049.087879178836,5051.281442103168,11.302710602404401,5052.638036044723
12390,5051.004375589203,5053.090082643468,10.723999533112949,5054.6189511290795
12607,5053.057465084637,5055.002155267565,10.713792095399157,5056.565413533639
13223,5062.642542329359,5064.514423219463,11.341052534270043,5065.916540899618
13283,5064.519165228131,5066.331404049844,12.123889832273324,5067.798851524558
13076,5066.389924304106,5068.189047993245,10.508577485163402,5069.6502973883635
12987,5069.478674303104,5071.310520672361,11.172309534564828,5072.742628774732
13217,5071.549001707824,5073.252132996161,12.41951578076002,5074.604498094262
12959,5073.391369619606,5075.01651903786,12.53568109906687,5076.392744214512
13176,5082.332189161811,5136.005723481117,6.233048158868508,5138.191144305437
12372,5138.934907652191,5141.091020043004,12.401380928158328,5142.388129760075
12854,5143.06572030037,5145.002706934027,11.556813904148218,5146.44841787919
13294,5155.567676730734,5157.451850823232,11.329545126680626,5158.901072660322
13356,5245.637857240741,5247.348444606209,12.423028055540275,5248.733433850299
13362,5247.468834784946,5249.16924965872,11.416188526982086,5250.56192291184
13326,5253.9586802045005,5255.500893223492,13.271112087539567,5256.76520431063
13169,5324.232778306486,5326.039061531446,11.321185250055306,5327.470829046129
13001,5356.470889142507,5358.311609380002,8.819961798545705,5401.258045745509
18997,5426.653278061097,5428.209381884281,13.542411981983433,5429.455120366195
13390,5431.999711959789,5434.035376764467,11.778295769527451,5435.474615019
13302,5434.767858773275,5437.039036910861,8.312467948622288,5491.129450215702
18929,5515.316005141959,5517.541728675013,11.30242744355444,5518.99165112826
12875,5517.9534269524,5520.379118805131,10.6613533280883,5521.806012801754
13489,5587.496802651615,5591.283899796527,9.048035587905135,5592.916266843125
13504,5590.390871030083,5593.1902207179555,8.907892327125754,5595.037976883963
13369,5592.7132186864765,5595.118265464718,8.434247056213302,5597.009534185956
18477,5594.871481919538,5597.190312944929,8.85613155793069,5598.994888695789
13325,5678.787249202513,5681.246372410274,8.620066230801532,5683.16971282109
13422,5681.882356193193,5684.140722273853,11.892874526580865,5685.696929524071
18956,5690.376110193712,5692.17900968366,11.967314864159345,5693.581637683192
18992,5692.219818236172,5694.01457094048,11.319247650277024,5695.446919501006
13266,5694.1449239500425,5696.093628222218,10.17726761512165,5697.726281777744
13142,5769.105768541354,5771.26484840648,10.328963611695098,5772.729681803152
12814,5771.18153479412,5773.126130965976,11.360656289024108,5774.58430971067
13387,5780.010557623379,5782.456201274333,9.992489844148528,5784.153695057954
18709,5783.766942916503,5785.436893463568,12.983609563969145,5786.727710686174
13432,5792.834722580613,5795.246501919397,11.104561512025656,5796.617358251608
13485,5795.18896036452,5797.33763565771,10.647160583038538,5798.9219811603325
13467,5865.4887127157,5868.1603049436635,9.817779459716945,5869.939232219556
18767,5868.355041227729,5870.354618125912,10.172652725707605,5872.122834658397
18957,5870.275584006571,5872.26486744696,9.250937585518509,5873.926577009499
18965,5872.089523044613,5874.259911316157,10.907346517789907,5875.70251124326
18712,5874.020029384516,5876.161577727163,11.763974312731055,5877.564921347595
18459,5876.071441906166,5878.029224413573,11.703084190469925,5879.4332356090135
13523,5885.913955035424,5888.24239218592,8.755369835940224,5941.320607790878
18801,5951.094054633312,5953.121592200864,11.341415941084358,5954.527965102171
18947,5955.307349271677,5957.253677878425,10.597598862808159,5958.825296957958
19017,5960.012898791253,5962.124039642477,9.56959408960197,5963.897311967224
18980,5962.048769154859,5964.224881271534,9.207978700899108,5965.913658559426
18974,5965.354429956076,5967.258001089066,11.704926232254548,5968.699669946996
18506,5968.1801089962555,5969.632047828113,13.64577538432279,5970.885506949711
11049,5970.949922090679,5973.302621564682,9.803089746606295,5974.9923129086155
13513,5973.251532861397,5975.334258269787,10.610323305005513,5976.9609648621
18960,6041.958348124589,6047.162822017068,7.795284072949665,6049.052344767504
18651,6046.060844574546,6049.391727008489,8.774392182714275,6051.033034557023
12426,6053.272652103442,6055.320082109323,11.13376213590909,6056.81854022524
18786,6055.271989778147,6057.166748806372,11.73911081553676,6058.534528116545
12363,6061.875425556461,6064.133247715469,12.930153026096804,6065.356872940237
17862,6066.603513258246,6069.002335924428,7.798692206577724,6123.1379202327635
18843,6079.908671478289,6131.165078767751,6.685404234572967,6133.3593222587315
18859,6135.174221463283,6137.451436331604,11.708189093951075,6138.966135270963
17922,6137.6495356250725,6140.0769328271845,11.211213388828456,6141.471822055855
18442,6140.678659951099,6142.233655374551,14.067657234810262,6143.3870734565035
19002,6147.329567249409,6149.066614751139,11.947666860815522,6150.445465429479
17892,6151.908350586607,6154.197750491951,11.82677377481914,6155.506985721151
18936,6308.43179471947,6320.045004158201,5.391277920887141,6322.397260997366
18826,6421.848748157622,6423.334444471072,14.13686421752425,6424.479634648914
18708,6423.868525605902,6425.363129004004,14.379882059325599,6426.52500828272
18659,6495.127641461625,6497.026296301061,11.012142049711839,6498.956074643592
18919,6497.089081509958,6499.028248882089,6.681416207420612,6501.126506613359
19012,6513.9396690161375,6515.60117318962,13.32804285211686,6516.869631676931
19004,6587.787125327317,6589.277308356185,14.930599460421018,6590.407596352672
18452,6594.046809668414,6596.135183641899,9.877112148935463,6597.768453055982
19000,6595.974474424186,6598.138392844954,11.33471642071223,6599.633627093225
18781,6603.37936415876,6605.085663195252,12.32039042917504,6606.434959142783
18835,6608.301471448432,6610.241146957244,9.797685881022394,6661.370555751344
18192,6629.2766948986655,6669.0573860832465,8.378038140419447,6670.822143549061
18696,6671.925147154213,6673.510186469018,13.499193110715797,6674.7506142509465
18825,6681.579637390429,6683.172166622936,12.705438338333577,6684.486840363801
18415,6683.51068139816,6685.190227925045,12.765105738385742,6686.4941644067485
18986,6688.290079369888,6690.2520860973655,9.993089665529734,6691.919283519038
18773,6765.460050008291,6767.16534763651,12.927401289838741,6768.476003312007
19006,6784.453069403473,6786.145697503949,11.862048809716823,6787.514810973528
18749,6852.30953525164,6854.039283535655,11.921954187686039,6855.453612162767
18109,6897.152607023847,6938.2318049085,9.259921795189365,6942.295101288429
18971,7036.556617250555,7045.1507162601265,6.913467842275408,7047.124131553538
18726,7119.034996471235,7121.168370333879,10.917975452864118,7122.624872700244
18724,7121.060361052625,7123.09880625042,11.783593322521213,7124.502925998287
18846,7123.870116364243,7126.276148614862,11.651638669520464,7127.739779295313
18900,7126.152906233229,7128.253239902602,11.32863642457701,7129.6615025951905
18827,7128.969538330161,7131.2192032496005,9.928454564689373,7132.9007376407335
18692,7131.94390658102,7134.022125606598,12.812483576665825,7135.35352517139
17906,7136.485373337467,7138.309654403339,13.405680971381033,7139.584334010463
18818,7198.179292238005,7200.197790222869,13.303646043656174,7201.46115595721
18811,7224.732011470167,7226.3184579102235,13.426451749325595,7227.529946529202
19015,7234.367661211834,7236.004236314966,12.849940669214181,7237.306653484852
18844,7300.957223401379,7303.487088952731,9.912134115684433,7305.061270384132
19026,7303.0961290361,7305.318812596477,11.244128912545843,7306.928688750244
17933,7305.150186749894,7307.143113463634,8.97176560504048,7308.790405957195
17623,7307.015085882358,7309.071212450048,10.361946471796314,7310.607764288697
18200,7316.565603652878,7318.42634261887,11.321433846740106,7319.91703728111
18318,7318.670805231895,7320.4518640258775,12.034123102173867,7321.846270460443
17666,7328.935935642913,7331.125710177256,9.030859270479406,7381.14369653309
18122,7351.4743663359295,7386.0125411153185,7.319916207469686,7388.045941030823
18074,7353.903820142056,7388.100863195905,8.32089869952364,7390.078895958328
18193,7396.409898805858,7398.379835257353,10.5218984153081,7399.875165266148
16954,7398.475372969769,7400.490073172964,10.511844779880649,7402.078721556504
18813,7400.404468595773,7402.46207455184,9.49599268079757,7478.423643385695
18242,7580.919313209359,7583.128574533987,10.008309681664404,7584.83199817744
19011,7910.500331766547,7912.428545181715,9.447431631341157,7921.361711042809
17230,8113.696625214184,8115.161894968051,13.677134567936914,8116.377176210524
17194,8142.476899970957,8144.301490957584,8.75982877749211,8191.290627730538
18284,8157.099803588679,8159.048484693578,5.405107973401338,8194.05616444266
18274,8243.440569443605,8245.502440209484,10.850144053025522,8281.188024866495
