200,184.0932044264095,192.37048828058403,12.900986421762187,199.57498954076598
160,275.94641232479324,284.43935568409324,12.051686116892446,291.0
38,363.5800121432181,372.2057003190888,12.301130875840398,379.1756567506732
3534,476.10326932223137,484.2638297881861,14.356168612078916,543.2189875154402
255,633.6372853090038,641.3640885255007,13.689265443494076,647.1832642762154
3501,652.7615218172801,660.4706929215115,13.092343783072591,666.7767010298661
3504,659.2579085907423,667.2762089368802,13.527762912420881,722.5234737549965
241,723.5757082848459,731.3642203150945,13.438889075907058,737.6389763077165
3409,751.3667930110255,759.0007838182288,14.752101991175465,814.4717459644454
3550,832.4963272636784,840.0891356706711,13.304837649082721,846.4021210623918
3499,837.2797665312142,846.2931861234204,10.926061364231225,904.3711548490023
3495,839.116304773126,848.1874280729285,10.247223043547814,916.4723961916486
254,903.8663059740293,911.2605223533374,14.949784195368942,922.1657280596588
3492,1090.4239355066604,1098.4444418993464,12.830699342083193,1105.33735524131
296,1114.4055478627254,1123.377261969766,12.08102877385766,1172.7507252321286
3420,1121.4794525135922,1131.3263610641784,10.177214110071482,1175.9181168183272
279,1175.8118197447207,1183.413642735338,13.186372633450066,1189.4313655951632
3521,1198.8486757460535,1208.1626098689387,10.638399233690366,1261.4587462123113
3432,1205.255509273574,1214.3772972536156,11.224130442546869,1265.0258024252812
3315,1211.7311409657498,1220.093275992703,13.39670183461949,1272.5897142476426
3435,1267.3885357299334,1274.5857516987655,15.841722880910966,1279.8637105523794
199,1274.3246635059156,1284.3119249063516,10.48633154694159,1293.0162484257792
44,1328.0,1336.1384785464832,13.77720893160145,1366.3119150747866
517,1332.0,1341.4830420552275,12.233896870546491,1369.0630904738655
3500,1469.245597270245,1478.213150146279,11.87141260242982,1550.382700195492
298,1630.1148786714607,1639.293395254753,10.517608871929692,1801.6181892397808
3934,2137.520261698644,2145.1729431521762,12.734989967899509,2162.488915505473
5702,2274.5722364592743,2283.0566441351984,11.358138189234614,2342.439634241917
8789,2281.8387803396795,2290.355064986284,11.29885302664747,2346.10268002237
8999,2368.054733948207,2377.2422510570163,10.265148028495174,2432.8203584824482
7208,2409.0,2418.38910314117,12.819380998200671,2450.058742197492
5916,2411.0,2420.0869001417395,12.847061667927957,2451.9296607762667
2397,2413.0,2423.471496380439,10.087616900853028,2453.88337367147
5547,2442.749595879914,2463.491970196345,10.53335107327337,2791.6325343310664
2504,2567.8677695874794,2808.074201183285,7.474994173860218,2816.0566392810642
5531,2613.7427404462833,2810.311398392548,8.450436139544616,2881.873048935504
6203,3027.0,3036.299551162517,12.415442262382388,3098.8824131366932
8909,3987.310022617794,3996.0868418331147,11.458757781256312,4005.0
5509,3992.042607657712,4001.2071169347223,11.514196267391739,4083.3624018667415
14430,4019.392466077006,4029.1652666113037,10.485580044348435,4141.231275082502
5773,4053.815981199422,4061.426979155446,14.534279625252012,4144.767185357821
6548,4077.3121694373986,4085.1099223344177,14.179881386133811,4504.251466403095
6568,4083.749646255671,4093.305595128391,10.558124152457351,4513.557939632862
6581,4085.9642585359934,4095.176943392971,11.771022305545836,4591.413296476361
6538,4089.788444060302,4099.049036294202,8.672593355260723,4602.398557738606
11672,5414.627748431741,5423.148670810459,12.63045298671856,5671.464218094706
16748,6139.032447222837,6146.595216333772,13.916341008828503,6153.2749553661215
16744,6156.042596434313,6164.054467032712,13.325643821155271,6223.639289739103
19923,6159.211917718194,6167.093318232181,12.652022882089424,6229.814040923608
16730,6216.338492091134,6224.578527148887,13.126750853285603,6238.124077607993
19998,6247.0524579995945,6255.354786509776,9.554309872834864,6317.249117945322
11028,6317.454101711922,6326.058921064033,12.060531192143086,6604.802972256537
16681,7219.0,7226.374330372675,12.234636509665778,7235.459200561297
18111,7644.0,7652.3732427311,14.87949529839746,7753.257856313988
16725,7838.827824807396,7847.5174496694,12.497088107407928,7854.29339227413
