973,60.95255087452807,67.08770219008129,14.031827918205435,91.53421759458757
858,70.51563938230736,77.55746385766642,11.3044130613569,94.50660166718073
831,114.66312084826124,121.50826626327833,12.528414350056938,126.39549160117068
873,148.58247036262196,154.43122850672054,14.307728463662912,184.04739694921753
815,155.75285127929777,161.40834214632963,15.29438668816799,186.1552897510742
789,187.16208137178342,195.3299401878032,10.981062685356097,201.0789679636287
1022,189.6678502026512,197.23109851364634,10.394426453131132,202.90065799345723
1100,192.18568260214911,199.277858735795,12.431410085543021,204.63923844933217
1053,194.2234657237371,201.45131032970278,11.650562434278417,207.09640567807804
1048,196.35599295781176,203.20718651795505,11.56114217900587,208.89506897794598
893,241.53592498169323,249.19719331861063,11.122906528716705,274.3287288013169
832,243.50004069435607,251.0707575633506,10.934425599751881,276.7538984539065
1073,272.98009025215487,279.3960050037682,15.312009238113227,283.5074043201578
511,275.07556567248633,282.1896473143505,12.723082734459316,287.3642581546319
713,277.0911941093258,284.1548002989677,12.059811215385487,289.5117674947181
964,338.511105582422,345.2912945057128,11.670168808718131,361.36080384714955
904,440.98562191989254,447.55126322809645,12.509984639555602,456.3743004482706
819,460.28351190492987,466.4821275108543,11.343371960290753,472.49114826369276
1512,466.05644207078757,472.48288684671985,12.95706322401155,477.4440238722234
801,484.00314764356096,489.64694643666513,14.955907156696094,544.3191832958161
693,542.8854426397565,550.0718005236334,13.083940149969125,555.1784429613987
1028,549.957415505038,557.4751148466505,10.682789089029889,563.3760967273597
1501,554.7613953431571,561.4995489706641,12.917090724888043,566.6180697830093
995,614.1654978661355,623.3468541950211,8.457506741393157,636.3692205192781
1026,616.177541193633,625.3324748044278,9.075155891899662,638.7287675700962
1445,638.9165980384681,645.4194999401315,15.322426953362514,649.4564923658684
752,650.6212782779118,657.134945215728,12.214441380923803,662.1379361360321
1437,654.5623871141338,661.0021010472176,13.108347315802302,665.942509157805
840,682.5035114064167,690.4721109752115,10.594707460375707,729.1359547606571
610,684.638527568895,692.3242514173214,10.640408830981455,731.2763860408362
1011,694.4422753638947,701.0036630996383,13.016263221823237,733.34298806436
853,704.9603094347291,713.2568228033466,10.3424469035496,735.3190446228492
1471,706.9415741201335,715.1876460959231,8.691664454284192,737.3592587981814
472,813.0152489552662,819.2835727637192,14.672068954235906,824.0342872701634
867,844.4181558649352,850.3515974714387,14.350041186975572,901.5348671395823
823,887.6483168507066,894.5290381980116,11.230410080254792,906.6131625260052
720,902.7536496108049,910.1374972138331,12.56357157949565,915.172166481582
0,917.0202094519631,923.1510019613347,13.607121673991273,927.7964409417706
728,948.8386335651945,956.4252387644678,10.753663588366395,991.4772588994043
658,950.6501165814689,958.2658457166423,11.205371525628722,994.7629624026889
1109,952.5333716840889,960.0076950855754,9.91348854853963,996.9839716495408
1449,954.7998684888532,962.0538752920911,10.777804427419301,999.087869968863
1480,970.7126697546292,976.4026039108832,13.059713130648486,1003.2094470134182
53,997.9924187766495,1006.3638233869835,10.016153029481531,1012.7945472553191
381,1000.0423208865317,1008.2980137607352,10.133488303401727,1015.3858880970548
292,1002.0874156931725,1010.3650880422704,9.750571949150771,1018.9878959494505
1461,1055.9342718070025,1063.1394313673052,11.00041713303259,1081.4325155006788
1506,1057.816023851193,1065.384733362498,10.545523455423927,1084.00663938542
517,1172.8903623192616,1180.5498459906723,12.175735348721323,1186.0290501562708
520,1175.0910718700725,1182.2985149572214,11.153243326092689,1187.8971727557746
532,1177.4139119685294,1184.293755030434,11.01346944612691,1189.7282980269447
1107,1179.339800471436,1186.2235939318673,11.995682235031595,1191.5847243492958
1489,1199.4759082349146,1207.1342976227631,11.474042220926398,1264.3879624422932
978,1231.184710448025,1237.4570221856484,13.543017218746279,1267.014273976177
448,1263.0900050824312,1270.0598109111081,13.48228013489628,1275.2349408389834
989,1271.8142211315205,1280.0469998799163,11.00765930550744,1287.1956365988924
1487,1309.0970868043191,1315.56496647609,13.68321626094636,1354.53819925137
1511,1313.1328404360377,1319.5285686301831,12.507265946633076,1360.2213623722157
1010,1319.464784016194,1325.600110749027,13.731934665786623,1362.1873216859274
805,1358.8131600898387,1365.5385720130753,13.217983264750247,1370.5181520285746
812,1365.6608722164879,1373.4529187928251,11.215536831982094,1379.3031718814948
534,1371.5055785031464,1378.4313410072896,12.390592843013483,1383.4486865199135
1003,1421.5796954407676,1428.4269059346782,12.070757872475475,1451.644625108597
1103,1445.133742460706,1452.2928907059932,12.170107480786193,1458.2484441338581
769,1450.3953289708943,1457.335713994436,12.182717223434036,1462.6913397620447
756,1453.0179580972417,1460.1332279609635,11.109772468409467,1465.6160776750316
784,1540.0801666320738,1547.238723657001,11.35162191385156,1552.7287835876089
521,1543.9923992644124,1551.3765211623252,11.70208326872654,1556.76602909348
891,1579.0093354670391,1586.3469665171315,11.49549368726252,1621.4314350840386
1020,1622.6937722940431,1629.4356557991537,14.78226517963887,1633.8421387557892
836,1625.4535964397085,1632.0802579103959,13.876462817468763,1636.9642153485136
440,1628.2750649650425,1635.5274173157904,13.07960037330635,1640.5938885162805
1065,1713.1375037126977,1720.4183400730903,12.570472635216364,1725.853360436521
1097,1715.9483598288111,1722.3379767196973,13.010865721129397,1727.7567665121132
1505,1806.9043934525714,1813.6205147266141,14.631539387916792,1817.9809797319394
776,1812.885491960516,1821.175487686133,10.358571947305572,1827.3965800782698
791,1814.8740923720832,1823.0624572206143,10.144356161525518,1829.2158943971028
6285,1893.9836100055536,1900.4117146208216,13.902738565232957,1904.8551002328913
6175,1904.1988441682543,1911.4704535624562,11.00574353014375,1917.4241726135365
6507,1949.0545275261097,1955.1983458359607,13.309422973288155,1986.4157013059862
6494,1954.623815485464,1961.046673579648,12.76575334946851,1988.614986004864
6513,1974.863370919713,1981.5957873445147,12.890102239659564,1990.723984809115
6395,2039.591100519403,2046.3366417954933,12.58674454819655,2071.516198532919
6487,2044.919761986567,2051.160491356245,13.148037368340843,2074.1807370306706
6270,2073.4863890961283,2080.234946906454,13.406636460137086,2084.9938848146157
7019,2088.546556790725,2095.070850197279,12.838231151928408,2099.9503661309695
6981,2104.5192925116025,2111.0830355083367,12.6871489159785,2168.245587520186
6374,2127.962246791263,2133.3036015296716,14.880720889437667,2171.163963582427
6269,2132.0553132093246,2139.02478728224,12.46734984226937,2173.471509177379
6489,2169.2270005349696,2175.1431159144754,11.041778785883647,2181.5329352694343
6442,2171.1148420832506,2177.0073068174784,9.592907569260667,2183.2761274135414
6458,2172.846341851454,2179.3836918709244,10.57242806663275,2185.041241257935
5932,2178.743364294483,2186.508813417731,11.464129558691594,2197.407675261645
5944,2180.606871383238,2188.3290565893117,10.9211287140735,2252.228224920019
6590,2208.5107300707273,2215.3310372038227,13.679045012557198,2259.6547583499455
6439,2210.538759561625,2217.159370967234,12.75785160577949,2267.5280560338283
6611,2215.1415052991997,2222.163656567111,11.100919933041167,2273.5315881541546
6955,2216.9399715792115,2224.0174843782847,6.746689577107701,2275.6102608714277
6542,2258.106811361795,2283.0339358564715,7.645231816751167,2341.4740552008425
6604,2260.0207960713637,2285.278923607675,9.518951089821371,2344.4444590403814
6609,2261.7929949130616,2287.4468213607092,9.77482945227774,2346.7405303307064
5937,2263.937621299758,2289.294518073556,10.287696832444196,2349.0764190338664
6976,2266.3067377081784,2291.4672110709616,9.588168420343367,2351.689828647687
6490,2334.3453964746072,2356.2014107327163,6.4118499101414494,2369.456703117543
6358,2367.14580602234,2373.5467862687806,12.367800261694159,2378.5776729956706
6332,2374.0386456729566,2380.4909621509782,12.521496823405887,2431.6078245209524
6413,2404.442078948303,2410.3645226391154,14.136369456229614,2438.4246520890706
6492,2415.9390514156094,2423.387766749815,12.31032170715268,2440.354648103093
5945,2439.6219516308497,2445.5376349162498,15.00348308393932,2450.866802880681
6220,2441.5309865953373,2448.366621070044,11.906201361837676,2460.893176913507
6250,2467.2847471160235,2472.6452421149265,14.954920092239238,2524.0448513031897
6006,2525.0851180121213,2532.4215863369022,11.176794973131024,2538.34605440989
6420,2568.9787413964523,2577.058511006956,10.68139730035493,2611.6390131812927
6484,2597.5674066597835,2603.09381602222,15.340328918006609,2614.183656446676
6008,2612.8590047215775,2621.245077443437,9.758509677746112,2627.5466054492413
6245,2615.3042501867435,2623.2156641008974,10.860780377485263,2629.4823401488625
6242,2617.5396564928487,2625.1943379390696,10.915096680681778,2631.307585896481
6423,2670.224276366718,2677.1332455798215,11.729100753479663,2704.689345328064
6300,2728.417279806267,2736.1862374540674,10.818836695737051,2791.483144969353
6179,2753.4203639942175,2760.4355416650865,12.606326840945181,2793.896913845003
6219,2765.2393379781774,2773.439204235706,9.556160110332563,2796.532089434089
6353,2767.3322153046174,2775.367604932358,9.995799980344259,2798.6840119197545
6406,2769.146016007192,2777.375294854384,9.922538249774774,2800.601772411171
6338,2775.177708398899,2783.204522582461,9.58651675833981,2804.7538969549228
6303,2795.6080002735666,2802.2077884635696,8.635048857048062,2808.6176121765257
6279,2823.4414163107213,2832.0482024781,9.638049109641274,2881.3101601616604
6322,2850.3846793405705,2857.4096024020228,11.41617388638562,2886.1404956092497
6997,2852.3090037925635,2859.254118314392,11.416821942806713,2888.1118099450887
6417,2864.7342397566276,2872.0735282233804,11.1832021143452,2890.4875538265856
6333,2893.8713520726847,2899.227614453874,14.968081734638288,2903.351051131315
6949,2904.385804986995,2910.505783404544,12.752049055653378,2915.1923797685863
6288,2939.726042695896,2946.321043914691,12.634222911758066,2971.6084610060493
6339,2942.3120928137914,2949.204017108708,11.619579903607708,2974.6548699469986
6941,2983.690690002904,2991.3651015699606,11.42029927851288,2997.1461405183704
6361,3110.969817327036,3117.3667419192357,14.096802562034018,3151.811056262811
6283,3113.0587244127064,3119.105614076171,14.063439138644306,3154.5776199699
6328,3130.9761661065213,3138.0410886560694,11.513870721581405,3156.9000739857897
6282,3153.806368854943,3160.296664748506,14.049729392303224,3164.953824906328
6588,3160.5383432829485,3167.4092346427724,12.728610013313073,3172.5313143787102
6319,3162.3746825485355,3169.1814028725994,12.821455417710247,3174.309638298506
7056,3164.3271286218173,3171.078191662906,12.059276319877176,3176.3849354997274
6228,3171.6356225232994,3178.3524378800766,12.267027190166162,3183.4142866701427
5973,3173.69204262813,3180.2595169435954,11.944090638849483,3185.210940581524
7005,3197.3972113629993,3203.0186872246777,14.933256338517314,3342.016722151243
6550,3243.34703367229,3251.4344258027836,10.898543380968743,3348.674719059922
7680,3245.55748304737,3253.308147907879,10.832752491195592,3351.682725170552
6967,3247.439251975371,3255.1903016591377,9.984486443001206,3354.1852586456507
5941,3251.1325861966106,3258.1584646848974,12.254114823985157,3356.8611276607753
7712,3264.498333247635,3271.2399566064446,12.761906996173431,3359.4783863782263
6980,3280.1487388246555,3286.0382934025565,5.650649117380138,3364.249148974183
6412,3378.7982530021727,3385.5157359074556,13.762246172452933,3432.2092512746603
6986,3380.731118336304,3387.2157835722705,14.157857644058321,3437.5256329999675
6488,3396.6225687601163,3403.437382819045,12.389259942521397,3440.3826856981455
6960,3471.9239296352143,3479.3462701904323,11.38599873595451,3609.1363795403963
6331,3483.2442701342657,3489.1414378141353,14.553694074412356,3613.7072252989105
6246,3518.0937261315203,3623.002612963846,8.258521467623684,3634.27556602632
6335,3546.6233601401386,3625.0819372037463,9.987061707628966,3637.3873024669597
6987,3559.048449456117,3627.036528164767,11.99695593882963,3702.427212250268
11493,3696.9599429622194,3703.1748865938102,11.910558335300676,3712.960776506817
11508,3698.991744660367,3705.063332094937,8.666905167992235,3714.714486402948
11904,3758.6483488215936,3765.324736623139,12.390749027887354,3784.4288900563583
11708,3785.267972073538,3793.0088134702846,10.366464551493285,3798.8493719293683
11448,3787.500817192654,3795.0210097783915,11.055028605715723,3901.7217427845185
12080,3789.986304858724,3797.0186396155623,12.01177533489706,3904.3775782490025
11816,3793.967063568257,3802.168042998199,10.294146808687355,3906.638821721943
6968,3795.9262745248807,3804.0949196759193,10.598087646951127,3968.2888094068753
11833,3843.922371038263,3850.368986456744,13.070747086645143,3994.012301038236
11908,4258.903186975318,4429.04841070318,6.906964384143054,4435.423974188573
11963,4262.063215942496,4431.246427837394,8.382235335623282,4437.27009727989
11878,4265.5595349314835,4433.345637734233,9.973006127905252,4439.184260252613
12081,4270.671395319073,4435.207835215065,11.708889898821118,4501.3392185035555
12012,4505.238052062384,4511.542880788692,14.02507857063562,4516.317901897718
12058,4552.97878606592,4559.486957000771,12.923677168649455,4596.999679093634
11848,4560.3368737824785,4567.0360919069035,13.061523660484427,4600.949624633115
11995,4564.964507973087,4573.456270345785,10.24886264148477,4616.4434547736
11392,4593.269764804279,4600.584404984544,13.149570225120598,4619.452900801873
11434,4597.59459900583,4604.25267501754,13.072672589291919,4624.353790346303
11034,4612.159458259368,4618.138115450644,14.384219756846152,4626.951825260401
12033,4685.438811793207,4692.457880120378,11.936508591244767,4698.523720425936
11468,4689.375872935909,4696.507222778216,11.760604453441966,4709.647952264019
11984,4736.878095775791,4743.521886073884,12.039088232757143,4772.761395950147
11613,4738.639485940192,4745.270284378371,12.064169414486676,4777.134968226965
11499,4740.474603604498,4747.084488189429,12.204271917385793,4779.889133722177
11853,4742.936654766518,4749.487462007415,13.046801931475661,4781.945379758925
12030,4744.80760159792,4751.367878380574,13.096844815581282,4784.78698859405
12036,4749.769831543499,4757.107677068945,11.945967620715058,4788.396729672154
11756,4803.674322659227,4810.608372999598,13.37806885180461,4874.007527707245
7683,4806.033428051683,4812.401788430517,13.2509440827044,4876.412218685779
7663,4809.844731382851,4816.0555498686435,12.92685834404267,4954.296318560136
11894,4818.792188482396,4826.1024593279235,12.125121360864263,4957.009290288375
10029,4885.411277084347,4971.000101074292,9.52383568481632,5045.340694071196
12440,4981.507747946806,5060.21793871449,7.170628014214485,5144.818791495766
12437,5068.530869256012,5157.097064922417,9.49316975493345,5163.402483980017
13219,5071.425368053009,5159.004082956032,9.665152437216626,5165.324304559097
8397,5073.8698369954145,5161.067214012826,9.960877833018847,5167.234140909056
11800,5076.646639444924,5163.1158891882815,9.061806784080877,5221.773107336147
11783,5079.8292917427425,5165.099508451371,9.075172715911041,5224.660052112938
11949,5281.93967501795,5288.407229083943,13.230466702815647,5311.492785949393
11895,5286.354266240775,5293.29374873215,12.172631100000098,5314.096199772918
11858,5368.613108106347,5374.327576047117,14.38954886945698,5401.585737017977
11354,5434.34642802714,5441.42454853872,11.932856527279913,5491.847863414145
11838,5690.769040844245,5697.124405605725,12.695388680486527,5761.467143549036
15512,5692.042774427883,5699.1471467250185,12.074625505643473,5764.023528413575
11844,5693.784494120711,5701.317154130333,10.693973770356658,5766.222854797329
15531,5695.926619678446,5703.160292138775,10.404026904672065,5774.639830738503
12519,5701.597312233809,5708.441175919677,10.111352898873484,5777.775837484776
11740,5706.431459985369,5713.205751253968,10.38063045994993,5780.143136233299
11787,5742.107540968196,5795.511823921821,10.346339691285065,5874.117536704795
12516,6303.860778204206,6310.5297670677255,12.692658445642563,6315.516677529953
8400,6306.020666465649,5883.034974852659,8.770273029527072,6317.812258011333
11900,5808.973512055425,5885.014955216564,9.203091789365699,6058.422874492079
8444,6309.50807549644,6316.33309030956,12.167078877790688,6321.5526566727785
11821,6706.32688538846,7050.30243847092,10.765691116387227,7127.8764756988
17275,6307.82789686575,6314.5169983337055,13.167155821809407,6319.588448344425
17991,6313.278976303271,6319.542297422229,12.826755076228542,6324.4531139815135
17939,6315.647623866951,6323.112589117756,10.84168675970471,6328.841331394209
16921,6317.432186415312,6325.151116816021,10.687528528500568,6330.974205446838
17947,6319.419131384994,6328.2006129003985,10.694979640995392,6334.030003952259
19469,6321.854100072293,6330.133852262012,11.581829538746755,6335.964026144944
16877,6330.5689773061995,6338.268392468212,11.902052417353643,6604.825425971964
16717,6334.671143556731,6341.038894830094,13.208975807756811,6607.3568150773435
16756,6338.80521028096,6346.438730872213,10.339986690241943,6661.333668741091
17281,6349.114893899402,6357.370960178021,9.733978799241457,6664.068746220808
11819,6351.398419874104,6359.403076161382,9.356994047558159,6669.561515806021
11793,6683.819733327425,7044.050778936011,6.888062740454699,7121.697598316137
12458,6687.1817676881465,7046.213543571668,8.022822882215758,7123.9890967172905
17390,6692.559228929783,7048.312757280785,8.302973512017942,7125.960479267088
13165,9048.795595102534,9055.59062091883,12.901058030345832,9117.41174279675
13246,7205.410793304632,7212.291147749846,11.837441139830556,7217.465934354026
13221,7209.416054218452,7215.428767419408,14.149879642691436,7219.968902579874
16842,7211.468124156317,7218.0996511318235,12.25698150710749,7224.832546891841
16524,7218.345868104675,7225.441119130544,12.092275110225561,7296.048787344949
17113,7251.310947310254,7320.254563079981,7.302984274248113,7561.645889456712
17033,7253.308535307199,7322.417494099278,9.78394001472305,7571.758175942996
17363,7255.357623474068,7324.338990649685,9.372652235661683,7574.622508213295
16978,7257.585145432053,7326.32566258625,9.50142218115974,7577.037781120439
17522,7260.750389873207,7328.3533106128425,8.648465800041663,7579.31787453702
17342,7603.7033162747675,7676.109980737966,6.084872529804153,7762.242218272139
17349,8048.80216326321,8135.527229024386,11.495492229761894,8205.478216985508
13931,8122.4744840224075,8137.324251234799,11.326883649580601,8207.836910221442
17608,8193.765282429184,8200.136509785438,9.370657323749327,8291.680862277304
17278,8443.018931729672,8449.155566108,13.237286999779261,8472.889548436042
16980,8445.36652367449,8451.535890298177,13.680063536258471,8475.761684183695
17026,8448.40637651745,8455.527896801974,11.861435381283936,8477.923541966
15566,8450.90018287995,8458.157800102608,10.741394021023016,8481.841096436661
18009,8454.154076661684,8460.316934091481,10.911176607163204,8484.394407670332
18006,8463.637818644454,8471.375469985538,11.289536133485402,8491.658553886109
17527,8466.845886247764,8474.47947903179,10.562828873309453,8557.483206055647
17422,8669.203831885518,8761.106999895776,9.03185189725613,8829.48391856337
17383,8671.475139863322,8763.051481420976,9.460783393482057,8832.637705979965
13975,8676.499327787333,8767.104158203334,8.729550771464645,8838.78030370176
17367,8881.949719585158,8888.277003066201,13.089612748046575,8922.465063579542
17565,8883.790983727584,8892.080521331793,9.515598224580074,8925.192990213549
16265,9003.898212866794,9010.538043817998,13.593962128219065,9015.33715851628
15529,9005.825859992077,9012.28424210149,13.139734471373966,9017.048373898833
19402,9012.525851789454,9021.45737181006,9.675581458173658,9028.151256126828
18705,9023.91950963849,9031.403650392083,10.483400490257287,9037.200386542478
18735,9025.758452934626,9033.250230915979,12.333735764997774,9095.290090005466
18020,9027.662269821967,9035.420899120374,10.672522906677186,9104.477068495118
18744,9030.1788047708,9037.277514187039,10.710420370536038,9112.495874175158
18678,9037.213611000545,9042.456096773305,15.02877124596238,9115.096465639144
17511,9055.703702272425,9063.078631278713,11.696455732811462,9119.621032671681
18010,9069.097910690387,9127.282778219922,7.224603983642819,9192.13887318715
17471,9071.043180038592,9129.38956719241,8.981519686192797,9194.163699966812
17442,9143.236750781061,9202.234899575946,8.78950202819661,9207.955796107406
17542,9145.12918615696,9204.214386967607,10.103214984832487,9210.003643465532
19412,9229.063041094203,9235.61663412585,13.649815643616826,9275.582321685044
17505,9231.28489995499,9238.281112195462,11.490165326126123,9281.596790329633
19434,9250.190394439413,9258.245088001535,10.451407212524861,9284.555301036466
17509,9363.64148810693,9370.536074573947,12.910587511213736,9375.459631736929
17603,9371.936611389869,9379.028894626339,13.225017238344883,9384.34179432324
17332,9381.536084615756,9389.14671624506,10.360203292276465,9398.322948515044
17315,9383.441348376842,9391.097997099718,10.426668957361981,9454.36478255518
17021,9408.620539424299,9415.330852014931,13.105023033006207,9461.57038726321
16950,9414.437835663055,9421.496650894522,12.01063839722975,9468.4320118855
17417,9416.205126848261,9423.410041612804,9.1584329352114,9470.462759977807
17306,9482.08441667791,9487.457337345077,15.274437011582215,9544.838001810544
18013,9483.844441622829,9489.596928303457,14.582756913920488,9547.479376865564
18732,9544.06956429401,9551.306945716495,12.18300412867068,9556.702741695812
16241,9563.312287566587,9570.131010823956,12.536138032584509,9575.235730786078
17305,9578.503286669462,9585.419349248723,11.531133277944106,9639.960832332717
18704,9637.655401880687,9644.017902377522,13.676654683197958,9648.814569380764
20079,9651.536164694435,9657.418787205013,13.92519246329891,9661.919815248353
13966,9653.486259814428,9660.260583744815,12.066868158791161,9665.655678022937
17978,9741.959940506638,9750.09107623718,10.385674305059421,9756.295409053248
