420,364.0081396819056,369.14063860201617,11.649526034393407,408.77824626183724
3639,366.25578964825064,371.09063914568935,12.62041354856477,410.94486580795115
3656,396.85542700322577,401.5672199208341,12.272574346975157,417.59989611603766
3684,543.6625323886879,549.0591998852373,12.192000471539668,586.098211828772
3172,546.0235157291073,552.4499306087305,9.182575313106474,589.0540264868395
1033,559.4304084885782,563.4775605489989,13.978636555179765,596.2859029117261
3225,561.1801296300137,565.4484891020785,12.959471428789168,598.2077300004497
4089,633.5472993700537,638.2177156387307,14.037374933599075,676.096188521669
3260,635.4004834196196,640.4433341507918,12.311955996418575,678.7394512373429
1737,637.7002209581211,642.3403913125736,13.255736275186266,681.2182700182204
365,639.425027572442,644.0885003295645,12.45484710940802,683.2302003988576
1066,641.6260821529404,646.366011387812,12.955555683434408,685.1671270195958
4122,684.479786719676,689.1611722587862,10.802480023244835,694.9295875485899
3177,727.6012676769071,733.0405944608472,10.944645666496681,771.991375957338
2434,816.7955184746911,822.0815304448561,12.00132948708183,856.2657976259851
1075,904.1070823735358,909.4545877665958,11.649888424357812,946.6687044347814
2451,906.4101757621047,911.4538631265145,11.590226120132613,953.218536492892
1767,908.3857731951867,913.288849705579,12.977197704581064,957.9804920319743
3710,969.1608923390611,973.4460818629185,14.233713689143826,978.4918599896779
4067,984.8228867097846,989.5154138654425,12.225609004289977,1036.115069430918
395,993.3571636302497,998.5128655126567,11.702227562489467,1038.9117739200074
3659,995.5491252242913,1000.3848922532205,13.033098269209466,1040.9711671676714
3691,1006.4571028717678,1012.1171305647259,10.2973472770264,1042.8554746006994
3664,1175.6571391183545,1181.28991496147,10.542441981139765,1218.8777420917509
417,1178.0686918267434,1183.2813727250116,11.424044567276535,1221.0075270000912
3635,1179.9538594254839,1185.2501500514927,11.322156362408222,1223.5103854634467
2455,1185.4589442637946,1190.4158377976214,12.725331308286044,1226.3748324124044
4082,1220.2481443980637,1225.4322035883438,11.723646687806706,1234.1110750003359
4794,1222.432601134624,1227.3254579341321,12.446852430593523,1236.2582872550286
2490,1265.8120450850915,1270.5259688860317,13.013378840283611,1309.0222338411036
422,1286.7856432118035,1291.453015906022,14.086236945046538,1311.3272473593322
1087,1288.6516271583591,1293.1090635147632,13.450463582027655,1313.9543010012055
4096,1308.1301847386728,1313.3637290938223,12.581375163419228,1326.6047693968005
1080,1313.530044054142,1319.082015609144,11.293437089391023,1329.2829922413998
1772,1356.6831914775523,1361.5908675930393,14.468330926416877,1396.2275595839226
2444,1362.7463146416826,1367.2964441530376,13.455550803066709,1399.3397424116276
4086,1364.8220074074527,1369.1283907332158,14.043956704462024,1401.5503867541445
1761,1374.4078569895426,1380.236571003401,9.777742654384262,1404.2012367002505
1113,1376.3650442021533,1382.183131209128,9.488528304147179,1406.4439546353392
414,1378.260664405592,1384.1334599732495,10.391415965361455,1408.3174286248782
390,1406.0778205669912,1413.09231559656,8.47248133722327,1419.930407410308
2447,1443.5677094520215,1448.4576684641142,13.337246458134972,1486.3153273516207
4802,1488.3146506198805,1493.2976768062529,14.588870004978794,1497.772178238906
3665,1534.2284318805853,1539.0494844660375,13.899377572769808,1576.118646182173
4060,1577.8152785294246,1584.0994763326592,10.564338002066167,1590.6928478352322
4104,1608.9689112255248,1613.1441625575037,14.393919807938753,1666.0933206381337
1056,1627.2176444283918,1634.1726219725738,8.432922838499222,1669.9782906490968
3188,1629.6207734251973,1636.2917520385622,9.078802005289564,1675.3228722879064
431,1631.7073225652975,1638.3139374364898,8.585963772629592,1677.7363541428058
1021,1633.7443623384981,1640.3517256601863,8.474550060012188,1679.8941248607402
1029,1668.2982469094104,1674.066074251084,12.43062794453606,1681.7903602067868
3235,1713.6385095976293,1719.0720602966917,11.69592576987367,1756.217308775309
3679,1715.616971549316,1721.1560069937796,10.613147975484083,1759.0736238616257
3652,1816.3241668051915,1821.1739186495859,11.950079339858634,1847.456549519707
3255,1826.0485921070638,1831.1665020229316,12.788523060517804,1856.6581355955145
3284,1832.2048296465657,1837.0656212726467,14.66227404199528,1859.739863809704
1110,1839.462493515402,1846.1852539910633,8.916438543701878,1862.2095175503423
1806,1893.5970567273237,1898.487653532561,12.522281516882014,1936.1168398375737
4099,1899.9697658243178,1905.4210031671928,12.18437789642637,1938.9011332746175
4088,1903.5664994801677,1908.4257387040018,11.777519750078898,1943.778843551564
3754,1905.3550241674461,1910.1821862848726,12.038427135580957,1946.1611757438563
1093,1987.2865335610784,1992.4319310635165,12.649872772156973,2026.2820989383335
3643,1989.3748211353097,1994.4848360541168,12.198482609250721,2029.8763159941327
1037,2002.2713958990953,2007.5801379011348,11.992426754291845,2039.1638566274612
1069,2004.1791355618202,2010.167426996611,8.384110039877955,2041.1955751687337
1757,2014.1164954326698,2044.2371966721107,7.382460437451224,2050.636854530139
3696,2018.2523753057383,2048.4541482553773,9.253379720333378,2054.103692823339
9559,2073.789666399872,2079.439915228129,9.963790823656538,2116.144064831775
9570,2079.758115191421,2086.402811034522,8.670810033505191,2120.058279304173
2505,2086.0717355159236,2091.437813270036,12.930934296219922,2124.9571734403644
2501,2091.9773136311546,2097.4165420043705,12.56307762436423,2127.292801809642
8015,2094.3168784412856,2100.310671541112,10.751985565669651,2129.3092470691654
1030,2163.503987395987,2168.057432311499,14.367033499407603,2206.2871924304463
9182,2173.092164546013,2177.2333131389955,14.677347769425943,2209.1199423207067
9140,2208.338859326227,2214.034310953195,12.950046648155285,2219.216456913754
1084,2253.8766752174315,2258.580057008388,14.670921432882619,2296.274690494643
9594,2343.722763666782,2350.359091443024,8.43013453701217,2386.0997681260897
9179,2362.924737428367,2369.3567223823115,9.013197023278375,2390.510282146832
9564,2387.819353058704,2394.036136379062,10.163155281607185,2400.468914051516
1086,2437.4659745446324,2443.2635547072596,10.690255439543913,2476.291593800288
9186,2453.238748370633,2459.4691345935207,10.538384592449868,2479.9442516231584
8026,2458.830826292322,2464.346330715119,12.039496879223577,2484.586192540095
2473,2461.1313035941635,2466.263042743903,12.090516433902279,2491.2972232803445
2488,2466.0424049013322,2471.321100773275,13.06080423248254,2498.989057423177
1738,2468.2148858799765,2473.1021292033524,11.570615457283855,2506.183357220352
9599,2478.120791032933,2483.5077822533576,11.780856902495932,2509.538158351999
9150,2627.062318889575,2631.3165993270236,13.923713032343922,2659.011957425803
2508,2662.888037555937,2667.3540745789514,14.654959056133803,2671.5451930312684
2487,2664.836788364049,2669.0996300758443,16.174660621264024,2673.317416068488
6579,2703.5869486112188,2709.1251957076015,10.23493127069037,2746.301712628366
7991,2705.480311178031,2711.0045730019065,10.70433379466093,2749.1203782142625
9164,2748.300738281431,2754.281725487254,10.597352608051345,2760.4311703379085
9219,2750.4543670488706,2756.0820720120064,9.472420189202476,2763.7057043973145
2438,2756.8387246012685,2762.0610609686532,10.985115945086253,2768.4140481645563
8730,2758.6327149010895,2764.008923933858,11.295604109267245,2770.335785590554
8710,2762.3647555161538,2766.4500909444723,13.755252395549629,2772.1425642369563
8741,2764.3390854081313,2769.1990128281527,11.719440161677333,2774.4032568726034
9196,2766.156052658044,2771.0518449010488,12.181380680735263,2776.1955711291175
9608,2772.7204828198965,2778.232666921806,10.917718042205026,2783.9797818564366
7208,2795.7233043311885,2800.5964411362315,12.778881026772103,2838.919095708837
9130,2799.9108987501922,2804.4641450239246,13.134250866863841,2843.579514517425
8680,2801.706990528157,2806.244524363118,13.129141169051758,2845.5163837768973
9161,2840.141974226663,2855.087230499903,10.358930932143704,2860.27159591411
9167,2842.45053400923,2857.0141378794606,11.92421064351017,2862.0555829904056
1047,2883.835372382153,2888.6177187601597,13.587657319930328,2926.4858265427115
6570,2885.866542230049,2890.4579901952243,14.133089623474591,2929.2648420889714
8682,2890.1434687121446,2895.1368133641668,12.016813267972099,2935.2866682356635
1089,2918.485828935052,2923.198468397374,11.681474281765375,2939.429499387294
9604,2932.289237209594,2937.2878584309915,11.785302304259185,2943.021259809062
9613,2934.083374421952,2939.0754652947016,12.343508922056508,2944.9526586938823
8721,2978.003251047913,2983.1981259629397,11.924861185741195,3021.3640331193706
9134,2983.572434680947,2988.6004872189997,13.187081166157741,3027.651340556384
8684,2985.4151514741557,2990.4402177671473,9.115246269294019,3029.5463739425727
369,3079.994162851673,3084.3530367651765,13.237464307830322,3111.310741598891
6556,3088.4254910448094,3093.188896562509,12.917165442928761,3113.482163450018
7258,3153.523582585449,3158.2092333993633,16.031274395751225,3196.093658854926
5900,3155.637576880406,3160.4194172994476,13.11303312855764,3200.5134657847093
5896,3157.4044551848096,3162.129466940361,12.811946623737128,3203.820983579387
2439,3161.2710501290844,3166.164546508135,12.576480081206617,3216.655337545038
2504,3165.174101159806,3170.4301807156517,9.155541750052647,3224.077511023848
5903,3243.401333517149,3248.357392950465,12.594242228446271,3295.4608940582916
9573,3245.4350474685675,3250.176051602051,12.117286638727926,3297.349769135055
8030,3266.2749783689796,3300.2261116806862,7.96788730550447,3306.4976196271177
9149,3268.3627511433206,3302.206810838827,7.921222507685936,3308.250848918124
6609,3270.4076766711055,3304.4139793191025,8.834693511404295,3310.0643288387787
7227,3337.152676233174,3342.1961897174647,15.211745550311452,3376.1290341212157
6615,3353.2163704496247,3358.215428937263,12.393111431502676,3378.7639135832983
9166,3356.8424373739804,3362.490298885452,10.547908187171096,3380.989938293985
7963,3358.6463305581356,3364.2629924647035,10.029174500083716,3382.96236995261
7223,3362.239203150273,3367.371508098246,11.588274262654906,3384.831350767311
7288,3428.8559546691713,3434.105651768259,11.83973021246802,3469.317004827065
8751,3433.1295883280027,3437.5449229334904,13.138642297634108,3471.652473981343
9617,3476.7047328368412,3481.2916006586247,13.221540579988897,3486.0076761362975
9590,3478.393156350462,3483.363172168512,11.994042194460263,3488.5903201518654
9577,3480.270743346262,3485.1293824226054,12.194488208700678,3490.3055054544093
9168,3537.7520778352764,3543.289222463784,12.064490689374933,3563.95407189668
9138,3542.0302366966384,3546.258407952482,14.786294201115554,3565.837815914727
6605,3603.9438069591233,3609.0908348196876,12.77439558372957,3646.1434985427886
7281,3694.130924408897,3699.4803810544026,11.585578775849049,3739.3608649841744
6547,3696.6998585446013,3702.015648523454,11.424362411210991,3744.0825112231732
8759,3787.709898099047,3792.431267447547,12.596450358251529,3831.4693581200277
8720,3789.6658057101313,3794.205051883986,13.557476992543332,3833.3822851482746
8669,3792.2018747701127,3797.474603623099,11.433890523370952,3835.2516370356693
6571,3793.9395426822894,3799.2687076115153,10.373274381184864,3837.1000067115056
7946,3873.5325613141104,3878.3263954214553,14.462524177299539,3916.2115962826642
8024,3876.3711594799192,3881.395088098137,12.159569736677577,3918.936049570194
6430,3878.3365927454092,3883.333967490359,11.876732198738019,3921.273494055366
6583,3880.713469783866,3885.484851263031,12.3805001304488,3923.3079766956835
7289,3882.595955695151,3887.1865409169263,13.138138836583408,3926.32901325043
8715,3906.424884328632,3938.1035467810557,11.51392226870085,3943.750871007829
8734,3908.382724015392,3940.0807135103196,11.006997388217954,3945.5739879936086
7984,4151.758267075215,4156.310076374896,15.05438050388095,4189.29671491315
5874,4163.895566147549,4169.046798230024,14.665482305998804,4191.504231838063
7232,4169.8879557321525,4175.032701150127,14.823550068749778,4193.579342990245
8020,4237.129269470894,4242.5666648605475,11.9494992183293,4276.4829329825625
7932,4244.251611761019,4249.150477809216,13.146249870320279,4279.14342922787
6552,4248.8242099581585,4253.183519297575,16.03772183210303,4286.220837707046
7936,4252.713096668408,4258.146605326918,10.997190193253942,4292.969244661188
5872,4254.654635674542,4260.0057199209705,10.640138074847817,4297.108403874995
9147,4277.67943542245,4283.016895073283,6.314368189440275,4301.657482291616
8809,4280.2920311995085,4286.074534254104,7.2829565376498016,4303.724504599397
7296,4323.871831929844,4329.189133061672,11.1942913095257,4366.169112358665
15106,4367.773306326321,4373.316573728261,11.748890451872215,4379.537502973117
14665,4372.211281196098,4377.4649667058275,9.503238184389506,4383.694963179858
14637,4379.998810072862,4385.209070698447,12.110530064616563,4390.576556127971
14191,4413.372285486898,4418.19818543839,15.342520590820106,4456.267705557437
14222,4415.653677947665,4420.3940948385025,13.343141324368093,4459.246091229398
7231,4419.462173398513,4424.465228909109,11.264221496718049,4463.400202855867
7216,4421.458241561772,4426.453269341119,12.197874619924349,4465.632551570301
7273,4504.113210870405,4509.187656787243,13.090993636311149,4546.121765749038
7955,4513.605087448672,4518.592854153611,12.685654623088057,4549.008120831985
14686,4548.269898709825,4554.014319733404,10.817705951432433,4559.660651943109
13466,4593.386089823697,4599.331296226291,10.106046365850888,4636.1246716052565
5890,4602.176565551449,4607.191964225487,12.143350133129246,4639.591344321508
2489,4613.034990770318,4618.1701294623,12.590833020477346,4650.114589604381
8706,4618.389771581512,4622.488640920561,12.972230275206963,4652.853924325828
15803,4658.383533767413,4663.485036352536,12.61350664841967,4668.563519491727
14656,4683.964055976576,4689.0075192168215,12.5825813376496,4729.999983204068
6531,4699.839225497903,4705.542118180364,10.991036216202614,4735.262641816463
7229,4701.993722303056,4707.458344820057,10.75782038008097,4740.398043539501
14242,4706.006545375912,4711.10403352513,11.562486137985683,4742.78813688378
6595,4778.261070522185,4783.045757220657,11.70718438274842,4819.230686471182
13495,4795.854969768557,4800.577036676972,12.374317583669772,4828.651466577497
15124,4818.0278424271,4831.230570589418,6.712510534925946,4838.899005885511
15079,4842.510814332161,4847.395457727721,12.282010555047192,4852.755334602635
15093,4847.8185264425265,4852.446870614271,12.56354148240729,4908.1279698444005
8656,4863.641246845206,4869.041774507993,11.343067753971857,4911.447893266038
14654,4869.333759092453,4874.254658673579,11.476993665923493,4916.45092278618
14660,4871.297517076626,4876.254945936297,11.914273748711818,4919.0493277406895
14627,4873.098428561457,4878.043433137536,10.426816937853996,4921.232770414624
11387,4877.73127693642,4884.0401044205055,5.577359289758955,4925.218752768661
11369,4955.74589027962,4960.513173286887,12.448593290025794,4998.985499908103
14644,5043.450208768848,5048.15464820604,14.080078545016415,5086.134035309585
12705,5045.39154512246,5050.019971167494,13.14562201521532,5089.270527208602
14205,5047.593343095243,5053.020140999905,11.297993133259626,5097.667862660557
14981,5102.879401371692,5108.164639409797,11.903600485792474,5113.429027565295
14175,5137.287706358874,5142.55814681288,14.452344094047163,5176.312848922559
15782,5167.244183376115,5173.316584410077,11.386696694251432,5179.505769876883
15350,5178.176530752131,5183.558195078068,13.199630974212806,5188.572735891974
15110,5180.351068925538,5186.152459108497,11.062419646772437,5194.30479376481
12768,5182.353615671768,5188.062957310054,10.371463203437264,5197.165059887362
12103,5184.705956080145,5190.056457764441,10.834007799049216,5199.276675077968
14642,5313.820205275748,5319.1302096465115,10.843801085233606,5356.144250770292
15058,5357.9732776161345,5364.039579608973,10.01551608895703,5370.403293475939
12087,5435.169681151893,5439.575010512236,13.859625392905107,5445.528296156665
15088,5474.128768772466,5480.081679105372,9.98319003329314,5536.167273290723
15081,5476.170953334947,5482.104744899529,9.859275572016946,5539.817973498239
14683,5496.178750849034,5501.030300970175,13.057410269979506,5547.840662253241
12717,5498.267836961872,5503.123013139404,13.058960943912588,5549.846734254851
14659,5526.302424178569,5561.156150545249,9.963355702112109,5566.783368246704
14160,5590.193889527245,5595.176887650896,14.144262368932711,5629.085284792736
14690,5608.169568585981,5613.420390843536,9.717105566741763,5639.69477624993
13496,5674.035875959427,5679.4758335036295,10.929243503522247,5716.1025382227945
12030,5679.537008318479,5685.038393097865,12.873810091621202,5718.572877978739
12782,5688.692378895348,5693.5260376577935,11.891301495010277,5724.887637474876
20203,5742.482819579569,5747.560449622064,11.626582130862346,5753.2097499205
7241,5763.762546955456,5769.175353775131,11.913478017057404,5806.210712208084
7213,5770.4207910751575,5775.470017333909,14.487184988653498,5808.805303728824
16252,5786.604024699991,5791.3457739934875,12.528315194877624,5810.9271456939
16245,5799.714284039511,5804.536412788808,13.718611349243599,5813.049406973217
20569,5808.179663218583,5813.351319332552,15.444226639921492,5817.588963029431
19757,5853.576333198376,5859.070754676841,10.504331932701179,5896.22748461442
11392,5859.886615016097,5865.108487281034,13.360834742371294,5899.1588074475685
12790,5866.099855075823,5871.243773572981,15.327578014141263,5901.711164553743
6564,5868.402743432468,5873.349270338145,13.178246075773098,5904.026172210865
20160,5897.780848305399,5903.110749437954,13.279734441679349,5907.971673579973
20191,5902.585727108352,5907.023900363341,14.215966811474898,5911.896554714699
7212,5943.581974624222,5949.337136135529,10.217634753733652,5987.634811431672
20142,5949.782457116086,5956.12084673329,9.132635503486453,5992.503053444323
19755,5956.20342977158,5961.489103623566,12.085054157684263,5994.814318604441
6600,6050.701234877599,6055.3976025681295,12.559521796439297,6084.008729585463
20162,6090.4347711086175,6095.282556092108,11.753066378629724,6100.487399499351
20206,6092.256516977883,6097.057221823524,12.757686237286661,6102.242203779444
11390,6123.747288980842,6128.422099908677,13.30903709666268,6166.1634031766125
12741,6133.648915024494,6138.333246933615,12.221200559378122,6168.8182153739945
19737,6137.287051043114,6142.51319271256,11.559271564674946,6171.136207598851
19723,6142.020449778129,6147.088114535474,11.847473685041704,6173.385232436989
20247,6184.4178651843895,6189.548486202745,11.46121683491634,6198.434672038037
20242,6186.385874937458,6191.376408340552,11.02966846447895,6202.327141939966
12757,6213.441113008364,6218.275198223726,13.589672928344559,6256.388111706814
13435,6219.415836084207,6224.143613459973,13.228282989750005,6259.850633849695
19786,6260.578250798902,6266.070453404893,11.14058516698114,6272.302022011348
19770,6264.667201706125,6269.017555243232,14.496398118438881,6276.244531385548
20172,6304.030011959921,6309.499787148722,11.47242185971478,6346.163868880152
7173,6306.223694754783,6311.391586438591,11.286639264332821,6349.026726873792
13432,6308.199562972465,6313.279917016465,11.854095541408315,6351.282495209928
20180,6350.590526240825,6361.00261427286,7.305609521506759,6377.86510303272
21309,6352.757204413481,6363.367039483676,7.9093540544695635,6379.870850697576
20159,6404.943003550431,6410.015822578049,9.144426947986467,6452.056109751485
12693,6483.927849000786,6489.355738574147,11.626138598341614,6526.300750558451
13500,6507.656622746656,6514.391235461731,8.50212725514974,6546.151102462327
20149,6543.214535557032,6559.412155972202,9.739249950540785,6616.136151059678
20564,6552.611089011857,6561.385288332919,8.753479455441482,6618.8214386289665
20163,6573.433869322717,6578.292461553546,12.571387221287734,6623.38737892868
21305,6575.387203559991,6580.0476006243525,13.03838268928992,6626.713632601143
18207,6577.498146085272,6583.117165521387,11.04386141770844,6631.872752046133
16886,6579.369448833908,6585.045867302819,11.194875800730019,6634.936112148851
18948,6583.785014269921,6589.191903945306,9.393167211410919,6637.37653017603
16479,6674.439057920744,6679.047048924493,13.112173615368501,6713.621139509756
12802,6755.897370358835,6761.432095435712,9.751852703310956,6799.351539789049
18220,6771.377149154607,6776.235542315119,12.603525403260965,6801.852198279988
16908,6781.649867405893,6786.356096629919,12.69126300405579,6805.679402458527
11396,6783.932181246006,6789.355123415234,11.373684936748779,6807.698709595585
18991,6843.781894538349,6848.569466123616,13.753106958844596,6886.4313774841485
16928,6901.833230720585,6907.326092970158,10.350242780260166,6913.382402696571
20624,6903.748805713013,6909.192295477193,10.678727787124817,6915.289832719895
20614,6905.632585249893,6911.146690977676,10.50330889810817,6917.206255961624
16890,6911.25061558375,6916.238354284452,11.507452431602415,6921.7066607606275
20874,6912.957140525076,6918.07441639821,11.129449251281523,6923.969763748402
20719,6920.3607620348175,6924.225155254107,15.872860676901826,6980.89778991472
18956,6933.400595973396,6938.54123702721,11.952528564581712,6994.561469859134
18983,6940.58168061793,6946.318506011628,11.027015659441025,6996.82424466172
12770,7023.720473211097,7029.2485703819275,10.887208160733492,7066.132431494611
16923,7025.895353260683,7031.157487071411,11.493954491143093,7069.270045817501
18944,7029.954357545026,7035.489093957652,10.36204390424854,7071.525534974359
19021,7238.899907376382,7243.495884800307,13.019363070496803,7248.272890834404
16903,7259.022219011806,7263.181832106877,14.283719729172086,7267.571611122825
16924,7273.065594813903,7278.0490885058925,14.738811355224392,7282.513644913536
12046,7293.770011631551,7299.081710874737,11.924741270290468,7339.300140139707
17615,7298.342116237401,7303.154845251507,13.021685973523558,7343.254997423063
20557,7463.904651687352,7468.388383352791,14.994636307014094,7516.142874241788
14193,7485.607401175473,7490.016953369865,13.030605500126457,7519.175577445347
20577,7540.29150122584,7545.246012881172,11.655340050083547,7550.485804897895
20595,7542.4243564014705,7548.28576158884,10.676401148232385,7606.225896684017
20158,7544.305136013877,7550.072703971048,9.745554045506916,7608.866596585731
16927,7546.317760870262,7552.051637563997,10.817746116455282,7611.215320273618
20179,7550.214813006264,7556.027542939462,10.275952342874955,7615.649448699697
16919,7612.924042958766,7619.157410541207,7.201890250144132,7625.142110142655
20574,7618.825086164557,7622.653845508846,14.733886497275929,7627.285992891616
11422,7774.647219770145,7780.039952305636,11.118245742390926,7788.985589988293
16910,7833.326789411109,7838.017897634649,15.718757313825584,7876.456141772198
20255,7923.609826216565,7929.238833685154,11.580648443468752,7966.405755186303
17557,7938.670987583631,7943.513065763149,13.532710820253053,7969.452192084212
12020,7945.153652877231,7950.33742147676,12.439031403891628,7971.711447145045
11415,7962.883666725977,7968.158308689536,12.252631854457825,7977.618700441249
12059,8013.706999489197,8018.592153268679,13.582370646467487,8056.349489510003
16995,8019.9026739616265,8025.117873377851,12.550806826090568,8059.363644671504
16884,8127.648873167776,8133.33762544638,9.486915344025613,8159.271798511008
18239,8193.697064205482,8198.549064505321,13.515028288505599,8236.37760149141
18254,8196.085093331905,8200.602457481638,14.152318445150097,8239.082790384871
18286,8198.376326341797,8203.500352783163,10.90732237046836,8241.330490110566
17612,8200.13327702385,8205.306770209296,11.639891049756812,8243.352343851519
18302,8206.931707766083,8212.374339551612,11.247599694201961,8245.26259902891
19714,8210.052072008748,8215.045571204446,11.239123820563856,8247.188404128114
18285,8283.571037770169,8290.056574390741,9.203428717176601,8326.2391910158
18252,8285.730140691174,8292.088452916872,9.37453514020755,8328.950017453506
18227,8288.145256255744,8294.436911609366,8.971873940174746,8331.182019478709
19030,8290.118041674836,8296.443772237408,9.21740511596967,8333.264482937237
11383,8292.111376327413,8298.341173350593,10.1613754356609,8335.430308429723
19018,8293.954125314163,8300.213028405828,10.091520949798534,8337.414296974179
18243,8296.003453320376,8302.2085759403,6.8087850158383425,8339.3236244188
16879,8446.561684433906,8450.604796284508,15.152998056290587,8506.27560487234
16897,8508.249860791871,8514.180281081159,11.00744377231928,8519.86038955638
18275,8557.606606007192,8563.141330189654,10.930270717863495,8601.09798195103
12035,8559.792346323431,8565.036055328697,10.941650070522043,8603.069421088108
18978,8837.803101528167,8843.193957542602,10.96868645296744,8868.960075865893
18253,8839.661945271198,8845.031347208966,10.253984074722139,8871.411316235924
16525,8913.877249949921,8919.384337018424,11.410128593250572,8956.174622263414
17607,8926.434065621173,8932.081282899913,10.658620750182275,8958.639974737127
17574,9008.843083628075,9014.487256770555,10.094879822403998,9051.797040210213
17531,9010.714202950889,9016.45754034527,9.434208876043105,9053.965070927981
17608,9273.415309201715,9278.018902571981,15.215860026081096,9316.391845732009
17600,9318.132464618755,9323.29446681363,14.5919534247243,9327.829431887536
17601,9813.769123416521,9819.210618147541,12.099222380942212,9856.246171729126
