3577,320.0,325.53683982793683,12.940983188693641,361.5265589693093
3354,349.01133638506,353.4476755186583,12.701288782557166,368.97221243741495
2903,903.5174922435663,908.2438734480793,13.678019931145462,912.9731047196439
4002,907.7546160006838,912.1329039823969,13.39804678324345,916.8391430131696
4547,909.850994591823,914.4271322403878,12.302106855270834,919.4375447921537
5242,911.7802334201725,916.5799872533578,12.057970136530821,921.6728055921891
2943,913.7602552681888,918.3260738863823,12.381657290787627,923.4896108730163
4590,917.1354389750156,921.2317562956936,13.596198258476436,925.6544396512746
4527,919.5867938535325,924.3615278858972,12.235697009294341,929.572735765518
3586,981.0,987.405518578296,9.305800986009602,998.4843996132664
2956,1128.0,1133.2812284585295,15.279017372276686,1171.6788969943948
4537,1633.893981192305,1637.6545236903435,15.033748005049107,1641.6978968139404
5230,1643.6836458863386,1648.4723916895173,11.195048915803794,1653.7395643175512
4260,1645.5503330454367,1650.298329692944,12.274348687941819,1655.4758200671627
4571,1647.4214713580297,1652.058659848849,12.569978870316842,1657.2288616688184
3817,1713.8639846026217,1718.576602087362,14.642654711480407,1722.921917375485
4017,1853.0842896689296,1857.2919927881242,13.30946469281195,1894.1164097774508
8858,2409.077682477572,2414.281911062647,11.384267330125834,2434.088455775468
9066,2414.0,2419.512098768994,12.342361960231857,2436.408331394826
9276,2505.12400930825,2510.1269999919446,12.568325763190128,2524.4828188168044
10709,2523.4363401012088,2529.10585149813,9.719590306217578,2535.3054135791017
4199,2525.8059901235947,2531.176234182793,9.586817839024196,2537.1893842966106
4251,2527.659307191543,2533.0940301345895,9.436312973178264,2539.156307991036
9755,2529.797810127351,2535.07941436701,10.343244546607927,2541.1593982374447
2911,2542.7525567264433,2548.002554267476,10.080031707937106,2553.9312835105115
8468,2550.9695617533107,2555.5210471840564,12.74692473140319,2611.3993770914017
10751,2553.19524835199,2557.5543161710266,13.585673846869557,2614.161117584298
5212,2555.004854696431,2559.316556132811,11.68799457647408,2616.426263084489
10012,2614.0091510618804,2619.2362433849808,11.076397871672112,2624.9073944235483
10064,2616.032048097164,2621.1236156343916,10.758138273966079,2626.8288692450037
5224,2617.9347748647774,2623.042577065135,11.564248738497133,2628.6438749808126
5264,2623.885035095784,2628.1589881189443,12.647635234915962,2632.8109779428055
2936,2625.8334439804994,2630.296849302127,12.694206071940123,2635.2743682715027
5276,2627.5387937253117,2632.019118913355,12.838929849006215,2637.125374372315
10775,2642.152989603818,2646.137557941267,14.653342660556497,2701.461447581456
10055,2645.2058815658766,2649.5335553270925,12.91920702917639,2704.1570042877834
10014,2646.9828160292727,2651.339210894544,13.942244215674041,2706.315718399648
9264,3005.7476277724486,3010.539633910096,11.944518826384682,3064.2877731664717
9292,3006.0,3012.313947134803,11.866109872156406,3066.7561741256523
9072,3120.0,3126.008193342207,11.828117769168314,3151.5691844560515
8851,3142.0,3147.428731658238,13.012960890935167,3158.9293310281682
10056,3149.1403730636866,3154.125124217038,11.620964134873473,3160.8003858697084
10694,3610.6280060764143,3618.021346716228,11.421746610080962,3623.9285800222324
7099,3615.08047276642,3622.434165980529,9.128653596533923,3629.6190572191063
10060,3633.390348726383,3638.4885651227314,10.863073768340426,3694.379914852655
10402,3639.7418728395537,3645.5161224390936,10.892251454528772,3709.1438037855396
9499,3652.0,3658.001763879942,7.174010740180057,3718.609028853804
8841,3666.069066632499,3725.306358825581,9.852684273853258,3781.3955832512024
10071,3693.8330054599533,3729.3373713801357,11.122803650868915,3786.3648084560377
6421,3695.900789919166,3731.227412195134,12.78341889904307,3788.846788023538
9071,3900.0,3905.4152903086997,13.382989264457667,3910.009295481483
14349,4204.0,4209.200961194668,12.719495609710012,4231.87769121576
14330,4208.0,4213.1165176089435,12.849111527889882,4234.564181757926
8419,4233.457362905377,4238.343086579166,12.540861548567662,4243.477590767574
14376,4288.0,4293.149759115369,13.509733942879425,4326.52097650316
13939,4531.406697719688,4536.330325805575,12.332876472702713,4591.644693321971
13941,4532.990566993989,4538.027820972668,11.889781333693799,4594.216760997639
8857,4804.0470358919665,4809.445094673743,10.745188357647022,4861.601505802753
14367,4806.152048687977,4811.275850660315,11.535625405645359,4864.425799890832
14792,4808.0082549940535,4813.082008306582,11.505950721218191,4870.9599156277
16255,4824.0,4830.243899872095,9.94670189821332,4875.042656294378
16261,4827.130528526933,4832.235492482041,10.378936632808482,4877.219850171114
15164,4863.293266267083,4885.032934609491,9.428307482544042,4890.72787857893
16233,4865.244723826523,4887.089267773935,11.440842281308319,4892.696176497059
15524,4887.9268217042145,4894.54091848319,12.347012421413822,4954.569255521449
8445,4890.449646789396,4896.222973715089,12.154389481175782,4956.788399064479
8431,4892.7770960750995,4898.090059785909,8.406932370629843,4958.964042258482
16284,4894.77547617705,4900.31983523498,9.70959626741156,4962.063847339663
14388,5003.064925703581,5007.552238836084,13.522820662289924,5131.464483726107
10716,5059.909679392636,5146.19840678357,8.267863954151872,5152.02916403533
15238,5062.167911315351,5148.237736263615,9.481873214468871,5153.763403309968
15521,5064.729452030212,5150.216607405607,10.460510910843645,5156.469556929888
16269,5067.594521242829,5152.175936266898,10.587276913357764,5158.406865583812
12007,5072.193905729838,5154.346573917474,11.115965983050573,5160.494281080586
8429,5403.934898238429,5409.230403228754,11.45154433373734,5414.655723547044
14580,5462.0,5468.195471733011,9.914346641759487,5494.054736611658
14780,5476.212741305173,5481.396047194389,11.938999822957578,5500.444083712373
14386,5486.081724938132,5491.296396796687,9.065213646300638,5504.548348796434
14348,5538.0,5544.201874031273,11.379109648438316,5581.431340860891
14389,5543.0,5548.513449727378,12.102010491130523,5584.120361546267
14397,5566.055411522802,5571.179122855651,10.86752733027276,5592.358771192515
14390,5571.0,5577.248357946414,8.879963409198849,5594.34649349708
14356,5628.0,5633.393777811893,12.854896629846383,5671.772724067811
14333,5637.129239338048,5642.447009729753,11.138439619598223,5674.290986033488
14343,5730.0,5735.421933538457,12.276261575441687,5761.828729169242
19874,5739.221660024581,5745.3373101898,9.246766943867165,5764.800469964805
14823,5747.037420837899,5751.276856325905,14.799668859581631,5769.386593127523
13924,5768.568221733785,5773.34865161125,10.897155059099802,5779.164591780453
15549,7533.944553224761,7539.05213471182,10.62908160576388,7564.338068369715
16221,7537.809367697088,5777.435100007514,10.647697379598702,7568.983585317396
8439,7543.413539502609,5779.393224927042,11.853411679894531,7576.858040065031
16201,7545.343139815362,5781.466307153145,11.39162246180524,7578.691185910147
15547,6639.123400978874,5783.391434601811,10.430600315590487,6946.251464806939
13954,5780.972466072619,5786.0519329024455,10.778568548334036,5791.8162071212155
14805,5829.0,5834.056293282998,13.257663543554624,5857.145203260108
16278,6652.30547988989,6946.129656160718,8.838044308746333,6951.784322321337
13906,5858.3775984132,5864.13241291794,9.64814598263478,6121.41061784327
13958,5860.490493129485,5866.040324056929,9.796683661666794,6126.985907842019
15548,6603.863564432271,6608.538736553166,13.76150823190574,6661.456210339011
15593,7203.984403881643,7208.630804832947,14.108028074157678,7213.051723701949
20515,7206.077601308069,7210.601639263409,13.207907688269943,7215.342992969017
18008,7207.0,7212.587192996719,12.392328973623426,7217.598303113795
13176,7210.246363895911,7216.064049038367,11.07018767150582,7221.210394738059
13907,7212.533449241246,7219.0089588947785,8.533385518896502,7225.877928696512
19392,7214.681199364718,7221.0415610277205,8.385097357899681,7227.871164353443
16214,7216.784530109043,7223.2096580901,9.457572363076393,7229.901496540261
19845,7252.0174246462875,7256.5462601925965,12.338950247383652,7293.796104800734
19897,7253.0,7259.298406768835,10.8907911834758,7295.902238415573
20081,7263.0,7268.562937932549,12.337498548934507,7303.021449316895
20328,7345.0,7350.5463190692835,11.644787780402373,7384.392937757828
20071,7434.041653960859,7438.486134795166,12.981428443506639,7474.583313751823
21052,7439.0,7444.59575352842,13.492370031083821,7476.845859802033
21068,7441.0,7447.096469040401,11.517494323093972,7479.3297488547505
20509,7518.0,7523.133975706514,13.998506400554747,7561.746459105647
21030,7584.794047899738,7590.433959340462,10.374977312891337,7599.886505962307
21065,7587.079595041082,7592.320272733954,10.491502904346827,7651.393732810888
21028,7589.274195288146,7594.302817991434,11.606279612183204,7653.938889530555
19432,7593.212302937767,7598.014816330565,11.533959165615231,7659.278416664219
21049,7711.0,7716.348255677908,9.594536875033423,7760.20834412308
13655,7743.464612596302,7767.157856363537,8.82950078611074,7773.938309040923
21066,9651.665645350851,9664.424460322278,10.681215104676351,9724.262608014576
21784,7769.022725078485,7777.054528293157,9.102919247527451,7841.100281687287
18691,7772.434401998596,7779.245272456624,7.349297007588452,7843.051897420305
21748,9729.06822360647,9734.384935713646,9.382211948144667,9740.027635603143
19203,8108.431934509271,8114.502981328009,12.043972416813036,8119.858943999571
13644,8111.313841018628,8119.416153956564,9.735424382561291,8125.233049180308
14811,8119.534149189707,8129.043916076993,10.925090121544834,8134.701056305811
20708,8132.0,8138.480423533961,10.229283949787812,8191.451365629062
13901,8139.174230818041,8144.063067905208,12.118207363968535,8196.552240554025
20743,8156.0,8161.019872192781,12.693552994029147,8200.591993755032
20731,8194.067671559262,8209.01420992879,9.782093961605124,8215.591767155029
20297,8220.371237388877,8229.159440167165,6.890233292661882,8300.646828830988
20317,8317.93748993122,8485.029411160083,6.493884195072518,8491.42678692694
20512,9058.207514828351,9110.489354553514,10.823242687272446,9116.086768341387
21430,9061.418453736613,9112.359496541152,10.589266324428314,9117.920743769764
20730,9064.686514962774,9114.213313809832,11.834762502400736,9119.982093184353
21059,9138.108387847358,9143.41780264912,12.373896696553162,9181.584295352457
20320,8706.0,8711.219039867221,12.154279751889682,8734.016137840055
21428,8733.456912204982,8748.005555255426,10.056533168308277,8753.599921916411
19470,8785.0,8790.497767313438,11.579799749521099,8827.224524080742
21761,9003.537594498539,9008.411725210162,12.70595884973238,9013.354649263474
21077,9005.684191979211,9010.381301801333,12.717814260345799,9015.135845116709
20698,9010.915990458094,9015.140802634007,13.6732981003636,9019.918505806752
18743,9012.729854881929,9017.255338062092,12.843593763943142,9022.603914265932
15904,9019.082232299645,9023.49120480611,11.747075523525796,9094.62535213349
20314,9022.969995072594,9028.028982921718,10.490877545745487,9098.7500890979
19880,9024.841250763113,9030.001721367726,9.841145115903316,9100.843096671155
20738,9110.063477047433,9116.164335060479,10.856639106060529,9122.380229175575
20286,9112.280636501935,9118.094391558348,11.495362715378468,9124.793120374025
12489,9139.0,9145.392044097736,10.755782819544942,9184.871880168712
19420,9608.0,9613.491096850807,11.083858262952475,9636.610501245172
18739,9640.095916682913,9658.10889202481,6.245955220109933,9664.383297908425
19403,9655.768258521117,9666.250039081955,13.283881945693578,9726.515993347566
19441,9659.180942820398,9668.183935783827,10.990714875895645,9728.723028629245
18022,9662.879812869001,9670.004085863398,10.207306474713175,9730.578440959338
21713,9668.159049550379,9674.04558281029,6.98728603930012,9734.171312408189
21017,9731.053273077805,9736.344832098257,10.89859458843891,9741.855344979544
16244,9732.995470591786,9738.1818355343,11.535295450746927,9743.72595479997
18729,9734.92993609591,9740.056344560844,12.141361140340942,9745.479349639307
15516,9736.919901516208,9742.194066226244,10.476542344439672,9747.768598854607
19415,9738.875179668777,9744.178727172868,10.542512703737065,9749.878639748966
21737,9747.382192067642,9754.318733185475,8.80096986178714,9814.138623920402
19468,9749.604750659893,9756.328831894636,10.54317835035096,9816.27331950673
21377,9752.042273889385,9758.215402718504,9.977184392750912,9818.54887387762
21363,9754.180453230281,9760.149817788712,8.670374430611838,9820.379727588122
19397,9818.382065279247,9824.331890638472,8.348878958191909,9830.171224718188
19206,9820.263147820793,9826.357432155688,9.948969101701321,9832.192995462667
21088,9822.169935819087,9828.23425355543,10.258744773397568,9834.027516794204
21756,9824.054181029622,9830.123954817436,10.64753006982755,9835.976046179398
12926,9826.19710030602,9832.136355876833,9.296784655606217,9838.15033919963
17951,9828.349417057185,9834.093056768084,10.535230035337596,9840.980608959335
