1543,18.5474595618264,18.539365258893426,12.400784428752148,18.93453184967868
1712,74.44259522333257,74.43321118514851,10.696429810280492,74.89134308454759
1742,82.4464154996471,82.43766833700896,11.475230303267779,82.8647077581156
1802,84.03979852389007,84.03181648806782,12.575201115092813,84.42150216075989
1166,98.24614034190964,98.23753900694867,11.669782217322208,98.65745907182348
1481,132.28730170376963,132.27824878779342,11.087665679909874,132.72021518967114
1541,144.45471906841786,144.4463051306937,11.929694402751077,144.8570763994567
1379,225.0148095389412,225.0064733325785,12.040933418090319,225.41344973014006
1266,231.18351763505697,231.17547343979217,12.478029494385769,231.5681937573694
1760,238.47329068788554,238.4642025834385,11.044735055329147,238.907886898293
1396,281.1871539827093,281.1785351689357,11.646116090902897,281.5993085553182
1728,311.38960949539216,311.3778054710626,8.503515662998744,311.95408190777164
1799,342.3412677002785,342.33232586975487,11.225409104720667,342.7688690424854
1699,367.13658977006355,367.12863334399213,12.615677550688211,367.5170687400368
1705,369.59341086451144,369.586922631181,15.470421709679242,369.9036803639522
1246,376.2331245998101,376.2251024210153,12.512274824663496,376.616747887123
1583,393.02367265229105,393.01515238615826,11.78081813506977,393.4311146435829
1672,482.0813451021932,482.0736985763785,13.126968796619035,482.44700453769343
1507,505.071617377163,505.0624601563851,10.96137225554039,505.5095187537515
1424,515.0559761357678,515.0480444736297,12.655065738541508,515.4352708861207
1682,517.5325671799274,517.525199237199,13.623301574778166,517.8849046785617
1704,572.4807968292682,572.4737356447646,14.215137095202817,572.8184650464548
1368,610.1068899657466,610.098434965589,11.871756818779106,610.5112109161561
1302,640.5141608604142,640.5061352176864,12.506874424387352,640.8979497941739
1727,664.6160607397894,664.6092978632048,14.842161396230448,664.9394637719934
1783,699.4231805956091,699.4120615144273,9.02733815249763,699.9548987963581
1215,725.1074011748764,725.0969471892986,9.601668667501047,725.6073142802147
1206,821.243625737056,821.2362862142197,13.676053336440871,821.5946041868993
1601,843.5403829955255,843.5330623977853,13.711408458100166,843.8904564409098
1582,874.0405620437324,874.0315494118254,11.137224598699241,874.4715491318943
1126,898.1904394571438,898.1821565028846,12.118346019032437,898.5865331148476
1605,917.3226978306877,917.3150769076335,13.171069312608662,917.6871329335692
1537,1049.1577207189764,1049.149259440363,11.862947712555538,1049.5623419072601
1569,1104.3444303708666,1104.3347848151236,10.406420163679545,1104.805684089677
1647,1106.3917684482888,1106.3838329002676,12.64886879956553,1106.771249022881
1519,1108.2651087339307,1108.2565500244937,11.727902029000699,1108.6743890969599
1426,1159.0881406130604,1159.0797954941015,12.028073687906451,1159.4872070076092
1807,1181.2437640711537,1181.2340492075834,10.332178629982419,1181.7083321135674
1493,1184.2682061794249,1184.2604311516172,12.910012447010306,1184.6400106234332
1375,1187.1798166752696,1187.1696112581196,9.83553188431062,1187.6678431548196
1442,1189.2373053277652,1189.2295956932298,13.019515427742506,1189.6059826434946
1131,1244.2647168405638,1244.2569873623706,12.986090815613604,1244.6343430866877
1202,1312.2297214747775,1312.2193760536684,9.702428225337936,1312.724442990724
1163,1339.3776640975009,1339.3683899101527,10.823126814730502,1339.8211588548077
1217,1412.3816784224762,1412.3721493809871,10.533662371998078,1412.8373603904836
1258,1425.3074512784026,1425.2995962782772,12.77857468745761,1425.6830800255361
1750,1458.1339715315953,1458.125984210999,12.566880790840633,1458.51592788814
1576,1474.0332937034073,1474.024997928422,12.099617690997993,1474.4300004525446
1274,1541.1378936769638,1541.1289394735295,11.209897843810952,1541.5660866959263
1662,1579.2404152189436,1579.232204166254,12.224462510464768,1579.6330705194025
1141,1646.422793533885,1646.4155728445398,13.901125083205004,1646.7680893262232
1155,1732.199504902791,1732.1897946660924,10.337101853363688,1732.6638516866467
1197,1740.3204916814575,1740.3095944475735,9.211117870919221,1740.8416010698363
1297,1787.0587391475667,1787.0509483518417,12.883883664387028,1787.4312976186795
1136,1791.0363737102898,1791.028171894414,12.238229593559394,1791.4285873032206
6722,1817.4817873684224,1817.4738200376435,12.59841075472237,1817.86278780518
7225,1931.6100236366499,1931.6022872730841,12.974533179757254,1931.9799791436033
6681,1935.5343130292854,1935.5247787880958,10.527917615865583,1935.990243648724
6637,1955.472398065281,1955.4647285304504,13.087587186505031,1955.8391577996458
6961,2005.3297518231163,2005.3222779049374,13.430131741858082,2005.6871571034415
7041,2048.032163301811,2048.023598624311,11.71972975921946,2048.441729059607
6698,2135.0707369565703,2135.063314373812,13.523016049797706,2135.425687359818
6797,2181.3032720657284,2181.29524891298,12.510755923185306,2181.6869419278432
7130,2260.6129552617936,2260.605415987458,13.313709159013433,2260.9734858954935
6624,2285.405484834285,2285.395311052691,9.866115647080274,2285.891998490895
6908,2348.1885154984607,2348.17985784676,11.59387201559472,2348.602527313801
6798,2386.38559489585,2386.3765962470766,11.154530896885793,2386.815913305864
6930,2427.214730198007,2427.2060501418177,11.563946543647353,2427.6298134035446
6929,2531.2249898855534,2531.2173210001383,13.088695467177844,2531.5917185646676
7113,2600.412073256681,2600.404765964562,13.736375135491448,2600.7615104227934
6621,2630.4750566502958,2630.465229154862,10.213762646854839,2630.945010786294
6685,2690.4366132880914,2690.429026490756,13.23031331050623,2690.7994164876336
6856,2707.032008554409,2707.0236345653852,11.9866058443222,2707.432455525164
7195,2712.242895841743,2712.234254251939,11.615421241613298,2712.6561395717945
6817,2722.3956009535236,2722.385911811475,10.359607204820211,2722.858938984117
7204,2762.1706571297627,2762.163001988752,13.112195533592185,2762.536728546842
6632,2843.419512757849,2843.411164334704,12.023313149159032,2843.81873715968
6948,2905.1312853319537,2905.1203710241284,9.196708337469788,2905.653211201935
6713,2979.466975304135,2979.457599070593,10.705333364888466,2979.915349944736
6686,3025.0710170246944,3025.0627438696247,12.132699669153403,3025.466642081845
6709,3038.008657118176,3038.000855848069,12.866585106939917,3038.381716477758
6812,3074.492019079104,3074.483878410657,12.330155247531817,3074.881308581437
6865,3161.109805431259,3161.100998029803,11.396744690088912,3161.530978330233
6667,3170.3782608729753,3170.368438288025,10.218868687057183,3170.847980187999
6844,3254.2761083008063,3254.267086134852,11.125455492629673,3254.707551310324
6843,3271.533385268362,3271.524439512975,11.22048406496184,3271.961174298872
6625,3285.582502260159,3285.574548334887,12.619644055474902,3285.962861641049
6915,3288.248003447229,3288.2382559831185,10.297622502847618,3288.7141304584566
7237,3347.491867737197,3347.4832252228316,11.614178643916397,3347.905155680078
6942,3359.5925408926737,3359.584988870902,13.291236281912147,3359.9536811130556
7291,3405.446018368817,3405.43774074024,12.126142751931312,3405.8418573506096
6807,3527.61139217897,3527.6048163992186,15.264456773700578,3527.9258481777106
7052,3581.018472731221,3581.010666537491,12.858469728406153,3581.3917675401203
12388,3656.4855376613223,3656.476802106858,11.490479074578221,3656.9032748129976
12462,3660.092537329912,3660.085602355994,14.473840415053566,3660.424170114464
12734,3711.34487543461,3711.3371338889824,12.96584824270503,3711.7150787495148
12145,3721.1256147837325,3721.1176308962376,12.572284596609784,3721.507406968209
12594,3773.236223375034,3773.2259692539037,9.788816076478668,3773.726578895303
12508,3775.068309542468,3775.0605106645467,12.870531733561908,3775.4412545069317
12616,3780.37232749064,3780.3627543104762,10.48509524061602,3780.8301201849213
12567,3794.3844047449898,3794.37491603091,10.578430852664649,3794.83815824273
12351,3796.1588395003396,3796.151350990231,13.403962113031366,3796.5169425716194
12583,3798.0875554304234,3798.077677702228,10.16182099616805,3798.5599117139886
12249,3833.3107766868497,3833.303417799881,13.640066249349465,3833.6626811360106
12411,3839.5016391694576,3839.4933632494253,12.128646166416432,3839.897396448064
12490,3852.520749407874,3852.513618642732,14.076428514139485,3852.8617449945873
12447,3896.253066614876,3896.245372540502,13.045845529675491,3896.6209998384516
12410,3900.130837784161,3900.1227482625304,12.408113898149058,3900.5176814285214
12431,3904.3077472759687,3904.299367055099,11.977692155162591,3904.7084922557046
12488,3971.241021206322,3971.2318104424476,10.897652696632942,3971.681483031783
12119,3980.577028714354,3980.5690569366225,12.59138289492367,3980.9582418058835
12297,3982.270805822231,3982.26264393561,12.298100970546841,3982.661109984759
12259,3992.4036523377304,3992.394427272514,10.880758392279917,3992.84479805818
12174,3995.113182442926,3995.105604490923,13.245756337645023,3995.475562655701
12471,4071.143608302657,4071.135704228798,12.699236819713045,4071.5215837722185
12221,4091.420158834324,4091.4087573722713,8.803757387609243,4091.9653805832504
12316,4111.101601119963,4111.093916365317,13.061666950825721,4111.469088670982
12714,4124.076228883412,4124.067510706091,11.513381991287616,4124.493135054304
12129,4171.361878268526,4171.353054832677,11.376033949439377,4171.7838179376
12203,4224.040956273924,4224.033198802653,12.939230099329341,4224.411921158477
12164,4244.328600309505,4244.319675305753,11.246572949320496,4244.755396989847
12756,4352.549866435017,4352.5425583566375,13.734897267580003,4352.89934120039
12604,4369.396296377687,4369.389722724255,15.26939422916321,4369.710650695085
12176,4402.238341940557,4402.230745238138,13.213062753561113,4402.601618804485
12121,4408.33438288536,4408.325320010282,11.075481555454429,4408.767772618887
12611,4432.407683161963,4432.398591425084,11.040322339361355,4432.842453076505
12235,4442.41224310665,4442.404313413312,12.658207763398332,4442.791443708325
12639,4554.45749200572,4554.44879144509,11.536694018264175,4554.873555740478
12244,4580.138064795012,4580.123853014571,7.0628522716899145,4580.817676914217
12486,4601.258771298632,4601.250966557221,12.860862452011656,4601.631996657189
12760,4610.4734737246745,4610.4647386469815,11.491106238945413,4610.891188076991
12171,4702.5127079007725,4702.505196534459,13.363175430250068,4702.871903963494
12794,4707.225425674657,4707.217539675611,12.728343636754062,4707.60253680058
12759,4732.314744550153,4732.306882645206,12.767351737258661,4732.690703488136
12256,4742.071080027411,4742.062528573344,11.737852415079168,4742.480013436203
12661,4762.332558247748,4762.323801826966,11.463097567560128,4762.751293233794
12687,4936.099664099601,4936.092784980266,14.591359864805856,4936.428625899219
12515,5071.328385326847,5071.319725099731,11.590424180262405,5071.74252029942
12124,5101.194085417391,5101.183533260891,9.512340513118813,5101.698693089223
12559,5113.222606508417,5113.213781354649,11.373819472548924,5113.644628328931
12307,5196.535980018291,5196.529528151687,15.557622612833324,5196.844510448644
12403,5238.625201813079,5238.617962752754,13.865847396197378,5238.971376111906
12302,5267.586403730128,5267.578309829135,12.401400247283359,5267.973456797063
12134,5320.394900184946,5320.38744834921,13.469930005272575,5320.751249475412
12127,5337.3770529511,5337.3696836435365,13.620778465824223,5337.729455716628
12272,5432.0201224134535,5432.0082911306545,8.483924142471636,5432.585898334995
17712,5509.252049209955,5509.238063975318,7.177262904731955,5509.92082783263
17670,5687.135125441035,5687.124509950186,9.455587800697081,5687.642761782759
17622,5770.326546987374,5770.319316261669,13.881830104568216,5770.67232272183
18045,5861.4693004321,5861.459841302922,10.611516544778812,5861.921639169898
17824,5948.3962348975565,5948.387084811285,10.969919057812238,5948.83379509966
17874,6037.207687352867,6037.199807964872,12.739023111887095,6037.584482336112
18056,6088.4440433479695,6088.437137712853,14.535332966830486,6088.774273141188
17914,6134.268631583033,6134.260829825769,12.865781691445962,6134.641714238648
18080,6188.329163426234,6188.319832367533,10.757161538310417,6188.775377790768
18249,6225.311748841015,6225.304955659126,14.775948503505335,6225.636601083081
17755,6321.443376485418,6321.433650396112,10.32025335236955,6321.908481346328
17883,6356.162950285073,6356.15346709368,10.584591369175246,6356.616439686089
17792,6527.512425867751,6527.504101637272,12.058256438560159,6527.910493368177
18213,6630.159395597619,6630.151257747627,12.334425661973233,6630.548550320469
18085,6696.328846172582,6696.320986211581,12.770509390171581,6696.704712150466
17624,6752.31439110742,6752.306803461042,13.2288328660617,6752.677234908426
18258,6779.293100479978,6779.286474395232,15.148569572948505,6779.609962080467
17774,6851.102588448914,6851.094620854785,12.597994345454252,6851.483601479113
17094,6868.046346006551,6868.036603865014,10.303248560835675,6868.512218490521
17919,6922.515906292868,6922.507209088027,11.54114541559088,6922.931809552652
16662,6968.090469422128,6968.081095476234,10.707945928338745,6968.53873466666
17831,6990.252173026376,6990.2456093950705,15.292709340345134,6990.566048082337
17719,7043.230740349101,7043.221466182231,10.823150712229637,7043.674234127173
17741,7057.3255238881875,7057.316647603009,11.308301136250522,7057.749990829965
18290,7059.395725178284,7059.386490557151,10.869499064582696,7059.837327865904
17700,7061.296599917681,7061.287912023376,11.55351368710057,7061.712057944564
17950,7070.480162052389,7070.472150668202,12.529133970013563,7070.863269137962
17782,7103.145114913157,7103.136704926745,11.935299398966675,7103.547283291137
17828,7145.514297808272,7145.507035410156,13.821289353880408,7145.86158812809
17899,7213.267112153834,7213.258592605593,11.781810834195634,7213.674519815318
16641,7765.035859977027,7765.0277203394135,12.331716782916288,7765.425100184575
