3239,230.84123846051523,235.5763796527382,13.407287018387727,240.50447989236892
3257,234.8050010580316,239.23523225866248,13.43493778224512,244.00376751743164
1621,294.341790987886,298.45123916493617,14.70482291087464,316.3924666119862
3324,306.4061087497335,311.0842616650714,13.10107126846411,321.49032852256187
2347,310.2314428145356,314.07359464161533,15.558507017288496,329.05454851725506
3113,318.69442710012805,324.27543944159254,10.55788139666278,331.8639848950864
3073,320.7773071828764,326.2639005084145,10.697296236126851,333.98084979447816
963,322.88017584742454,328.3660684058251,11.003759646743868,335.9426800009334
943,324.79074886721105,330.23292381631404,11.22638777758847,337.8750895470111
420,326.6019301851543,332.1721689019839,9.908555366036364,339.6311028394161
3639,328.6678653346672,334.1545214707142,7.834126766775728,341.3848062237648
3666,362.9662455708794,368.51365379382503,11.51274065208897,406.11709204822876
4121,365.6279310212806,370.61751616405377,13.82366388920946,410.69215721777124
4083,367.68643817060865,372.4238664461849,13.2396401724216,414.903380110241
3721,369.77685000776194,375.2802849271826,10.249086561896748,421.2052081185178
1052,380.25294110528563,385.54318938519344,11.002235729478361,432.2121738215993
3090,498.7122016338866,504.42429439233626,11.45171557569813,514.0227959873042
968,501.2350047526372,506.411319659719,11.390930707781735,516.6453770169232
982,503.4325834556902,508.42865130921655,12.095077587599082,518.939239972312
1059,505.28832465402496,510.1489008246662,12.924911740996604,520.8599877197064
3260,519.6588727566046,528.0602771198777,8.521152666079534,586.1427961722173
2357,521.6299882158992,530.1786066458943,8.932137600368828,588.8467122386432
1679,574.1427383336121,578.125832389164,14.604583491878028,591.0551265113595
1676,580.1336732903703,584.3640920047242,14.427482345206021,594.7938970152651
365,588.6867638069978,593.5566982471001,14.093624354007314,599.7415365990155
1066,591.2950239144894,596.3620778481526,12.05029546964482,603.9329111741728
1708,593.2287975824455,598.2543815045447,12.947769457947862,606.3121363377998
3244,597.9458878024012,603.4839241353318,10.530582113823634,609.6522356525036
3142,599.8614233172556,605.4711268379174,10.13132757565036,611.5503115962744
1008,662.5026989800226,666.5742475350316,14.854491577584632,676.133596769415
1714,664.6691273556129,669.3900595839311,12.652268134424341,678.5675960206923
1801,666.4231316583125,671.2424703084964,12.080802030832132,680.6879463692575
3177,678.6703970533297,684.2800486503799,11.438483029510769,690.4286418606454
1756,681.119404657337,686.2693235299421,10.623758842928602,692.3125540615844
428,683.4954987437039,688.2557478286093,12.18223795625038,694.013241818512
1063,685.2217827451342,690.0436313412218,11.591770511004508,696.4278732882938
2373,733.9568944641121,739.1665069163485,11.50435688774406,766.4280536295513
1760,735.9001461717363,741.2485839797413,11.183240475092946,769.0672147514415
2434,742.0102753350401,747.5455536779214,11.868723546745287,771.4494393222406
2451,815.8821658808663,821.3021332895304,12.051072917222532,856.5671654552693
1767,822.0208824910571,827.2039336629078,11.983311149424397,859.2836433937705
396,948.4438096318203,954.4039930661669,11.106538027040973,960.3366779064593
1631,955.1115872348473,959.6044232139493,13.39266914839239,964.4437494818819
1702,957.0116048988738,962.3462785782364,11.639716758663607,967.8608903067482
1682,960.2069549784655,965.452733498158,13.109400297871014,970.2127979190997
3659,969.7589383459102,973.3715186812813,16.342212064196108,977.2635528394217
4101,997.3035493813671,1002.0018262025476,13.829570237014735,1039.1773900752564
3739,1017.314138270992,1022.0762133173515,12.520942888185537,1044.0973836843957
3649,1038.7459409141625,1044.018752481728,12.611113684254171,1051.3942562731968
1623,1048.1681863793315,1053.4308715576578,12.858867841316975,1067.0048367157394
3304,1050.7470520680074,1056.1418186713126,12.084345865721106,1069.8046981711
3673,1058.79541222185,1063.4578074640426,12.588425296056698,1131.0983864107563
3631,1060.7180026534418,1065.3890940598387,13.365587331033383,1134.2482521409634
3664,1062.7852716584255,1068.2104000906422,11.537474522874488,1136.898126254482
3682,1064.6713683071291,1070.0566545447434,8.97068905116494,1139.6500867365305
3695,1083.0857368250934,1088.5112107770544,12.835654429359245,1144.9694177947538
417,1138.4180623218012,1144.0671343613544,6.363624240929375,1159.2985714162692
3165,1157.986304971472,1166.092967955853,7.104518160708724,1225.2778480278323
3208,1159.8345048960637,1168.2018507337677,8.25740620456859,1227.2577334208302
3100,1161.8578366407799,1170.2811072137742,7.333904979677245,1229.2990823764274
422,1175.2168191493388,1180.228816847023,6.610687335341244,1231.4042987232165
1051,1225.093734573106,1233.0865635323883,9.133704437377792,1240.2364860543457
1803,1227.1107829383534,1235.0440417973798,9.436519896381343,1242.3148468003906
2466,1229.3358559979006,1237.075705566983,9.054688951596608,1244.3899099602986
1772,1231.3364455427188,1239.1455777398257,8.491103805738382,1246.4777001355421
1783,1233.542438488793,1241.3212004590146,9.097081127960417,1248.5327058772696
3171,1236.1091220767964,1243.4029986408154,8.877938065682052,1250.5597158572498
3151,1240.4098027908992,1247.445800297474,10.081673021407795,1308.8478709136052
1761,1244.1961933248367,1250.0204046217466,10.253427429517766,1311.1405980526577
1101,1308.8385141984259,1314.1730046580785,8.578527234398635,1325.5666642330652
2461,1387.8747976074615,1393.3144558480603,11.545425143052853,1399.6868665300274
3196,1401.0195937079097,1406.358031915197,11.941847194823337,1411.9481982176367
3169,1403.45875211277,1408.3222318429055,11.894197651107572,1413.829297948183
2494,1462.6731495582746,1468.1394368846882,10.929306400180764,1486.1574598057487
2364,1488.646919906102,1493.3083249437004,12.667963039558579,1498.2736169241707
3118,1492.4360114036715,1497.4576726475643,11.535395639167195,1502.602932697265
2366,1494.3076925831745,1499.2099758741717,12.799545783731485,1504.3453459010234
3316,1556.4995223820627,1561.293724174482,12.662157446344816,1576.1927527440396
431,1588.1842037584631,1593.3754732871485,13.054785048255827,1598.2250912992324
2462,1599.510132271801,1604.4298771950173,14.694986168894037,1608.890023602757
1741,1606.0721582608019,1611.404352816328,13.127473382838907,1666.233253720508
1724,1611.425769676341,1616.5831260174327,12.253574643601052,1669.1336321355755
3235,1617.974728879424,1623.4742293722486,11.692699689822675,1671.263826439839
3311,1684.127203853498,1689.1870645481888,12.763968763813866,1694.717178249375
3301,1690.4558385087178,1696.056855396632,11.90214425678577,1756.2043228469417
3326,1767.0563195141217,1772.558267145141,14.040044076624877,1778.012651861753
3174,1773.5379072383091,1779.2347221648927,10.747039539342968,1785.9256516467572
2425,1817.4356121094693,1822.5482464694926,11.684465260008816,1846.098587110249
1764,1855.8646045368937,1861.3012862186245,13.022633600725946,1866.1820436079786
1093,1868.9322288373712,1873.4652975241777,12.996966926488462,1878.3325241534812
1037,1881.6586031950483,1886.1772338302355,13.979689637647962,1936.4934944517886
2491,1951.0238050525816,1956.0274030498247,12.363190777627977,1961.0795576183334
1757,1953.048496865538,1958.2042593090819,11.615673433105806,1963.4498467738688
3640,1955.2690805700727,1960.098854896153,12.964541348084438,1965.2386534250095
2505,1990.7343880428782,1996.548328266341,12.68665573518278,2026.3186457357415
2501,1992.9473208457819,1998.3621565313301,11.556996390510031,2029.4120118017129
8702,2037.6361624010437,2043.489941094749,10.08379175683868,2049.7700733258816
5339,2104.2932412641203,2109.4509508360843,12.858064361090381,2140.182978796427
3102,2106.373319674206,2111.1738217880684,13.831942152022489,2143.926799280597
5308,2108.458848609082,2113.5278221536,11.63133292865242,2146.5029458756226
8591,2122.0096538947028,2127.440931600833,13.103245350930763,2148.804684484239
5322,2164.0277504423993,2170.2076246920974,9.657380911947758,2211.4665307257505
5378,2170.131929503508,2175.281079497804,15.242930906100128,2218.8156622247106
5365,2175.5800229471515,2181.4238732271165,10.737856363645472,2222.007674805886
2474,2258.850407484916,2264.4334153592504,12.759990233847265,2408.7139448763614
2433,2588.1155949356917,2594.093225918435,9.988158110781132,2600.1498437103796
7121,2726.1201919800283,2731.3890986622455,12.129466137733797,2747.6679230142945
2518,2728.048779189538,2733.1747232450225,11.678370056665283,2752.470771047574
6528,2749.039116925002,2754.1598598008122,13.350635560683351,2759.02111827331
9130,2751.0991626009627,2756.036509345652,13.9363937966494,2760.8839410332093
9146,2755.226914011299,2760.2503899202475,11.193270126310331,2765.674775314467
1673,2795.4918292861303,2800.49211332484,12.589776622288705,2836.271111348995
1670,2809.0371110842348,2813.4057771633816,15.588983581365595,2843.7415085419516
1047,2813.007844470954,2817.4939405084715,13.274710445591449,2848.3327586221985
6570,2814.7631081832274,2819.3153450303366,10.419951481177211,2850.370575107935
8682,2842.712614021077,2857.2955664847973,7.566706918279039,2872.564771323878
9183,2882.848321932996,2888.411590349434,12.363270223270497,2946.352050933226
9223,2885.014026223662,2890.349045987297,9.299776402827687,2948.9167902594495
7226,2939.971237791349,2961.1452364674915,8.464313798354024,3033.2629500923126
7920,2943.958189630753,2963.1931516652594,7.841480843134847,3038.6875982827983
1709,2973.944001030441,2979.1498265947753,11.693682835032602,3042.4127583807885
10882,2979.8448864074217,2985.2193576827535,10.057109956592527,3047.1124863935806
7875,3053.2650832191152,3059.1941461969936,10.523184419706313,3117.7239253165176
6607,3077.8120450910546,3082.4007560634936,10.633382905537706,3119.5280750288953
2504,3122.8323000636,3128.014701254095,12.150890093364003,3133.4403844248764
8674,3127.6398518000833,3134.283204283039,8.903167958841143,3141.5662397247415
7870,3129.6136649036234,3136.3768832895153,8.20900043030955,3143.4068461653096
7935,3202.8356483754865,3207.5943670736847,12.486854135825283,3212.8856550028518
7227,3288.5289874219966,3293.203852697612,14.587404313616972,3297.394476883718
8581,3294.442834833802,3299.0106247867534,12.981960236537137,3304.0110356516952
8002,3298.2887103797934,3303.0322549396888,12.64260769601464,3308.080185113202
8671,3303.2940136574757,3309.212362184584,9.827673324975287,3315.67905252956
6615,3305.212340766918,3311.2158770642236,9.314417047204445,3317.7213155509644
5886,3307.099829651038,3313.2168895081113,10.367662603470416,3319.642240810891
8751,3379.03706967011,3384.297869126521,13.190609848272201,3388.8845250126824
8644,3383.4453418401495,3388.246318311704,13.909442077297129,3392.9993854599784
7862,3389.331670615744,3394.5079196233432,12.884316810509286,3399.578087947469
8584,3410.611342861481,3416.2104403721946,11.171451819511494,3466.1042908921486
8608,3413.033546362281,3418.077958788557,12.143383394426582,3469.040857736611
9136,3422.9951461907212,3428.2783402728987,12.925387331454015,3473.6695937826494
9145,3427.197029945662,3432.137607364676,12.311015499074518,3475.597866843686
7269,3436.613994796671,3441.5495791254457,12.022368248636678,3478.333212166543
7167,3440.4524501785954,3445.213766748626,9.654219662455834,3483.0856226876735
9168,3483.4318211131094,3488.437463843307,11.740068703141688,3493.791296607434
6605,3518.5640076785976,3523.4039571787066,13.00651549570156,3559.321872311043
8630,3558.7561455417213,3563.035306833318,12.97555981735894,3573.108088272683
8750,3560.936834238046,3566.22200992162,11.726451913154996,3576.0068341210863
8711,3566.125129794219,3570.118693123319,12.341113904665644,3580.370954761505
9023,3610.694207214947,3616.529111378826,12.010328110744705,3654.104387392485
7270,3613.0102950482506,3618.317176335454,11.125299600561043,3657.3918176186503
7147,3614.9251453651523,3620.2119192973946,10.22720428642078,3659.642895421766
7200,3616.752904101458,3622.131085936648,7.849327442008227,3661.6306387752934
8759,3648.8093539498827,3671.0360039921234,8.438787041528139,3736.0947338867495
8720,3651.0945704760643,3673.122993824892,8.544262233444094,3738.924280913017
9152,3665.979073376,3675.1935635056334,9.026974444511819,3741.971323270665
9464,3696.9120009433777,3702.3047624139194,10.873306405895274,3753.2965917457377
8669,3738.746916659091,3744.1729240297877,10.856393548884718,3759.0345803772507
5910,3740.839887626541,3746.128657469706,11.323087240347087,3761.959674078809
6583,3833.1918715593597,3838.095314446916,12.563960863512694,3843.59757535513
6588,3836.827404723262,3841.5310853935293,12.340933528048277,3847.07812534745
5906,3838.735000633273,3843.4987773892462,12.336582824745634,3849.1088765898426
6517,3842.402203907647,3847.532230441061,11.248869261427172,3857.410232720211
6596,3844.1807003066274,3849.3536816344113,11.215618091394935,3859.8090176963415
14139,3920.6636921249815,3925.596891290914,13.296151791040533,3930.366415125329
7945,4010.584001645025,4016.1310077912035,10.52940873901343,4022.0901550577555
5927,4016.5746995681757,4021.1600321521432,12.333067744032599,4026.7934472698817
7116,4019.089572211979,4023.453495152694,12.92972893185736,4028.8244103587954
7280,4020.7978678983677,4025.2432710742755,13.281091581747603,4030.662942722878
7914,4022.5684869181323,4027.013487683659,13.412753691408431,4032.4957403329418
7987,4024.5117318293132,4029.1970823106976,12.384631597358759,4034.3999237845946
14203,4100.9489434760135,4105.586723853054,12.793402205868363,4110.592932713664
7118,4103.287152819782,4108.327889687871,11.329516837026732,4113.90578863704
7984,4105.207529589876,4110.169648974098,12.253615067139261,4115.71363843841
7232,4115.04713421443,4120.490931527843,11.069376193340185,4132.794209990359
6503,4116.9781380899885,4122.450751277456,10.633589939660231,4186.21541936928
8020,4118.835729524524,4124.27995817659,10.933274369517187,4188.919913091112
7932,4144.446031422884,4149.3927844796135,13.030679789695649,4191.223109364585
6589,4193.175176988341,4198.250381673888,11.58723903239361,4204.783171287578
7122,4195.0301787539875,4200.032154268608,10.385522488522136,4207.023138858028
7936,4196.889429721982,4202.399186638295,11.344793149073928,4209.795566068095
5872,4198.777710378024,4204.200004332008,11.522025059947188,4216.059384213447
5899,4200.766013124292,4206.0672059879935,9.599321674413806,4223.267468212962
7296,4214.662179232058,4220.248697561262,10.892631418781445,4276.263148040039
6562,4222.3660949795285,4228.241029579567,11.100033361322119,4279.7906735837905
14720,4232.719050303411,4238.158697814314,12.752017097265693,4291.178973365627
14758,4235.109303966607,4240.312523643384,11.123180858112285,4293.769005440056
7202,4278.910465439709,4284.268092888804,11.808960257730456,4297.935017812709
14222,4374.5277718482175,4379.096601399686,13.629934483525734,4383.787910503735
6611,4376.536539590802,4381.380001485862,12.257842759844719,4386.754555512008
7231,4381.813901281802,4386.509168507313,12.676611243293332,4391.449354395054
14301,4437.02833285162,4442.172247711487,12.033170484738552,4457.582722993562
7273,4459.243207683986,4464.368938538949,12.955414679588557,4469.412122517456
7221,4474.947280525233,4479.212424276731,13.624377245075832,4483.851294234342
8641,4506.352360167685,4511.370587022735,14.298819458660077,4546.204603350802
8570,4518.959263324491,4524.5255879541455,11.032066824297129,4551.194090176411
16407,4521.256474010829,4526.417912299764,12.020863704419497,4553.556815102501
16402,4523.513993250346,4528.285305875541,13.224038211408116,4555.564669787677
8625,4527.270947204121,4532.237324528695,11.444339572237334,4557.597712596108
14675,4550.684365981518,4561.135568671555,7.896451417704733,4567.594855984991
5890,4556.572478212034,4567.43880555467,9.965831538094315,4573.638522586596
5863,4558.723499739008,4569.344988456124,10.078311996452637,4575.588062225841
13343,4561.0796564723005,4571.22889392683,10.486966959530642,4577.585481743129
1786,4564.703372376185,4573.2407181039525,9.450134296966006,4579.535586761796
2489,4568.396197848763,4575.252398594177,9.476235171878685,4581.595808923195
7198,4570.70997320514,4577.275860894238,10.477378932245957,4583.638112905086
13416,4596.394669419339,4602.0193701981825,10.759741764629577,4636.196026753639
13346,4603.3881773877165,4609.0669195863475,11.884159682241709,4638.791134772266
13503,4613.826451570397,4618.136669166381,13.921199733198346,4641.008665176223
13491,4622.091040045447,4627.02821312003,10.542560653936556,4647.155262188247
6531,4628.695932473888,4634.081669358408,5.448640336214539,4650.900989306657
14242,4643.282439147262,4650.153673282972,8.082438364566611,4656.333055434514
13378,4645.502532575329,4652.167181055279,8.890764035064834,4658.229484235341
13370,4647.281447629407,4654.207984374632,10.179244235989911,4660.113302336808
7135,4649.186401529116,4656.111180614736,9.229752052989852,4661.929372826614
13427,4651.217782798277,4658.09280927442,11.71946055309246,4664.7095698828925
7145,4685.865157865637,4691.038888523082,11.95351665710815,4726.116798452005
14100,4745.7523314876835,4753.139305553784,9.988251509859909,4762.761004812477
14108,4748.272965505816,4755.104501578435,10.752095837238622,4816.1756468621925
6445,4776.514235545225,4782.025752599675,11.269312863434052,4827.631337793608
12088,4804.1392401465355,4835.052130076833,7.668108609302613,4843.617098431796
14145,4840.837811533087,4849.031154819324,9.893117242176197,4906.157210139209
14157,4842.802222885627,4851.021945241259,9.475467646027372,4908.878064353544
11369,4910.757451727514,4915.572029011262,13.636886669988185,4920.291906406146
5915,4915.750482989722,4920.199285303688,14.20487001917084,4924.800631323976
14644,4953.056778071769,4958.142932405409,14.745324870686304,4996.553390688263
12705,4998.625279125734,5003.55448115625,12.966587885462397,5008.327973825883
14205,5000.647864603325,5006.002060877987,11.05639475224884,5011.908488225313
14199,5090.853916482269,5095.538784907364,13.28218140303664,5100.390084509299
14175,5092.899419307248,5097.469022625785,13.65908708017917,5102.144094694263
16353,5229.7709610095,5235.386301283565,10.63756970624049,5269.499962347458
14642,5290.040561523883,5295.27576299824,11.394461728680016,5300.813530789044
15448,5317.54900123328,5321.637111964531,16.050529318766902,5356.3259361524915
16137,5323.973676214998,5329.472908407614,11.133000510433828,5359.2065271761485
12727,5424.6379308645755,5430.4231731999025,10.057876736550051,5451.201509551959
13450,5428.617500250189,5433.027312241266,12.457738584397344,5453.584500622059
12800,5448.4506691819115,5453.543311725595,12.19530134917693,5458.668475625655
12752,5450.835128226034,5456.173564760491,11.336232080574318,5461.77504212299
7243,5455.19298593607,5460.189155781071,12.114332314087955,5465.681093047519
12716,5468.942394204529,5476.0729937952665,8.348501793156395,5536.375429272659
6616,5542.7427751586965,5548.150413163958,10.642361964687666,5553.878851620539
12651,5554.52010491277,5562.115981069135,7.183295081466771,5570.268350715332
12751,5563.2313675426385,5571.06267384437,9.01794200319563,5631.336923043008
12000,5565.301871513272,5573.017804886706,7.599597389526844,5633.430819777437
14202,5647.1406129050465,5652.253418270557,11.525330298096273,5657.489814179923
12641,5649.143649078605,5654.490817705958,11.359261592756159,5660.259455826489
12775,5660.060237298577,5665.070888091272,14.481044759079806,5716.270695313388
12711,5662.511491642157,5668.1285754877545,10.35287768449934,5721.190921653103
11392,5767.9182824961135,5821.235258483209,7.233662557288249,5827.370334211937
12615,5771.6152259554265,5825.372149562473,10.045220171755876,5830.8704657877215
19771,5774.892748412731,5827.299466068949,10.21295577356091,5832.611266100182
13404,5777.331148534039,5829.335168276621,11.522759364362019,5834.604477104446
12093,5779.632483559951,5831.275224608928,11.636030935877173,5836.730627006011
19677,5826.767458785745,5833.000166694166,11.145983433956797,5838.491959424127
12790,5830.930081006292,5835.333857184894,13.470052011248415,5840.221422598537
6564,5832.695236779338,5837.414035467032,12.783889128712456,5842.536636523102
7212,5834.776126372781,5840.517592045336,10.65924626881716,5896.13115229691
20142,5837.281128630526,5843.3458568079695,9.89744100668269,5898.933144054331
19755,5839.376215775004,5845.287002692217,8.663967928226544,5901.173161227098
19652,5841.4514103916335,5847.406209237285,8.511843351304993,5903.3295626931595
14104,5859.005847662473,5864.335180795932,10.139096268607316,5910.378284218641
14152,5875.902724499084,5908.004114172094,6.641228643360522,5916.292587266846
13494,5920.773480028885,5927.477868782077,11.212019333143248,6006.693345530376
11972,5923.365001019874,5929.397650942998,10.39672888182833,6008.9337691736855
6584,5925.493965214662,5931.285023880711,9.182142574641412,6010.810851711388
6452,5927.418930734009,5933.3331345516335,9.00849669161346,6012.778883659431
6600,5931.093729245055,5938.014823368602,5.181139735106303,6016.687935824794
11940,5950.1133491490655,6016.2367779614815,6.995623448975331,6022.680653227705
12663,5955.763890408513,6018.328225875052,8.566341368977202,6076.412554931759
11996,5962.163403312852,6020.446657575416,10.10993196843396,6079.132549452062
12004,5978.616872222481,6022.211139376881,11.663147367101097,6081.449831389421
11390,5991.023709662746,6026.133286303728,10.000011722090774,6085.668520617259
19699,6021.661167063302,6028.06152995449,9.12702470641719,6087.515713363577
6509,6036.133885690221,6041.4775362200835,10.192669984405425,6089.497877873222
13449,6050.989172887916,6091.239136312682,7.794318736899659,6098.362512598287
12031,6110.062500177111,6115.397999356091,11.334614822027833,6166.295147671458
12671,6113.657403185095,6118.398312252108,12.477914346832234,6169.85234401695
12757,6148.904951266454,6153.118248056259,14.051955751912207,6174.3426457698515
19644,6168.429161044288,6173.42387803838,12.489108711181176,6178.443717144188
13342,6175.321536375427,6180.290567306232,14.21036369811772,6184.907418731152
13435,6181.882286209339,6187.198833185734,12.374365583036708,6192.327627595762
11946,6190.78271027102,6196.134847850053,11.566043392744817,6201.718061553572
7173,6194.876587133681,6199.354337661114,13.480727503851734,6256.435046956747
13432,6198.770031872373,6203.085176423354,13.784802409711176,6259.259645131119
13485,6202.819207529593,6208.486398105055,9.789494960529021,6261.52413663988
13401,6204.858547455354,6210.452494454873,10.519048345072125,6263.625906750418
16922,6263.614622150351,6269.062250976591,10.512172597972818,6274.973536190689
19643,6270.660459369905,6275.139082196753,13.316341461170273,6279.833876102374
13523,6276.260438613031,6281.282448407648,11.387475114806906,6286.548843730525
19017,6353.970485124995,6360.141889480725,9.767192073450062,6366.626933380014
18980,6356.172185978248,6362.217500957696,10.121596142674383,6368.6198916051235
12024,6358.33476428911,6364.145509361062,9.754509842394809,6370.6483398041555
12693,6393.969136986871,6399.338411161999,11.604464239151495,6436.122645295341
12612,6405.067960126593,6410.185250634583,11.964320109167131,6441.024102507007
12758,6671.4914107110035,6677.522150955459,11.019331922185314,6711.454312838686
18964,6692.955484621137,6698.07248389698,11.281806507809526,6717.863046542818
18946,6712.651802306508,6718.446486998924,9.694622645429183,6724.529732106164
11932,6715.060278140136,6720.379673492183,11.141783297282064,6726.533690345709
17537,6716.926506856942,6722.383805093388,11.410336997035513,6728.4309696575865
18220,6719.037028656383,6724.221019364512,11.177378881275118,6730.338528799137
12107,6724.927710114352,6730.3932492096465,10.014239389549052,6736.44331016086
11974,6729.037721657865,6735.1354236038915,10.022872632241087,6741.464850726782
18960,6730.8883628985195,6737.080733269342,10.860142953704914,6743.819088397221
19029,6741.046565461761,6746.319178737805,12.754541454433582,6801.356238961523
18876,6760.8878452968365,6766.19625510952,11.751494090355456,6807.226711116748
18126,6763.061180282126,6768.0555140379265,8.615292119489965,6809.040979213633
17437,6772.791605899836,6812.351374003101,9.269737665179187,6818.254661311803
12759,6808.074575980281,6818.506148646297,12.49712140790428,6823.81144441405
18887,6813.678415742944,6820.36815938531,11.537635710375284,6825.789919278257
18282,6815.813987959106,6822.214126540853,12.782816997504183,6828.320189695475
18996,6822.032624404352,6827.227024558435,12.177318320881795,6886.2760678157965
18961,6824.346325521713,6830.23811691926,9.908877738788616,6888.959224348391
18956,6826.389557675507,6832.214380629967,11.80342226135284,6891.470260673403
18983,6828.203603479532,6834.119613533259,11.016196149591659,6894.057099137377
11400,6830.42749243812,6836.020466983468,11.056074157802358,6895.931267956281
11384,6834.253187921048,6840.051143094637,6.894547394116799,6900.070384183263
18289,6843.634607992847,6849.160089947494,6.611174782006011,6902.074899020489
12008,6888.945705299771,6899.094543971189,5.549298572922779,6916.926913108773
20208,6936.714857526734,7002.12010492954,6.108609201392424,7008.717740438384
17615,7002.3870676756005,7014.436432171319,11.467307706415347,7251.034608431012
20171,7160.650187381327,7166.380152935873,8.997097267972089,7260.1644783183965
17548,7611.445715872017,7616.110073023632,14.681202592853364,7620.511508203941
18250,7618.688921305769,7623.112730591597,13.691613249031553,7786.153921424017
18862,7622.575707113407,7627.0690665228885,13.578586648060293,7794.686216309822
16910,7700.851598813979,7705.076282305281,15.133959666548284,7801.200673270212
16926,7706.827228424145,7713.031643735639,8.294586283305142,7806.332765481156
17588,7710.287965144354,7715.421152859435,8.887008819422803,7808.648804092562
19650,7789.071748912135,7816.060864945206,8.198444527439824,7823.500440390733
17589,7791.157999714692,7818.054734615732,9.643540385425215,7876.131755979064
18230,7793.2586990308555,7820.081169605068,9.605955640606684,7878.874915406399
17557,7806.310089704006,7822.348742901995,9.753666675119504,7881.180855595521
12020,7813.823116559248,7824.291610295865,10.067072711466924,7883.197446908138
17546,7817.769093008718,7826.323081404261,9.140203339352372,7885.163603177834
16995,7879.083598499127,7885.0763326121405,5.469900421585417,7892.646144881266
16963,7883.347247619184,7890.211625629609,8.870032089896794,7896.33706719982
17014,7885.567397354006,7892.1552296732925,9.369940641909363,7898.210783853711
16538,8131.347478679691,8135.336593799565,15.393214291880602,8146.585337488582
16513,8133.914632414243,8138.458497458279,12.878572195221452,8153.281975815708
16541,8285.39967833276,8290.571069075868,12.177885784748076,8328.688104536028
19793,8291.682937526775,8297.071493424653,11.647871855556224,8330.847906080757
19801,8375.106488294514,8381.143904864608,9.57496770570679,8416.456632675849
19832,8377.192035884054,8383.236307489668,9.851412491951084,8419.423791530213
16906,8462.670445565975,8468.190726637407,12.149758799651991,8506.421656629414
17560,8526.09874057873,8530.303626422918,13.597582204774138,8534.782008084609
12035,8532.39908577721,8537.35960524899,12.390398362031677,8542.477940403305
17525,8644.151008471124,8649.436186399995,11.986490191917138,8686.4452676286
19026,8673.899322786152,8678.154098189387,14.19264712066634,8689.122726329499
18877,8733.837113655796,8739.379097014395,11.027368119575227,8776.400510562056
17507,8736.086271590071,8741.224710669569,11.617833371405197,8779.22960983376
18923,8738.097761083822,8743.164566954225,10.378754375425798,8781.559762856274
17532,8898.355119289889,8904.371079196266,9.605102905166563,8956.409239720324
17574,8900.276057265195,8906.397044720714,10.327773472837064,8959.416413164821
17449,8958.71500405022,8964.284098808628,11.5664953180207,8969.911755445248
17531,8960.694175769306,8966.119339299798,10.979519411360497,8971.674402689732
17556,8963.05225078525,8968.082178334435,12.58924072931955,8973.41458727154
17550,9055.213282006269,9059.480617742169,14.44777485790365,9063.816700476911
17608,9228.50360526588,9233.123250665398,15.566101074591836,9237.248407181534
17565,9453.111255795817,9459.289503244136,10.531718277459493,9496.216673827132
