600,92.80714769327074,98.19793095720975,12.006531971194502,136.53270660019737
554,138.55907248900454,143.37408603975933,13.975990408396019,148.0
1255,272.96922581034397,278.470930304441,12.28097024491684,283.4424308199407
3376,330.94971473611315,336.5429470835408,11.075345519593707,342.6259962537314
3383,421.7704018610175,427.0228606758157,11.778907402951832,432.52069675698885
1253,452.8646031501813,458.5248859060555,12.098370642443301,464.0
1963,454.99560631356275,460.3668615909069,11.554090895340211,465.83880020748256
1930,557.8720115380331,563.0835311713729,10.892179424173445,568.9271276869263
1224,579.7738385512687,583.3318674155703,16.574880266049643,587.2098802073704
559,633.4357136927529,638.0562031626315,14.06514502476777,676.4230641438597
650,646.1979098683231,651.1417672445743,12.101989428556923,679.1379982881888
4172,658.7804312187815,663.1458264604458,13.383178840036944,681.0
3775,689.5583493115278,694.1918620912876,13.536462828766085,699.0
4926,709.0792613970134,713.0956798060843,14.21877674858725,717.7119823864044
556,743.8920982232771,748.4767437882668,13.24677666621629,753.4354890621154
1966,745.6649047990728,750.2115048223733,13.256467103550808,755.0
4886,791.6136414991422,796.0550506372673,13.642269288439083,800.7071131685058
1955,813.09544407512,818.3769688090515,13.501229117766517,823.3460512895994
542,815.3429683814633,820.3268709704213,12.96560461670913,825.3326524215577
1925,817.4236628506854,822.1190544402209,13.5250332762513,827.0
2685,819.6935861215901,824.1011745576507,13.475594679080002,828.848860774533
4230,845.9993510100974,850.3579613646671,14.005144443772563,855.0
3793,870.2543124318252,875.1209344961284,12.117890126716969,880.5282024075965
2698,911.5128839401923,916.3720301708228,12.786744657806292,921.648985443096
2674,935.655409404706,941.5302663608617,11.13836762467694,947.5374064871783
2010,950.7245484804865,955.3646278095749,14.392641152240357,959.9801502794916
1965,1044.871750909303,1049.4767962552746,13.763804445222464,1054.0
4865,1194.9444267634763,1199.2343005296566,12.97928742318316,1204.0
1236,1207.392388167795,1211.5596992215803,14.300173393858634,1215.9200131011646
2648,1230.4099102335977,1236.084344468132,10.68511797555812,1241.7910824476378
557,1237.2847777746792,1242.542784315312,13.098330279834963,1247.5021242557975
4916,1244.9584359016278,1251.0019307335538,9.638688956428368,1257.6363708766416
112,1247.2905570327564,1253.010128973501,8.976827386450365,1259.5489231834456
190,1276.3845172873707,1281.012590258038,12.18573101402913,1306.7464186984826
541,1291.1999463470202,1296.2284775570854,11.436768727875695,1309.4881394409708
563,1295.3610501496898,1300.568981921608,11.824614693356454,1313.6357177587806
4198,1355.345003595785,1360.5632008006603,11.821656239091524,1365.757315246076
2740,1366.7008255784147,1371.204844947949,13.568117380008303,1376.0
2695,1387.2742003119065,1392.0040788932586,12.961405074083938,1397.0
2678,1445.7466462677617,1452.1332585454472,9.513075040432966,1458.9331512040837
1986,1447.832823153783,1454.1866615764714,9.650384113401627,1460.4932681403297
1950,1459.2057817915806,1463.5004986122945,13.801728118221366,1468.0
2673,1476.9647018354858,1481.240063108764,14.037053069998032,1485.8648952380279
4875,1545.3450896555673,1550.1383827411805,12.812915874878673,1555.3124202985452
536,1559.8455576348358,1566.3635974041629,8.585002712228,1573.4563496148448
2003,1583.9701496963742,1589.0623432517516,12.782455411285861,1594.2743714465184
4892,1612.54130584576,1617.0555601372303,11.90311160763666,1622.0
543,1671.794090199976,1677.1721404719322,13.248553604267602,1681.9914654501363
4195,1685.4990776079012,1691.4805162859811,10.874160618943824,1697.8318675805826
3765,1687.4538270017313,1693.388081482983,9.907834419669136,1699.546641377466
124,1698.9327597596596,1704.3780917718461,10.898722204354476,1710.0
2718,1700.7750533105523,1706.2601252821864,11.50551845601466,1711.7282994866948
3778,1770.8541977082177,1775.0044461638402,14.759755399386751,1779.4634210215604
1248,1803.1208159487896,1808.479485616742,13.407538975093468,1813.4123811249183
535,1815.1450559587686,1819.3369294237823,14.498755689502069,1823.7242973704563
3364,1861.3152557485482,1865.0067428721952,15.131069849165685,1869.0
4205,1864.5277023795843,1869.392117725192,12.573645578504399,1874.6767979955546
1941,1914.8496766382204,1920.4968471928573,10.961947354625245,1926.691878172589
1967,1949.0019325766073,1954.494280455822,10.623180079995407,1960.3270137390145
2667,2028.5919313348859,2034.501089666068,10.77098868850163,2040.7251590008166
3769,2032.617417049621,2038.2210111251845,10.614014046772931,2044.0
3818,2034.573574214177,2040.0743238881378,10.714798623101917,2045.9102967834413
3362,2036.9030517657854,2042.0091686024439,11.871521125760557,2047.3657154293207
3358,2053.2633433592623,2058.5217362859453,12.243033530374024,2063.725681819135
3342,2055.4886412664773,2060.3814193081175,12.630792165906108,2065.356778578911
3339,2057.410995584992,2062.179453157007,11.25825223791616,2067.0
2000,2132.0367921669263,2137.3810460404375,11.230678338967621,2143.0
3785,2143.6775471926026,2148.2366567174804,16.427839380524908,2152.28439180237
4192,2154.3849233638425,2159.610981166691,13.363349830330002,2164.431977971545
4878,2173.824250941805,2177.6402524665286,15.550732272848027,2181.6952476257366
5598,2189.3903869949654,2193.456547471956,14.819316938033642,2197.851833521878
7439,2190.601975405082,2195.368911756707,12.789443665279038,2200.470803722082
2646,2211.38155257067,2216.226041576652,14.31463732945173,2220.70084684672
4879,2213.692591377654,2219.321233722482,10.060043141713388,2225.3048954112915
8867,2221.3970220816586,2227.157639444081,10.378216915930674,2233.3268226402647
3771,2223.2490047356805,2229.0880499368977,10.62068152770231,2234.9360795923176
6060,2252.9907640460538,2258.1805820681566,13.636984188990178,2263.0
6047,2255.294428559865,2260.106237359755,13.698376453514195,2264.694237999436
6052,2365.8279828296336,2370.3606666131113,13.741336933456655,2375.244719523515
4852,2433.1249043648295,2438.430217195994,13.736826058313987,2443.3079952168287
6061,2446.036586722969,2450.24042768722,13.67455089207568,2476.3431484282373
4188,2483.6347702547387,2489.060971880912,12.55720995817119,2494.4281699004205
9287,2495.5021240282817,2500.246441193422,12.397913669903259,2505.459288706591
5638,2556.69235895773,2561.1699547425123,12.82133208334185,2566.0
8187,2568.8267788309704,2574.4189315978633,11.343775931076557,2580.501564116982
4214,2575.0496794069813,2580.4606631675983,11.687505836032335,2586.0
4234,2580.8339078950926,2586.372271808134,11.939538589157795,2592.0
4912,2582.8855952383433,2588.138856333908,11.087854860864628,2593.9420580434544
8852,2588.9148733334555,2594.1713525439395,11.725174430510636,2599.4896153146124
2714,2591.180961928598,2596.0563199502894,12.697407710962601,2601.3051260051525
5602,2658.702376414747,2664.366696638303,11.089866374450267,2670.3465883127087
9735,2660.7968699454923,2666.248489900317,10.232822540998555,2672.0
7465,2662.6005907221484,2668.2377530330727,10.726286636687623,2673.964802680112
3780,2665.018168818026,2670.210572240637,10.688078395057708,2675.71344117185
2672,2669.235950726633,2674.2504702572974,12.277578675561495,2679.2867153334523
9325,2671.356870166073,2676.0919223354863,13.509600762435282,2680.9564409253944
9286,2673.556082905071,2678.0554470005586,13.338900418933477,2682.668343399266
5632,2675.653564796377,2681.2289303757348,10.409751604381482,2687.0
6084,2726.895441319121,2733.301334810998,10.118395242780458,2746.4947079496283
7408,2729.306735978034,2735.233102577528,10.535175212841562,2749.0
2690,2738.812820774695,2744.0560275787084,12.69467928918821,2751.0
4854,2748.8729531459226,2754.485872311314,11.513336742417637,2760.0
9658,2750.9937074699374,2756.3273068485923,11.573190989548243,2761.6159730851605
10426,2765.6463498393705,2771.3360928118473,9.736300380279049,2777.68928024928
10410,2767.68530036803,2773.3723516518953,9.663662244306323,2779.5602094198507
8871,2771.7122853813903,2776.095624814716,14.105938240127845,2781.282189624862
4906,2803.531965481944,2809.1496566154733,12.28308049608555,2814.7365544077074
10355,2805.8591919452356,2811.1959345705445,12.161252148334542,2816.5718369354695
7409,2816.3471314541607,2820.2852276784865,14.813730705341682,2824.547851284376
6746,2828.1753077175367,2832.522177854007,14.32068281861886,2837.0
2670,2892.8634226739982,2897.526041362531,12.679564775620527,2902.522090905758
7446,2985.280307234747,2990.255211379211,11.51055953281411,2995.650992004101
5609,2999.3824780668815,3005.03287997364,10.160799096758621,3010.90527615381
5586,3007.0359207155943,3011.5837425276773,13.305486280054344,3016.493947024881
9736,3026.8613447835105,3031.5798213133226,14.127824482234946,3036.2527904828326
7459,3063.1114641810036,3068.423149921673,12.298485434919977,3073.485147668927
6753,3065.3370964346514,3070.360865775284,13.36971447950063,3075.0
8204,3067.2629722177853,3072.0655508402374,13.423563971537993,3076.9515005771304
6749,3091.4737702348466,3096.4136455177204,11.28481502445888,3101.7923605901915
6739,3153.027014336297,3159.185353416723,10.150173769043112,3165.5691465041214
6065,3164.5124935196723,3168.6370608009056,14.458715296240273,3173.0
5624,3201.8227941608534,3207.312334635588,11.439547208080489,3213.0
7480,3247.862192601611,3252.561514244745,13.879880181298338,3257.349915623903
8214,3254.1916394932887,3258.625702892619,13.80707744348505,3263.479504918182
6726,3256.4981902968407,3261.15715862792,12.411745704318777,3266.0
5639,3291.750911161572,3297.156425501429,11.734192442731784,3302.5257600664795
8832,3389.75485605751,3394.179422261584,13.540608594958604,3398.87414030141
5605,3400.1442715562293,3405.099430293991,13.004798623537168,3410.0
5656,3409.1497702588304,3414.4606265080834,12.406817932189838,3466.7589738032766
6734,3423.007360470117,3429.279202526818,10.29787402266114,3469.0
7506,3425.1803847512188,3431.268191735236,11.177090504981352,3472.0
5599,3446.766523860483,3451.2951672664512,13.035721579631065,3473.996744377478
6741,3448.6824911432022,3453.0286296819654,13.078579298517669,3476.328468297035
10393,3473.7644797233033,3479.240485902003,11.476712703830879,3484.8848745969854
5704,3487.830541345924,3492.4464407321534,11.520090193854704,3497.7947218927934
5672,3492.094050494663,3497.073452070404,12.030680739610741,3502.567879793406
8887,3497.2934349768493,3502.176635495548,12.791096949406244,3507.4329854823395
8223,3558.6947941753942,3563.3712529134823,15.067570896861254,3567.614922575216
10408,3566.222662379618,3573.2509576863417,9.177227150426742,3580.5681609838834
6182,3615.3252058348835,3619.6122983807777,13.564272451124872,3646.3362080486063
6243,3617.8005475594478,3622.4332951694673,12.69747737457895,3649.5112211822525
6110,3619.558695445463,3624.185656980209,12.875096719122977,3651.893126198417
6148,3624.554788510308,3629.4744613503813,11.593832203548153,3655.8583169819776
9751,3648.617869529842,3654.052647595934,11.928707496458621,3659.4905665477163
6169,3662.3319844492644,3668.007236187672,12.602630968058959,3673.291636412871
5611,3697.1897417372998,3702.5550682062712,13.649126615589232,3707.240740387724
9707,3738.947789670651,3744.333627149918,11.817328524223015,3749.763249313884
6733,3785.649110925859,3790.4741905758083,13.31144102065983,3795.439586524542
9721,3886.7882504593667,3891.023689046258,13.73248543639034,3895.559949218402
7491,3962.613265727766,3968.303682349389,11.574476378231829,3973.8508505573736
10413,3975.3955591202152,3980.475458439752,12.425371186226462,3985.804852356419
12238,3977.279056581326,3982.255227655418,12.14700067538579,3987.513055528034
8164,3979.107815567937,3984.025472293842,11.423858655297654,3989.0
8145,3981.427004882432,3987.3396476371922,10.176932520327501,3993.7248273948985
13000,3983.314234946519,3989.2187250312236,9.694263156559938,3995.5586355679366
9704,4025.9404314871153,4030.361035186343,13.328442085672663,4035.0
11180,4038.855815914815,4043.2283893511044,13.764838241042849,4096.676213712023
11142,4042.3107423408755,4047.391614510765,11.893352619791967,4099.203183772687
11108,4044.118242073466,4049.144313807238,10.586770936788447,4101.460259799579
12239,4057.2246475361367,4062.440855055853,11.363834566810459,4108.0
11193,4116.873026772209,4122.030019830512,12.211506280058446,4127.292475098142
8161,4127.662187512984,4133.249097205595,11.441752275068499,4138.983338476687
11199,4194.66557333101,4200.002757584232,12.195443790801775,4205.429452917256
9327,4203.664056721888,4209.12828906974,10.425337820608993,4215.0
11595,4254.100042869857,4258.346205649039,14.620071036904477,4276.419246190411
11521,4259.628408496684,4264.532697561541,12.593612679442293,4279.119866698485
11616,4266.251114378135,4271.4857759811375,11.398554700663281,4281.445028517787
11682,4267.830253722924,4273.314432030129,11.658035681481074,4283.618748464242
11736,4327.950201391853,4334.17815998211,9.999815595800962,4368.816802113034
11596,4338.092055649476,4343.491284535935,10.871338262731522,4373.274390556238
9272,4343.577229918751,4349.45357166436,9.531312784482934,4379.325147952075
11086,4354.30584376094,4378.004305070622,5.429385626554495,4384.515564321017
9676,4412.973783870349,4418.465483778818,11.937724272171735,4423.925018150192
8862,4476.183084796277,4480.543047658143,14.238949702344167,4485.2570558713805
11676,4503.31096072953,4508.449283492005,13.060414593111917,4546.9714661548805
11134,4576.365900686613,4581.32586698873,11.986655373056756,4636.366131541805
14349,4578.1792787823,4583.042636273683,10.269511121586993,4639.0
14381,4584.482853439467,4589.56341608157,12.381568523672836,4643.340704489654
11628,4599.397119192872,4605.477707707566,9.638196605052414,4645.725722449862
11433,4601.564076075032,4607.421554756846,9.586602425401619,4647.6928042108575
11641,4604.951681862487,4610.394838349683,9.382208516348955,4649.62161580591
13008,4623.203522099881,4653.08341267647,8.024493037143484,4659.22407039616
14794,4625.73941606191,4655.204000883532,9.795632168148465,4661.0
11071,4631.1195732825845,4657.2516099311915,10.059831814773142,4662.9978345668105
10395,4639.13919466166,4659.165781764915,11.590083803553922,4665.0
12977,4685.571356389735,4691.330911351346,11.348906848007545,4697.300592004595
11622,4689.2275186526995,4694.453879156065,11.390278333044863,4726.698332392285
12912,4692.071105004814,4697.4212559275265,11.027315303895849,4729.0
11085,4697.808037616861,4703.138841461682,12.634140429192941,4731.478102489602
13007,4703.251015132046,4708.321905538366,12.942451689962972,4734.0
12918,4713.278515724925,4718.45633147069,11.845737006250385,4737.888072431155
11695,4715.663801452094,4721.344804462733,9.524857039647426,4740.055464380197
11130,4731.205535613039,4736.429604005675,11.780400718548812,4742.0
11103,4733.5660509104455,4738.463833824385,12.405745541849884,4743.6990454308125
12250,4863.414526626648,4868.575167853913,12.842627717404136,4873.846239338823
12917,4869.064714054328,4874.1314221714665,12.259061370239733,4879.579744841106
11601,4876.40431477549,4881.457999543004,11.378453568482023,4906.326393195933
11575,4881.675659187815,4886.403549010511,12.47925759218246,4909.265788692662
9659,4952.847294248831,4958.288929407585,13.257565414952786,4963.0
12247,5164.578278750753,5169.267353975384,13.352112040190793,5183.7152769987115
12992,5188.161630751164,5193.596862760031,13.380209812511573,5198.638512026688
11075,5200.889210555472,5206.3295312587015,11.58163909611115,5211.632099316415
12974,5223.322927509469,5228.296049669566,13.867892184905264,5232.880512355069
11122,5409.768265165082,5415.3694388176455,10.773359912817211,5421.4269416150055
8857,5654.888538644678,5660.200036182645,10.904974746032526,5665.90950687642
15200,5664.0536280470815,5668.42863032321,13.548434073865165,5673.0
8189,5705.636535377666,5710.602125955749,13.42060169614676,5715.364049489152
11158,5720.855131583096,5726.333845458405,10.964975695987595,5732.178096840415
13706,5732.35325322056,5737.424709469431,11.649069840513661,5742.777189780735
9269,5763.4585759404845,5769.04798633955,11.032532162763108,5775.0
11543,5783.048578794495,5788.540560550849,12.37502078069117,5793.827921125084
11656,5789.028867346337,5794.135431728258,13.893544739797798,5806.3753526681885
11578,5797.987281867478,5803.429688683509,12.628326266391442,5809.386841261575
12229,5803.1956330568355,5808.528015274167,13.003491147258606,5813.321000225255
14341,5808.874570017303,5814.080391822604,12.86896543135936,5819.0
11545,5819.730318608082,5824.446943484249,13.129009299280554,5829.620506856151
14357,5821.520404533483,5826.182832538949,11.01929631335782,5831.304244506212
14351,5825.702424207638,5831.130057295663,11.3623011152435,5836.896543477914
8141,5842.006276471484,5847.096907303481,14.356456114804784,5851.453198784167
12225,5855.607935251378,5861.018247080149,11.273087381621046,5898.9585110739445
11600,5857.946002758885,5863.259323838986,11.62808545748148,5900.8927864426605
15856,5911.926511613373,5917.4630902728495,10.890426188695155,5923.483653242503
12942,5913.9744744156205,5919.394326842609,10.069454896000712,5925.34651392837
12933,5915.852522618129,5921.374802359563,10.819847724991693,5927.0
13682,5917.769872143548,5923.267894843943,10.976850587122561,5928.912481016543
13004,5919.558301663185,5925.079759708842,10.61630105109759,5930.6432077646705
11680,6032.799449840701,6038.160913853317,12.596947313517715,6076.383286313309
11473,6037.312056686323,6042.508654101083,11.204155300820219,6081.747326724057
11589,6043.999252994882,6049.040271020257,13.139136793816093,6084.058002232287
17616,6048.021236337477,6052.550818332056,12.774537966897247,6087.792400632202
17197,6053.249436405963,6058.160618932788,9.013945023616396,6089.625544070629
15206,6093.248154376438,6098.256559396436,13.561268658894429,6103.0
13664,6095.227443758085,6100.352249704,12.057243631165388,6105.742864549854
12224,6101.111111977184,6106.276222574186,12.519704741715863,6111.479109558427
17243,6136.487651264705,6140.233574323787,15.811051630040673,6169.099089547571
14769,6141.691947529244,6146.269057926841,13.22879935642359,6171.629872363364
16630,6168.82375607367,6174.138332788792,11.825996770970406,6179.330026070795
13734,6351.162623652191,6356.284428815578,12.707890121859938,6361.495547640315
16572,6357.137601350776,6362.017290773098,12.132967523222872,6367.337810238712
16590,6364.5263200159625,6369.492843501959,12.35815224156005,6374.916936966466
16619,6366.286877779592,6371.226842993316,11.759338056208962,6376.467995984855
11118,6528.520265931228,6533.136536136572,14.846067377543307,6537.53555440104
13692,6665.51779099728,6670.095159113156,13.9671244632497,6674.7327183866155
15860,6668.5976368791935,6674.024320812211,12.429240435042757,6679.0
11106,6713.1042923341165,6718.002760000876,12.673250616010288,6723.256135937137
15163,6945.905059467489,6950.290359142718,13.54530579242661,6977.985690570853
19871,6947.787642530979,6952.252477912848,13.124390961990889,6999.0
17131,6954.489353468149,6960.357536192717,11.86168332431514,7001.520223360549
17075,6961.233355391697,6967.265862153355,11.094395964187255,7003.684340818765
19839,6963.501416937558,6969.119967063481,10.427482053196396,7005.827497856792
15185,6966.868443119418,6972.409239146516,11.441542333794388,7007.926106681434
16647,7023.998849111202,7029.289898646366,11.883367939071821,7066.6631757854475
17063,7038.488047755945,7043.0773731910185,13.462643951635343,7071.854372962694
17096,7044.622759493751,7050.457286617781,10.778911740830273,7073.985659850075
17747,7055.1018491533205,7060.225914975456,12.414522051266252,7076.0
15849,7060.900586011035,7066.2619215023,11.717438411302824,7077.837882768743
15944,7126.439293367216,7131.095741174536,12.644970457762483,7159.4857086301545
16687,7135.313132057627,7140.57594839164,13.323929279555855,7161.496642713141
16645,7142.4622518713695,7147.548620403048,15.18381111635473,7163.584981004335
19869,7148.2599484918,7153.253700383951,13.820746684496893,7165.700676214871
15931,7214.237551471345,7220.266594212014,10.58029194305569,7226.384701248385
15887,7216.329962850943,7222.191440180768,10.191003511197977,7228.0
17155,7230.712086593567,7236.231618091045,10.890903398726234,7257.570480076023
15262,7233.048270171898,7238.205220148191,8.039587648276044,7259.409864724516
16685,7235.306076842718,7241.002982004292,5.310005429149613,7261.116801589199
16649,7264.871224422134,7269.138838694022,16.845671872200064,7272.996730743758
16605,7293.621087736143,7299.145953772278,10.743580057530595,7305.0
15243,7295.613474328384,7301.018978051917,10.69752423819439,7306.58646597109
16621,7307.006183137782,7312.551483693437,11.63989835780334,7317.945294898353
20712,7309.317908772414,7314.44809738126,12.896561577958554,7319.425309980692
16588,7311.290962002793,7316.18446806861,12.069169294730402,7321.0
16585,7313.2651353090105,7318.093432264916,12.54363908047674,7323.0
17098,7473.059030910477,7478.288544873366,13.83703065499737,7516.893338115683
16592,7521.5124253263775,7526.465522242694,12.00430499383195,7531.874145603735
14828,7523.496593592144,7528.25308159365,12.121521138050397,7533.718486170436
14767,7525.377417186645,7530.536444466503,12.376423929757856,7535.9782762226705
19896,7527.22260562129,7532.353768496168,11.614226821445762,7537.69891084174
16632,7529.129056157444,7534.373083058463,12.031670016535715,7540.079797993365
15198,7531.15614148468,7536.203877682948,12.042047438051057,7541.947961117896
17091,7838.024619041864,7843.170593301252,12.301009981289528,7876.717998808288
19858,7901.098423793286,7906.099698432288,11.586302192136177,7911.415846016622
16593,7906.5246585865025,7911.430338085561,12.659277833037619,7916.455291114134
14775,7908.270547207487,7913.160328788641,11.580764828553178,7918.0
16580,7913.202785665732,7917.5905578104985,13.275094673656062,7922.358125817825
14344,7968.581672855998,7973.176593740304,14.929736075306263,7977.514286749848
20684,7983.39911546173,7988.048420252075,13.419849875510444,7993.0
19899,8075.723833705859,8080.075780419994,13.556797754282888,8084.85296881608
21434,8077.629406227183,8082.26689664998,12.77688751055973,8087.347381765034
8445,8103.314164613104,8108.359089372281,13.322815994053222,8146.337749669109
15583,8110.155715761813,8116.1673080177325,10.396381383288425,8148.9569822847925
13010,8116.096126477594,8122.275590737655,9.623600365453955,8151.0
13898,8121.8551220976815,8127.205902279424,12.167087574114968,8153.556490005091
12948,8140.781392170705,8145.396783710407,12.800642030224523,8157.284536049125
16628,8163.603372850831,8168.186391118121,12.6218764107595,8173.0
17037,8165.946471971917,8172.162797586312,9.34581673521552,8178.9448996272995
17736,8203.43213608003,8209.03971028301,13.312859371368056,8239.0
18448,8209.623477559257,8214.532518562555,13.460715743079085,8245.0
19846,8350.220952526312,8354.463409052623,15.099442308813309,8358.785546705647
15925,8351.9961319613,8356.12995479901,15.115052878047575,8360.327844474657
20324,8437.79494729533,8443.045539812807,11.786655384273933,8448.56962658255
16657,8446.720167141913,8451.108907146032,13.827950370893115,8506.538238762285
16700,8453.77836924428,8459.080242438991,13.050718069407125,8509.10967786193
16626,8509.120040622198,8514.552023964292,12.396993743239726,8519.903420581095
19876,8578.47649024371,8583.56309638426,12.752815608938649,8588.852530351025
14777,8580.69628264027,8585.557112138951,14.22977017254685,8590.389636882432
19900,8582.731827963724,8587.297232325755,13.964969561266155,8592.0
15240,8584.578482495948,8589.518744845558,11.80068045845291,8594.798278225097
20295,8586.416445998377,8591.280284504026,12.420009258570015,8596.505448596567
18468,8588.230446870835,8593.120375385002,12.244283245830877,8598.503266962487
20686,8645.031746649738,8650.105028991658,12.536249416655519,8655.365052718138
21378,8782.692514277362,8787.400348423555,13.04995289732565,8792.551711395987
18425,8790.488421091002,8795.454083709752,11.673629904332175,8800.770139936838
17742,8792.255035200656,8797.206233012796,11.968142926562415,8802.296018782277
17751,8794.162117435013,8799.105913554928,12.247454642606165,8804.513259241548
18413,8868.78771738007,8874.03209731378,12.337568312603477,8879.30555615225
21385,8939.345217977932,8944.52923860062,11.415185714667954,8950.0
20297,8961.148053293053,8967.298303229905,9.909889291440379,8973.952809747812
21372,8981.988905937944,8986.574083571599,13.073476462044908,8991.389868652524
15875,8983.906613040936,8988.319610519658,13.779591961053809,8993.0
21391,9066.713750798954,9072.169253827315,10.685392511647992,9078.340726980376
20717,9069.214192904634,9074.161368961626,10.814727682668236,9080.0
21389,9078.8472953417,9083.40565038298,13.445231856459019,9088.250357659434
17207,9097.44730947056,9102.405237812356,12.297283781730998,9136.630536151599
18429,9099.639730224075,9104.356591593634,12.156066550006837,9139.0
15165,9101.63939448696,9106.213883505394,12.211121675378173,9141.0
17232,9103.338757896057,9108.083348289889,12.300031542271832,9143.319261552877
20694,9109.199996272999,9114.181414761968,10.924729111628068,9147.0
17006,9111.184577195494,9116.011244383688,9.189790839176098,9149.170910971647
17530,9119.075971002514,9151.059014767381,7.724820579957435,9156.78580891559
16999,9122.138515041921,9153.126564910153,9.683420748902627,9158.806050156381
17161,9124.668378879649,9155.211940455785,10.731202428714452,9160.634762535708
17062,9126.84397424034,9157.344919205485,10.550607496274392,9162.60738467491
17220,9128.871919845293,9159.257851186287,12.447094571769538,9164.393893895121
21360,9155.768435308459,9163.13479281791,10.988603444450366,9168.728059257388
20751,9163.148524383347,9168.081203704245,14.018606389322157,9172.807203183436
17201,9192.790289297627,9198.308472237384,12.454823832492615,9231.086119575597
18419,9200.518611032863,9205.386432999383,12.49295791125682,9236.0
21418,9202.526754764644,9207.160491964576,9.817889854739514,9237.661663440642
18442,9204.502094204181,9209.309183485193,7.667341717481606,9239.923501542378
12988,9213.210869272181,9241.22445736511,7.325625041621479,9247.415704215135
19146,9216.835585045723,9243.385572177083,8.43071473310537,9249.360947793113
19214,9273.0584355771,9278.349472038795,11.824192290072848,9283.750994424758
19170,9275.812672726355,9281.223841493591,11.994916834316616,9286.46039160427
18509,9306.123197293206,9310.577037597137,13.384881049432519,9315.278548178307
14771,9319.034173654341,9323.25189213802,14.690242513033814,9327.741707341764
20728,9365.538574102407,9370.48189910548,12.597511048722671,9375.745898051071
21351,9370.217752401988,9376.041478837731,9.979084246635972,9382.0
19149,9372.245223490017,9378.0236924783,10.60890360128942,9383.733148355857
18411,9384.313861600835,9389.052571604496,13.100473333798918,9408.910438891495
17097,9390.057403144438,9394.112580342642,15.072232396436121,9411.042203805437
20736,9422.720755039905,9427.471904287484,12.421806562951728,9432.757679615761
20320,9427.96858322946,9432.246622907309,13.523274834236206,9436.933916362685
21405,9429.686223500788,9434.04157945478,13.161395743003768,9438.8047710537
15167,9432.448459297235,9438.30030514707,10.482263349245201,9444.728345955478
20268,9434.450836650685,9440.232339368453,10.586480519499434,9446.425957880994
20668,9436.390646163494,9442.10415598828,9.335011435414987,9448.0
20738,9438.323002384068,9444.040020686185,9.512306361883477,9450.0
19180,9457.271380900269,9463.025115511417,11.883765036578536,9468.39239902909
18426,9467.796543282846,9473.418468043257,10.462077639659482,9479.342902482616
17068,9469.75085623889,9475.323072554524,10.335976769990992,9481.0
19181,9500.655237582272,9506.5019159205,10.795458899515333,9512.730878673143
21395,9508.659775422002,9513.49731934246,11.186967116902363,9518.761232520135
19162,9542.933190732288,9548.385051801837,12.725561209740233,9553.532874600614
15858,9588.405041007612,9593.5772282239,12.325117825618802,9598.871536460456
20298,9590.434847843642,9597.353096788538,8.18253828332542,9604.723997573788
20706,9598.650345378264,9605.386735285845,10.695203956730289,9611.557086993967
20750,9600.772336387783,9607.383662134116,8.714467428788035,9613.354627270593
14384,9680.951730814622,9686.344665088987,10.740939781425327,9692.0
18457,9688.961665186174,9693.256859260977,13.7107149630277,9697.899053849504
20309,9723.13878947734,9728.213553675167,14.230471363369327,9732.775032331121
19224,9743.302287198443,9749.00681941332,10.621123667681323,9755.0
19151,9812.91672736232,9818.452855693704,11.78946846101943,9823.896896243488
19215,9815.009693087546,9820.237865717323,11.526560741760504,9825.551311836783
19163,9824.726123530658,9829.489928453535,13.08751631934011,9834.536161901771
13718,9963.023037717958,9968.396847186335,11.503935111177297,9974.0
13674,9968.85693343293,9974.161509896854,11.870464880106042,9979.926669750766
18511,9973.551234135955,9978.539047587486,12.400990360966027,9984.0
18510,9975.359845928488,9980.264450842715,11.630254120732173,9985.609368053136
21377,10052.813155613598,10058.500134338297,10.942385712496124,10064.0
21363,10067.271580279841,10073.026001941671,9.852156295823015,10079.29468166794
20318,10070.351108044397,10075.20284667494,11.322569779291088,10081.0
19167,10158.47545810003,10163.457747191967,11.709335493615562,10168.924087840114
